#Ecal4x4 PRES(EPD)
#ROW COL DEP0     DEP1     DEP2     DEP3     DEP4     DEP5
 1  1    01800000 00000000 00000000 00000000 00000000 00000000
 1  2    01000000 00000100 00000000 00000000 00000000 00000000
 1  3    00000000 00000300 00000000 00000000 00000000 00000000
 1  4    00000000 00000200 00000000 00000000 00000000 00000000
 1  5    00000000 04000400 00000000 00000000 00000000 00000000
 1  6    00000000 0c000000 00000000 00000000 00000000 00000000
 1  7    00000000 18000000 00000000 00000000 00000000 00000000
 1  8    00000000 30000000 00000000 00000000 00000000 00000000
 1  9    00000000 20000000 00000000 00000000 00000000 00000000
 2  1    00400000 00000000 00000000 00000000 00000000 00000000
 2  2    00000000 000000c0 00000000 00000000 00000000 00000000
 2  3    00000000 00000180 00000000 00000000 00000000 00000000
 2  4    00000000 01000000 00000000 00000000 00000000 00000000
 2  5    00000000 02000000 00000000 00000000 00000000 00000000
 2  6    00000000 04000000 00000000 00000000 00000000 00000000
 2  7    00000000 0c000000 00000000 00000000 00000000 00000000
 2  8    00000000 00000000 00001800 00000000 00000000 00000000
 2  9    00000000 00000000 00003000 00000000 00000000 00000000
 3  1    00200000 00000020 00000000 00000000 00000000 00000000
 3  2    00000000 00000040 00000000 00000000 00000000 00000000
 3  3    00000000 00c00000 00000000 00000000 00000000 00000000
 3  4    00000000 01800000 00000000 00000000 00000000 00000000
 3  5    00000000 03000000 00000000 00000000 00000000 00000000
 3  6    00000000 02000000 00000200 00000000 00000000 00000000
 3  7    00000000 00000000 00000400 00000000 00000000 00000000
 3  8    00000000 00000000 00000800 00000000 00000000 00000000
 3  9    00000000 00000000 00001000 00000000 00000000 00000000
 4  1    00000000 00000010 00000000 00000000 00000000 00000000
 4  2    00000000 00200000 00000000 00000000 00000000 00000000
 4  3    00000000 00400000 00000000 00000000 00000000 00000000
 4  4    00000000 00800000 00000080 00000000 00000000 00000000
 4  5    00000000 00000000 00000100 00000000 00000000 00000000
 4  6    00000000 00000000 00000200 00000000 00000000 00000000
 4  7    00000000 00000000 00000600 00000000 00000000 00000000
 4  8    00000000 00000000 00000c00 00000000 00000000 00000000
 4  9    00000000 00000000 00001800 00000000 00000000 00000000
 5  1    00000000 00100008 00000000 00000000 00000000 00000000
 5  2    00000000 00200000 00000000 00000000 00000000 00000000
 5  3    00000000 00000000 00000060 00000000 00000000 00000000
 5  4    00000000 00000000 000000c0 00000000 00000000 00000000
 5  5    00000000 00000000 00000180 00000000 00000000 00000000
 5  6    00000000 00000000 00000300 00000000 00000000 00000000
 5  7    00000000 00000000 00000200 00000000 00000000 00000000
 5  8    00000000 00000000 04000400 00000000 00000000 00000000
 5  9    00000000 00000000 18000800 00000000 00000000 00000000
 6  1    00000000 00080000 00000008 00000000 00000000 00000000
 6  2    00000000 00000000 00000010 00000000 00000000 00000000
 6  3    00000000 00000000 00000020 00000000 00000000 00000000
 6  4    00000000 00000000 00400040 00000000 00000000 00000000
 6  5    00000000 00000000 00800080 00000000 00000000 00000000
 6  6    00000000 00000000 01000000 00000000 00000000 00000000
 6  7    00000000 00000000 02000000 00000000 00000000 00000000
 6  8    00000000 00000000 04000000 00000000 00000000 00000000
 6  9    00000000 00000000 18000000 00000000 00000000 00000000
 7  1    00000000 00000000 00000004 00000000 00000000 00000000
 7  2    00000000 00000000 00100000 00000000 00000000 00000000
 7  3    00000000 00000000 00200000 00000000 00000000 00000000
 7  4    00000000 00000000 00400000 00000000 00000000 00000000
 7  5    00000000 00000000 00800000 00000000 00000000 00000000
 7  6    00000000 00000000 01000000 00000000 00000000 00000000
 7  7    00000000 00000000 02000000 00000000 00000000 00000000
 7  8    00000000 00000000 04000000 00000000 00000000 00000000
 7  9    00000000 00000000 08000000 00000000 00000000 00000000
 8  1    00000000 00000000 00000000 00000004 00000000 00000000
 8  2    00000000 00000000 00000000 00000010 00000000 00000000
 8  3    00000000 00000000 00000000 00000020 00000000 00000000
 8  4    00000000 00000000 00000000 00000040 00000000 00000000
 8  5    00000000 00000000 00000000 00000080 00000000 00000000
 8  6    00000000 00000000 00000000 00000100 00000000 00000000
 8  7    00000000 00000000 02000000 00000200 00000000 00000000
 8  8    00000000 00000000 04000000 00000400 00000000 00000000
 8  9    00000000 00000000 08000000 00000800 00000000 00000000
 9  1    00000000 00000000 00000000 000c0000 00000000 00000000
 9  2    00000000 00000000 00000000 00100010 00000000 00000000
 9  3    00000000 00000000 00000000 00200020 00000000 00000000
 9  4    00000000 00000000 00000000 00000040 00000000 00000000
 9  5    00000000 00000000 00000000 00000080 00000000 00000000
 9  6    00000000 00000000 00000000 00000100 00000000 00000000
 9  7    00000000 00000000 00000000 00000200 00000000 00000000
 9  8    00000000 00000000 00000000 00000400 00000000 00000000
 9  9    00000000 00000000 00000000 00001800 00000000 00000000
10  1    00000000 00000000 00000000 00000000 00000008 00000000
10  2    00000000 00000000 00000000 00100000 00000000 00000000
10  3    00000000 00000000 00000000 00200000 00000000 00000000
10  4    00000000 00000000 00000000 00400000 00000000 00000000
10  5    00000000 00000000 00000000 00800000 00000000 00000000
10  6    00000000 00000000 00000000 01000100 00000000 00000000
10  7    00000000 00000000 00000000 00000200 00000000 00000000
10  8    00000000 00000000 00000000 00000400 00000000 00000000
10  9    00000000 00000000 00000000 00001800 00000000 00000000
11  1    00000000 00000000 00000000 00000000 00100000 00000000
11  2    00000000 00000000 00000000 00000000 00000020 00000000
11  3    00000000 00000000 00000000 00000000 00000040 00000000
11  4    00000000 00000000 00000000 00c00000 00000000 00000000
11  5    00000000 00000000 00000000 01800000 00000000 00000000
11  6    00000000 00000000 00000000 03000000 00000000 00000000
11  7    00000000 00000000 00000000 06000000 00000000 00000000
11  8    00000000 00000000 00000000 0c000000 00000000 00000000
11  9    00000000 00000000 00000000 18001800 00000000 00000000
12  1    00000000 00000000 00000000 00000000 00200000 00000000
12  2    00000000 00000000 00000000 00000000 00000040 00000000
12  3    00000000 00000000 00000000 00000000 000000c0 00000000
12  4    00000000 00000000 00000000 00000000 00000080 00000000
12  5    00000000 00000000 00000000 01000000 00000100 00000000
12  6    00000000 00000000 00000000 02000000 00000000 00000000
12  7    00000000 00000000 00000000 04000000 00000000 00000000
12  8    00000000 00000000 00000000 08000000 00000000 00000000
12  9    00000000 00000000 00000000 18000000 00000000 00000000
13  1    00000000 00000000 00000000 00000000 00400000 00000020
13  2    00000000 00000000 00000000 00000000 00c00000 00000000
13  3    00000000 00000000 00000000 00000000 00800080 00000000
13  4    00000000 00000000 00000000 00000000 00000100 00000000
13  5    00000000 00000000 00000000 00000000 00000300 00000000
13  6    00000000 00000000 00000000 00000000 00000600 00000000
13  7    00000000 00000000 00000000 04000000 00000400 00000000
13  8    00000000 00000000 00000000 08000000 00000000 00000000
13  9    00000000 00000000 00000000 30000000 00000000 00000000
14  1    00000000 00000000 00000000 00000000 00000000 000000c0
14  2    00000000 00000000 00000000 00000000 00800000 00000000
14  3    00000000 00000000 00000000 00000000 01000000 00000000
14  4    00000000 00000000 00000000 00000000 00000100 00000000
14  5    00000000 00000000 00000000 00000000 00000200 00000000
14  6    00000000 00000000 00000000 00000000 00000400 00000000
14  7    00000000 00000000 00000000 00000000 00000800 00000000
14  8    00000000 00000000 00000000 00000000 00001000 00000000
14  9    00000000 00000000 00000000 30000000 00002000 00000000
15  1    00000000 00000000 00000000 00000000 00000000 00000180
15  2    00000000 00000000 00000000 00000000 01000000 00000100
15  3    00000000 00000000 00000000 00000000 03000000 00000000
15  4    00000000 00000000 00000000 00000000 06000000 00000000
15  5    00000000 00000000 00000000 00000000 04000400 00000000
15  6    00000000 00000000 00000000 00000000 00000800 00000000
15  7    00000000 00000000 00000000 00000000 00001800 00000000
15  8    00000000 00000000 00000000 00000000 00003000 00000000
15  9    00000000 00000000 00000000 00000000 00002000 00000000
