#Ecal4x4 PRES(EPD)
#ROW COL DEP0     DEP1     DEP2     DEP3     DEP4     DEP5
 1  1    0fc003c0 000003c0 00000000 00000000 00000000 00000000
 1  2    0ff003c0 03c01ff0 00000000 00000000 00000000 00000000
 1  3    03800000 02001f80 00000000 00000000 00000000 00000000
 1  4    00000000 0f001f00 00000000 00000000 00000000 00000000
 1  5    00000000 1e003e00 00000000 00000000 00000000 00000000
 1  6    00000000 fc008c00 00000000 00000000 00000000 00000000
 1  7    00000000 7d001d00 00001800 00000000 00000000 00000000
 1  8    00000000 7d003800 00007a00 00000000 00000000 00000000
 1  9    00000000 fe00fc00 e080fe00 00000000 00000000 00000000
 2  1    03e000e0 006003e0 00000000 00000000 00000000 00000000
 2  2    03f00000 03f007e0 00000000 00000000 00000000 00000000
 2  3    00800000 07c00fe0 00000000 00000000 00000000 00000000
 2  4    00000000 1f800300 00000000 00000000 00000000 00000000
 2  5    00000000 1f000200 00000200 00000000 00000000 00000000
 2  6    00000000 3e000000 00000e00 00000000 00000000 00000000
 2  7    00000000 ffe00e80 0000dfe0 00000000 00000000 00000000
 2  8    00000000 ff804000 0400ff00 00000000 00000000 00000000
 2  9    00000000 fe808400 ff00fe40 00000000 00000000 00000000
 3  1    00f00020 002000f0 00000000 00000000 00000000 00000000
 3  2    00e00000 03e007e0 00000040 00000000 00000000 00000000
 3  3    00500000 07f007e0 000000e0 00000000 00000000 00000000
 3  4    00000000 0fc00180 00000380 00000000 00000000 00000000
 3  5    00000000 3fe005f0 00800fb0 00000000 00000000 00000000
 3  6    00000000 dfe003e0 43c0ffe0 00000000 00000000 00000000
 3  7    00000000 1ff00000 07807fe0 00000000 00000000 00000000
 3  8    00000000 3c400000 1c003e00 00000000 00000000 00000000
 3  9    00000000 fe000000 fc00fe00 00000000 00000000 00000000
 4  1    00300000 00300078 00000000 00000000 00000000 00000000
 4  2    00000000 01f000f0 00000020 00000000 00000000 00000000
 4  3    00000000 03e000e0 000003e0 00000000 00000000 00000000
 4  4    00000000 0ff000e0 00e00fe0 00000000 00000000 00000000
 4  5    00000000 07f001e0 07f01ff0 00000000 00000000 00000000
 4  6    00000000 03400000 00003f80 00000000 00000000 00000000
 4  7    00000000 06000000 06007e00 00000000 00000000 00000000
 4  8    00000000 98000000 fc00fe00 00000000 00000000 00000000
 4  9    00000000 f8000000 fc00fe00 0000c000 00000000 00000000
 5  1    00180000 0038003c 00000018 00000000 00000000 00000000
 5  2    00000000 00f00030 00000070 00000000 00000000 00000000
 5  3    00000000 00e00000 002001e0 00000000 00000000 00000000
 5  4    00000000 03f00000 00e00fe0 00000000 00000000 00000000
 5  5    00000000 03a00000 07c007c0 00000000 00000000 00000000
 5  6    00000000 00000000 0f003f00 00000000 00000000 00000000
 5  7    00000000 00000000 3e00be00 00000000 00000000 00000000
 5  8    00000000 00000000 5c003c00 00000000 00000000 00000000
 5  9    00000000 70000000 ff00fe00 0000b800 00000000 00000000
 6  1    000c0000 003e001e 001e003e 00000000 00000000 00000000
 6  2    00000000 00300000 00300078 00000000 00000000 00000000
 6  3    00000000 00200000 00f000f0 00000000 00000000 00000000
 6  4    00000000 00600000 03e003e0 00000040 00000000 00000000
 6  5    00000000 00400000 07c00fc0 00000040 00000000 00000000
 6  6    00000000 00000000 1f803380 00000180 00000000 00000000
 6  7    00000000 00000000 df000600 00000200 00000000 00000000
 6  8    00000000 00000000 fe003e00 00000000 00000000 00000000
 6  9    00000000 00000000 ff00fe00 0000fe00 00000000 00000000
 7  1    00000000 000f000f 001f001f 000f001f 00000000 00000000
 7  2    00000000 00000000 00780038 00000018 00000000 00000000
 7  3    00000000 00000000 00f00070 00000070 00000000 00000000
 7  4    00000000 00000000 03e000e0 000001c0 00000000 00000000
 7  5    00000000 00000000 07c002c0 000003e0 00000000 00000000
 7  6    00000000 00000000 3fc00180 000007c0 00000000 00000000
 7  7    00000000 00000000 7fc00100 00003700 00000000 00000000
 7  8    00000000 00000000 bf000500 03001f20 00000000 00000000
 7  9    00000000 00000000 ff00ff00 2280ff00 00000000 00000000
 8  1    00000000 00060000 001f000f 001f001f 0003000f 00000000
 8  2    00000000 00000000 00380000 00300078 00000000 00000000
 8  3    00000000 00000000 00f00000 003000f0 00000000 00000000
 8  4    00000000 00000000 01e00000 004001e0 00000000 00000000
 8  5    00000000 00000000 07f000e8 00e007e0 00000000 00000000
 8  6    00000000 00000000 3fe801c0 01f03ff0 00000000 00000000
 8  7    00000000 00000000 7fe00340 03b0fff0 00000000 00000000
 8  8    00000000 00000000 ff8007c0 2b80ffe0 00000100 00000000
 8  9    00000000 00000000 ff80ff00 ff00ff80 00000000 00000000
 9  1    00000000 00000000 000e0000 001f001f 000f001f 00000000
 9  2    00000000 00000000 00000000 00780078 00000010 00000000
 9  3    00000000 00000000 00000000 00f000f0 00000000 00000000
 9  4    00000000 00000000 00600000 01e001e0 00000000 00000000
 9  5    00000000 00000000 03f00010 07e007c0 00000000 00000000
 9  6    00000000 00000000 01000000 07801f80 00000000 00000000
 9  7    00000000 00000000 0a000000 00001f00 00000000 00000000
 9  8    00000000 00000000 0c000000 18007e00 00000000 00000000
 9  9    00000000 00000000 fe000800 fe20ff00 00000000 00000000
10  1    00000000 00000000 00000000 001c0000 001c003e 0000000c
10  2    00000000 00000000 00000000 00700010 00000070 00000000
10  3    00000000 00000000 00000000 01f00160 000000e0 00000000
10  4    00000000 00000000 00000000 03e003e0 000000c0 00000000
10  5    00000000 00000000 00000000 0fe01fe0 00000000 00000000
10  6    00000000 00000000 00000000 1f001f80 00000000 00000000
10  7    00000000 00000000 00000000 3e001f00 00000000 00000000
10  8    00000000 00000000 00000000 1e00fe00 00000000 00000000
10  9    00000000 00000000 fc000000 ff00fe00 00000000 00000000
11  1    00000000 00000000 00000000 00000000 00380038 00000018
11  2    00000000 00000000 00000000 00700000 007000f0 00000000
11  3    00000000 00000000 00000000 01e00000 002001e0 00000000
11  4    00000000 00000000 00000000 07e003d0 000007c0 00000000
11  5    00000000 00000000 00000000 1fd007c0 000007c0 00000000
11  6    00000000 00000000 00000000 3f000f00 00000300 00000000
11  7    00000000 00000000 00000000 be000e00 00000000 00000000
11  8    00000000 00000000 00000000 fc007e00 00000000 00000000
11  9    00000000 00000000 fc000000 fc00ff00 0000ec00 00000000
12  1    00000000 00000000 00000000 00000000 00f00030 00000078
12  2    00000000 00000000 00000000 00000000 01e001e0 00000020
12  3    00000000 00000000 00000000 01f00000 01f003f0 00000000
12  4    00000000 00000000 00000000 07c000a0 02e00ff0 00000000
12  5    00000000 00000000 00000000 3ff001f8 01e01ff0 00000000
12  6    00000000 00000000 00000000 ffb00bd0 01401ff0 00000000
12  7    00000000 00000000 00000000 3ec00600 00001600 00000000
12  8    00000000 00000000 00000000 fe00fc00 00005400 00000000
12  9    00000000 00000000 60000000 ff00fc00 0000fa00 00000000
13  1    00000000 00000000 00000000 00000000 01e00000 002001f0
13  2    00000000 00000000 00000000 00000000 07f001f0 000003f8
13  3    00000000 00000000 00000000 00e00000 0fe007e0 000000e0
13  4    00000000 00000000 00000000 03800000 03800f80 00000000
13  5    00000000 00000000 00000000 07900000 07201f00 00000000
13  6    00000000 00000000 00000000 3fe003a0 17e07fe0 00000000
13  7    00000000 00000000 00000000 ffa006e0 03407fc0 00000000
13  8    00000000 00000000 00000000 3f001800 01007c60 00000000
13  9    00000000 00000000 00000000 ff00f800 4000fe00 00000000
14  1    00000000 00000000 00000000 00000000 03f80040 01f003f0
14  2    00000000 00000000 00000000 00000000 0ff001f0 007003f0
14  3    00000000 00000000 00000000 00000000 0f800780 00000c80
14  4    00000000 00000000 00000000 00000000 0f000f00 00000000
14  5    00000000 00000000 00000000 02000000 12003f00 00000000
14  6    00000000 00000000 00000000 04000000 20004e00 00000000
14  7    00000000 00000000 00000000 3d100000 23007fc0 00000000
14  8    00000000 00000000 00000000 7e801200 4100ff00 00000000
14  9    00000000 00000000 00000000 fd00fc80 e900fd80 00000000
15  1    00000000 00000000 00000000 00000000 07c00000 05e00ff0
15  2    00000000 00000000 00000000 00000000 3ff803f0 00f01ff8
15  3    00000000 00000000 00000000 00000000 1f800300 00000700
15  4    00000000 00000000 00000000 00000000 3f001600 00000400
15  5    00000000 00000000 00000000 00000000 4e007e00 00000000
15  6    00000000 00000000 00000000 00000000 5c00fe00 00000000
15  7    00000000 00000000 00000000 3c000000 fc00bc00 00000000
15  8    00000000 00000000 00000000 fd000000 78007f00 00000000
15  9    00000000 00000000 00000000 ff80f000 fc00fd80 00000000
