#Ecal4x4 PRES(EPD)
#ROW COL DEP0     DEP1     DEP2     DEP3     DEP4     DEP5
 1  1    0fe003c0 000007e0 00000000 00000000 00000000 00000000
 1  2    1ff001e0 01f01ff0 00000000 00000000 00000000 00000000
 1  3    0f000000 01803f80 00000000 00000000 00000000 00000000
 1  4    00000000 2f003f00 00000000 00000000 00000000 00000000
 1  5    00000000 3e005e00 00000000 00000000 00000000 00000000
 1  6    00000000 5c003c00 00000c00 00000000 00000000 00000000
 1  7    00000000 3e003c00 00001c00 00000000 00000000 00000000
 1  8    00000000 fb003c00 0000fe00 00000000 00000000 00000000
 1  9    00000000 fd00fc00 e800ff00 00000000 00000000 00000000
 2  1    03e000e0 000003e0 00000000 00000000 00000000 00000000
 2  2    03e00000 07f00ff0 00000010 00000000 00000000 00000000
 2  3    01800000 078007c0 00000000 00000000 00000000 00000000
 2  4    00000000 0f800f00 00000000 00000000 00000000 00000000
 2  5    00000000 1f000700 00000400 00000000 00000000 00000000
 2  6    00000000 7f000480 00001e00 00000000 00000000 00000000
 2  7    00000000 5f0002c0 03203f80 00000000 00000000 00000000
 2  8    00000000 7f002200 0080fe00 00000000 00000000 00000000
 2  9    00000000 fd00c200 fe00fe00 00000000 00000000 00000000
 3  1    00f00000 004000f0 00000000 00000000 00000000 00000000
 3  2    00f00000 01e003e0 00000000 00000000 00000000 00000000
 3  3    00200000 07f007e0 000001e0 00000000 00000000 00000000
 3  4    00000000 0fc003c0 00000dc0 00000000 00000000 00000000
 3  5    00000000 1ff003c0 01e01ff0 00000000 00000000 00000000
 3  6    00000000 1fe003c0 03807fd0 00000040 00000000 00000000
 3  7    00000000 7e800120 1700ffe0 00000000 00000000 00000000
 3  8    00000000 7c000000 0c00fe00 00000000 00000000 00000000
 3  9    00000000 fc800100 fc00fe00 00000000 00000000 00000000
 4  1    00300000 00700078 00000000 00000000 00000000 00000000
 4  2    00000000 01f000e0 00000060 00000000 00000000 00000000
 4  3    00000000 03e001e0 000003e0 00000000 00000000 00000000
 4  4    00000000 0fe001e0 00e00ff0 00000000 00000000 00000000
 4  5    00000000 0ff001e0 00f00ff0 00000000 00000000 00000000
 4  6    00000000 0f200100 07801f40 00000000 00000000 00000000
 4  7    00000000 1e000000 10003e00 00000000 00000000 00000000
 4  8    00000000 04000000 fc00fe00 00000000 00000000 00000000
 4  9    00000000 fc000000 fd00ff00 00000000 00000000 00000000
 5  1    00080000 0038003c 00000018 00000000 00000000 00000000
 5  2    00000000 00f00030 000000f0 00000000 00000000 00000000
 5  3    00000000 01e00000 00e001e0 00000000 00000000 00000000
 5  4    00000000 03e00000 03e007e0 00000000 00000000 00000000
 5  5    00000000 01c00000 07c00f80 00000000 00000000 00000000
 5  6    00000000 00000000 0b000f00 00000000 00000000 00000000
 5  7    00000000 00000000 9e003e00 00000000 00000000 00000000
 5  8    00000000 00000000 dc00fc00 00000000 00000000 00000000
 5  9    00000000 40000000 fc00fe00 00007c00 00000000 00000000
 6  1    000c0000 001e001e 001e003e 00000000 00000000 00000000
 6  2    00000000 00300000 00300078 00000000 00000000 00000000
 6  3    00000000 00200000 01f000f0 00000000 00000000 00000000
 6  4    00000000 00400000 03e003e0 00000020 00000000 00000000
 6  5    00000000 00000000 1fc007e0 00000040 00000000 00000000
 6  6    00000000 00000000 1f800700 00000000 00000000 00000000
 6  7    00000000 00000000 3f001e00 00000000 00000000 00000000
 6  8    00000000 00000000 be000c00 00000800 00000000 00000000
 6  9    00000000 04000000 ff00fc00 0000fe00 00000000 00000000
 7  1    00000000 000f000f 001f001f 000f001f 00000000 00000000
 7  2    00000000 00000000 00780038 00000018 00000000 00000000
 7  3    00000000 00000000 00f000f0 00000070 00000000 00000000
 7  4    00000000 00000000 03e001e0 000001e0 00000000 00000000
 7  5    00000000 00000000 07c003c0 000007c0 00000000 00000000
 7  6    00000000 00000000 1f800180 00a00fc0 00000000 00000000
 7  7    00000000 00800000 1fe003a0 00801fb0 00000000 00000000
 7  8    00000000 00000000 bfc00700 00401f00 00000000 00000000
 7  9    00000000 00000000 fe807e00 3080ff00 00000000 00000000
 8  1    00000000 00060001 001f000f 001f001f 0003000f 00000000
 8  2    00000000 00000000 00380000 00100078 00000000 00000000
 8  3    00000000 00000000 00f00000 000000f0 00000000 00000000
 8  4    00000000 00000000 03e00000 004003e0 00000000 00000000
 8  5    00000000 00000000 07e000d0 00c00ff8 00000000 00000000
 8  6    00000000 00000000 3ff001f0 01e01ff0 00000000 00000000
 8  7    00000000 00000000 7fe005c0 03e0fff0 00000020 00000000
 8  8    00000000 00000000 ffe00200 02403fc0 00000000 00000000
 8  9    00000000 00000000 ff80fe80 bf00ffc0 00000000 00000000
 9  1    00000000 00000000 000e0000 001f001f 000f001f 00000000
 9  2    00000000 00000000 00100000 00780078 00000010 00000000
 9  3    00000000 00000000 00000000 00f001f0 00000000 00000000
 9  4    00000000 00000000 00e00000 01e003e0 00000000 00000000
 9  5    00000000 00000000 03c00000 07c007c0 00000040 00000000
 9  6    00000000 00000000 03800000 07801f80 00000000 00000000
 9  7    00000000 00000000 0f000000 02001f00 00000000 00000000
 9  8    00000000 00000000 0e000000 0c007e00 00000000 00000000
 9  9    00000000 00000000 ff809000 fc00fe00 00000000 00000000
10  1    00000000 00000000 00000000 001c0000 001c003e 0000000c
10  2    00000000 00000000 00000000 00700020 00000070 00000000
10  3    00000000 00000000 00000000 01f000e0 000000e0 00000000
10  4    00000000 00000000 00200000 03e003e0 000001e0 00000000
10  5    00000000 00000000 00c00000 0fe007e0 000000c0 00000000
10  6    00000000 00000000 00000000 0f800f00 00000000 00000000
10  7    00000000 00000000 00000000 b6005e00 00000000 00000000
10  8    00000000 00000000 14000000 3c00fe00 00000000 00000000
10  9    00000000 00000000 fc000000 ff00ff00 00000400 00000000
11  1    00000000 00000000 00000000 00000000 00780038 00000018
11  2    00000000 00000000 00000000 00f00000 007000f0 00000000
11  3    00000000 00000000 00000000 01e00000 004003e0 00000000
11  4    00000000 00000000 00000000 07f001e0 004007e0 00000000
11  5    00000000 00000000 00000000 0fc00380 000007c0 00000000
11  6    00000000 00000000 00000000 1f000a00 00000100 00000000
11  7    00000000 00000000 00000000 7e000e00 00001000 00000000
11  8    00000000 00000000 00000000 7e003c00 0000a000 00000000
11  9    00000000 00000000 88000000 ff80fc00 0000dd00 00000000
12  1    00000000 00000000 00000000 00000000 00f80030 00000078
12  2    00000000 00000000 00000000 00400000 01e001e0 00000060
12  3    00000000 00000000 00000000 03f00000 01f007f8 00000000
12  4    00000000 00000000 00000000 07f80000 01e00fd0 00000000
12  5    00000000 00000000 00000000 1ff801c0 01e01ff8 00000000
12  6    00000000 00000000 00000000 3ff003e0 01e07fe0 00000000
12  7    00000000 00000000 00000000 3e000400 00001e80 00000000
12  8    00000000 00000000 00000000 7d003800 00001e00 00000000
12  9    00000000 00000000 20000000 fc00fc00 0000fc00 00000000
13  1    00000000 00000000 00000000 00000000 01e00040 000001f0
13  2    00000000 00000000 00000000 00400000 07f001f0 000000e0
13  3    00000000 00000000 00000000 00e00000 07f007f0 000000e0
13  4    00000000 00000000 00000000 00800000 03c00f80 00000000
13  5    00000000 00000000 00000000 0fa00060 01302ff0 00000000
13  6    00000000 00000000 00000000 3fc012a0 03c07fc0 00000000
13  7    00000000 00000000 00000000 5fc00700 0380ffc0 00000000
13  8    00000000 00000000 00000000 fec0f400 0000fe00 00000000
13  9    00000000 00000000 10000000 ff00fc80 0000fe00 00000000
14  1    00000000 00000000 00000000 00000000 03f00060 01f007f0
14  2    00000000 00000000 00000000 00000000 07f001e0 00b007f0
14  3    00000000 00000000 00000000 00000000 0f800780 00000580
14  4    00000000 00000000 00000000 00000000 17000f00 00000000
14  5    00000000 00000000 00000000 06000000 0a003f00 00000000
14  6    00000000 00000000 00000000 36000000 0c003e00 00000000
14  7    00000000 00000000 00000000 7fe00040 1f00bf40 00000000
14  8    00000000 00000000 00000000 7fc08820 8e00ff80 00000000
14  9    00000000 00000000 00000000 ff00fc00 d400ff00 00000000
15  1    00000000 00000000 00000000 00000000 03c00000 03e00ff0
15  2    00000000 00000000 00000000 00000000 1ff803d0 01f01ff0
15  3    00000000 00000000 00000000 00000000 5f000900 00001780
15  4    00000000 00000000 00000000 00000000 3e000600 00000000
15  5    00000000 00000000 00000000 00000000 1e002e00 00000000
15  6    00000000 00000000 00000000 04000000 7e00fc00 00000000
15  7    00000000 00000000 00000000 38000000 38003c00 00000000
15  8    00000000 00000000 00000000 79000000 fc007e00 00000000
15  9    00000000 00000000 00000000 ff00f000 fc00fe00 00000000
