1 1 1 0.000 
1 1 2 0.000 
1 1 3 0.000 
1 1 4 0.000 
1 1 5 0.000 
1 1 6 0.000 
1 1 7 0.000 
1 1 8 0.000 
1 1 9 0.000 
1 1 10 0.000 
1 1 11 0.000 
1 1 12 0.000 
1 1 13 0.000 
1 1 14 0.000 
1 1 15 0.000 
1 1 16 0.000 
1 1 17 0.000 
1 1 18 0.000 
1 1 19 0.000 
1 1 20 0.000 
1 1 21 0.000 
1 1 22 0.000 
1 1 23 0.000 
1 1 24 0.000 
1 1 25 0.000 
1 1 26 0.000 
1 1 27 0.000 
1 1 28 0.000 
1 1 29 0.000 
1 1 30 0.000 
1 1 31 0.000 
1 1 32 0.000 
1 1 33 0.000 
1 1 34 0.000 
1 1 35 0.000 
1 1 36 0.000 
1 1 37 0.000 
1 1 38 0.000 
1 1 39 0.000 
1 1 40 0.000 
1 1 41 0.000 
1 1 42 0.000 
1 1 43 0.000 
1 1 44 0.000 
1 1 45 0.000 
1 1 46 0.000 
1 1 47 0.000 
1 1 48 0.000 
1 1 49 0.000 
1 2 1 0.000 
1 2 2 0.000 
1 2 3 0.000 
1 2 4 0.000 
1 2 5 0.000 
1 2 6 0.000 
1 2 7 0.000 
1 2 8 0.000 
1 2 9 0.000 
1 2 10 0.000 
1 2 11 0.000 
1 2 12 0.000 
1 2 13 0.000 
1 2 14 0.000 
1 2 15 0.000 
1 2 16 0.000 
1 2 17 0.000 
1 2 18 0.000 
1 2 19 0.000 
1 2 20 0.000 
1 2 21 0.000 
1 2 22 0.000 
1 2 23 0.000 
1 2 24 0.000 
1 2 25 0.000 
1 2 26 0.000 
1 2 27 0.000 
1 2 28 0.000 
1 2 29 0.000 
1 2 30 0.000 
1 2 31 0.000 
1 2 32 0.000 
1 2 33 0.000 
1 2 34 0.000 
1 2 35 0.000 
1 2 36 0.000 
1 2 37 0.000 
1 2 38 0.000 
1 2 39 0.000 
1 2 40 0.000 
1 2 41 0.000 
1 2 42 0.000 
1 2 43 0.000 
1 2 44 0.000 
1 2 45 0.000 
1 2 46 0.000 
1 2 47 0.000 
1 2 48 0.000 
1 2 49 0.000 
1 3 1 0.000 
1 3 2 0.000 
1 3 3 0.000 
1 3 4 0.000 
1 3 5 0.000 
1 3 6 0.000 
1 3 7 0.000 
1 3 8 0.000 
1 3 9 0.000 
1 3 10 0.000 
1 3 11 0.000 
1 3 12 0.000 
1 3 13 0.000 
1 3 14 0.000 
1 3 15 0.000 
1 3 16 0.000 
1 3 17 0.000 
1 3 18 0.000 
1 3 19 0.000 
1 3 20 0.000 
1 3 21 0.000 
1 3 22 0.000 
1 3 23 0.000 
1 3 24 0.000 
1 3 25 0.000 
1 4 1 0.000 
1 4 2 0.000 
1 4 3 0.000 
1 4 4 0.000 
1 4 5 0.000 
1 4 6 0.000 
1 4 7 0.000 
1 4 8 0.000 
1 4 9 0.000 
1 4 10 0.000 
1 4 11 0.000 
1 4 12 0.000 
1 4 13 0.000 
1 4 14 0.000 
1 4 15 0.000 
1 4 16 0.000 
1 4 17 0.000 
1 4 18 0.000 
1 4 19 0.000 
1 4 20 0.000 
1 4 21 0.000 
1 4 22 0.000 
1 4 23 0.000 
1 4 24 0.000 
1 4 25 0.000 
1 5 1 0.000 
1 5 2 0.000 
1 5 3 0.000 
1 5 4 0.000 
1 5 5 0.000 
1 5 6 0.000 
1 5 7 0.000 
1 6 1 0.000 
1 6 2 0.000 
1 6 3 0.000 
1 6 4 0.000 
1 6 5 0.000 
1 6 6 0.000 
1 6 7 0.000 
2 1 1 1.100 
2 1 2 1.000 
2 1 3 1.200 
2 1 4 0.900 
2 1 5 0.600 
2 1 6 1.000 
2 1 7 0.900 
2 1 8 1.000 
2 1 9 1.000 
2 1 10 1.000 
2 1 11 0.000 
2 1 12 0.000 
2 1 13 0.000 
2 1 14 0.000 
2 1 15 0.000 
2 1 16 0.000 
2 1 17 0.000 
2 1 18 1.191 
2 1 19 1.445 
2 1 20 0.948 
2 1 21 1.384 
2 1 22 2.958 
2 1 23 0.947 
2 1 24 1.200 
2 1 25 3.000 
2 1 26 2.127 
2 1 27 0.770 
2 1 28 1.000 
2 1 29 0.000 
2 1 30 0.000 
2 1 31 0.000 
2 1 32 0.000 
2 1 33 0.000 
2 1 34 0.000 
2 1 35 1.055 
2 1 36 0.887 
2 1 37 0.974 
2 1 38 1.044 
2 1 39 0.855 
2 1 40 1.278 
2 1 41 1.164 
2 1 42 1.354 
2 1 43 1.028 
2 1 44 1.713 
2 1 45 3.000 
2 1 46 1.180 
2 1 47 0.000 
2 1 48 0.000 
2 1 49 0.000 
2 1 50 0.000 
2 1 51 0.000 
2 1 52 0.846 
2 1 53 1.086 
2 1 54 1.326 
2 1 55 0.873 
2 1 56 0.767 
2 1 57 0.987 
2 1 58 1.100 
2 1 59 1.010 
2 1 60 1.164 
2 1 61 0.903 
2 1 62 1.945 
2 1 63 1.277 
2 1 64 2.000 
2 1 65 0.000 
2 1 66 0.000 
2 1 67 0.000 
2 1 68 0.000 
2 1 69 0.906 
2 1 70 0.930 
2 1 71 0.989 
2 1 72 1.032 
2 1 73 1.000 
2 1 74 1.055 
2 1 75 0.929 
2 1 76 1.084 
2 1 77 1.130 
2 1 78 1.900 
2 1 79 1.427 
2 1 80 1.200 
2 1 81 0.636 
2 1 82 2.298 
2 1 83 0.800 
2 1 84 0.000 
2 1 85 0.000 
2 1 86 1.209 
2 1 87 1.071 
2 1 88 0.982 
2 1 89 0.917 
2 1 90 0.911 
2 1 91 0.986 
2 1 92 0.900 
2 1 93 0.949 
2 1 94 0.960 
2 1 95 1.084 
2 1 96 0.872 
2 1 97 1.778 
2 1 98 1.759 
2 1 99 1.214 
2 1 100 2.000 
2 1 101 0.000 
2 1 102 0.000 
2 1 103 1.127 
2 1 104 1.208 
2 1 105 0.869 
2 1 106 0.984 
2 1 107 1.058 
2 1 108 0.962 
2 1 109 0.835 
2 1 110 1.052 
2 1 111 1.373 
2 1 112 0.991 
2 1 113 1.007 
2 1 114 1.168 
2 1 115 1.001 
2 1 116 0.836 
2 1 117 0.956 
2 1 118 0.966 
2 1 119 0.000 
2 1 120 1.034 
2 1 121 1.186 
2 1 122 1.001 
2 1 123 0.950 
2 1 124 1.464 
2 1 125 1.163 
2 1 126 0.935 
2 1 127 1.237 
2 1 128 0.792 
2 1 129 0.941 
2 1 130 2.900 
2 1 131 0.879 
2 1 132 0.650 
2 1 133 0.862 
2 1 134 1.231 
2 1 135 3.000 
2 1 136 4.000 
2 1 137 1.170 
2 1 138 1.205 
2 1 139 1.030 
2 1 140 0.832 
2 1 141 0.963 
2 1 142 0.947 
2 1 143 0.898 
2 1 144 1.023 
2 1 145 1.129 
2 1 146 1.049 
2 1 147 1.297 
2 1 148 0.919 
2 1 149 0.870 
2 1 150 1.428 
2 1 151 1.194 
2 1 152 0.797 
2 1 153 1.000 
2 1 154 0.000 
2 1 155 0.000 
2 1 156 0.000 
2 1 157 0.000 
2 1 158 0.000 
2 1 159 0.000 
2 1 160 0.000 
2 1 161 0.000 
2 1 162 0.822 
2 1 163 1.256 
2 1 164 1.126 
2 1 165 1.051 
2 1 166 1.012 
2 1 167 0.948 
2 1 168 0.640 
2 1 169 0.684 
2 1 170 1.000 
2 1 171 0.000 
2 1 172 0.000 
2 1 173 0.000 
2 1 174 0.000 
2 1 175 0.000 
2 1 176 0.000 
2 1 177 0.000 
2 1 178 0.000 
2 1 179 1.057 
2 1 180 0.788 
2 1 181 1.045 
2 1 182 0.897 
2 1 183 0.864 
2 1 184 1.717 
2 1 185 1.549 
2 1 186 0.966 
2 1 187 1.500 
2 1 188 0.000 
2 1 189 0.000 
2 1 190 0.000 
2 1 191 0.000 
2 1 192 0.000 
2 1 193 0.000 
2 1 194 0.000 
2 1 195 0.000 
2 1 196 0.970 
2 1 197 0.994 
2 1 198 1.126 
2 1 199 0.879 
2 1 200 0.980 
2 1 201 1.149 
2 1 202 1.197 
2 1 203 0.839 
2 1 204 2.000 
2 1 205 0.200 
2 1 206 0.000 
2 1 207 0.000 
2 1 208 0.000 
2 1 209 0.000 
2 1 210 0.000 
2 1 211 0.000 
2 1 212 0.000 
2 1 213 0.868 
2 1 214 0.829 
2 1 215 0.940 
2 1 216 0.973 
2 1 217 1.320 
2 1 218 1.037 
2 1 219 0.916 
2 1 220 0.784 
2 1 221 0.200 
2 1 222 0.000 
2 1 223 0.000 
2 1 224 0.000 
2 1 225 0.000 
2 1 226 0.000 
2 1 227 0.000 
2 1 228 0.000 
2 1 229 0.000 
2 1 230 1.098 
2 1 231 1.416 
2 1 232 1.122 
2 1 233 1.222 
2 1 234 0.940 
2 1 235 0.715 
2 1 236 0.949 
2 1 237 1.198 
2 1 238 2.000 
2 1 239 0.000 
2 1 240 0.000 
2 1 241 0.000 
2 1 242 0.000 
2 1 243 0.000 
2 1 244 0.000 
2 1 245 0.000 
2 1 246 0.000 
2 1 247 0.885 
2 1 248 1.159 
2 1 249 0.774 
2 1 250 1.004 
2 1 251 1.198 
2 1 252 0.887 
2 1 253 1.117 
2 1 254 1.281 
2 1 255 1.000 
2 1 256 0.000 
2 1 257 0.000 
2 1 258 0.000 
2 1 259 0.000 
2 1 260 0.000 
2 1 261 0.000 
2 1 262 0.000 
2 1 263 0.000 
2 1 264 1.154 
2 1 265 1.093 
2 1 266 1.204 
2 1 267 0.932 
2 1 268 1.062 
2 1 269 0.963 
2 1 270 1.116 
2 1 271 0.888 
2 1 272 0.800 
2 1 273 0.000 
2 1 274 0.000 
2 1 275 0.000 
2 1 276 0.000 
2 1 277 0.000 
2 1 278 0.000 
2 1 279 0.000 
2 1 280 0.000 
2 1 281 0.694 
2 1 282 1.045 
2 1 283 0.768 
2 1 284 0.966 
2 1 285 0.979 
2 1 286 1.151 
2 1 287 1.214 
2 1 288 0.848 
2 1 289 2.000 
2 1 290 0.000 
2 1 291 0.000 
2 1 292 0.000 
2 1 293 0.000 
2 1 294 0.000 
2 1 295 0.000 
2 1 296 0.000 
2 1 297 0.000 
2 1 298 1.123 
2 1 299 0.822 
2 1 300 1.024 
2 1 301 0.963 
2 1 302 0.794 
2 1 303 0.989 
2 1 304 0.756 
2 1 305 1.503 
2 1 306 2.000 
2 1 307 0.000 
2 1 308 0.000 
2 1 309 0.000 
2 1 310 0.000 
2 1 311 0.000 
2 1 312 0.000 
2 1 313 0.000 
2 1 314 0.000 
2 1 315 0.991 
2 1 316 0.870 
2 1 317 1.103 
2 1 318 0.958 
2 1 319 1.022 
2 1 320 0.801 
2 1 321 1.023 
2 1 322 0.947 
2 1 323 1.194 
2 1 324 0.000 
2 1 325 0.000 
2 1 326 0.000 
2 1 327 0.000 
2 1 328 0.000 
2 1 329 0.000 
2 1 330 0.000 
2 1 331 0.000 
2 1 332 1.141 
2 1 333 0.862 
2 1 334 0.985 
2 1 335 0.915 
2 1 336 0.948 
2 1 337 0.841 
2 1 338 1.328 
2 1 339 1.004 
2 1 340 0.951 
2 1 341 0.000 
2 1 342 0.000 
2 1 343 0.000 
2 1 344 0.000 
2 1 345 0.000 
2 1 346 0.000 
2 1 347 0.000 
2 1 348 0.000 
2 1 349 1.095 
2 1 350 0.901 
2 1 351 1.222 
2 1 352 0.875 
2 1 353 1.097 
2 1 354 0.893 
2 1 355 1.025 
2 1 356 1.113 
2 1 357 1.075 
2 1 358 0.000 
2 1 359 0.000 
2 1 360 0.000 
2 1 361 0.000 
2 1 362 0.000 
2 1 363 0.000 
2 1 364 0.000 
2 1 365 0.000 
2 1 366 1.274 
2 1 367 1.067 
2 1 368 1.074 
2 1 369 0.957 
2 1 370 1.033 
2 1 371 1.000 
2 1 372 1.041 
2 1 373 0.908 
2 1 374 1.000 
2 1 375 0.000 
2 1 376 0.000 
2 1 377 0.000 
2 1 378 0.000 
2 1 379 0.000 
2 1 380 0.000 
2 1 381 0.000 
2 1 382 0.000 
2 1 383 1.164 
2 1 384 0.890 
2 1 385 1.118 
2 1 386 0.925 
2 1 387 0.900 
2 1 388 0.865 
2 1 389 0.984 
2 1 390 1.163 
2 1 391 0.903 
2 1 392 0.000 
2 1 393 0.000 
2 1 394 0.000 
2 1 395 0.000 
2 1 396 0.000 
2 1 397 0.000 
2 1 398 0.000 
2 1 399 0.000 
2 1 400 1.019 
2 1 401 0.908 
2 1 402 0.992 
2 1 403 0.964 
2 1 404 1.104 
2 1 405 0.948 
2 1 406 1.012 
2 1 407 1.156 
2 1 408 1.000 
2 1 409 0.000 
2 1 410 0.000 
2 1 411 0.000 
2 1 412 0.000 
2 1 413 0.000 
2 1 414 0.000 
2 1 415 0.000 
2 1 416 0.000 
2 1 417 1.008 
2 1 418 0.971 
2 1 419 1.087 
2 1 420 0.855 
2 1 421 1.006 
2 1 422 0.991 
2 1 423 0.946 
2 1 424 1.138 
2 1 425 1.500 
2 1 426 1.047 
2 1 427 1.603 
2 1 428 0.984 
2 1 429 0.876 
2 1 430 1.062 
2 1 431 0.871 
2 1 432 1.086 
2 1 433 0.877 
2 1 434 0.857 
2 1 435 0.890 
2 1 436 0.960 
2 1 437 0.965 
2 1 438 0.805 
2 1 439 1.137 
2 1 440 1.129 
2 1 441 1.370 
2 1 442 0.700 
2 1 443 1.201 
2 1 444 0.979 
2 1 445 0.865 
2 1 446 0.974 
2 1 447 1.166 
2 1 448 0.968 
2 1 449 1.000 
2 1 450 1.007 
2 1 451 1.066 
2 1 452 1.175 
2 1 453 0.914 
2 1 454 0.938 
2 1 455 1.003 
2 1 456 0.973 
2 1 457 0.965 
2 1 458 0.765 
2 1 459 0.700 
2 1 460 0.999 
2 1 461 1.025 
2 1 462 1.045 
2 1 463 1.067 
2 1 464 1.065 
2 1 465 1.020 
2 1 466 0.902 
2 1 467 0.876 
2 1 468 1.011 
2 1 469 0.945 
2 1 470 1.059 
2 1 471 1.564 
2 1 472 1.075 
2 1 473 0.978 
2 1 474 1.000 
2 1 475 1.308 
2 1 476 0.000 
2 1 477 1.034 
2 1 478 1.092 
2 1 479 0.959 
2 1 480 1.067 
2 1 481 0.967 
2 1 482 0.846 
2 1 483 0.300 
2 1 484 1.038 
2 1 485 0.949 
2 1 486 1.236 
2 1 487 1.005 
2 1 488 0.700 
2 1 489 1.232 
2 1 490 0.909 
2 1 491 0.899 
2 1 492 0.000 
2 1 493 0.000 
2 1 494 0.917 
2 1 495 0.812 
2 1 496 1.078 
2 1 497 0.946 
2 1 498 1.027 
2 1 499 0.931 
2 1 500 0.868 
2 1 501 0.987 
2 1 502 1.174 
2 1 503 0.880 
2 1 504 0.923 
2 1 505 0.700 
2 1 506 0.500 
2 1 507 0.922 
2 1 508 0.000 
2 1 509 0.000 
2 1 510 0.000 
2 1 511 1.149 
2 1 512 0.937 
2 1 513 1.025 
2 1 514 1.011 
2 1 515 1.735 
2 1 516 1.632 
2 1 517 1.581 
2 1 518 1.575 
2 1 519 0.884 
2 1 520 1.084 
2 1 521 1.163 
2 1 522 0.250 
2 1 523 0.150 
2 1 524 0.000 
2 1 525 0.000 
2 1 526 0.000 
2 1 527 0.000 
2 1 528 1.200 
2 1 529 0.997 
2 1 530 0.837 
2 1 531 1.200 
2 1 532 1.200 
2 1 533 1.800 
2 1 534 1.291 
2 1 535 0.896 
2 1 536 0.893 
2 1 537 2.025 
2 1 538 1.200 
2 1 539 0.518 
2 1 540 0.000 
2 1 541 0.000 
2 1 542 0.000 
2 1 543 0.000 
2 1 544 0.000 
2 1 545 1.262 
2 1 546 1.256 
2 1 547 1.195 
2 1 548 1.497 
2 1 549 1.300 
2 1 550 1.200 
2 1 551 1.610 
2 1 552 1.955 
2 1 553 1.150 
2 1 554 0.910 
2 1 555 0.632 
2 1 556 0.000 
2 1 557 0.000 
2 1 558 0.000 
2 1 559 0.000 
2 1 560 0.000 
2 1 561 0.000 
2 1 562 0.800 
2 1 563 0.800 
2 1 564 0.676 
2 1 565 0.500 
2 1 566 0.500 
2 1 567 0.350 
2 1 568 0.747 
2 1 569 0.800 
2 1 570 0.770 
2 1 571 0.800 
2 1 572 0.000 
2 1 573 0.000 
2 1 574 0.000 
2 1 575 0.000 
2 1 576 0.000 
2 1 577 0.000 
2 1 578 0.000 
2 2 1 0.551 
2 2 2 1.200 
2 2 3 1.200 
2 2 4 1.200 
2 2 5 1.200 
2 2 6 1.200 
2 2 7 1.200 
2 2 8 1.124 
2 2 9 1.107 
2 2 10 1.200 
2 2 11 0.000 
2 2 12 0.000 
2 2 13 0.000 
2 2 14 0.000 
2 2 15 0.000 
2 2 16 0.000 
2 2 17 0.000 
2 2 18 0.877 
2 2 19 1.867 
2 2 20 0.964 
2 2 21 0.796 
2 2 22 1.259 
2 2 23 0.871 
2 2 24 1.035 
2 2 25 1.103 
2 2 26 1.393 
2 2 27 0.731 
2 2 28 1.104 
2 2 29 0.000 
2 2 30 0.000 
2 2 31 0.000 
2 2 32 0.000 
2 2 33 0.000 
2 2 34 0.000 
2 2 35 0.900 
2 2 36 0.929 
2 2 37 3.000 
2 2 38 0.904 
2 2 39 0.942 
2 2 40 0.978 
2 2 41 0.986 
2 2 42 0.838 
2 2 43 1.213 
2 2 44 1.472 
2 2 45 0.913 
2 2 46 0.884 
2 2 47 0.000 
2 2 48 0.000 
2 2 49 0.000 
2 2 50 0.000 
2 2 51 0.000 
2 2 52 0.863 
2 2 53 1.052 
2 2 54 0.951 
2 2 55 0.867 
2 2 56 0.843 
2 2 57 1.400 
2 2 58 0.916 
2 2 59 0.800 
2 2 60 0.699 
2 2 61 1.249 
2 2 62 0.891 
2 2 63 0.800 
2 2 64 1.800 
2 2 65 0.000 
2 2 66 0.000 
2 2 67 0.000 
2 2 68 0.000 
2 2 69 1.199 
2 2 70 1.046 
2 2 71 0.936 
2 2 72 1.118 
2 2 73 0.917 
2 2 74 0.855 
2 2 75 0.848 
2 2 76 1.121 
2 2 77 1.368 
2 2 78 1.672 
2 2 79 0.581 
2 2 80 0.650 
2 2 81 0.650 
2 2 82 1.006 
2 2 83 0.000 
2 2 84 0.000 
2 2 85 0.000 
2 2 86 0.979 
2 2 87 1.077 
2 2 88 1.000 
2 2 89 0.994 
2 2 90 1.235 
2 2 91 1.034 
2 2 92 1.097 
2 2 93 0.916 
2 2 94 1.408 
2 2 95 0.831 
2 2 96 1.569 
2 2 97 1.056 
2 2 98 1.078 
2 2 99 1.000 
2 2 100 1.000 
2 2 101 0.000 
2 2 102 0.000 
2 2 103 0.921 
2 2 104 0.981 
2 2 105 0.876 
2 2 106 1.034 
2 2 107 0.850 
2 2 108 1.029 
2 2 109 1.018 
2 2 110 0.835 
2 2 111 0.747 
2 2 112 1.022 
2 2 113 1.375 
2 2 114 1.403 
2 2 115 0.926 
2 2 116 1.000 
2 2 117 0.672 
2 2 118 1.000 
2 2 119 0.000 
2 2 120 1.256 
2 2 121 1.221 
2 2 122 1.057 
2 2 123 0.922 
2 2 124 1.096 
2 2 125 0.762 
2 2 126 1.435 
2 2 127 0.954 
2 2 128 0.930 
2 2 129 0.913 
2 2 130 0.900 
2 2 131 0.804 
2 2 132 1.002 
2 2 133 0.910 
2 2 134 1.325 
2 2 135 0.849 
2 2 136 3.000 
2 2 137 1.372 
2 2 138 1.158 
2 2 139 0.945 
2 2 140 1.109 
2 2 141 0.979 
2 2 142 0.870 
2 2 143 0.870 
2 2 144 1.563 
2 2 145 1.275 
2 2 146 0.951 
2 2 147 0.951 
2 2 148 1.016 
2 2 149 1.092 
2 2 150 1.787 
2 2 151 1.305 
2 2 152 0.676 
2 2 153 1.000 
2 2 154 0.000 
2 2 155 0.000 
2 2 156 0.000 
2 2 157 0.000 
2 2 158 0.000 
2 2 159 0.000 
2 2 160 0.000 
2 2 161 0.000 
2 2 162 1.028 
2 2 163 1.169 
2 2 164 1.226 
2 2 165 1.110 
2 2 166 0.916 
2 2 167 1.159 
2 2 168 1.203 
2 2 169 0.800 
2 2 170 0.700 
2 2 171 0.000 
2 2 172 0.000 
2 2 173 0.000 
2 2 174 0.000 
2 2 175 0.000 
2 2 176 0.000 
2 2 177 0.000 
2 2 178 0.000 
2 2 179 0.845 
2 2 180 0.852 
2 2 181 0.791 
2 2 182 0.919 
2 2 183 0.831 
2 2 184 1.199 
2 2 185 0.839 
2 2 186 0.763 
2 2 187 1.300 
2 2 188 0.000 
2 2 189 0.000 
2 2 190 0.000 
2 2 191 0.000 
2 2 192 0.000 
2 2 193 0.000 
2 2 194 0.000 
2 2 195 0.000 
2 2 196 0.712 
2 2 197 1.254 
2 2 198 1.003 
2 2 199 0.904 
2 2 200 0.976 
2 2 201 0.858 
2 2 202 1.249 
2 2 203 1.099 
2 2 204 2.000 
2 2 205 0.000 
2 2 206 0.000 
2 2 207 0.000 
2 2 208 0.000 
2 2 209 0.000 
2 2 210 0.000 
2 2 211 0.000 
2 2 212 0.000 
2 2 213 1.007 
2 2 214 1.382 
2 2 215 0.847 
2 2 216 0.932 
2 2 217 1.026 
2 2 218 0.945 
2 2 219 1.115 
2 2 220 1.100 
2 2 221 1.500 
2 2 222 0.000 
2 2 223 0.000 
2 2 224 0.000 
2 2 225 0.000 
2 2 226 0.000 
2 2 227 0.000 
2 2 228 0.000 
2 2 229 0.000 
2 2 230 0.718 
2 2 231 1.131 
2 2 232 1.275 
2 2 233 0.952 
2 2 234 1.111 
2 2 235 0.918 
2 2 236 0.989 
2 2 237 0.929 
2 2 238 2.000 
2 2 239 0.000 
2 2 240 0.000 
2 2 241 0.000 
2 2 242 0.000 
2 2 243 0.000 
2 2 244 0.000 
2 2 245 0.000 
2 2 246 0.000 
2 2 247 0.878 
2 2 248 1.121 
2 2 249 0.873 
2 2 250 0.902 
2 2 251 1.033 
2 2 252 0.712 
2 2 253 1.885 
2 2 254 1.341 
2 2 255 1.500 
2 2 256 0.000 
2 2 257 0.000 
2 2 258 0.000 
2 2 259 0.000 
2 2 260 0.000 
2 2 261 0.000 
2 2 262 0.000 
2 2 263 0.000 
2 2 264 1.007 
2 2 265 1.137 
2 2 266 0.998 
2 2 267 0.833 
2 2 268 0.925 
2 2 269 1.305 
2 2 270 1.002 
2 2 271 1.095 
2 2 272 1.012 
2 2 273 0.000 
2 2 274 0.000 
2 2 275 0.000 
2 2 276 0.000 
2 2 277 0.000 
2 2 278 0.000 
2 2 279 0.000 
2 2 280 3.000 
2 2 281 1.000 
2 2 282 0.891 
2 2 283 0.963 
2 2 284 0.856 
2 2 285 1.363 
2 2 286 0.916 
2 2 287 1.154 
2 2 288 0.650 
2 2 289 0.700 
2 2 290 0.000 
2 2 291 0.000 
2 2 292 0.000 
2 2 293 0.000 
2 2 294 0.000 
2 2 295 0.000 
2 2 296 0.000 
2 2 297 0.000 
2 2 298 1.049 
2 2 299 1.119 
2 2 300 0.989 
2 2 301 1.009 
2 2 302 0.800 
2 2 303 1.581 
2 2 304 0.893 
2 2 305 0.810 
2 2 306 1.139 
2 2 307 0.000 
2 2 308 0.000 
2 2 309 0.000 
2 2 310 0.000 
2 2 311 0.000 
2 2 312 0.000 
2 2 313 0.000 
2 2 314 0.000 
2 2 315 0.968 
2 2 316 0.809 
2 2 317 1.032 
2 2 318 0.853 
2 2 319 0.878 
2 2 320 3.000 
2 2 321 1.297 
2 2 322 1.093 
2 2 323 1.000 
2 2 324 0.000 
2 2 325 0.000 
2 2 326 0.000 
2 2 327 0.000 
2 2 328 0.000 
2 2 329 1.000 
2 2 330 0.000 
2 2 331 0.000 
2 2 332 1.248 
2 2 333 1.189 
2 2 334 1.100 
2 2 335 0.963 
2 2 336 1.619 
2 2 337 1.168 
2 2 338 0.792 
2 2 339 0.989 
2 2 340 1.300 
2 2 341 0.000 
2 2 342 0.000 
2 2 343 0.000 
2 2 344 0.000 
2 2 345 0.000 
2 2 346 0.000 
2 2 347 0.000 
2 2 348 0.000 
2 2 349 1.060 
2 2 350 1.141 
2 2 351 0.937 
2 2 352 1.115 
2 2 353 1.060 
2 2 354 1.037 
2 2 355 0.854 
2 2 356 0.823 
2 2 357 1.300 
2 2 358 0.000 
2 2 359 0.000 
2 2 360 0.000 
2 2 361 0.000 
2 2 362 0.000 
2 2 363 0.000 
2 2 364 0.000 
2 2 365 0.000 
2 2 366 1.081 
2 2 367 0.998 
2 2 368 1.202 
2 2 369 0.954 
2 2 370 0.998 
2 2 371 1.082 
2 2 372 1.069 
2 2 373 1.086 
2 2 374 1.168 
2 2 375 0.000 
2 2 376 0.000 
2 2 377 0.000 
2 2 378 0.000 
2 2 379 0.000 
2 2 380 0.000 
2 2 381 0.000 
2 2 382 0.000 
2 2 383 0.942 
2 2 384 1.035 
2 2 385 1.047 
2 2 386 0.993 
2 2 387 0.891 
2 2 388 1.044 
2 2 389 1.017 
2 2 390 1.391 
2 2 391 0.760 
2 2 392 0.000 
2 2 393 0.000 
2 2 394 0.000 
2 2 395 0.000 
2 2 396 0.000 
2 2 397 0.000 
2 2 398 0.000 
2 2 399 0.000 
2 2 400 1.048 
2 2 401 1.067 
2 2 402 1.022 
2 2 403 0.941 
2 2 404 1.086 
2 2 405 0.870 
2 2 406 0.949 
2 2 407 1.297 
2 2 408 1.000 
2 2 409 0.000 
2 2 410 0.000 
2 2 411 0.000 
2 2 412 0.000 
2 2 413 0.000 
2 2 414 0.000 
2 2 415 1.400 
2 2 416 0.000 
2 2 417 1.027 
2 2 418 1.023 
2 2 419 1.005 
2 2 420 1.109 
2 2 421 0.922 
2 2 422 0.970 
2 2 423 1.088 
2 2 424 1.029 
2 2 425 1.000 
2 2 426 0.919 
2 2 427 1.211 
2 2 428 0.933 
2 2 429 0.753 
2 2 430 0.731 
2 2 431 1.041 
2 2 432 1.060 
2 2 433 1.056 
2 2 434 1.067 
2 2 435 0.796 
2 2 436 1.046 
2 2 437 0.978 
2 2 438 1.013 
2 2 439 1.146 
2 2 440 1.058 
2 2 441 0.800 
2 2 442 1.600 
2 2 443 1.053 
2 2 444 1.629 
2 2 445 1.166 
2 2 446 1.042 
2 2 447 1.485 
2 2 448 1.005 
2 2 449 1.132 
2 2 450 0.986 
2 2 451 1.024 
2 2 452 0.925 
2 2 453 0.976 
2 2 454 1.103 
2 2 455 0.990 
2 2 456 0.945 
2 2 457 1.503 
2 2 458 1.581 
2 2 459 0.400 
2 2 460 1.111 
2 2 461 0.923 
2 2 462 0.939 
2 2 463 0.998 
2 2 464 1.042 
2 2 465 1.142 
2 2 466 1.022 
2 2 467 1.057 
2 2 468 0.981 
2 2 469 0.993 
2 2 470 1.083 
2 2 471 1.070 
2 2 472 0.862 
2 2 473 1.039 
2 2 474 3.000 
2 2 475 0.800 
2 2 476 0.000 
2 2 477 0.918 
2 2 478 1.019 
2 2 479 1.061 
2 2 480 0.981 
2 2 481 1.083 
2 2 482 0.855 
2 2 483 1.451 
2 2 484 1.048 
2 2 485 1.089 
2 2 486 0.967 
2 2 487 1.267 
2 2 488 1.127 
2 2 489 1.616 
2 2 490 1.836 
2 2 491 1.171 
2 2 492 0.000 
2 2 493 0.000 
2 2 494 1.171 
2 2 495 1.204 
2 2 496 1.142 
2 2 497 0.983 
2 2 498 0.892 
2 2 499 1.028 
2 2 500 0.925 
2 2 501 1.139 
2 2 502 1.112 
2 2 503 0.941 
2 2 504 1.074 
2 2 505 1.239 
2 2 506 0.697 
2 2 507 1.145 
2 2 508 0.000 
2 2 509 0.000 
2 2 510 0.000 
2 2 511 1.023 
2 2 512 1.165 
2 2 513 0.998 
2 2 514 0.924 
2 2 515 0.962 
2 2 516 1.033 
2 2 517 1.301 
2 2 518 0.986 
2 2 519 1.028 
2 2 520 0.917 
2 2 521 1.214 
2 2 522 0.865 
2 2 523 1.087 
2 2 524 0.000 
2 2 525 0.000 
2 2 526 0.000 
2 2 527 0.000 
2 2 528 1.009 
2 2 529 1.132 
2 2 530 0.969 
2 2 531 0.902 
2 2 532 1.322 
2 2 533 1.150 
2 2 534 0.951 
2 2 535 1.004 
2 2 536 1.030 
2 2 537 1.072 
2 2 538 0.872 
2 2 539 1.301 
2 2 540 0.000 
2 2 541 0.000 
2 2 542 0.000 
2 2 543 0.000 
2 2 544 0.000 
2 2 545 1.092 
2 2 546 1.535 
2 2 547 1.012 
2 2 548 1.977 
2 2 549 1.010 
2 2 550 0.930 
2 2 551 0.820 
2 2 552 0.863 
2 2 553 1.954 
2 2 554 1.172 
2 2 555 1.927 
2 2 556 0.000 
2 2 557 0.000 
2 2 558 0.000 
2 2 559 0.000 
2 2 560 0.000 
2 2 561 0.000 
2 2 562 1.000 
2 2 563 1.000 
2 2 564 0.948 
2 2 565 1.000 
2 2 566 0.937 
2 2 567 1.000 
2 2 568 1.000 
2 2 569 1.000 
2 2 570 1.000 
2 2 571 0.745 
2 2 572 0.000 
2 2 573 0.000 
2 2 574 0.000 
2 2 575 0.000 
2 2 576 0.000 
2 2 577 0.000 
2 2 578 0.000 
2 3 1 0.655 
2 3 2 1.269 
2 3 3 0.889 
2 3 4 0.849 
2 3 5 0.738 
2 3 6 0.912 
2 3 7 0.661 
2 3 8 4.000 
2 3 9 4.000 
2 3 10 0.537 
2 3 11 0.954 
2 3 12 0.592 
2 3 13 0.965 
2 3 14 1.160 
2 3 15 1.155 
2 3 16 1.001 
2 3 17 0.756 
2 3 18 1.170 
2 3 19 1.005 
2 3 20 0.588 
2 3 21 0.925 
2 3 22 1.212 
2 3 23 1.170 
2 3 24 1.730 
2 3 25 1.398 
2 3 26 1.093 
2 3 27 1.267 
2 3 28 1.175 
2 3 29 0.797 
2 3 30 0.691 
2 3 31 0.769 
2 3 32 0.825 
2 3 33 0.619 
2 3 34 0.981 
2 3 35 0.812 
2 3 36 1.180 
2 3 37 0.680 
2 3 38 1.037 
2 3 39 0.787 
2 3 40 0.773 
2 3 41 1.365 
2 3 42 0.909 
2 3 43 0.634 
2 3 44 4.000 
2 3 45 1.963 
2 3 46 1.147 
2 3 47 4.000 
2 3 48 4.000 
2 3 49 0.841 
2 3 50 1.281 
2 3 51 0.608 
2 3 52 1.280 
2 3 53 0.659 
2 3 54 1.079 
2 3 55 1.058 
2 3 56 4.000 
2 3 57 1.265 
2 3 58 1.050 
2 3 59 0.637 
2 3 60 1.334 
2 3 61 0.418 
2 3 62 1.547 
2 3 63 0.703 
2 3 64 0.878 
2 3 65 3.418 
2 3 66 0.830 
2 3 67 0.869 
2 3 68 0.700 
2 3 69 1.206 
2 3 70 0.800 
2 3 71 0.873 
2 3 72 1.016 
2 3 73 1.244 
2 3 74 1.294 
2 3 75 0.939 
2 3 76 1.133 
2 3 77 0.663 
2 3 78 1.011 
2 3 79 1.012 
2 3 80 0.639 
2 3 81 1.152 
2 3 82 0.715 
2 3 83 0.556 
2 3 84 0.795 
2 3 85 0.000 
2 3 86 0.000 
2 3 87 0.000 
2 3 88 0.000 
2 3 89 0.000 
2 3 90 0.690 
2 3 91 1.187 
2 3 92 0.980 
2 3 93 1.028 
2 3 94 0.685 
2 3 95 0.739 
2 3 96 0.374 
2 3 97 0.000 
2 3 98 0.000 
2 3 99 0.000 
2 3 100 0.000 
2 3 101 0.000 
2 3 102 0.782 
2 3 103 0.909 
2 3 104 0.842 
2 3 105 0.997 
2 3 106 1.028 
2 3 107 0.994 
2 3 108 0.730 
2 3 109 0.000 
2 3 110 0.000 
2 3 111 0.000 
2 3 112 0.000 
2 3 113 0.000 
2 3 114 0.885 
2 3 115 0.876 
2 3 116 0.714 
2 3 117 0.980 
2 3 118 1.020 
2 3 119 0.858 
2 3 120 0.892 
2 3 121 0.000 
2 3 122 0.000 
2 3 123 0.000 
2 3 124 0.000 
2 3 125 0.000 
2 3 126 0.971 
2 3 127 0.848 
2 3 128 2.186 
2 3 129 0.934 
2 3 130 0.954 
2 3 131 0.975 
2 3 132 1.063 
2 3 133 0.000 
2 3 134 0.000 
2 3 135 0.000 
2 3 136 0.000 
2 3 137 0.000 
2 3 138 0.774 
2 3 139 0.910 
2 3 140 1.065 
2 3 141 0.774 
2 3 142 0.965 
2 3 143 0.972 
2 3 144 0.777 
2 3 145 0.000 
2 3 146 0.000 
2 3 147 0.000 
2 3 148 0.000 
2 3 149 0.000 
2 3 150 0.553 
2 3 151 1.193 
2 3 152 1.093 
2 3 153 1.081 
2 3 154 4.000 
2 3 155 0.932 
2 3 156 1.690 
2 3 157 0.000 
2 3 158 0.000 
2 3 159 0.000 
2 3 160 0.000 
2 3 161 0.000 
2 3 162 1.278 
2 3 163 0.295 
2 3 164 0.500 
2 3 165 0.795 
2 3 166 1.178 
2 3 167 0.825 
2 3 168 0.492 
2 3 169 0.000 
2 3 170 0.000 
2 3 171 0.000 
2 3 172 0.000 
2 3 173 0.000 
2 3 174 0.402 
2 3 175 0.538 
2 3 176 0.011 
2 3 177 1.091 
2 3 178 2.142 
2 3 179 1.316 
2 3 180 0.506 
2 3 181 0.000 
2 3 182 0.000 
2 3 183 0.000 
2 3 184 0.000 
2 3 185 0.000 
2 3 186 0.697 
2 3 187 0.942 
2 3 188 0.449 
2 3 189 0.666 
2 3 190 0.636 
2 3 191 0.600 
2 3 192 4.000 
2 3 193 0.000 
2 3 194 0.000 
2 3 195 0.000 
2 3 196 0.000 
2 3 197 0.000 
2 3 198 4.000 
2 3 199 4.000 
2 3 200 0.769 
2 3 201 1.139 
2 3 202 0.780 
2 3 203 4.000 
2 3 204 4.000 
2 3 205 0.407 
2 3 206 0.011 
2 3 207 0.011 
2 3 208 0.011 
2 3 209 0.011 
2 3 210 4.000 
2 3 211 1.382 
2 3 212 4.000 
2 3 213 1.058 
2 3 214 1.378 
2 3 215 4.000 
2 3 216 1.148 
2 3 217 2.031 
2 3 218 3.327 
2 3 219 0.532 
2 3 220 0.011 
2 3 221 0.767 
2 3 222 4.000 
2 3 223 0.530 
2 3 224 1.388 
2 3 225 0.784 
2 3 226 0.986 
2 3 227 0.795 
2 3 228 1.371 
2 3 229 1.177 
2 3 230 0.539 
2 3 231 1.487 
2 3 232 0.011 
2 3 233 0.784 
2 3 234 0.929 
2 3 235 0.011 
2 3 236 0.935 
2 3 237 1.282 
2 3 238 0.771 
2 3 239 1.600 
2 3 240 1.000 
2 3 241 1.400 
2 3 242 2.720 
2 3 243 1.301 
2 3 244 1.512 
2 3 245 1.156 
2 3 246 0.863 
2 3 247 0.895 
2 3 248 0.826 
2 3 249 0.989 
2 3 250 1.205 
2 3 251 0.708 
2 3 252 0.733 
2 3 253 1.095 
2 3 254 3.125 
2 3 255 1.224 
2 3 256 0.858 
2 3 257 1.204 
2 3 258 1.099 
2 3 259 1.092 
2 3 260 0.961 
2 3 261 1.001 
2 3 262 4.000 
2 3 263 0.443 
2 3 264 1.161 
2 3 265 2.867 
2 3 266 1.400 
2 3 267 1.085 
2 3 268 1.007 
2 3 269 0.869 
2 3 270 0.960 
2 3 271 1.758 
2 3 272 1.444 
2 3 273 0.586 
2 3 274 0.529 
2 3 275 1.201 
2 3 276 1.300 
2 3 277 0.867 
2 3 278 0.625 
2 3 279 1.086 
2 3 280 0.673 
2 3 281 1.009 
2 3 282 0.577 
2 3 283 0.711 
2 3 284 0.425 
2 3 285 0.576 
2 3 286 0.460 
2 3 287 0.651 
2 3 288 4.000 
2 4 1 0.411 
2 4 2 0.357 
2 4 3 0.853 
2 4 4 0.500 
2 4 5 3.000 
2 4 6 0.336 
2 4 7 0.411 
2 4 8 0.289 
2 4 9 0.956 
2 4 10 0.838 
2 4 11 1.118 
2 4 12 0.200 
2 4 13 0.886 
2 4 14 1.206 
2 4 15 1.289 
2 4 16 0.821 
2 4 17 1.000 
2 4 18 0.658 
2 4 19 0.592 
2 4 20 0.928 
2 4 21 0.518 
2 4 22 0.270 
2 4 23 1.047 
2 4 24 0.731 
2 4 25 0.723 
2 4 26 0.814 
2 4 27 0.803 
2 4 28 0.814 
2 4 29 0.679 
2 4 30 0.568 
2 4 31 0.923 
2 4 32 1.177 
2 4 33 1.392 
2 4 34 0.890 
2 4 35 0.684 
2 4 36 0.910 
2 4 37 0.761 
2 4 38 4.000 
2 4 39 0.827 
2 4 40 0.836 
2 4 41 0.785 
2 4 42 0.547 
2 4 43 0.883 
2 4 44 0.818 
2 4 45 0.634 
2 4 46 1.200 
2 4 47 0.758 
2 4 48 0.917 
2 4 49 0.951 
2 4 50 0.767 
2 4 51 0.811 
2 4 52 0.758 
2 4 53 1.079 
2 4 54 1.277 
2 4 55 0.957 
2 4 56 0.560 
2 4 57 0.574 
2 4 58 0.011 
2 4 59 0.800 
2 4 60 0.981 
2 4 61 4.000 
2 4 62 0.642 
2 4 63 0.821 
2 4 64 0.811 
2 4 65 0.629 
2 4 66 0.572 
2 4 67 0.623 
2 4 68 0.425 
2 4 69 0.591 
2 4 70 0.701 
2 4 71 0.789 
2 4 72 0.578 
2 4 73 1.200 
2 4 74 0.651 
2 4 75 1.019 
2 4 76 1.019 
2 4 77 1.146 
2 4 78 0.986 
2 4 79 1.380 
2 4 80 0.011 
2 4 81 0.423 
2 4 82 0.448 
2 4 83 0.622 
2 4 84 0.800 
2 4 85 0.000 
2 4 86 0.000 
2 4 87 0.000 
2 4 88 0.000 
2 4 89 0.000 
2 4 90 0.486 
2 4 91 0.454 
2 4 92 0.442 
2 4 93 0.975 
2 4 94 1.008 
2 4 95 1.275 
2 4 96 0.800 
2 4 97 0.000 
2 4 98 0.000 
2 4 99 0.000 
2 4 100 0.000 
2 4 101 0.000 
2 4 102 0.763 
2 4 103 0.892 
2 4 104 0.837 
2 4 105 1.063 
2 4 106 0.771 
2 4 107 0.750 
2 4 108 0.611 
2 4 109 0.000 
2 4 110 0.000 
2 4 111 0.000 
2 4 112 0.000 
2 4 113 0.000 
2 4 114 0.861 
2 4 115 0.818 
2 4 116 0.890 
2 4 117 0.901 
2 4 118 0.011 
2 4 119 0.797 
2 4 120 0.642 
2 4 121 0.000 
2 4 122 0.000 
2 4 123 0.000 
2 4 124 0.000 
2 4 125 0.000 
2 4 126 0.891 
2 4 127 0.911 
2 4 128 0.806 
2 4 129 0.916 
2 4 130 0.937 
2 4 131 0.922 
2 4 132 1.057 
2 4 133 0.000 
2 4 134 0.000 
2 4 135 0.000 
2 4 136 0.000 
2 4 137 0.000 
2 4 138 0.942 
2 4 139 1.032 
2 4 140 0.977 
2 4 141 0.890 
2 4 142 0.763 
2 4 143 1.249 
2 4 144 0.861 
2 4 145 0.000 
2 4 146 0.000 
2 4 147 0.000 
2 4 148 0.000 
2 4 149 0.000 
2 4 150 0.926 
2 4 151 0.912 
2 4 152 0.934 
2 4 153 0.927 
2 4 154 0.979 
2 4 155 0.978 
2 4 156 0.902 
2 4 157 0.000 
2 4 158 0.000 
2 4 159 0.000 
2 4 160 0.000 
2 4 161 0.000 
2 4 162 0.873 
2 4 163 1.062 
2 4 164 0.806 
2 4 165 1.053 
2 4 166 0.986 
2 4 167 1.104 
2 4 168 0.876 
2 4 169 0.000 
2 4 170 0.000 
2 4 171 0.000 
2 4 172 0.000 
2 4 173 0.000 
2 4 174 0.962 
2 4 175 0.779 
2 4 176 1.463 
2 4 177 0.835 
2 4 178 0.888 
2 4 179 1.054 
2 4 180 0.790 
2 4 181 0.000 
2 4 182 0.000 
2 4 183 0.000 
2 4 184 0.000 
2 4 185 0.000 
2 4 186 1.404 
2 4 187 1.116 
2 4 188 0.792 
2 4 189 0.958 
2 4 190 0.912 
2 4 191 0.938 
2 4 192 0.991 
2 4 193 0.000 
2 4 194 0.000 
2 4 195 0.000 
2 4 196 0.000 
2 4 197 0.000 
2 4 198 4.000 
2 4 199 0.529 
2 4 200 1.000 
2 4 201 4.000 
2 4 202 0.731 
2 4 203 1.078 
2 4 204 0.797 
2 4 205 0.011 
2 4 206 0.950 
2 4 207 1.591 
2 4 208 0.501 
2 4 209 0.011 
2 4 210 4.000 
2 4 211 0.912 
2 4 212 1.045 
2 4 213 0.973 
2 4 214 0.756 
2 4 215 0.765 
2 4 216 1.036 
2 4 217 0.759 
2 4 218 1.425 
2 4 219 3.026 
2 4 220 0.510 
2 4 221 4.000 
2 4 222 0.805 
2 4 223 1.667 
2 4 224 0.845 
2 4 225 4.000 
2 4 226 1.010 
2 4 227 4.000 
2 4 228 0.757 
2 4 229 1.570 
2 4 230 0.789 
2 4 231 0.832 
2 4 232 0.011 
2 4 233 0.568 
2 4 234 0.468 
2 4 235 4.000 
2 4 236 0.912 
2 4 237 0.806 
2 4 238 0.439 
2 4 239 4.000 
2 4 240 0.488 
2 4 241 0.011 
2 4 242 0.771 
2 4 243 1.013 
2 4 244 0.680 
2 4 245 1.650 
2 4 246 1.288 
2 4 247 1.002 
2 4 248 1.189 
2 4 249 0.958 
2 4 250 1.170 
2 4 251 0.811 
2 4 252 0.931 
2 4 253 0.896 
2 4 254 1.249 
2 4 255 0.897 
2 4 256 1.123 
2 4 257 0.767 
2 4 258 4.000 
2 4 259 1.205 
2 4 260 0.709 
2 4 261 0.954 
2 4 262 1.137 
2 4 263 1.105 
2 4 264 1.317 
2 4 265 1.038 
2 4 266 1.333 
2 4 267 0.998 
2 4 268 0.998 
2 4 269 0.729 
2 4 270 0.738 
2 4 271 0.702 
2 4 272 0.671 
2 4 273 0.694 
2 4 274 0.410 
2 4 275 0.334 
2 4 276 1.117 
2 4 277 0.660 
2 4 278 1.042 
2 4 279 0.585 
2 4 280 0.628 
2 4 281 0.011 
2 4 282 0.409 
2 4 283 0.595 
2 4 284 0.443 
2 4 285 0.278 
2 4 286 0.242 
2 4 287 4.000 
2 4 288 0.800 
