1 1 1 0.000 
1 1 2 0.000 
1 1 3 0.000 
1 1 4 0.000 
1 1 5 0.000 
1 1 6 0.000 
1 1 7 0.000 
1 1 8 0.000 
1 1 9 0.000 
1 1 10 0.000 
1 1 11 0.000 
1 1 12 0.000 
1 1 13 0.000 
1 1 14 0.000 
1 1 15 0.000 
1 1 16 0.000 
1 1 17 0.000 
1 1 18 0.000 
1 1 19 0.000 
1 1 20 0.000 
1 1 21 0.000 
1 1 22 0.000 
1 1 23 0.000 
1 1 24 0.000 
1 1 25 0.000 
1 1 26 0.000 
1 1 27 0.000 
1 1 28 0.000 
1 1 29 0.000 
1 1 30 0.000 
1 1 31 0.000 
1 1 32 0.000 
1 1 33 0.000 
1 1 34 0.000 
1 1 35 0.000 
1 1 36 0.000 
1 1 37 0.000 
1 1 38 0.000 
1 1 39 0.000 
1 1 40 0.000 
1 1 41 0.000 
1 1 42 0.000 
1 1 43 0.000 
1 1 44 0.000 
1 1 45 0.000 
1 1 46 0.000 
1 1 47 0.000 
1 1 48 0.000 
1 1 49 0.000 
1 2 1 0.000 
1 2 2 0.000 
1 2 3 0.000 
1 2 4 0.000 
1 2 5 0.000 
1 2 6 0.000 
1 2 7 0.000 
1 2 8 0.000 
1 2 9 0.000 
1 2 10 0.000 
1 2 11 0.000 
1 2 12 0.000 
1 2 13 0.000 
1 2 14 0.000 
1 2 15 0.000 
1 2 16 0.000 
1 2 17 0.000 
1 2 18 0.000 
1 2 19 0.000 
1 2 20 0.000 
1 2 21 0.000 
1 2 22 0.000 
1 2 23 0.000 
1 2 24 0.000 
1 2 25 0.000 
1 2 26 0.000 
1 2 27 0.000 
1 2 28 0.000 
1 2 29 0.000 
1 2 30 0.000 
1 2 31 0.000 
1 2 32 0.000 
1 2 33 0.000 
1 2 34 0.000 
1 2 35 0.000 
1 2 36 0.000 
1 2 37 0.000 
1 2 38 0.000 
1 2 39 0.000 
1 2 40 0.000 
1 2 41 0.000 
1 2 42 0.000 
1 2 43 0.000 
1 2 44 0.000 
1 2 45 0.000 
1 2 46 0.000 
1 2 47 0.000 
1 2 48 0.000 
1 2 49 0.000 
1 3 1 0.000 
1 3 2 0.000 
1 3 3 0.000 
1 3 4 0.000 
1 3 5 0.000 
1 3 6 0.000 
1 3 7 0.000 
1 3 8 0.000 
1 3 9 0.000 
1 3 10 0.000 
1 3 11 0.000 
1 3 12 0.000 
1 3 13 0.000 
1 3 14 0.000 
1 3 15 0.000 
1 3 16 0.000 
1 3 17 0.000 
1 3 18 0.000 
1 3 19 0.000 
1 3 20 0.000 
1 3 21 0.000 
1 3 22 0.000 
1 3 23 0.000 
1 3 24 0.000 
1 3 25 0.000 
1 4 1 0.000 
1 4 2 0.000 
1 4 3 0.000 
1 4 4 0.000 
1 4 5 0.000 
1 4 6 0.000 
1 4 7 0.000 
1 4 8 0.000 
1 4 9 0.000 
1 4 10 0.000 
1 4 11 0.000 
1 4 12 0.000 
1 4 13 0.000 
1 4 14 0.000 
1 4 15 0.000 
1 4 16 0.000 
1 4 17 0.000 
1 4 18 0.000 
1 4 19 0.000 
1 4 20 0.000 
1 4 21 0.000 
1 4 22 0.000 
1 4 23 0.000 
1 4 24 0.000 
1 4 25 0.000 
1 5 1 0.000 
1 5 2 0.000 
1 5 3 0.000 
1 5 4 0.000 
1 5 5 0.000 
1 5 6 0.000 
1 5 7 0.000 
1 6 1 0.000 
1 6 2 0.000 
1 6 3 0.000 
1 6 4 0.000 
1 6 5 0.000 
1 6 6 0.000 
1 6 7 0.000 
2 1 1 128.000 
2 1 2 128.000 
2 1 3 128.000 
2 1 4 128.000 
2 1 5 0.000 
2 1 6 128.000 
2 1 7 128.000 
2 1 8 0.000 
2 1 9 0.000 
2 1 10 0.000 
2 1 11 0.000 
2 1 12 0.000 
2 1 13 0.000 
2 1 14 0.000 
2 1 15 0.000 
2 1 16 0.000 
2 1 17 0.000 
2 1 18 128.000 
2 1 19 128.000 
2 1 20 128.000 
2 1 21 128.000 
2 1 22 128.000 
2 1 23 128.000 
2 1 24 128.000 
2 1 25 128.000 
2 1 26 128.000 
2 1 27 128.000 
2 1 28 0.000 
2 1 29 0.000 
2 1 30 0.000 
2 1 31 0.000 
2 1 32 0.000 
2 1 33 0.000 
2 1 34 0.000 
2 1 35 128.000 
2 1 36 128.000 
2 1 37 128.000 
2 1 38 128.000 
2 1 39 128.000 
2 1 40 128.000 
2 1 41 128.000 
2 1 42 128.000 
2 1 43 128.000 
2 1 44 128.000 
2 1 45 0.000 
2 1 46 128.000 
2 1 47 0.000 
2 1 48 0.000 
2 1 49 0.000 
2 1 50 0.000 
2 1 51 0.000 
2 1 52 128.000 
2 1 53 128.000 
2 1 54 128.000 
2 1 55 128.000 
2 1 56 128.000 
2 1 57 128.000 
2 1 58 128.000 
2 1 59 128.000 
2 1 60 128.000 
2 1 61 128.000 
2 1 62 128.000 
2 1 63 128.000 
2 1 64 128.000 
2 1 65 0.000 
2 1 66 0.000 
2 1 67 0.000 
2 1 68 0.000 
2 1 69 128.000 
2 1 70 128.000 
2 1 71 128.000 
2 1 72 128.000 
2 1 73 0.000 
2 1 74 128.000 
2 1 75 128.000 
2 1 76 128.000 
2 1 77 128.000 
2 1 78 128.000 
2 1 79 128.000 
2 1 80 128.000 
2 1 81 1.000 
2 1 82 128.000 
2 1 83 0.000 
2 1 84 0.000 
2 1 85 0.000 
2 1 86 128.000 
2 1 87 128.000 
2 1 88 128.000 
2 1 89 128.000 
2 1 90 128.000 
2 1 91 128.000 
2 1 92 128.000 
2 1 93 128.000 
2 1 94 128.000 
2 1 95 128.000 
2 1 96 128.000 
2 1 97 128.000 
2 1 98 128.000 
2 1 99 128.000 
2 1 100 128.000 
2 1 101 0.000 
2 1 102 0.000 
2 1 103 128.000 
2 1 104 128.000 
2 1 105 128.000 
2 1 106 128.000 
2 1 107 128.000 
2 1 108 128.000 
2 1 109 128.000 
2 1 110 128.000 
2 1 111 128.000 
2 1 112 128.000 
2 1 113 128.000 
2 1 114 128.000 
2 1 115 128.000 
2 1 116 128.000 
2 1 117 128.000 
2 1 118 128.000 
2 1 119 0.000 
2 1 120 128.000 
2 1 121 128.000 
2 1 122 128.000 
2 1 123 128.000 
2 1 124 128.000 
2 1 125 128.000 
2 1 126 128.000 
2 1 127 128.000 
2 1 128 128.000 
2 1 129 128.000 
2 1 130 128.000 
2 1 131 3.000 
2 1 132 128.000 
2 1 133 3.000 
2 1 134 128.000 
2 1 135 128.000 
2 1 136 128.000 
2 1 137 128.000 
2 1 138 128.000 
2 1 139 128.000 
2 1 140 128.000 
2 1 141 128.000 
2 1 142 128.000 
2 1 143 128.000 
2 1 144 128.000 
2 1 145 128.000 
2 1 146 128.000 
2 1 147 128.000 
2 1 148 128.000 
2 1 149 128.000 
2 1 150 128.000 
2 1 151 128.000 
2 1 152 128.000 
2 1 153 128.000 
2 1 154 0.000 
2 1 155 0.000 
2 1 156 0.000 
2 1 157 0.000 
2 1 158 0.000 
2 1 159 0.000 
2 1 160 0.000 
2 1 161 0.000 
2 1 162 128.000 
2 1 163 128.000 
2 1 164 128.000 
2 1 165 128.000 
2 1 166 128.000 
2 1 167 128.000 
2 1 168 7.000 
2 1 169 1.000 
2 1 170 128.000 
2 1 171 0.000 
2 1 172 0.000 
2 1 173 0.000 
2 1 174 0.000 
2 1 175 0.000 
2 1 176 0.000 
2 1 177 0.000 
2 1 178 0.000 
2 1 179 128.000 
2 1 180 128.000 
2 1 181 128.000 
2 1 182 128.000 
2 1 183 128.000 
2 1 184 128.000 
2 1 185 128.000 
2 1 186 128.000 
2 1 187 128.000 
2 1 188 0.000 
2 1 189 0.000 
2 1 190 0.000 
2 1 191 0.000 
2 1 192 0.000 
2 1 193 0.000 
2 1 194 0.000 
2 1 195 0.000 
2 1 196 128.000 
2 1 197 128.000 
2 1 198 128.000 
2 1 199 128.000 
2 1 200 128.000 
2 1 201 128.000 
2 1 202 128.000 
2 1 203 128.000 
2 1 204 128.000 
2 1 205 0.000 
2 1 206 0.000 
2 1 207 0.000 
2 1 208 0.000 
2 1 209 0.000 
2 1 210 0.000 
2 1 211 0.000 
2 1 212 0.000 
2 1 213 128.000 
2 1 214 128.000 
2 1 215 128.000 
2 1 216 128.000 
2 1 217 128.000 
2 1 218 128.000 
2 1 219 128.000 
2 1 220 128.000 
2 1 221 0.000 
2 1 222 0.000 
2 1 223 0.000 
2 1 224 0.000 
2 1 225 0.000 
2 1 226 0.000 
2 1 227 0.000 
2 1 228 0.000 
2 1 229 0.000 
2 1 230 128.000 
2 1 231 128.000 
2 1 232 128.000 
2 1 233 128.000 
2 1 234 128.000 
2 1 235 128.000 
2 1 236 128.000 
2 1 237 128.000 
2 1 238 128.000 
2 1 239 0.000 
2 1 240 0.000 
2 1 241 0.000 
2 1 242 0.000 
2 1 243 0.000 
2 1 244 0.000 
2 1 245 0.000 
2 1 246 0.000 
2 1 247 128.000 
2 1 248 128.000 
2 1 249 128.000 
2 1 250 128.000 
2 1 251 128.000 
2 1 252 128.000 
2 1 253 128.000 
2 1 254 128.000 
2 1 255 128.000 
2 1 256 0.000 
2 1 257 0.000 
2 1 258 0.000 
2 1 259 0.000 
2 1 260 0.000 
2 1 261 0.000 
2 1 262 0.000 
2 1 263 0.000 
2 1 264 128.000 
2 1 265 128.000 
2 1 266 128.000 
2 1 267 128.000 
2 1 268 128.000 
2 1 269 128.000 
2 1 270 128.000 
2 1 271 128.000 
2 1 272 128.000 
2 1 273 0.000 
2 1 274 0.000 
2 1 275 0.000 
2 1 276 0.000 
2 1 277 0.000 
2 1 278 0.000 
2 1 279 0.000 
2 1 280 0.000 
2 1 281 128.000 
2 1 282 1.000 
2 1 283 128.000 
2 1 284 128.000 
2 1 285 128.000 
2 1 286 128.000 
2 1 287 128.000 
2 1 288 128.000 
2 1 289 128.000 
2 1 290 0.000 
2 1 291 0.000 
2 1 292 0.000 
2 1 293 0.000 
2 1 294 0.000 
2 1 295 0.000 
2 1 296 0.000 
2 1 297 0.000 
2 1 298 128.000 
2 1 299 128.000 
2 1 300 128.000 
2 1 301 128.000 
2 1 302 128.000 
2 1 303 128.000 
2 1 304 128.000 
2 1 305 128.000 
2 1 306 128.000 
2 1 307 0.000 
2 1 308 0.000 
2 1 309 0.000 
2 1 310 0.000 
2 1 311 0.000 
2 1 312 0.000 
2 1 313 0.000 
2 1 314 0.000 
2 1 315 128.000 
2 1 316 128.000 
2 1 317 128.000 
2 1 318 128.000 
2 1 319 128.000 
2 1 320 128.000 
2 1 321 128.000 
2 1 322 128.000 
2 1 323 128.000 
2 1 324 0.000 
2 1 325 0.000 
2 1 326 0.000 
2 1 327 0.000 
2 1 328 0.000 
2 1 329 0.000 
2 1 330 0.000 
2 1 331 0.000 
2 1 332 128.000 
2 1 333 128.000 
2 1 334 128.000 
2 1 335 128.000 
2 1 336 128.000 
2 1 337 128.000 
2 1 338 128.000 
2 1 339 128.000 
2 1 340 128.000 
2 1 341 0.000 
2 1 342 0.000 
2 1 343 0.000 
2 1 344 0.000 
2 1 345 0.000 
2 1 346 0.000 
2 1 347 0.000 
2 1 348 0.000 
2 1 349 128.000 
2 1 350 128.000 
2 1 351 128.000 
2 1 352 128.000 
2 1 353 128.000 
2 1 354 128.000 
2 1 355 128.000 
2 1 356 128.000 
2 1 357 128.000 
2 1 358 0.000 
2 1 359 0.000 
2 1 360 0.000 
2 1 361 0.000 
2 1 362 0.000 
2 1 363 0.000 
2 1 364 0.000 
2 1 365 0.000 
2 1 366 128.000 
2 1 367 128.000 
2 1 368 128.000 
2 1 369 128.000 
2 1 370 128.000 
2 1 371 31.000 
2 1 372 128.000 
2 1 373 128.000 
2 1 374 128.000 
2 1 375 0.000 
2 1 376 0.000 
2 1 377 0.000 
2 1 378 0.000 
2 1 379 0.000 
2 1 380 0.000 
2 1 381 0.000 
2 1 382 0.000 
2 1 383 128.000 
2 1 384 128.000 
2 1 385 128.000 
2 1 386 128.000 
2 1 387 128.000 
2 1 388 128.000 
2 1 389 128.000 
2 1 390 128.000 
2 1 391 128.000 
2 1 392 0.000 
2 1 393 0.000 
2 1 394 0.000 
2 1 395 0.000 
2 1 396 0.000 
2 1 397 0.000 
2 1 398 0.000 
2 1 399 0.000 
2 1 400 128.000 
2 1 401 128.000 
2 1 402 128.000 
2 1 403 128.000 
2 1 404 128.000 
2 1 405 128.000 
2 1 406 128.000 
2 1 407 128.000 
2 1 408 128.000 
2 1 409 0.000 
2 1 410 0.000 
2 1 411 0.000 
2 1 412 0.000 
2 1 413 0.000 
2 1 414 0.000 
2 1 415 0.000 
2 1 416 0.000 
2 1 417 128.000 
2 1 418 128.000 
2 1 419 128.000 
2 1 420 128.000 
2 1 421 128.000 
2 1 422 128.000 
2 1 423 128.000 
2 1 424 128.000 
2 1 425 128.000 
2 1 426 128.000 
2 1 427 128.000 
2 1 428 128.000 
2 1 429 128.000 
2 1 430 128.000 
2 1 431 128.000 
2 1 432 128.000 
2 1 433 128.000 
2 1 434 128.000 
2 1 435 128.000 
2 1 436 128.000 
2 1 437 128.000 
2 1 438 128.000 
2 1 439 128.000 
2 1 440 128.000 
2 1 441 128.000 
2 1 442 128.000 
2 1 443 128.000 
2 1 444 128.000 
2 1 445 128.000 
2 1 446 128.000 
2 1 447 128.000 
2 1 448 128.000 
2 1 449 0.000 
2 1 450 128.000 
2 1 451 128.000 
2 1 452 128.000 
2 1 453 128.000 
2 1 454 128.000 
2 1 455 128.000 
2 1 456 128.000 
2 1 457 128.000 
2 1 458 128.000 
2 1 459 128.000 
2 1 460 128.000 
2 1 461 128.000 
2 1 462 128.000 
2 1 463 128.000 
2 1 464 128.000 
2 1 465 128.000 
2 1 466 128.000 
2 1 467 128.000 
2 1 468 128.000 
2 1 469 128.000 
2 1 470 128.000 
2 1 471 128.000 
2 1 472 128.000 
2 1 473 128.000 
2 1 474 0.000 
2 1 475 128.000 
2 1 476 0.000 
2 1 477 128.000 
2 1 478 128.000 
2 1 479 128.000 
2 1 480 128.000 
2 1 481 128.000 
2 1 482 128.000 
2 1 483 31.000 
2 1 484 128.000 
2 1 485 128.000 
2 1 486 128.000 
2 1 487 128.000 
2 1 488 128.000 
2 1 489 128.000 
2 1 490 128.000 
2 1 491 128.000 
2 1 492 0.000 
2 1 493 0.000 
2 1 494 128.000 
2 1 495 128.000 
2 1 496 128.000 
2 1 497 128.000 
2 1 498 128.000 
2 1 499 128.000 
2 1 500 128.000 
2 1 501 128.000 
2 1 502 128.000 
2 1 503 128.000 
2 1 504 128.000 
2 1 505 128.000 
2 1 506 128.000 
2 1 507 128.000 
2 1 508 0.000 
2 1 509 0.000 
2 1 510 0.000 
2 1 511 128.000 
2 1 512 128.000 
2 1 513 128.000 
2 1 514 128.000 
2 1 515 128.000 
2 1 516 128.000 
2 1 517 128.000 
2 1 518 128.000 
2 1 519 128.000 
2 1 520 128.000 
2 1 521 128.000 
2 1 522 31.000 
2 1 523 128.000 
2 1 524 0.000 
2 1 525 0.000 
2 1 526 0.000 
2 1 527 0.000 
2 1 528 0.000 
2 1 529 128.000 
2 1 530 128.000 
2 1 531 128.000 
2 1 532 128.000 
2 1 533 128.000 
2 1 534 128.000 
2 1 535 128.000 
2 1 536 128.000 
2 1 537 128.000 
2 1 538 128.000 
2 1 539 128.000 
2 1 540 0.000 
2 1 541 0.000 
2 1 542 0.000 
2 1 543 0.000 
2 1 544 0.000 
2 1 545 128.000 
2 1 546 128.000 
2 1 547 128.000 
2 1 548 128.000 
2 1 549 128.000 
2 1 550 128.000 
2 1 551 128.000 
2 1 552 128.000 
2 1 553 128.000 
2 1 554 128.000 
2 1 555 128.000 
2 1 556 0.000 
2 1 557 0.000 
2 1 558 0.000 
2 1 559 0.000 
2 1 560 0.000 
2 1 561 0.000 
2 1 562 128.000 
2 1 563 128.000 
2 1 564 128.000 
2 1 565 128.000 
2 1 566 0.000 
2 1 567 128.000 
2 1 568 128.000 
2 1 569 128.000 
2 1 570 128.000 
2 1 571 128.000 
2 1 572 0.000 
2 1 573 0.000 
2 1 574 0.000 
2 1 575 0.000 
2 1 576 0.000 
2 1 577 0.000 
2 1 578 0.000 
2 2 1 128.000 
2 2 2 128.000 
2 2 3 128.000 
2 2 4 128.000 
2 2 5 128.000 
2 2 6 128.000 
2 2 7 128.000 
2 2 8 128.000 
2 2 9 128.000 
2 2 10 128.000 
2 2 11 0.000 
2 2 12 0.000 
2 2 13 0.000 
2 2 14 0.000 
2 2 15 0.000 
2 2 16 0.000 
2 2 17 0.000 
2 2 18 128.000 
2 2 19 128.000 
2 2 20 128.000 
2 2 21 128.000 
2 2 22 128.000 
2 2 23 128.000 
2 2 24 128.000 
2 2 25 128.000 
2 2 26 128.000 
2 2 27 128.000 
2 2 28 128.000 
2 2 29 0.000 
2 2 30 0.000 
2 2 31 0.000 
2 2 32 0.000 
2 2 33 0.000 
2 2 34 0.000 
2 2 35 15.000 
2 2 36 128.000 
2 2 37 0.000 
2 2 38 128.000 
2 2 39 128.000 
2 2 40 128.000 
2 2 41 128.000 
2 2 42 128.000 
2 2 43 128.000 
2 2 44 128.000 
2 2 45 128.000 
2 2 46 128.000 
2 2 47 0.000 
2 2 48 0.000 
2 2 49 0.000 
2 2 50 0.000 
2 2 51 0.000 
2 2 52 128.000 
2 2 53 128.000 
2 2 54 128.000 
2 2 55 128.000 
2 2 56 128.000 
2 2 57 128.000 
2 2 58 128.000 
2 2 59 128.000 
2 2 60 128.000 
2 2 61 128.000 
2 2 62 128.000 
2 2 63 128.000 
2 2 64 128.000 
2 2 65 0.000 
2 2 66 0.000 
2 2 67 0.000 
2 2 68 0.000 
2 2 69 128.000 
2 2 70 128.000 
2 2 71 128.000 
2 2 72 128.000 
2 2 73 128.000 
2 2 74 128.000 
2 2 75 128.000 
2 2 76 128.000 
2 2 77 128.000 
2 2 78 128.000 
2 2 79 128.000 
2 2 80 128.000 
2 2 81 128.000 
2 2 82 128.000 
2 2 83 0.000 
2 2 84 0.000 
2 2 85 0.000 
2 2 86 128.000 
2 2 87 128.000 
2 2 88 0.000 
2 2 89 128.000 
2 2 90 128.000 
2 2 91 128.000 
2 2 92 128.000 
2 2 93 128.000 
2 2 94 128.000 
2 2 95 128.000 
2 2 96 128.000 
2 2 97 128.000 
2 2 98 128.000 
2 2 99 128.000 
2 2 100 128.000 
2 2 101 0.000 
2 2 102 0.000 
2 2 103 128.000 
2 2 104 128.000 
2 2 105 128.000 
2 2 106 128.000 
2 2 107 128.000 
2 2 108 128.000 
2 2 109 128.000 
2 2 110 128.000 
2 2 111 128.000 
2 2 112 128.000 
2 2 113 128.000 
2 2 114 128.000 
2 2 115 128.000 
2 2 116 128.000 
2 2 117 128.000 
2 2 118 128.000 
2 2 119 0.000 
2 2 120 128.000 
2 2 121 128.000 
2 2 122 128.000 
2 2 123 128.000 
2 2 124 128.000 
2 2 125 128.000 
2 2 126 128.000 
2 2 127 128.000 
2 2 128 128.000 
2 2 129 128.000 
2 2 130 128.000 
2 2 131 128.000 
2 2 132 128.000 
2 2 133 128.000 
2 2 134 128.000 
2 2 135 128.000 
2 2 136 128.000 
2 2 137 128.000 
2 2 138 128.000 
2 2 139 128.000 
2 2 140 128.000 
2 2 141 128.000 
2 2 142 128.000 
2 2 143 1.000 
2 2 144 128.000 
2 2 145 128.000 
2 2 146 128.000 
2 2 147 128.000 
2 2 148 128.000 
2 2 149 128.000 
2 2 150 128.000 
2 2 151 128.000 
2 2 152 128.000 
2 2 153 128.000 
2 2 154 0.000 
2 2 155 0.000 
2 2 156 0.000 
2 2 157 0.000 
2 2 158 0.000 
2 2 159 0.000 
2 2 160 0.000 
2 2 161 0.000 
2 2 162 128.000 
2 2 163 128.000 
2 2 164 128.000 
2 2 165 128.000 
2 2 166 128.000 
2 2 167 128.000 
2 2 168 128.000 
2 2 169 128.000 
2 2 170 128.000 
2 2 171 0.000 
2 2 172 0.000 
2 2 173 0.000 
2 2 174 0.000 
2 2 175 0.000 
2 2 176 0.000 
2 2 177 0.000 
2 2 178 0.000 
2 2 179 1.000 
2 2 180 128.000 
2 2 181 128.000 
2 2 182 128.000 
2 2 183 128.000 
2 2 184 128.000 
2 2 185 128.000 
2 2 186 128.000 
2 2 187 128.000 
2 2 188 0.000 
2 2 189 0.000 
2 2 190 0.000 
2 2 191 0.000 
2 2 192 0.000 
2 2 193 0.000 
2 2 194 0.000 
2 2 195 0.000 
2 2 196 1.000 
2 2 197 128.000 
2 2 198 128.000 
2 2 199 128.000 
2 2 200 128.000 
2 2 201 128.000 
2 2 202 128.000 
2 2 203 128.000 
2 2 204 128.000 
2 2 205 0.000 
2 2 206 0.000 
2 2 207 0.000 
2 2 208 0.000 
2 2 209 0.000 
2 2 210 0.000 
2 2 211 0.000 
2 2 212 0.000 
2 2 213 128.000 
2 2 214 128.000 
2 2 215 128.000 
2 2 216 128.000 
2 2 217 128.000 
2 2 218 128.000 
2 2 219 128.000 
2 2 220 15.000 
2 2 221 128.000 
2 2 222 0.000 
2 2 223 0.000 
2 2 224 0.000 
2 2 225 0.000 
2 2 226 0.000 
2 2 227 0.000 
2 2 228 0.000 
2 2 229 0.000 
2 2 230 128.000 
2 2 231 128.000 
2 2 232 128.000 
2 2 233 128.000 
2 2 234 128.000 
2 2 235 128.000 
2 2 236 128.000 
2 2 237 128.000 
2 2 238 128.000 
2 2 239 0.000 
2 2 240 0.000 
2 2 241 0.000 
2 2 242 0.000 
2 2 243 0.000 
2 2 244 0.000 
2 2 245 0.000 
2 2 246 0.000 
2 2 247 128.000 
2 2 248 128.000 
2 2 249 128.000 
2 2 250 128.000 
2 2 251 128.000 
2 2 252 128.000 
2 2 253 128.000 
2 2 254 128.000 
2 2 255 128.000 
2 2 256 0.000 
2 2 257 0.000 
2 2 258 0.000 
2 2 259 0.000 
2 2 260 0.000 
2 2 261 0.000 
2 2 262 0.000 
2 2 263 0.000 
2 2 264 128.000 
2 2 265 128.000 
2 2 266 128.000 
2 2 267 128.000 
2 2 268 128.000 
2 2 269 128.000 
2 2 270 128.000 
2 2 271 128.000 
2 2 272 128.000 
2 2 273 0.000 
2 2 274 0.000 
2 2 275 0.000 
2 2 276 0.000 
2 2 277 0.000 
2 2 278 0.000 
2 2 279 0.000 
2 2 280 0.000 
2 2 281 128.000 
2 2 282 128.000 
2 2 283 128.000 
2 2 284 1.000 
2 2 285 128.000 
2 2 286 128.000 
2 2 287 128.000 
2 2 288 128.000 
2 2 289 128.000 
2 2 290 0.000 
2 2 291 0.000 
2 2 292 0.000 
2 2 293 0.000 
2 2 294 0.000 
2 2 295 0.000 
2 2 296 0.000 
2 2 297 0.000 
2 2 298 128.000 
2 2 299 128.000 
2 2 300 128.000 
2 2 301 128.000 
2 2 302 128.000 
2 2 303 128.000 
2 2 304 128.000 
2 2 305 128.000 
2 2 306 128.000 
2 2 307 0.000 
2 2 308 0.000 
2 2 309 0.000 
2 2 310 0.000 
2 2 311 0.000 
2 2 312 0.000 
2 2 313 0.000 
2 2 314 0.000 
2 2 315 128.000 
2 2 316 128.000 
2 2 317 128.000 
2 2 318 128.000 
2 2 319 128.000 
2 2 320 0.000 
2 2 321 128.000 
2 2 322 128.000 
2 2 323 128.000 
2 2 324 0.000 
2 2 325 0.000 
2 2 326 0.000 
2 2 327 0.000 
2 2 328 0.000 
2 2 329 0.000 
2 2 330 0.000 
2 2 331 0.000 
2 2 332 128.000 
2 2 333 128.000 
2 2 334 128.000 
2 2 335 128.000 
2 2 336 128.000 
2 2 337 128.000 
2 2 338 128.000 
2 2 339 128.000 
2 2 340 128.000 
2 2 341 0.000 
2 2 342 0.000 
2 2 343 0.000 
2 2 344 0.000 
2 2 345 0.000 
2 2 346 0.000 
2 2 347 0.000 
2 2 348 0.000 
2 2 349 128.000 
2 2 350 128.000 
2 2 351 128.000 
2 2 352 128.000 
2 2 353 128.000 
2 2 354 128.000 
2 2 355 128.000 
2 2 356 128.000 
2 2 357 128.000 
2 2 358 0.000 
2 2 359 0.000 
2 2 360 0.000 
2 2 361 0.000 
2 2 362 0.000 
2 2 363 0.000 
2 2 364 0.000 
2 2 365 0.000 
2 2 366 128.000 
2 2 367 128.000 
2 2 368 128.000 
2 2 369 128.000 
2 2 370 128.000 
2 2 371 128.000 
2 2 372 128.000 
2 2 373 128.000 
2 2 374 128.000 
2 2 375 0.000 
2 2 376 0.000 
2 2 377 0.000 
2 2 378 0.000 
2 2 379 0.000 
2 2 380 0.000 
2 2 381 0.000 
2 2 382 0.000 
2 2 383 128.000 
2 2 384 128.000 
2 2 385 128.000 
2 2 386 128.000 
2 2 387 128.000 
2 2 388 128.000 
2 2 389 128.000 
2 2 390 128.000 
2 2 391 128.000 
2 2 392 0.000 
2 2 393 0.000 
2 2 394 0.000 
2 2 395 0.000 
2 2 396 0.000 
2 2 397 0.000 
2 2 398 0.000 
2 2 399 0.000 
2 2 400 128.000 
2 2 401 128.000 
2 2 402 128.000 
2 2 403 128.000 
2 2 404 128.000 
2 2 405 128.000 
2 2 406 128.000 
2 2 407 128.000 
2 2 408 128.000 
2 2 409 0.000 
2 2 410 0.000 
2 2 411 0.000 
2 2 412 0.000 
2 2 413 0.000 
2 2 414 0.000 
2 2 415 0.000 
2 2 416 0.000 
2 2 417 128.000 
2 2 418 128.000 
2 2 419 128.000 
2 2 420 128.000 
2 2 421 128.000 
2 2 422 128.000 
2 2 423 128.000 
2 2 424 128.000 
2 2 425 128.000 
2 2 426 7.000 
2 2 427 1.000 
2 2 428 7.000 
2 2 429 128.000 
2 2 430 1.000 
2 2 431 128.000 
2 2 432 128.000 
2 2 433 128.000 
2 2 434 128.000 
2 2 435 128.000 
2 2 436 128.000 
2 2 437 128.000 
2 2 438 128.000 
2 2 439 128.000 
2 2 440 128.000 
2 2 441 128.000 
2 2 442 128.000 
2 2 443 128.000 
2 2 444 128.000 
2 2 445 128.000 
2 2 446 128.000 
2 2 447 128.000 
2 2 448 128.000 
2 2 449 128.000 
2 2 450 128.000 
2 2 451 128.000 
2 2 452 128.000 
2 2 453 128.000 
2 2 454 128.000 
2 2 455 128.000 
2 2 456 128.000 
2 2 457 128.000 
2 2 458 128.000 
2 2 459 128.000 
2 2 460 128.000 
2 2 461 128.000 
2 2 462 128.000 
2 2 463 128.000 
2 2 464 128.000 
2 2 465 128.000 
2 2 466 128.000 
2 2 467 128.000 
2 2 468 128.000 
2 2 469 128.000 
2 2 470 128.000 
2 2 471 128.000 
2 2 472 128.000 
2 2 473 128.000 
2 2 474 0.000 
2 2 475 128.000 
2 2 476 0.000 
2 2 477 128.000 
2 2 478 128.000 
2 2 479 128.000 
2 2 480 128.000 
2 2 481 128.000 
2 2 482 128.000 
2 2 483 128.000 
2 2 484 128.000 
2 2 485 128.000 
2 2 486 128.000 
2 2 487 128.000 
2 2 488 128.000 
2 2 489 128.000 
2 2 490 128.000 
2 2 491 128.000 
2 2 492 0.000 
2 2 493 0.000 
2 2 494 128.000 
2 2 495 128.000 
2 2 496 128.000 
2 2 497 128.000 
2 2 498 128.000 
2 2 499 128.000 
2 2 500 128.000 
2 2 501 128.000 
2 2 502 128.000 
2 2 503 128.000 
2 2 504 128.000 
2 2 505 128.000 
2 2 506 128.000 
2 2 507 128.000 
2 2 508 0.000 
2 2 509 0.000 
2 2 510 0.000 
2 2 511 128.000 
2 2 512 128.000 
2 2 513 128.000 
2 2 514 128.000 
2 2 515 128.000 
2 2 516 128.000 
2 2 517 128.000 
2 2 518 128.000 
2 2 519 128.000 
2 2 520 128.000 
2 2 521 128.000 
2 2 522 128.000 
2 2 523 128.000 
2 2 524 0.000 
2 2 525 0.000 
2 2 526 0.000 
2 2 527 0.000 
2 2 528 128.000 
2 2 529 128.000 
2 2 530 128.000 
2 2 531 128.000 
2 2 532 128.000 
2 2 533 128.000 
2 2 534 128.000 
2 2 535 128.000 
2 2 536 128.000 
2 2 537 128.000 
2 2 538 128.000 
2 2 539 128.000 
2 2 540 0.000 
2 2 541 0.000 
2 2 542 0.000 
2 2 543 0.000 
2 2 544 0.000 
2 2 545 128.000 
2 2 546 128.000 
2 2 547 128.000 
2 2 548 128.000 
2 2 549 128.000 
2 2 550 128.000 
2 2 551 128.000 
2 2 552 128.000 
2 2 553 128.000 
2 2 554 128.000 
2 2 555 128.000 
2 2 556 0.000 
2 2 557 0.000 
2 2 558 0.000 
2 2 559 0.000 
2 2 560 0.000 
2 2 561 0.000 
2 2 562 128.000 
2 2 563 128.000 
2 2 564 128.000 
2 2 565 128.000 
2 2 566 128.000 
2 2 567 128.000 
2 2 568 128.000 
2 2 569 128.000 
2 2 570 128.000 
2 2 571 128.000 
2 2 572 0.000 
2 2 573 0.000 
2 2 574 0.000 
2 2 575 0.000 
2 2 576 0.000 
2 2 577 0.000 
2 2 578 0.000 
2 3 1 128.000 
2 3 2 128.000 
2 3 3 128.000 
2 3 4 128.000 
2 3 5 128.000 
2 3 6 128.000 
2 3 7 1.000 
2 3 8 15.000 
2 3 9 0.000 
2 3 10 1.000 
2 3 11 3.000 
2 3 12 7.000 
2 3 13 128.000 
2 3 14 128.000 
2 3 15 128.000 
2 3 16 128.000 
2 3 17 128.000 
2 3 18 128.000 
2 3 19 128.000 
2 3 20 1.000 
2 3 21 1.000 
2 3 22 3.000 
2 3 23 3.000 
2 3 24 128.000 
2 3 25 128.000 
2 3 26 128.000 
2 3 27 128.000 
2 3 28 128.000 
2 3 29 128.000 
2 3 30 128.000 
2 3 31 128.000 
2 3 32 128.000 
2 3 33 1.000 
2 3 34 128.000 
2 3 35 128.000 
2 3 36 3.000 
2 3 37 128.000 
2 3 38 128.000 
2 3 39 128.000 
2 3 40 128.000 
2 3 41 128.000 
2 3 42 128.000 
2 3 43 128.000 
2 3 44 31.000 
2 3 45 128.000 
2 3 46 128.000 
2 3 47 0.000 
2 3 48 0.000 
2 3 49 128.000 
2 3 50 128.000 
2 3 51 128.000 
2 3 52 128.000 
2 3 53 128.000 
2 3 54 128.000 
2 3 55 128.000 
2 3 56 0.000 
2 3 57 128.000 
2 3 58 128.000 
2 3 59 3.000 
2 3 60 7.000 
2 3 61 128.000 
2 3 62 128.000 
2 3 63 128.000 
2 3 64 128.000 
2 3 65 128.000 
2 3 66 128.000 
2 3 67 128.000 
2 3 68 128.000 
2 3 69 128.000 
2 3 70 128.000 
2 3 71 7.000 
2 3 72 128.000 
2 3 73 128.000 
2 3 74 128.000 
2 3 75 128.000 
2 3 76 128.000 
2 3 77 128.000 
2 3 78 128.000 
2 3 79 128.000 
2 3 80 128.000 
2 3 81 128.000 
2 3 82 128.000 
2 3 83 128.000 
2 3 84 128.000 
2 3 85 0.000 
2 3 86 0.000 
2 3 87 0.000 
2 3 88 0.000 
2 3 89 0.000 
2 3 90 128.000 
2 3 91 128.000 
2 3 92 128.000 
2 3 93 128.000 
2 3 94 128.000 
2 3 95 128.000 
2 3 96 128.000 
2 3 97 0.000 
2 3 98 0.000 
2 3 99 0.000 
2 3 100 0.000 
2 3 101 0.000 
2 3 102 128.000 
2 3 103 128.000 
2 3 104 128.000 
2 3 105 128.000 
2 3 106 128.000 
2 3 107 3.000 
2 3 108 128.000 
2 3 109 0.000 
2 3 110 0.000 
2 3 111 0.000 
2 3 112 0.000 
2 3 113 0.000 
2 3 114 128.000 
2 3 115 128.000 
2 3 116 1.000 
2 3 117 128.000 
2 3 118 128.000 
2 3 119 128.000 
2 3 120 128.000 
2 3 121 0.000 
2 3 122 0.000 
2 3 123 0.000 
2 3 124 0.000 
2 3 125 0.000 
2 3 126 128.000 
2 3 127 128.000 
2 3 128 7.000 
2 3 129 128.000 
2 3 130 128.000 
2 3 131 128.000 
2 3 132 1.000 
2 3 133 0.000 
2 3 134 0.000 
2 3 135 0.000 
2 3 136 0.000 
2 3 137 0.000 
2 3 138 128.000 
2 3 139 128.000 
2 3 140 128.000 
2 3 141 128.000 
2 3 142 128.000 
2 3 143 128.000 
2 3 144 128.000 
2 3 145 0.000 
2 3 146 0.000 
2 3 147 0.000 
2 3 148 0.000 
2 3 149 0.000 
2 3 150 128.000 
2 3 151 7.000 
2 3 152 128.000 
2 3 153 3.000 
2 3 154 0.000 
2 3 155 128.000 
2 3 156 3.000 
2 3 157 0.000 
2 3 158 0.000 
2 3 159 0.000 
2 3 160 0.000 
2 3 161 0.000 
2 3 162 128.000 
2 3 163 3.000 
2 3 164 7.000 
2 3 165 7.000 
2 3 166 128.000 
2 3 167 128.000 
2 3 168 128.000 
2 3 169 0.000 
2 3 170 0.000 
2 3 171 0.000 
2 3 172 0.000 
2 3 173 0.000 
2 3 174 128.000 
2 3 175 7.000 
2 3 176 0.000 
2 3 177 128.000 
2 3 178 128.000 
2 3 179 128.000 
2 3 180 128.000 
2 3 181 0.000 
2 3 182 0.000 
2 3 183 0.000 
2 3 184 0.000 
2 3 185 0.000 
2 3 186 128.000 
2 3 187 1.000 
2 3 188 1.000 
2 3 189 128.000 
2 3 190 128.000 
2 3 191 7.000 
2 3 192 128.000 
2 3 193 0.000 
2 3 194 0.000 
2 3 195 0.000 
2 3 196 0.000 
2 3 197 0.000 
2 3 198 0.000 
2 3 199 0.000 
2 3 200 1.000 
2 3 201 128.000 
2 3 202 128.000 
2 3 203 0.000 
2 3 204 0.000 
2 3 205 7.000 
2 3 206 0.000 
2 3 207 0.000 
2 3 208 31.000 
2 3 209 0.000 
2 3 210 0.000 
2 3 211 128.000 
2 3 212 0.000 
2 3 213 128.000 
2 3 214 128.000 
2 3 215 0.000 
2 3 216 128.000 
2 3 217 3.000 
2 3 218 7.000 
2 3 219 128.000 
2 3 220 15.000 
2 3 221 7.000 
2 3 222 15.000 
2 3 223 128.000 
2 3 224 128.000 
2 3 225 128.000 
2 3 226 3.000 
2 3 227 128.000 
2 3 228 128.000 
2 3 229 3.000 
2 3 230 3.000 
2 3 231 128.000 
2 3 232 0.000 
2 3 233 128.000 
2 3 234 128.000 
2 3 235 128.000 
2 3 236 128.000 
2 3 237 128.000 
2 3 238 1.000 
2 3 239 15.000 
2 3 240 3.000 
2 3 241 1.000 
2 3 242 1.000 
2 3 243 1.000 
2 3 244 1.000 
2 3 245 128.000 
2 3 246 7.000 
2 3 247 128.000 
2 3 248 128.000 
2 3 249 128.000 
2 3 250 128.000 
2 3 251 1.000 
2 3 252 128.000 
2 3 253 1.000 
2 3 254 7.000 
2 3 255 128.000 
2 3 256 3.000 
2 3 257 128.000 
2 3 258 128.000 
2 3 259 1.000 
2 3 260 1.000 
2 3 261 1.000 
2 3 262 0.000 
2 3 263 7.000 
2 3 264 128.000 
2 3 265 1.000 
2 3 266 15.000 
2 3 267 128.000 
2 3 268 3.000 
2 3 269 128.000 
2 3 270 128.000 
2 3 271 128.000 
2 3 272 1.000 
2 3 273 7.000 
2 3 274 3.000 
2 3 275 3.000 
2 3 276 128.000 
2 3 277 128.000 
2 3 278 1.000 
2 3 279 128.000 
2 3 280 128.000 
2 3 281 128.000 
2 3 282 128.000 
2 3 283 1.000 
2 3 284 128.000 
2 3 285 1.000 
2 3 286 3.000 
2 3 287 3.000 
2 3 288 15.000 
2 4 1 128.000 
2 4 2 128.000 
2 4 3 128.000 
2 4 4 128.000 
2 4 5 0.000 
2 4 6 128.000 
2 4 7 7.000 
2 4 8 3.000 
2 4 9 7.000 
2 4 10 3.000 
2 4 11 1.000 
2 4 12 7.000 
2 4 13 128.000 
2 4 14 128.000 
2 4 15 128.000 
2 4 16 128.000 
2 4 17 128.000 
2 4 18 128.000 
2 4 19 128.000 
2 4 20 128.000 
2 4 21 1.000 
2 4 22 3.000 
2 4 23 128.000 
2 4 24 128.000 
2 4 25 128.000 
2 4 26 128.000 
2 4 27 128.000 
2 4 28 128.000 
2 4 29 128.000 
2 4 30 128.000 
2 4 31 128.000 
2 4 32 1.000 
2 4 33 128.000 
2 4 34 128.000 
2 4 35 3.000 
2 4 36 128.000 
2 4 37 128.000 
2 4 38 0.000 
2 4 39 128.000 
2 4 40 128.000 
2 4 41 128.000 
2 4 42 128.000 
2 4 43 128.000 
2 4 44 128.000 
2 4 45 128.000 
2 4 46 128.000 
2 4 47 1.000 
2 4 48 1.000 
2 4 49 128.000 
2 4 50 128.000 
2 4 51 128.000 
2 4 52 128.000 
2 4 53 128.000 
2 4 54 128.000 
2 4 55 128.000 
2 4 56 128.000 
2 4 57 128.000 
2 4 58 0.000 
2 4 59 1.000 
2 4 60 128.000 
2 4 61 15.000 
2 4 62 128.000 
2 4 63 128.000 
2 4 64 128.000 
2 4 65 128.000 
2 4 66 128.000 
2 4 67 128.000 
2 4 68 128.000 
2 4 69 128.000 
2 4 70 128.000 
2 4 71 128.000 
2 4 72 3.000 
2 4 73 128.000 
2 4 74 128.000 
2 4 75 128.000 
2 4 76 128.000 
2 4 77 128.000 
2 4 78 128.000 
2 4 79 128.000 
2 4 80 0.000 
2 4 81 128.000 
2 4 82 128.000 
2 4 83 128.000 
2 4 84 1.000 
2 4 85 0.000 
2 4 86 0.000 
2 4 87 0.000 
2 4 88 0.000 
2 4 89 0.000 
2 4 90 128.000 
2 4 91 128.000 
2 4 92 128.000 
2 4 93 128.000 
2 4 94 128.000 
2 4 95 128.000 
2 4 96 128.000 
2 4 97 0.000 
2 4 98 0.000 
2 4 99 0.000 
2 4 100 0.000 
2 4 101 0.000 
2 4 102 1.000 
2 4 103 128.000 
2 4 104 3.000 
2 4 105 128.000 
2 4 106 128.000 
2 4 107 128.000 
2 4 108 1.000 
2 4 109 0.000 
2 4 110 0.000 
2 4 111 0.000 
2 4 112 0.000 
2 4 113 0.000 
2 4 114 128.000 
2 4 115 3.000 
2 4 116 3.000 
2 4 117 128.000 
2 4 118 0.000 
2 4 119 128.000 
2 4 120 1.000 
2 4 121 0.000 
2 4 122 0.000 
2 4 123 0.000 
2 4 124 0.000 
2 4 125 0.000 
2 4 126 128.000 
2 4 127 128.000 
2 4 128 128.000 
2 4 129 128.000 
2 4 130 128.000 
2 4 131 128.000 
2 4 132 128.000 
2 4 133 0.000 
2 4 134 0.000 
2 4 135 0.000 
2 4 136 0.000 
2 4 137 0.000 
2 4 138 128.000 
2 4 139 128.000 
2 4 140 128.000 
2 4 141 128.000 
2 4 142 1.000 
2 4 143 128.000 
2 4 144 128.000 
2 4 145 0.000 
2 4 146 0.000 
2 4 147 0.000 
2 4 148 0.000 
2 4 149 0.000 
2 4 150 3.000 
2 4 151 128.000 
2 4 152 128.000 
2 4 153 128.000 
2 4 154 128.000 
2 4 155 128.000 
2 4 156 128.000 
2 4 157 0.000 
2 4 158 0.000 
2 4 159 0.000 
2 4 160 0.000 
2 4 161 0.000 
2 4 162 128.000 
2 4 163 128.000 
2 4 164 3.000 
2 4 165 128.000 
2 4 166 128.000 
2 4 167 128.000 
2 4 168 128.000 
2 4 169 0.000 
2 4 170 0.000 
2 4 171 0.000 
2 4 172 0.000 
2 4 173 0.000 
2 4 174 1.000 
2 4 175 3.000 
2 4 176 1.000 
2 4 177 128.000 
2 4 178 1.000 
2 4 179 128.000 
2 4 180 1.000 
2 4 181 0.000 
2 4 182 0.000 
2 4 183 0.000 
2 4 184 0.000 
2 4 185 0.000 
2 4 186 128.000 
2 4 187 1.000 
2 4 188 1.000 
2 4 189 3.000 
2 4 190 128.000 
2 4 191 128.000 
2 4 192 128.000 
2 4 193 0.000 
2 4 194 0.000 
2 4 195 0.000 
2 4 196 0.000 
2 4 197 0.000 
2 4 198 0.000 
2 4 199 128.000 
2 4 200 31.000 
2 4 201 128.000 
2 4 202 128.000 
2 4 203 128.000 
2 4 204 128.000 
2 4 205 0.000 
2 4 206 1.000 
2 4 207 7.000 
2 4 208 3.000 
2 4 209 15.000 
2 4 210 15.000 
2 4 211 128.000 
2 4 212 128.000 
2 4 213 128.000 
2 4 214 128.000 
2 4 215 128.000 
2 4 216 128.000 
2 4 217 128.000 
2 4 218 3.000 
2 4 219 3.000 
2 4 220 3.000 
2 4 221 15.000 
2 4 222 128.000 
2 4 223 128.000 
2 4 224 128.000 
2 4 225 0.000 
2 4 226 128.000 
2 4 227 15.000 
2 4 228 1.000 
2 4 229 128.000 
2 4 230 1.000 
2 4 231 1.000 
2 4 232 31.000 
2 4 233 128.000 
2 4 234 128.000 
2 4 235 0.000 
2 4 236 128.000 
2 4 237 128.000 
2 4 238 128.000 
2 4 239 15.000 
2 4 240 1.000 
2 4 241 0.000 
2 4 242 7.000 
2 4 243 1.000 
2 4 244 3.000 
2 4 245 7.000 
2 4 246 128.000 
2 4 247 128.000 
2 4 248 128.000 
2 4 249 3.000 
2 4 250 1.000 
2 4 251 1.000 
2 4 252 3.000 
2 4 253 3.000 
2 4 254 128.000 
2 4 255 128.000 
2 4 256 1.000 
2 4 257 128.000 
2 4 258 0.000 
2 4 259 1.000 
2 4 260 1.000 
2 4 261 1.000 
2 4 262 7.000 
2 4 263 1.000 
2 4 264 1.000 
2 4 265 3.000 
2 4 266 1.000 
2 4 267 7.000 
2 4 268 128.000 
2 4 269 128.000 
2 4 270 128.000 
2 4 271 128.000 
2 4 272 128.000 
2 4 273 128.000 
2 4 274 3.000 
2 4 275 1.000 
2 4 276 128.000 
2 4 277 128.000 
2 4 278 128.000 
2 4 279 128.000 
2 4 280 128.000 
2 4 281 0.000 
2 4 282 3.000 
2 4 283 128.000 
2 4 284 1.000 
2 4 285 128.000 
2 4 286 7.000 
2 4 287 0.000 
2 4 288 128.000 
