         10     12.13 
    10.1617     12.48 
    10.3261     12.83 
    10.4931     13.19 
    10.6628     13.56 
    10.8353     13.93 
    11.0106     14.31 
    11.1886      14.7 
    11.3696      15.1 
    11.5535      15.5 
    11.7404      15.9 
    11.9303     16.31 
    12.1232     16.65 
    12.3193     16.99 
    12.5186     17.31 
     12.721     17.56 
    12.9268     17.82 
    13.1359     18.08 
    13.3483     18.34 
    13.5642     18.61 
    13.7836     18.92 
    14.0066     19.23 
    14.2331     19.55 
    14.4633     19.87 
    14.6973      20.2 
     14.935     20.53 
    15.1765     20.77 
     15.422     21.02 
    15.6714     21.27 
    15.9249     21.53 
    16.1825     21.79 
    16.4442     22.06 
    16.7102     22.33 
    16.9805      22.6 
    17.2551     23.03 
    17.5342     23.62 
    17.8178     24.23 
     18.106     24.85 
    18.3989     25.45 
    18.6964     26.04 
    18.9988     26.65 
    19.3061     27.27 
    19.6184     27.91 
    19.9357     28.47 
    20.2582     29.04 
    20.5858     29.62 
    20.9188     30.22 
    21.2571     30.82 
    21.6009     31.24 
    21.9503     31.37 
    22.3053      31.5 
    22.6661     31.25 
    23.0327     30.36 
    23.4053      29.5 
    23.7838      28.4 
    24.1685     27.32 
    24.5594     26.17 
    24.9566     24.95 
    25.3603     24.25 
    25.7705     23.95 
    26.1873     23.66 
    26.6109     23.36 
    27.0413     23.67 
    27.4786     24.05 
    27.9231     24.44 
    28.3747     25.28 
    28.8337      26.2 
       29.3     27.15 
    29.7739     28.04 
    30.2555     28.58 
    30.7449     28.68 
    31.2421     28.77 
    31.7475     28.36 
    32.2609     27.35 
    32.7827     26.68 
     33.313     26.18 
    33.8518     25.68 
    34.3993     25.19 
    34.9557     24.71 
    35.5211     24.24 
    36.0956     23.77 
    36.6794     23.32 
    37.2727     22.97 
    37.8755     22.68 
    38.4882      22.4 
    39.1107     22.12 
    39.7432     21.85 
    40.3861     21.61 
    41.0393     21.39 
    41.7031     21.18 
    42.3776     20.97 
     43.063     20.76 
    43.7595     20.55 
    44.4673      20.3 
    45.1865     19.92 
    45.9174     19.55 
      46.66     19.19 
    47.4147     18.83 
    48.1816     18.46 
    48.9609     18.09 
    49.7528     17.73 
    50.5576     17.51 
    51.3753     17.41 
    52.2062     17.32 
    53.0506     17.23 
    53.9087     17.14 
    54.7806     17.12 
    55.6667     17.19 
     56.567     17.27 
     57.482     17.34 
    58.4117     17.42 
    59.3564     17.42 
    60.3165     17.29 
    61.2921     17.17 
    62.2834     17.05 
    63.2908     16.73 
    64.3145     16.21 
    65.3547      15.7 
    66.4118     15.11 
    67.4859     14.55 
    68.5775     14.01 
    69.6867     13.49 
    70.8138     13.13 
    71.9591     12.82 
     73.123     12.52 
    74.3057     12.24 
    75.5076     12.02 
    76.7289      11.8 
    77.9699     11.53 
     79.231     11.19 
    80.5125     10.86 
    81.8147     10.54 
     83.138     10.43 
    84.4827     10.71 
    85.8491     10.25 
    87.2377     9.786 
    88.6487      9.25 
    90.0825     8.742 
    91.5395     8.263 
    93.0201     7.748 
    94.5246     7.263 
    96.0535      6.86 
    97.6071      6.52 
    99.1858     6.197 
     100.79      5.89 
     102.42     5.572 
    104.077     5.261 
     105.76     4.967 
    107.471     4.689 
    109.209     4.463 
    110.975     4.262 
     112.77      4.07 
    114.594     3.887 
    116.448     3.712 
    118.331     3.553 
    120.245     3.404 
     122.19     3.261 
    124.166     3.125 
    126.175     2.994 
    128.215     2.856 
    130.289     2.694 
    132.397     2.541 
    134.538     2.418 
    136.714     2.349 
    138.925     2.281 
    141.172     2.216 
    143.456     2.152 
    145.776     2.115 
    148.134     2.101 
     150.53     2.088 
    152.964     2.074 
    155.439     2.061 
    157.953     2.055 
    160.507     2.089 
    163.103     2.123 
    165.742     2.158 
    168.422     2.194 
    171.146     2.248 
    173.915     2.336 
    176.727     2.427 
    179.586     2.521 
    182.491     2.619 
    185.442     2.722 
    188.442      2.83 
    191.489     2.942 
    194.587     3.058 
    197.734     3.179 
    200.932     3.302 
    204.182     3.421 
    207.485     3.544 
     210.84     3.672 
    214.251     3.801 
    217.716     3.888 
    221.237     3.977 
    224.816     4.068 
    228.452     4.162 
    232.147     4.257 
    235.902     4.336 
    239.717     4.407 
    243.595      4.48 
    247.535     4.554 
    251.538     4.629 
    255.607     4.684 
    259.741     4.737 
    263.942     4.791 
    268.211     4.846 
    272.549     4.901 
    276.957     4.936 
    281.437     4.952 
    285.989     4.969 
    290.615     4.986 
    295.315     5.002 
    300.092     5.019 
    304.945     5.036 
    309.878     5.053 
     314.89     5.057 
    319.983     5.057 
    325.158     5.057 
    330.418     5.057 
    335.762     5.057 
    341.192     5.057 
    346.711     5.057 
    352.319     5.056 
    358.017     5.025 
    363.808     4.993 
    369.692     4.962 
    375.672     4.932 
    381.748     4.901 
    387.922      4.87 
    394.197      4.84 
    400.573      4.81 
    407.052     4.765 
    413.635     4.713 
    420.326     4.662 
    427.124     4.612 
    434.032     4.562 
    441.052     4.512 
    448.186     4.463 
    455.435      4.41 
    462.802     4.352 
    470.287     4.296 
    477.894      4.24 
    485.623     4.185 
    493.478      4.13 
    501.459     4.077 
     509.57     4.023 
    517.812      3.97 
    526.187     3.916 
    534.698     3.864 
    543.346     3.812 
    552.134      3.76 
    561.065      3.71 
    570.139     3.659 
    579.361     3.607 
    588.732     3.556 
    598.254     3.506 
     607.93     3.456 
    617.763     3.407 
    627.755     3.359 
    637.908     3.311 
    648.226     3.264 
    658.711     3.208 
    669.365     3.145 
    680.191     3.082 
    691.193     3.022 
    702.372     2.962 
    713.733     2.903 
    725.277     2.846 
    737.008     2.791 
    748.928     2.737 
    761.042     2.684 
    773.351     2.632 
    785.859     2.581 
     798.57     2.531 
    811.486     2.476 
    824.611     2.422 
    837.949     2.369 
    851.502     2.317 
    865.274     2.266 
    879.269     2.216 
    893.491     2.157 
    907.943     2.098 
    922.628     2.042 
    937.551     1.987 
    952.715     1.933 
    968.124     1.878 
    983.783     1.823 
    999.695     1.769 
    1015.86     1.717 
    1032.29     1.667 
    1048.99      1.61 
    1065.96     1.551 
     1083.2     1.495 
    1100.72      1.44 
    1118.52     1.387 
    1136.61     1.337 
       1155     1.288 
    1173.68     1.241 
    1192.66     1.195 
    1211.95     1.152 
    1231.55      1.11 
    1251.47     1.074 
    1271.72     1.039 
    1292.29     1.005 
    1313.19    0.9721 
    1334.43    0.9372 
    1356.01     0.903 
    1377.94    0.8701 
    1400.23    0.8383 
    1422.88    0.8077 
    1445.89     0.781 
    1469.28    0.7555 
    1493.04    0.7307 
    1517.19    0.6975 
    1541.73    0.6655 
    1566.67    0.6367 
    1592.01    0.6133 
    1617.76    0.5912 
    1643.92    0.5696 
    1670.51    0.5458 
    1697.53    0.5246 
    1724.99    0.5064 
    1752.89    0.4868 
    1781.24    0.4711 
    1810.05    0.4576 
    1839.32      0.44 
    1869.07    0.4247 
     1899.3    0.4122 
    1930.02    0.3968 
    1961.24    0.3802 
    1992.96    0.3663 
     2025.2    0.3535 
    2057.95      0.34 
    2091.24    0.3265 
    2125.06    0.3131 
    2159.43    0.3004 
    2194.36    0.2874 
    2229.85     0.348 
    2265.92    0.6227 
    2302.57    0.6475 
    2339.81    0.8453 
    2377.66    0.8796 
    2416.11    0.8775 
    2455.19    0.8572 
     2494.9    0.8412 
    2535.26    0.8211 
    2576.26    0.7953 
    2617.93    0.7721 
    2660.27    0.7626 
     2703.3    0.7398 
    2747.03    0.7862 
    2791.46    0.7977 
    2836.61    0.7737 
    2882.49    0.7533 
    2929.11    0.7313 
    2976.48    0.7054 
    3024.63    0.6816 
    3073.55    0.6594 
    3123.26    0.6365 
    3173.78    0.6324 
    3225.11    0.6261 
    3277.27     0.604 
    3330.28    0.5834 
    3384.15    0.5631 
    3438.88    0.5508 
     3494.5    0.5392 
    3551.02    0.5161 
    3608.46    0.4962 
    3666.82    0.4777 
    3726.13    0.4601 
     3786.4    0.4434 
    3847.64    0.4265 
    3909.87    0.4101 
    3973.11    0.3945 
    4037.38    0.3795 
    4102.68    0.3645 
    4169.03    0.3506 
    4236.46    0.3342 
    4304.98    0.3242 
    4374.62    0.3115 
    4445.37    0.2999 
    4517.27    0.2883 
    4590.33    0.2772 
    4664.58    0.2664 
    4740.03     0.256 
    4816.69    0.2461 
     4894.6    0.2368 
    4973.77    0.2278 
    5054.21    0.2196 
    5135.96    0.2115 
    5219.03     0.203 
    5303.44    0.1971 
    5389.22    0.1885 
    5476.39     0.181 
    5564.97    0.1738 
    5654.98     0.167 
    5746.44    0.1605 
    5839.39    0.1546 
    5933.83    0.1478 
    6029.81    0.1425 
    6127.33    0.1367 
    6226.44    0.1311 
    6327.15    0.1257 
    6429.48    0.1206 
    6533.48    0.1157 
    6639.15    0.1109 
    6746.54    0.1064 
    6855.65     0.102 
    6966.54   0.09785 
    7079.22   0.09383 
    7193.72   0.08997 
    7310.07   0.08626 
    7428.31   0.08271 
    7548.45    0.0793 
    7670.54   0.07603 
    7794.61   0.07289 
    7920.68   0.06988 
    8048.79   0.06699 
    8178.98   0.06423 
    8311.26   0.06157 
    8445.69   0.05903 
    8582.29   0.05659 
    8721.11   0.05425 
    8862.16   0.05201 
     9005.5   0.04986 
    9151.16    0.0478 
    9299.17   0.04583 
    9449.58   0.04394 
    9602.42   0.04212 
    9757.73   0.04039 
    9915.55   0.03872 
    10075.9   0.03713 
    10238.9   0.03561 
    10404.5   0.03414 
    10572.8   0.03274 
    10743.8    0.0314 
    10917.6   0.03012 
    11094.2   0.02889 
    11273.6   0.02771 
    11455.9   0.02658 
    11641.2    0.0255 
    11829.5   0.02446 
    11918.6   0.02399 
    11918.8   0.05984 
    12020.8   0.05847 
    12215.3   0.05597 
    12412.8   0.05358 
    12613.6   0.05129 
    12817.6    0.0491 
      13025     0.047 
    13235.6     0.045 
    13449.7   0.04307 
    13667.2   0.04123 
    13733.5    0.0407 
    13733.7   0.05676 
    13888.3   0.05509 
    14112.9   0.05279 
    14341.2   0.05057 
    14352.7   0.05047 
    14352.9   0.05801 
    14573.1   0.05586 
    14808.9   0.05369 
    15048.4    0.0516 
    15291.8   0.04958 
    15539.1   0.04763 
    15790.4   0.04575 
    16045.8   0.04394 
    16305.4    0.0422 
    16569.1   0.04052 
    16837.1    0.0389 
    17109.4   0.03734 
    17386.1   0.03584 
    17667.4   0.03439 
    17953.1     0.033 
    18243.5   0.03166 
    18538.6   0.03038 
    18838.4   0.02914 
    19143.1   0.02795 
    19452.7   0.02681 
    19767.4   0.02571 
    20087.1   0.02465 
      20412   0.02363 
    20742.1   0.02266 
    21077.6   0.02172 
    21418.5   0.02082 
      21765   0.01996 
      22117   0.01913 
    22474.7   0.01833 
    22838.2   0.01757 
    23207.6   0.01683 
      23583   0.01613 
    23964.4   0.01546 
      24352   0.01481 
    24745.9   0.01419 
    25146.2   0.01359 
    25552.9   0.01302 
    25966.2   0.01247 
    26386.1   0.01194 
    26812.9   0.01144 
    27246.6   0.01095 
    27687.3   0.01049 
    28135.1   0.01005 
    28590.2   0.00962 
    29052.6  0.009211 
    29522.5   0.00882 
      30000  0.008445 
