         10    0.7168 
    10.1617    0.7399 
    10.3261    0.7638 
    10.4931    0.7885 
    10.6628    0.8139 
    10.8353    0.8402 
    11.0106    0.8673 
    11.1886    0.8953 
    11.3696    0.9241 
    11.5535     0.954 
    11.7404    0.9847 
    11.9303     1.017 
    12.1232     1.057 
    12.3193     1.102 
    12.5186     1.149 
     12.721     1.198 
    12.9268      1.25 
    13.1359     1.317 
    13.3483     1.388 
    13.5642     1.463 
    13.7836     1.542 
    14.0066     1.809 
    14.2331     2.062 
    14.4633      2.29 
    14.6973     2.538 
     14.935     2.805 
    15.1765     3.071 
     15.422     3.312 
    15.6714     3.091 
    15.9249     2.873 
    16.1825      2.71 
    16.4442     3.159 
    16.7102     6.317 
    16.9805     9.532 
    17.2551      23.6 
    17.5342     36.61 
    17.8178     43.39 
     18.106     46.97 
    18.3989     50.84 
    18.6964     60.81 
    18.9988     76.62 
    19.3061     92.44 
    19.6184     93.23 
    19.9357     94.04 
    20.2582     93.04 
    20.5858     90.62 
    20.9188     87.27 
    21.2571     81.71 
    21.6009     76.49 
    21.9503     71.61 
    22.3053     67.04 
    22.6661     62.76 
    23.0327     58.76 
    23.4053     55.01 
    23.7838      51.5 
    24.1685     48.17 
    24.5594     45.06 
    24.9566     42.14 
    25.3603     39.42 
    25.7705     36.87 
    26.1873     34.48 
    26.6109     32.25 
    27.0413     30.16 
    27.4786     28.21 
    27.9231     26.39 
    28.3747     24.63 
    28.8337     22.97 
       29.3     21.43 
    29.7739     19.98 
    30.2555     18.64 
    30.7449     17.38 
    31.2421     16.21 
    31.7475     15.12 
    32.2609     14.11 
    32.7827     13.16 
     33.313     12.27 
    33.8518     11.44 
    34.3993     10.67 
    34.9557     9.861 
    35.5211     9.052 
    36.0956     8.309 
    36.6794     7.628 
    37.2727     7.002 
    37.8755     6.427 
    38.4882       5.9 
    39.1107     5.416 
    39.7432     4.971 
    40.3861     4.586 
    41.0393     4.268 
    41.7031     3.972 
    42.3776     3.696 
     43.063      3.44 
    43.7595     3.201 
    44.4673     2.979 
    45.1865     2.772 
    45.9174      2.58 
      46.66     2.401 
    47.4147     2.234 
    48.1816     2.079 
    48.9609     1.935 
    49.7528     1.805 
    50.5576     1.704 
    51.3753     1.609 
    52.2062     1.523 
    53.0506     1.475 
    53.9087     1.429 
    54.7806     1.394 
    55.6667     1.359 
     56.567     1.326 
     57.482     1.293 
    58.4117     1.262 
    59.3564      1.24 
    60.3165     1.218 
    61.2921     1.206 
    62.2834     1.213 
    63.2908      1.22 
    64.3145     1.226 
    65.3547     1.233 
    66.4118     1.246 
    67.4859     1.266 
    68.5775     1.286 
    69.6867     1.306 
    70.8138     1.336 
    71.9591      1.37 
     73.123     1.405 
    74.3057     1.444 
    75.5076     1.484 
    76.7289     1.526 
    77.9699     1.584 
     79.231     1.651 
    80.5125     1.718 
    81.8147     1.784 
     83.138     1.851 
    84.4827     1.921 
    85.8491     1.957 
    87.2377     1.984 
    88.6487     2.065 
    90.0825     2.079 
    91.5395     3.782 
    93.0201     6.879 
    94.5246      2.56 
    96.0535     3.108 
    97.6071     4.164 
    99.1858     6.668 
     100.79     12.02 
     102.42     23.94 
    104.077     32.25 
     105.76     37.83 
    107.471      37.8 
    109.209     36.32 
    110.975     34.57 
     112.77     33.49 
    114.594     34.68 
    116.448     35.54 
    118.331     32.44 
    120.245     28.55 
     122.19     24.71 
    124.166     21.53 
    126.175     18.81 
    128.215     16.43 
    130.289     14.05 
    132.397     11.99 
    134.538     10.18 
    136.714     8.686 
    138.925     7.552 
    141.172     6.527 
    143.456     5.532 
    145.776     4.688 
    148.134     3.962 
     150.53     3.343 
    152.964     2.821 
    155.439     2.379 
    157.953     2.001 
    160.507     1.689 
    163.103     1.425 
    165.742     1.267 
    168.422     1.127 
    171.146     1.015 
    173.915    0.9156 
    176.727     0.838 
    179.586    0.7843 
    182.491    0.7471 
    185.442    0.7279 
    188.442    0.7254 
    191.489    0.7493 
    194.587    0.7741 
    197.734    0.7983 
    200.932    0.8222 
    204.182     0.847 
    207.485    0.8724 
     210.84    0.8989 
    214.251    0.9332 
    217.716    0.9688 
    221.237     1.006 
    224.816     1.044 
    228.452     1.082 
    232.147     1.121 
    235.902     1.162 
    239.717     1.204 
    243.595     1.247 
    247.535     1.291 
    251.538      1.33 
    255.607     1.371 
    259.741     1.412 
    263.942     1.455 
    268.211     1.498 
    272.549     1.528 
    276.957      1.55 
    281.437     1.573 
    285.989      1.59 
    290.615     1.603 
    295.315     1.616 
    300.092     1.629 
    304.945     1.643 
    309.878     1.656 
     314.89      1.67 
    319.983      1.67 
    325.158     1.667 
    330.418     1.663 
    335.762      1.66 
    341.192     1.656 
    346.711     1.653 
    352.319     1.634 
    358.017     1.612 
    363.808      1.59 
    369.692     1.569 
    375.672     1.548 
    381.748     1.526 
    387.922     1.503 
    394.197     1.481 
    400.573     1.458 
    407.052     1.436 
    413.635     1.415 
    420.326     1.393 
    427.124     1.372 
    434.032     1.352 
    441.052     1.329 
    448.186     1.306 
    455.435     1.283 
    462.802      1.26 
    470.287     1.238 
    477.894     1.216 
    485.623     1.194 
    493.478     1.173 
    501.459     1.153 
     509.57     1.132 
    517.812     1.112 
    526.187     1.091 
    534.698     1.061 
    543.346     1.032 
    552.134     1.004 
    561.065     0.977 
    570.139    0.9504 
    579.361    0.9246 
    588.732    0.8994 
    598.254    0.8752 
     607.93    0.8538 
    617.763    0.8329 
    627.755    0.8126 
    637.908    0.7927 
    648.226    0.7733 
    658.711    0.7539 
    669.365    0.7324 
    680.191    0.7115 
    691.193    0.6913 
    702.372    0.6712 
    713.733    0.6503 
    725.277      0.63 
    737.008    0.6103 
    748.928    0.5913 
    761.042    0.5728 
    773.351    0.5549 
      780.1    0.5455 
      780.3     2.874 
    785.859     2.846 
     798.57     2.783 
    811.486     2.721 
    824.611     2.661 
    837.949     2.602 
    851.502     2.545 
    865.274     2.488 
    879.269     2.433 
    893.491      2.38 
    907.943     2.327 
    922.628     2.273 
    937.551      2.22 
    952.715     2.169 
    968.124     2.119 
    983.783      2.07 
    999.695     2.022 
    1015.86     1.975 
    1032.29     1.929 
    1048.99     1.884 
    1065.96      1.84 
     1083.2     1.798 
    1100.72     1.756 
    1118.52     1.714 
    1136.61     1.673 
       1155     1.633 
    1173.68     1.594 
    1192.66     1.556 
    1211.95     1.519 
    1231.55     1.483 
    1251.47     1.448 
    1271.72     1.413 
    1292.29      1.38 
    1313.19     1.347 
    1334.43     1.315 
    1356.01     1.279 
    1377.94     1.237 
    1400.23     1.197 
    1422.88     1.158 
    1445.89     1.121 
    1469.28     1.084 
    1493.04     1.049 
    1517.19     1.015 
    1541.73    0.9819 
    1566.67      0.95 
    1592.01    0.9175 
    1617.76    0.8852 
    1643.92    0.8541 
    1670.51    0.8241 
    1697.53    0.7951 
    1724.99    0.7672 
    1752.89    0.7402 
    1781.24    0.7142 
    1810.05    0.6891 
    1839.32    0.6649 
    1869.07    0.6415 
     1899.3    0.6186 
    1930.02    0.5965 
    1961.24    0.5752 
    1992.96    0.5547 
     2025.2    0.5352 
    2057.95    0.5158 
    2091.24     0.497 
    2125.06     0.479 
    2159.43    0.4615 
    2194.36    0.4446 
    2229.85    0.4283 
    2265.92    0.4125 
    2302.57    0.3973 
    2339.81    0.3826 
    2377.66    0.3684 
    2416.11    0.3547 
    2455.19    0.3415 
     2494.9    0.3288 
    2535.26    0.3165 
    2576.26    0.3046 
    2617.93    0.2931 
    2660.27    0.2821 
     2703.3    0.2714 
    2747.03    0.2611 
    2791.46    0.2512 
    2836.61    0.2416 
    2882.49    0.2324 
    2929.11    0.2235 
    2976.48    0.2149 
    3024.63    0.2066 
    3073.55    0.1987 
    3123.26     0.191 
    3173.78    0.1836 
    3225.11    0.1764 
    3277.27    0.1695 
    3330.28    0.1629 
    3384.15    0.1565 
    3438.88    0.1503 
     3494.5    0.1444 
    3551.02    0.1387 
    3608.46    0.1331 
    3666.82    0.1278 
    3726.13    0.1227 
     3786.4    0.1178 
    3847.64     0.113 
    3909.87    0.1085 
    3973.11    0.1041 
    4037.38   0.09982 
    4102.68   0.09574 
    4169.03   0.09181 
    4236.46   0.08802 
    4304.98   0.08438 
    4374.62   0.08087 
    4445.37   0.07749 
    4517.27   0.07423 
    4590.33    0.0711 
    4664.58   0.06809 
    4740.03   0.06519 
    4816.69    0.0624 
     4894.6   0.05971 
    4973.77   0.05713 
    5054.21   0.05464 
    5135.96   0.05225 
    5219.03   0.04995 
     5246.9   0.04921 
     5247.1    0.1505 
    5303.44    0.1461 
    5389.22    0.1397 
    5476.39    0.1336 
    5564.97    0.1278 
     5623.5    0.1242 
     5623.7    0.1705 
    5654.98    0.1679 
    5746.44    0.1609 
    5839.39    0.1541 
    5933.83    0.1477 
     5988.7    0.1441 
     5988.9    0.1643 
    6029.81    0.1616 
    6127.33    0.1555 
    6226.44    0.1495 
    6327.15    0.1438 
    6429.48    0.1383 
    6533.48    0.1329 
    6639.15    0.1277 
    6746.54    0.1227 
    6855.65    0.1179 
    6966.54    0.1133 
    7079.22    0.1088 
    7193.72    0.1045 
    7310.07    0.1003 
    7428.31    0.0963 
    7548.45   0.09243 
    7670.54   0.08871 
    7794.61   0.08512 
    7920.68   0.08167 
    8048.79   0.07835 
    8178.98   0.07516 
    8311.26   0.07208 
    8445.69   0.06912 
    8582.29   0.06628 
    8721.11   0.06355 
    8862.16   0.06092 
     9005.5    0.0584 
    9151.16   0.05597 
    9299.17   0.05364 
    9449.58    0.0514 
    9602.42   0.04926 
    9757.73   0.04719 
    9915.55   0.04521 
    10075.9   0.04331 
    10238.9   0.04149 
    10404.5   0.03974 
    10572.8   0.03806 
    10743.8   0.03645 
    10917.6    0.0349 
    11094.2   0.03342 
    11273.6     0.032 
    11455.9   0.03063 
    11641.2   0.02933 
    11829.5   0.02807 
    12020.8   0.02687 
    12215.3   0.02572 
    12412.8   0.02462 
    12613.6   0.02356 
    12817.6   0.02255 
      13025   0.02158 
    13235.6   0.02065 
    13449.7   0.01976 
    13667.2   0.01891 
    13888.3   0.01809 
    14112.9   0.01731 
    14341.2   0.01656 
    14573.1   0.01584 
    14808.9   0.01516 
    15048.4    0.0145 
    15291.8   0.01387 
    15539.1   0.01327 
    15790.4   0.01269 
    16045.8   0.01214 
    16305.4   0.01161 
    16569.1   0.01111 
    16837.1   0.01062 
    17109.4   0.01016 
    17386.1  0.009718 
    17667.4  0.009295 
    17953.1  0.008889 
    18243.5  0.008501 
    18538.6   0.00813 
    18838.4  0.007775 
    19143.1  0.007436 
    19452.7  0.007111 
    19767.4    0.0068 
    20087.1  0.006503 
      20412  0.006219 
    20742.1  0.005947 
    21077.6  0.005687 
    21418.5  0.005439 
      21765  0.005201 
      22117  0.004973 
    22474.7  0.004756 
    22838.2  0.004548 
    23207.6  0.004349 
      23583  0.004159 
    23964.4  0.003977 
      24352  0.003804 
    24745.9  0.003637 
    25146.2  0.003479 
    25552.9  0.003327 
    25966.2  0.003181 
    26386.1  0.003043 
    26812.9   0.00291 
    27246.6  0.002783 
    27687.3  0.002662 
    28135.1  0.002546 
    28590.2  0.002435 
    29052.6  0.002329 
    29522.5  0.002228 
      30000  0.002131 
