         10     39.09 
    10.1617     38.75 
    10.3261     38.42 
    10.4931     38.08 
    10.6628     37.65 
    10.8353     37.12 
    11.0106      36.6 
    11.1886     36.08 
    11.3696     35.58 
    11.5535     34.98 
    11.7404     34.36 
    11.9303     33.76 
    12.1232     33.17 
    12.3193     32.59 
    12.5186     32.02 
     12.721     31.44 
    12.9268     30.66 
    13.1359     29.89 
    13.3483     29.15 
    13.5642     28.42 
    13.7836     27.71 
    14.0066     26.99 
    14.2331     25.96 
    14.4633     24.97 
    14.6973     24.02 
     14.935     23.11 
    15.1765     22.22 
     15.422     21.24 
    15.6714     20.24 
    15.9249     19.28 
    16.1825     18.37 
    16.4442      17.3 
    16.7102     16.19 
    16.9805     15.16 
    17.2551     14.19 
    17.5342     13.29 
    17.8178     12.44 
     18.106     11.65 
    18.3989     10.87 
    18.6964     10.15 
    18.9988     9.474 
    19.3061     8.824 
    19.6184     8.153 
    19.9357     7.533 
    20.2582     6.969 
    20.5858     6.451 
    20.9188     6.038 
    21.2571     5.785 
    21.6009     5.542 
    21.9503     5.309 
    22.3053     5.207 
    22.6661     5.107 
    23.0327     5.062 
    23.4053     5.103 
    23.7838     5.394 
    24.1685     9.185 
    24.5594     14.97 
    24.9566     15.82 
    25.3603     16.56 
    25.7705     16.83 
    26.1873     17.11 
    26.6109     17.32 
    27.0413     17.23 
    27.4786     17.15 
    27.9231      16.8 
    28.3747     15.96 
    28.8337     15.08 
       29.3      14.2 
    29.7739     13.17 
    30.2555     11.81 
    30.7449     11.35 
    31.2421     11.01 
    31.7475     10.68 
    32.2609     10.31 
    32.7827     10.12 
     33.313     10.17 
    33.8518     10.24 
    34.3993     10.46 
    34.9557     10.67 
    35.5211     11.04 
    36.0956      11.5 
    36.6794     11.98 
    37.2727      12.6 
    37.8755     13.35 
    38.4882     14.14 
    39.1107     14.98 
    39.7432     15.69 
    40.3861     16.42 
    41.0393      17.2 
    41.7031     18.01 
    42.3776     18.63 
     43.063      19.2 
    43.7595     19.78 
    44.4673     20.38 
    45.1865     20.97 
    45.9174     21.49 
      46.66     22.03 
    47.4147     22.58 
    48.1816     23.14 
    48.9609     23.72 
    49.7528     24.12 
    50.5576     24.52 
    51.3753     24.92 
    52.2062     25.33 
    53.0506     25.75 
    53.9087     26.06 
    54.7806     26.31 
    55.6667     26.55 
     56.567      26.8 
     57.482     27.05 
    58.4117     27.23 
    59.3564      27.4 
    60.3165     27.58 
    61.2921     27.76 
    62.2834     27.91 
    63.2908     28.03 
    64.3145     28.15 
    65.3547     28.26 
    66.4118     28.38 
    67.4859      28.5 
    68.5775     28.32 
    69.6867     28.13 
    70.8138     27.94 
    71.9591     27.75 
     73.123     27.39 
    74.3057     26.99 
    75.5076      26.6 
    76.7289     26.22 
    77.9699     25.55 
     79.231     24.77 
    80.5125     24.02 
    81.8147     23.27 
     83.138     22.54 
    84.4827     21.83 
    85.8491     21.14 
    87.2377     20.45 
    88.6487     19.77 
    90.0825     19.11 
    91.5395     18.47 
    93.0201     17.85 
    94.5246     17.25 
    96.0535      16.4 
    97.6071     15.47 
    99.1858     14.59 
     100.79     13.76 
     102.42     12.98 
    104.077     12.24 
     105.76     11.54 
    107.471     10.89 
    109.209     10.16 
    110.975     9.468 
     112.77     8.819 
    114.594     8.215 
    116.448     7.651 
    118.331     7.127 
    120.245     6.612 
     122.19     6.133 
    124.166     5.689 
    126.175     5.277 
    128.215     4.895 
    130.289     4.541 
    132.397     4.212 
    134.538      3.94 
    136.714     3.761 
    138.925     3.591 
    141.172     3.428 
    143.456     3.272 
    145.776     3.124 
    148.134     2.982 
     150.53     2.815 
    152.964     2.651 
    155.439     2.497 
    157.953     2.352 
    160.507     2.215 
    163.103     2.087 
    165.742     1.966 
    168.422     1.852 
    171.146     1.748 
    173.915     1.696 
    176.727     1.645 
    179.586      1.61 
    182.491     1.593 
    185.442     1.577 
    188.442     1.564 
    191.489     1.563 
    194.587     1.562 
    197.734     1.578 
    200.932     1.595 
    204.182     1.616 
    207.485     1.663 
     210.84     1.711 
    214.251     1.762 
    217.716     1.821 
    221.237     1.882 
    224.816     1.945 
    228.452      2.03 
    232.147     2.135 
    235.902      2.24 
    239.717     2.341 
    243.595     2.446 
    247.535     2.557 
    251.538     2.672 
    255.607     2.758 
    259.741     2.845 
    263.942     2.934 
    268.211     3.026 
    272.549     3.122 
    276.957      3.22 
    281.437     3.319 
    285.989     3.413 
    290.615      3.51 
    295.315     3.609 
    300.092     3.711 
    304.945     3.816 
    309.878     3.924 
     314.89     3.987 
    319.983     4.044 
    325.158     4.101 
    330.418      4.16 
    335.762     4.219 
    341.192     4.279 
    346.711     4.315 
    352.319     4.345 
    358.017     4.374 
    363.808     4.404 
    369.692     4.434 
    375.672     4.452 
    381.748     4.455 
    387.922     4.458 
    394.197     4.461 
    400.573     4.464 
    407.052     4.467 
    413.635     4.474 
    420.326     4.481 
    427.124     4.487 
    434.032     4.494 
    441.052     4.501 
    448.186     4.508 
    455.435     4.498 
    462.802     4.483 
    470.287     4.468 
    477.894     4.453 
    485.623     4.438 
    493.478     4.423 
    501.459     4.406 
     509.57     4.371 
    517.812     4.337 
    526.187     4.303 
    534.698     4.269 
    543.346     4.236 
    552.134      4.17 
    561.065     4.099 
    570.139     4.028 
    579.361     3.952 
    588.732     3.875 
    598.254     3.799 
     607.93     3.724 
    617.763     3.651 
    627.755     3.579 
    637.908     3.506 
    648.226     3.432 
    658.711     3.357 
    669.365     3.285 
    680.191     3.213 
    691.193     3.143 
    702.372     3.079 
    713.733     3.044 
    725.277     3.028 
    737.008     3.012 
    748.928     2.996 
    761.042     2.979 
    773.351     2.954 
    785.859     2.903 
     798.57     2.832 
    811.486     2.762 
    824.611     2.694 
    837.949     2.627 
    851.502     2.561 
    865.274     2.495 
    879.269     2.429 
    893.491     2.365 
    907.943     2.302 
    922.628     2.241 
    937.551     2.194 
    952.715      2.15 
    968.124      2.11 
    983.783     2.071 
    999.695      2.03 
    1015.86     1.988 
    1032.29     1.927 
    1048.99     1.868 
    1065.96      1.81 
     1083.2     1.754 
    1100.72       1.7 
    1118.52     1.648 
    1136.61     1.597 
       1155     1.547 
    1173.68     1.499 
    1192.66     1.453 
    1211.95     1.408 
    1231.55     1.365 
    1251.47     1.322 
    1271.72     1.281 
    1292.29     1.242 
    1313.19     1.203 
    1334.43     1.166 
    1356.01     1.129 
    1377.94     1.094 
    1400.23      1.06 
    1422.88     1.027 
    1445.89    0.9953 
    1469.28    0.9641 
    1493.04    0.9336 
    1517.19    0.9029 
    1541.73    0.8731 
    1566.67    0.8442 
    1592.01    0.8162 
    1617.76    0.7892 
    1643.92     0.763 
    1670.51    0.7377 
    1697.53    0.7132 
    1724.99    0.6895 
    1752.89     0.666 
    1781.24    0.6431 
    1810.05    0.6208 
    1839.32    0.5993 
    1869.07    0.5786 
     1899.3    0.5585 
    1930.02    0.5391 
    1961.24    0.5204 
    1992.96    0.5023 
     2025.2    0.4851 
    2057.95    0.4679 
    2091.24    0.4512 
    2125.06     0.435 
    2159.43    0.4194 
    2194.36    0.4042 
    2229.85    0.3895 
    2265.92    0.3752 
    2302.57    0.3615 
    2339.81    0.3481 
    2377.66    0.3352 
    2416.11    0.3227 
    2455.19    0.3106 
     2494.9    0.2989 
    2535.26    0.2876 
    2576.26    0.2767 
     2579.5    0.2759 
     2579.7    0.7363 
    2617.93    0.7093 
    2660.27    0.6809 
     2687.5    0.6634 
     2687.7    0.9624 
     2703.3    0.9486 
    2747.03    0.9112 
    2791.46    0.8753 
    2836.61    0.8408 
    2882.49    0.8077 
    2929.11     0.776 
    2976.48    0.7455 
    3024.63    0.7162 
    3073.55    0.6881 
    3123.26    0.6611 
    3173.78    0.6352 
     3176.8    0.6337 
       3177    0.7376 
    3225.11    0.7104 
    3277.27    0.6825 
    3330.28    0.6558 
    3384.15    0.6301 
    3438.88    0.6054 
     3494.5    0.5817 
    3551.02     0.559 
    3608.46    0.5372 
    3666.82    0.5162 
     3696.2    0.5061 
     3696.4    0.5364 
    3726.13    0.5259 
     3786.4    0.5056 
    3847.64    0.4861 
    3909.87    0.4673 
    3973.11    0.4493 
       3999    0.4422 
     3999.2     0.459 
    4037.38    0.4489 
    4102.68    0.4322 
    4169.03    0.4162 
    4236.46    0.4007 
    4304.98    0.3856 
    4374.62    0.3711 
    4445.37    0.3571 
    4517.27    0.3436 
    4590.33    0.3306 
    4664.58     0.318 
    4740.03    0.3058 
    4816.69    0.2941 
     4894.6    0.2828 
    4973.77    0.2719 
    5054.21    0.2613 
    5135.96    0.2512 
    5219.03    0.2414 
    5303.44     0.232 
    5389.22     0.223 
    5476.39    0.2143 
    5564.97    0.2059 
    5654.98    0.1978 
    5746.44      0.19 
    5839.39    0.1825 
    5933.83    0.1753 
    6029.81    0.1683 
    6127.33    0.1617 
    6226.44    0.1553 
    6327.15    0.1491 
    6429.48    0.1432 
    6533.48    0.1374 
    6639.15     0.132 
    6746.54    0.1267 
    6855.65    0.1216 
    6966.54    0.1168 
    7079.22    0.1121 
    7193.72    0.1076 
    7310.07    0.1033 
    7428.31   0.09912 
    7548.45   0.09514 
    7670.54   0.09131 
    7794.61   0.08764 
    7920.68   0.08411 
    8048.79   0.08072 
    8178.98   0.07747 
    8311.26   0.07435 
    8445.69   0.07135 
    8582.29   0.06847 
    8721.11   0.06571 
    8862.16   0.06306 
     9005.5   0.06051 
    9151.16   0.05807 
    9299.17   0.05573 
    9449.58   0.05348 
    9602.42   0.05132 
    9757.73   0.04925 
    9915.55   0.04726 
    10075.9   0.04531 
    10238.9   0.04345 
    10404.5   0.04166 
    10572.8   0.03995 
    10743.8   0.03832 
    10917.6   0.03675 
    11094.2   0.03525 
    11273.6   0.03381 
    11455.9   0.03243 
    11641.2   0.03112 
    11829.5   0.02985 
    12020.8   0.02865 
    12215.3   0.02749 
    12412.8   0.02638 
    12613.6   0.02533 
    12817.6   0.02431 
      13025   0.02334 
    13235.6   0.02241 
    13418.5   0.02165 
    13418.7   0.05323 
    13449.7   0.05289 
    13667.2   0.05061 
    13888.3   0.04842 
    14112.9   0.04633 
    14341.2   0.04433 
    14573.1   0.04241 
    14808.9   0.04058 
    15048.4   0.03883 
    15291.8   0.03715 
    15539.1   0.03555 
      15711   0.03449 
    15711.2   0.04834 
    15790.4   0.04775 
    16045.8   0.04589 
    16305.4    0.0441 
    16387.4   0.04356 
    16387.6   0.04939 
    16569.1   0.04809 
    16837.1   0.04625 
    17109.4   0.04448 
    17386.1   0.04277 
    17667.4   0.04111 
    17953.1   0.03952 
    18243.5   0.03797 
    18538.6   0.03649 
    18838.4   0.03505 
    19143.1   0.03367 
    19452.7   0.03234 
    19767.4   0.03105 
    20087.1   0.02982 
      20412   0.02863 
    20742.1   0.02748 
    21077.6   0.02637 
    21418.5   0.02531 
      21765   0.02429 
      22117    0.0233 
    22474.7   0.02236 
    22838.2   0.02145 
    23207.6   0.02057 
      23583   0.01973 
    23964.4   0.01892 
      24352   0.01814 
    24745.9    0.0174 
    25146.2   0.01668 
    25552.9   0.01599 
    25966.2   0.01533 
    26386.1   0.01469 
    26812.9   0.01408 
    27246.6    0.0135 
    27687.3   0.01293 
    28135.1   0.01239 
    28590.2   0.01188 
    29052.6   0.01138 
    29522.5    0.0109 
      30000   0.01044 
