         10      8.97 
    10.1617     8.691 
    10.3261     8.421 
    10.4931     8.159 
    10.6628     7.905 
    10.8353      7.66 
    11.0106     7.421 
    11.1886     7.191 
    11.3696     6.967 
    11.5535      6.75 
    11.7404     6.541 
    11.9303     6.337 
    12.1232      6.14 
    12.3193     5.949 
    12.5186     5.764 
     12.721     5.585 
    12.9268     5.442 
    13.1359     5.321 
    13.3483     5.204 
    13.5642     5.088 
    13.7836     4.976 
    14.0066     4.769 
    14.2331     4.548 
    14.4633     4.336 
    14.6973     4.134 
     14.935     3.964 
    15.1765     3.803 
     15.422     3.649 
    15.6714     3.502 
    15.9249      3.37 
    16.1825     3.246 
    16.4442     3.158 
    16.7102     3.088 
    16.9805      3.02 
    17.2551     2.958 
    17.5342     2.919 
    17.8178     2.881 
     18.106     2.849 
    18.3989      2.86 
    18.6964      2.87 
    18.9988      2.88 
    19.3061     2.904 
    19.6184      2.96 
    19.9357     3.016 
    20.2582     3.091 
    20.5858     3.216 
    20.9188     3.422 
    21.2571     3.826 
    21.6009     4.503 
    21.9503     5.548 
    22.3053     7.169 
    22.6661     13.29 
    23.0327     27.64 
    23.4053     43.38 
    23.7838     47.14 
    24.1685     47.72 
    24.5594     48.31 
    24.9566      48.2 
    25.3603     47.84 
    25.7705     47.01 
    26.1873     45.92 
    26.6109     44.85 
    27.0413     43.37 
    27.4786      41.6 
    27.9231     39.91 
    28.3747     38.54 
    28.8337     37.22 
       29.3     35.44 
    29.7739      33.7 
    30.2555     31.91 
    30.7449     30.21 
    31.2421      28.7 
    31.7475     27.42 
    32.2609     26.19 
    32.7827     24.91 
     33.313      23.4 
    33.8518     21.97 
    34.3993     20.63 
    34.9557     19.37 
    35.5211     18.27 
    36.0956     17.26 
    36.6794      16.3 
    37.2727     15.39 
    37.8755     14.54 
    38.4882     13.73 
    39.1107     12.97 
    39.7432     12.26 
    40.3861     11.52 
    41.0393      10.8 
    41.7031     10.13 
    42.3776     9.466 
     43.063     8.828 
    43.7595     8.233 
    44.4673     7.741 
    45.1865     7.371 
    45.9174     7.019 
      46.66     6.684 
    47.4147     6.376 
    48.1816     6.087 
    48.9609     5.811 
    49.7528      5.54 
    50.5576     5.246 
    51.3753     4.969 
    52.2062     4.706 
    53.0506     4.474 
    53.9087     4.305 
    54.7806     4.142 
    55.6667     3.985 
     56.567     3.835 
     57.482     3.701 
    58.4117     3.581 
    59.3564     3.462 
    60.3165     3.346 
    61.2921     3.234 
    62.2834     3.126 
    63.2908     3.021 
    64.3145      2.92 
    65.3547     2.822 
    66.4118     2.735 
    67.4859     2.669 
    68.5775     2.604 
    69.6867     2.541 
    70.8138      2.48 
    71.9591      2.42 
     73.123     2.362 
    74.3057     2.303 
    75.5076     2.243 
    76.7289     2.184 
    77.9699     2.126 
     79.231      2.07 
    80.5125     2.046 
    81.8147     2.028 
     83.138      2.01 
    84.4827     1.993 
    85.8491     1.975 
    87.2377     1.958 
    88.6487      1.96 
    90.0825     1.976 
    91.5395     1.992 
    93.0201     2.008 
    94.5246     2.025 
    96.0535     2.042 
    97.6071     2.058 
    99.1858     2.155 
     100.79      2.29 
     102.42      2.57 
    104.077     3.294 
     105.76     5.284 
    107.471     4.059 
    109.209     5.759 
    110.975     7.268 
     112.77      7.15 
    114.594     8.409 
    116.448     14.27 
    118.331     25.63 
    120.245     39.97 
     122.19     53.25 
    124.166      55.2 
    126.175     52.63 
    128.215     47.46 
    130.289     40.38 
    132.397     34.66 
    134.538     30.26 
    136.714      26.6 
    138.925     23.03 
    141.172     19.24 
    143.456     15.88 
    145.776     12.95 
    148.134        11 
     150.53     9.464 
    152.964      8.06 
    155.439     6.865 
    157.953     5.996 
    160.507     5.303 
    163.103     4.689 
    165.742     4.071 
    168.422     3.524 
    171.146     3.078 
    173.915     2.766 
    176.727     2.486 
    179.586     2.214 
    182.491     1.972 
    185.442     1.764 
    188.442     1.579 
    191.489     1.473 
    194.587     1.389 
    197.734     1.309 
    200.932     1.257 
    204.182      1.21 
    207.485     1.195 
     210.84      1.18 
    214.251     1.191 
    217.716     1.212 
    221.237     1.233 
    224.816     1.255 
    228.452     1.277 
    232.147     1.312 
    235.902      1.35 
    239.717     1.389 
    243.595     1.432 
    247.535     1.484 
    251.538     1.537 
    255.607     1.593 
    259.741     1.647 
    263.942     1.702 
    268.211     1.757 
    272.549     1.792 
    276.957     1.828 
    281.437     1.829 
    285.989     1.829 
    290.615     1.829 
    295.315      1.82 
    300.092     1.808 
    304.945     1.811 
    309.878     1.814 
     314.89     1.817 
    319.983     1.819 
    325.158     1.822 
    330.418     1.825 
    335.762     1.825 
    341.192     1.813 
    346.711     1.801 
    352.319     1.789 
    358.017     1.778 
    363.808     1.766 
    369.692     1.744 
    375.672      1.72 
    381.748     1.695 
    387.922     1.671 
    394.197     1.648 
    400.573     1.625 
    407.052     1.602 
    413.635     1.579 
    420.326     1.557 
    427.124     1.536 
    434.032     1.514 
    441.052     1.493 
    448.186     1.473 
    455.435     1.452 
    462.802      1.43 
    470.287     1.402 
    477.894     1.374 
    485.623     1.347 
    493.478     1.321 
    501.459     1.295 
     509.57     1.269 
    517.812     1.244 
    526.187     1.219 
    534.698     1.195 
    543.346     1.172 
    552.134     1.146 
    561.065      1.12 
    570.139     1.095 
    579.361     1.071 
    588.732     1.047 
    598.254     1.023 
     607.93         1 
    617.763    0.9781 
    627.755    0.9562 
    637.908    0.9349 
    648.226     0.914 
    658.711    0.8936 
    669.365    0.8724 
    680.191    0.8418 
    691.193    0.8124 
    702.372     0.784 
    713.733    0.7565 
    725.277    0.7301 
    737.008    0.7038 
    748.928    0.6783 
    761.042    0.6537 
    773.351      0.63 
    785.859    0.6072 
     798.57    0.5852 
    811.486     0.564 
    824.611    0.5435 
    837.949    0.5238 
    851.502    0.5048 
    865.274    0.4865 
    879.269    0.4689 
      883.7    0.4635 
      883.9     3.687 
    893.491     3.604 
    907.943     3.483 
    922.628     3.366 
    937.551     3.253 
    952.715     3.144 
    968.124     3.039 
    983.783     2.937 
    999.695     2.838 
    1015.86     2.743 
    1032.29      2.65 
    1048.99     2.556 
    1065.96     2.474 
     1083.2     2.394 
    1100.72     2.317 
    1118.52     2.243 
    1136.61      2.17 
       1155     2.101 
    1173.68     2.033 
    1192.66     1.967 
    1211.95     1.904 
    1231.55     1.843 
    1251.47     1.784 
    1271.72     1.726 
    1292.29     1.671 
    1313.19     1.617 
    1334.43     1.496 
    1356.01     1.455 
    1377.94     1.416 
    1400.23     1.377 
    1422.88      1.34 
    1445.89     1.303 
    1469.28     1.267 
    1493.04      1.23 
    1517.19     1.187 
    1541.73     1.145 
    1566.67     1.105 
    1592.01     1.066 
    1617.76     1.028 
    1643.92    0.9917 
    1670.51    0.9567 
    1697.53    0.9228 
    1724.99    0.8902 
    1752.89    0.8581 
    1781.24    0.8268 
    1810.05    0.7966 
    1839.32    0.7674 
    1869.07    0.7393 
     1899.3    0.7123 
    1930.02    0.6862 
    1961.24    0.6611 
    1992.96    0.6369 
     2025.2    0.6139 
    2057.95    0.5911 
    2091.24    0.5691 
    2125.06    0.5479 
    2159.43    0.5275 
    2194.36    0.5077 
    2229.85    0.4887 
    2265.92    0.4703 
    2302.57    0.4526 
    2339.81    0.4355 
    2377.66     0.419 
    2416.11    0.4031 
    2455.19    0.3878 
     2494.9     0.373 
    2535.26    0.3588 
    2576.26    0.3451 
    2617.93    0.3319 
    2660.27    0.3192 
     2703.3    0.3069 
    2747.03    0.2951 
    2791.46    0.2838 
    2836.61    0.2728 
    2882.49    0.2623 
    2929.11    0.2521 
    2976.48    0.2424 
    3024.63    0.2329 
    3073.55    0.2239 
    3123.26    0.2152 
    3173.78    0.2068 
    3225.11    0.1987 
    3277.27    0.1909 
    3330.28    0.1834 
    3384.15    0.1762 
    3438.88    0.1693 
     3494.5    0.1626 
    3551.02    0.1562 
    3608.46      0.15 
    3666.82     0.144 
    3726.13    0.1383 
     3786.4    0.1328 
    3847.64    0.1275 
    3909.87    0.1224 
    3973.11    0.1175 
    4037.38    0.1128 
    4102.68    0.1083 
    4169.03    0.1039 
    4236.46   0.09976 
    4304.98   0.09573 
    4374.62   0.09185 
    4445.37   0.08813 
    4517.27   0.08454 
    4590.33   0.08109 
    4664.58   0.07778 
    4740.03   0.07459 
    4816.69   0.07153 
     4894.6   0.06859 
    4973.77   0.06575 
    5054.21   0.06303 
    5135.96   0.06042 
    5219.03    0.0579 
    5303.44   0.05548 
    5389.22   0.05316 
    5476.39   0.05092 
    5564.97   0.04878 
    5654.98   0.04671 
     5723.3   0.04523 
     5723.5    0.1362 
    5746.44    0.1346 
    5839.39    0.1286 
    5933.83    0.1229 
    6029.81    0.1174 
    6127.33    0.1121 
     6164.1    0.1102 
     6164.3    0.1518 
    6226.44    0.1478 
    6327.15    0.1415 
    6429.48    0.1355 
    6533.48    0.1298 
     6548.7     0.129 
     6548.9    0.1455 
    6639.15    0.1408 
    6746.54    0.1355 
    6855.65    0.1303 
    6966.54    0.1253 
    7079.22    0.1205 
    7193.72    0.1159 
    7310.07    0.1114 
    7428.31     0.107 
    7548.45    0.1029 
    7670.54   0.09881 
    7794.61    0.0949 
    7920.68   0.09114 
    8048.79   0.08751 
    8178.98   0.08401 
    8311.26   0.08064 
    8445.69    0.0774 
    8582.29   0.07427 
    8721.11   0.07126 
    8862.16   0.06837 
     9005.5   0.06558 
    9151.16    0.0629 
    9299.17   0.06032 
    9449.58   0.05784 
    9602.42   0.05546 
    9757.73   0.05317 
    9915.55   0.05096 
    10075.9   0.04885 
    10238.9   0.04682 
    10404.5   0.04486 
    10572.8   0.04299 
    10743.8   0.04119 
    10917.6   0.03946 
    11094.2    0.0378 
    11273.6   0.03621 
    11455.9   0.03468 
    11641.2   0.03321 
    11829.5   0.03181 
    12020.8   0.03046 
    12215.3   0.02916 
    12412.8   0.02792 
    12613.6   0.02673 
    12817.6   0.02559 
      13025    0.0245 
    13235.6   0.02345 
    13449.7   0.02245 
    13667.2   0.02149 
    13888.3   0.02056 
    14112.9   0.01968 
    14341.2   0.01883 
    14573.1   0.01802 
    14808.9   0.01725 
    15048.4    0.0165 
    15291.8   0.01579 
    15539.1   0.01511 
    15790.4   0.01445 
    16045.8   0.01383 
    16305.4   0.01323 
    16569.1   0.01266 
    16837.1   0.01211 
    17109.4   0.01158 
    17386.1   0.01108 
    17667.4    0.0106 
    17953.1   0.01014 
    18243.5  0.009697 
    18538.6  0.009276 
    18838.4  0.008872 
    19143.1  0.008486 
    19452.7  0.008117 
    19767.4  0.007763 
    20087.1  0.007425 
      20412  0.007102 
    20742.1  0.006793 
    21077.6  0.006497 
    21418.5  0.006214 
      21765  0.005943 
      22117  0.005684 
    22474.7  0.005437 
    22838.2    0.0052 
    23207.6  0.004974 
      23583  0.004757 
    23964.4   0.00455 
      24352  0.004352 
    24745.9  0.004163 
    25146.2  0.003982 
    25552.9  0.003809 
    25966.2  0.003643 
    26386.1  0.003485 
    26812.9  0.003334 
    27246.6  0.003189 
    27687.3  0.003051 
    28135.1  0.002919 
    28590.2  0.002793 
    29052.6  0.002672 
    29522.5  0.002556 
      30000  0.002446 
