         10     7.386 
    10.1617     7.589 
    10.3261     7.797 
    10.4931     8.012 
    10.6628     8.232 
    10.8353     8.458 
    11.0106     8.691 
    11.1886     8.926 
    11.3696     9.144 
    11.5535     9.369 
    11.7404     9.598 
    11.9303     9.834 
    12.1232     10.07 
    12.3193     10.32 
    12.5186     10.57 
     12.721     10.83 
    12.9268     11.09 
    13.1359     11.36 
    13.3483     11.63 
    13.5642     11.91 
    13.7836      12.2 
    14.0066     12.51 
    14.2331     12.87 
    14.4633     13.23 
    14.6973     13.61 
     14.935        14 
    15.1765      14.2 
     15.422     14.35 
    15.6714     14.51 
    15.9249     14.67 
    16.1825     14.83 
    16.4442     14.99 
    16.7102     15.03 
    16.9805     15.07 
    17.2551      15.1 
    17.5342     15.13 
    17.8178     15.17 
     18.106     15.14 
    18.3989     15.04 
    18.6964     14.93 
    18.9988     14.83 
    19.3061     14.73 
    19.6184     14.59 
    19.9357     14.44 
    20.2582     14.29 
    20.5858     14.14 
    20.9188        14 
    21.2571     13.85 
    21.6009     13.66 
    21.9503      13.4 
    22.3053     13.15 
    22.6661     12.91 
    23.0327     12.67 
    23.4053     12.43 
    23.7838     12.04 
    24.1685     11.65 
    24.5594     11.27 
    24.9566      10.9 
    25.3603     10.55 
    25.7705      10.2 
    26.1873     9.871 
    26.6109     9.478 
    27.0413     9.037 
    27.4786     8.617 
    27.9231     8.216 
    28.3747     7.834 
    28.8337      7.47 
       29.3     7.131 
    29.7739     6.818 
    30.2555     6.518 
    30.7449     6.232 
    31.2421     5.958 
    31.7475     5.696 
    32.2609     5.452 
    32.7827     5.223 
     33.313     5.003 
    33.8518     4.793 
    34.3993     4.592 
    34.9557     4.397 
    35.5211     4.211 
    36.0956     4.032 
    36.6794     3.861 
    37.2727     3.697 
    37.8755     3.608 
    38.4882     3.531 
    39.1107     3.486 
    39.7432      3.45 
    40.3861     3.498 
    41.0393     3.557 
    41.7031     3.645 
    42.3776      3.83 
     43.063     4.024 
    43.7595     4.541 
    44.4673     5.232 
    45.1865     6.029 
    45.9174     6.947 
      46.66     7.955 
    47.4147     8.341 
    48.1816     8.746 
    48.9609      9.17 
    49.7528     9.544 
    50.5576     9.744 
    51.3753     9.949 
    52.2062     10.16 
    53.0506     10.31 
    53.9087     10.32 
    54.7806     10.33 
    55.6667     10.35 
     56.567     10.36 
     57.482     10.21 
    58.4117        10 
    59.3564     9.801 
    60.3165     9.604 
    61.2921     9.299 
    62.2834         9 
    63.2908      8.71 
    64.3145     8.429 
    65.3547     8.158 
    66.4118     7.843 
    67.4859     7.531 
    68.5775     7.231 
    69.6867     6.944 
    70.8138     6.702 
    71.9591     6.468 
     73.123     6.242 
    74.3057     6.024 
    75.5076     5.851 
    76.7289     5.688 
    77.9699      5.53 
     79.231     5.377 
    80.5125     5.227 
    81.8147     5.093 
     83.138     4.983 
    84.4827     4.875 
    85.8491     4.769 
    87.2377     4.666 
    88.6487     4.565 
    90.0825     4.465 
    91.5395     4.366 
    93.0201      4.27 
    94.5246     4.176 
    96.0535     4.084 
    97.6071     3.994 
    99.1858     3.929 
     100.79     3.867 
     102.42     3.805 
    104.077     3.745 
     105.76     3.685 
    107.471     3.626 
    109.209     3.586 
    110.975     3.548 
     112.77      3.51 
    114.594     3.472 
    116.448     3.435 
    118.331     3.399 
    120.245     3.356 
     122.19     3.298 
    124.166      3.24 
    126.175     3.184 
    128.215     3.129 
    130.289     3.075 
    132.397     3.021 
    134.538      2.96 
    136.714       2.9 
    138.925     2.842 
    141.172     2.784 
    143.456     2.728 
    145.776     2.673 
    148.134      2.62 
     150.53      2.57 
    152.964     2.521 
    155.439     2.473 
    157.953     2.426 
    160.507      2.38 
    163.103     2.335 
    165.742      2.29 
    168.422     2.236 
    171.146     2.176 
    173.915     2.118 
    176.727     2.061 
    179.586     2.006 
    182.491     1.952 
    185.442     1.899 
    188.442     1.848 
    191.489     1.806 
    194.587     1.767 
    197.734     1.728 
    200.932     1.691 
    204.182     1.654 
    207.485     1.618 
     210.84     1.583 
    214.251     1.548 
    217.716     1.513 
    221.237     1.475 
    224.816     1.437 
    228.452     1.401 
    232.147     1.365 
    235.902     1.331 
    239.717     1.297 
    243.595     1.264 
    247.535     1.232 
    251.538     1.201 
    255.607      1.17 
    259.741      1.14 
    263.942      1.11 
    268.211     1.081 
    272.549     1.053 
    276.957     1.026 
    281.437    0.9997 
    285.989    0.9715 
    290.615    0.9425 
    295.315    0.9143 
    300.092    0.8869 
    304.945    0.8604 
    309.878    0.8346 
     314.89    0.8091 
    319.983    0.7843 
    325.158    0.7603 
    330.418    0.7371 
    335.762    0.7145 
    341.192    0.6927 
    346.711    0.6698 
    352.319    0.6455 
    358.017     0.622 
    363.808    0.5994 
    369.692    0.5776 
    375.672    0.5566 
    381.748    0.5365 
    387.922     0.518 
    394.197    0.5001 
    400.573    0.4828 
    407.052    0.4661 
    413.635      0.45 
    420.326    0.4359 
    427.124     0.423 
    434.032    0.4104 
    441.052    0.3982 
    448.186    0.3863 
    455.435    0.3749 
    462.802    0.3637 
    470.287    0.3526 
    477.894    0.3418 
    485.623    0.3314 
    493.478    0.3212 
    501.459    0.3113 
     509.57    0.3013 
    517.812    0.2916 
    526.187    0.2823 
    534.698    0.2732 
    543.346    0.2637 
    552.134    0.2543 
    561.065    0.2452 
    570.139    0.2365 
        574    0.2329 
      574.2     2.066 
    579.361     2.014 
    588.732     1.925 
    598.254     1.839 
     607.93     1.758 
    617.763      1.68 
    627.755     1.605 
    637.908     1.543 
    648.226     1.498 
    658.711     1.454 
    669.365      1.42 
    680.191     1.404 
    691.193     1.389 
    702.372     1.373 
    713.733     1.358 
    725.277     1.343 
    737.008     1.316 
    748.928     1.273 
    761.042     1.232 
    773.351     1.192 
    785.859     1.153 
     798.57     1.115 
    811.486     1.079 
    824.611     1.044 
    837.949     1.007 
    851.502    0.9651 
    865.274    0.9249 
    879.269    0.8865 
    893.491    0.8496 
    907.943    0.8164 
    922.628    0.7854 
    937.551    0.7555 
    952.715    0.7267 
    968.124    0.6976 
    983.783    0.6692 
    999.695    0.6419 
    1015.86    0.6166 
    1032.29     0.593 
    1048.99    0.5701 
    1065.96    0.5479 
     1083.2    0.5266 
    1100.72    0.5061 
    1118.52    0.4864 
    1136.61    0.4675 
       1155    0.4493 
    1173.68    0.4318 
    1192.66    0.4149 
    1211.95    0.3988 
    1231.55    0.3833 
    1251.47    0.3683 
    1271.72    0.3538 
    1292.29    0.3397 
    1313.19    0.3263 
    1334.43    0.3134 
    1356.01     0.301 
    1377.94     0.289 
    1400.23    0.2776 
    1422.88    0.2666 
    1445.89     0.256 
    1469.28    0.2458 
    1493.04     0.236 
    1517.19    0.2263 
    1541.73     0.217 
    1566.67     0.208 
    1592.01    0.1995 
    1617.76    0.1912 
    1643.92    0.1834 
    1670.51    0.1758 
    1697.53    0.1686 
    1724.99    0.1616 
    1752.89    0.1549 
    1781.24    0.1484 
    1810.05    0.1421 
    1839.32    0.1361 
    1869.07    0.1304 
     1899.3    0.1249 
    1930.02    0.1197 
    1961.24    0.1146 
    1992.96    0.1098 
     2025.2    0.1052 
    2057.95    0.1008 
    2091.24   0.09648 
    2125.06   0.09237 
    2159.43   0.08845 
    2194.36   0.08467 
    2229.85   0.08106 
    2265.92    0.0776 
    2302.57   0.07428 
    2339.81    0.0711 
    2377.66   0.06805 
    2416.11   0.06513 
    2455.19   0.06234 
     2494.9   0.05966 
    2535.26    0.0571 
    2576.26   0.05464 
    2617.93   0.05229 
    2660.27   0.05004 
     2703.3   0.04788 
    2747.03   0.04582 
    2791.46   0.04384 
    2836.61   0.04195 
    2882.49   0.04014 
    2929.11   0.03841 
    2976.48   0.03675 
    3024.63   0.03516 
    3073.55   0.03364 
    3123.26   0.03219 
    3173.78    0.0308 
    3225.11   0.02947 
    3277.27   0.02819 
    3330.28   0.02697 
    3384.15   0.02581 
    3438.88   0.02469 
     3494.5   0.02362 
    3551.02    0.0226 
    3608.46   0.02163 
    3666.82   0.02069 
    3726.13    0.0198 
     3786.4   0.01894 
    3847.64   0.01813 
    3909.87   0.01734 
    3973.11    0.0166 
    4037.38   0.01588 
    4102.68    0.0152 
    4169.03   0.01454 
    4236.46   0.01392 
    4304.98   0.01332 
    4374.62   0.01275 
    4445.37    0.0122 
    4517.27   0.01168 
    4590.33   0.01118 
    4664.58    0.0107 
    4740.03   0.01024 
    4816.69  0.009801 
     4894.6  0.009383 
    4973.77  0.008983 
    5054.21    0.0086 
    5135.96  0.008234 
    5219.03  0.007884 
    5303.44   0.00755 
    5389.22   0.00723 
    5476.39  0.006924 
    5564.97  0.006631 
    5654.98  0.006351 
    5746.44  0.006084 
    5839.39  0.005828 
    5933.83  0.005583 
     5989.1  0.005447 
     5989.3   0.04486 
    6029.81   0.04413 
    6127.33   0.04243 
    6226.44   0.04079 
    6327.15   0.03921 
    6429.48   0.03768 
    6533.48    0.0362 
    6639.15   0.03478 
    6746.54    0.0334 
    6855.65   0.03207 
    6966.54   0.03079 
    7079.22   0.02955 
    7193.72   0.02836 
    7310.07   0.02722 
    7428.31   0.02611 
    7548.45   0.02505 
    7670.54   0.02402 
    7794.61   0.02304 
    7920.68   0.02209 
    8048.79   0.02117 
    8178.98    0.0203 
    8311.26   0.01945 
    8445.69   0.01864 
    8582.29   0.01786 
    8721.11   0.01711 
    8862.16   0.01639 
     9005.5    0.0157 
    9151.16   0.01504 
    9299.17    0.0144 
    9449.58   0.01379 
    9602.42    0.0132 
    9757.73   0.01264 
    9915.55    0.0121 
    10075.9   0.01158 
    10238.9   0.01108 
    10404.5    0.0106 
    10572.8   0.01015 
    10743.8  0.009707 
    10917.6  0.009287 
    11094.2  0.008884 
    11273.6  0.008498 
    11455.9  0.008127 
    11641.2  0.007773 
    11829.5  0.007433 
    12020.8  0.007108 
    12215.3  0.006796 
    12412.8  0.006497 
    12613.6  0.006211 
    12817.6  0.005938 
      13025  0.005676 
    13235.6  0.005425 
    13449.7  0.005185 
    13667.2  0.004955 
    13888.3  0.004735 
    14112.9  0.004525 
    14341.2  0.004323 
    14573.1  0.004131 
    14808.9  0.003946 
    15048.4   0.00377 
    15291.8  0.003601 
    15539.1   0.00344 
    15790.4  0.003286 
    16045.8  0.003138 
    16305.4  0.002997 
    16569.1  0.002863 
    16837.1  0.002734 
    17109.4   0.00261 
    17386.1  0.002493 
    17667.4   0.00238 
    17953.1  0.002272 
    18243.5  0.002169 
    18538.6  0.002071 
    18838.4  0.001977 
    19143.1  0.001887 
    19452.7  0.001802 
    19767.4   0.00172 
    20087.1  0.001641 
      20412  0.001567 
    20742.1  0.001495 
    21077.6  0.001427 
    21418.5  0.001362 
      21765  0.001299 
      22117   0.00124 
    22474.7  0.001183 
    22838.2  0.001129 
    23207.6  0.001077 
      23583  0.001028 
    23964.4 0.0009804 
      24352 0.0009353 
    24745.9 0.0008923 
    25146.2 0.0008512 
    25552.9 0.0008119 
    25966.2 0.0007745 
    26386.1 0.0007387 
    26812.9 0.0007046 
    27246.6  0.000672 
    27687.3 0.0006409 
    28135.1 0.0006113 
    28590.2 0.0005829 
    29052.6 0.0005559 
    29522.5 0.0005301 
      30000 0.0005055 
