         10 1.674e-16 
    10.1617 1.674e-16 
    10.3261 1.674e-16 
    10.4931 1.674e-16 
    10.6628 1.674e-16 
    10.8353 1.674e-16 
    11.0106 1.674e-16 
    11.1886 1.674e-16 
    11.3696 1.674e-16 
    11.5535 1.674e-16 
    11.7404 1.674e-16 
    11.9303 1.674e-16 
    12.1232 1.674e-16 
    12.3193 1.674e-16 
    12.5186 1.674e-16 
     12.721 1.674e-16 
    12.9268 1.674e-16 
    13.1359 1.674e-16 
    13.3483 1.674e-16 
    13.5642 1.674e-16 
    13.7836 1.674e-16 
    14.0066 1.674e-16 
    14.2331 1.674e-16 
    14.4633 1.674e-16 
    14.6973 1.674e-16 
     14.935 1.674e-16 
    15.1765 1.674e-16 
     15.422 1.674e-16 
    15.6714 1.674e-16 
       15.9 1.674e-16 
       16.1 2.656e-14 
    16.1825 1.695e-12 
    16.4442 7.866e-07 
    16.7102    0.3651 
    16.9805     3.951 
    17.2551     3.772 
    17.5342       3.6 
    17.8178     3.436 
     18.106      3.28 
    18.3989     3.131 
    18.6964     2.988 
    18.9988     2.852 
    19.3061     2.722 
    19.6184     2.597 
    19.9357     2.473 
    20.2582     2.356 
    20.5858     2.243 
    20.9188     2.137 
    21.2571     2.035 
    21.6009     1.938 
    21.9503     1.846 
    22.3053     1.758 
    22.6661     1.674 
    23.0327     1.594 
    23.4053     1.518 
    23.7838     1.446 
    24.1685     1.377 
    24.5594     1.311 
    24.9566     1.248 
    25.3603     1.187 
    25.7705      1.13 
    26.1873     1.075 
    26.6109     1.023 
    27.0413    0.9737 
    27.4786    0.9266 
    27.9231    0.8817 
    28.3747    0.8391 
    28.8337    0.7985 
       29.3    0.7599 
    29.7739    0.7231 
    30.2555    0.6894 
    30.7449    0.6585 
    31.2421    0.6287 
    31.7475       0.6 
    32.2609    0.5726 
    32.7827    0.5465 
     33.313    0.5216 
    33.8518    0.4978 
    34.3993    0.4751 
    34.9557    0.4534 
    35.5211    0.4327 
    36.0956    0.4129 
    36.6794     0.394 
    37.2727     0.376 
    37.8755    0.3588 
    38.4882    0.3424 
    39.1107    0.3267 
    39.7432    0.3118 
    40.3861    0.2975 
    41.0393    0.2839 
    41.7031    0.2707 
    42.3776    0.2582 
     43.063    0.2462 
    43.7595    0.2348 
    44.4673    0.2239 
    45.1865    0.2135 
    45.9174    0.2036 
      46.66    0.1942 
    47.4147    0.1851 
    48.1816    0.1766 
    48.9609    0.1684 
    49.7528    0.1605 
    50.5576     0.153 
    51.3753    0.1459 
    52.2062    0.1391 
    53.0506    0.1326 
    53.9087    0.1264 
    54.7806    0.1205 
    55.6667    0.1149 
     56.567    0.1095 
     57.482    0.1044 
    58.4117   0.09951 
    59.3564   0.09486 
    60.3165   0.09043 
    61.2921    0.0862 
    62.2834   0.08213 
    63.2908   0.07824 
    64.3145   0.07451 
    65.3547   0.07096 
    66.4118   0.06758 
    67.4859   0.06436 
    68.5775   0.06129 
    69.6867   0.05837 
    70.8138   0.05559 
    71.9591   0.05294 
     73.123   0.05041 
    74.3057   0.04801 
    75.5076   0.04572 
    76.7289   0.04354 
    77.9699   0.04147 
     79.231   0.03949 
    80.5125   0.03761 
    81.8147   0.03581 
     83.138    0.0341 
    84.4827   0.03245 
    85.8491   0.03088 
    87.2377   0.02939 
    88.6487   0.02797 
    90.0825   0.02662 
    91.5395   0.02533 
    93.0201   0.02411 
    94.5246   0.02294 
    96.0535   0.02183 
    97.6071   0.02078 
    99.1858   0.01977 
     100.79   0.01881 
     102.42    0.0179 
    104.077   0.01704 
     105.76   0.01621 
    107.471   0.01543 
    109.209   0.01468 
    110.975   0.01397 
     112.77    0.0133 
    114.594   0.01265 
    116.448   0.01204 
    118.331   0.01146 
    120.245   0.01091 
     122.19   0.01038 
    124.166  0.009877 
    126.175  0.009391 
    128.215   0.00893 
    130.289  0.008491 
    132.397  0.008074 
    134.538  0.007677 
    136.714    0.0073 
    138.925  0.006942 
    141.172  0.006601 
    143.456  0.006276 
    145.776  0.005968 
    148.134  0.005675 
     150.53  0.005396 
    152.964  0.005131 
    155.439  0.004879 
    157.953  0.004639 
    160.507  0.004411 
    163.103  0.004194 
    165.742  0.003987 
    168.422  0.003788 
    171.146  0.003599 
    173.915  0.003419 
    176.727  0.003248 
    179.586  0.003086 
    182.491  0.002932 
    185.442  0.002785 
    188.442  0.002646 
    191.489  0.002514 
    194.587  0.002388 
    197.734  0.002269 
    200.932  0.002155 
    204.182  0.002047 
    207.485  0.001945 
     210.84  0.001848 
    214.251  0.001755 
    217.716  0.001668 
    221.237  0.001584 
    224.816  0.001505 
    228.452   0.00143 
    232.147  0.001358 
    235.902   0.00129 
    239.717  0.001226 
    243.595  0.001165 
    247.535  0.001106 
    251.538  0.001051 
    255.607 0.0009986 
    259.741 0.0009486 
    263.942 0.0009012 
    268.211 0.0008562 
    272.549 0.0008133 
    276.957 0.0007727 
    281.437  0.000734 
    285.989 0.0006973 
    290.615 0.0006625 
    295.315 0.0006294 
    300.092 0.0005979 
    304.945  0.000568 
    309.878 0.0005395 
     314.89  0.000512 
    319.983 0.0004858 
    325.158 0.0004609 
    330.418 0.0004373 
    335.762 0.0004149 
    341.192 0.0003936 
    346.711 0.0003735 
    352.319 0.0003543 
    358.017 0.0003362 
    363.808  0.000319 
    369.692 0.0003026 
    375.672 0.0002871 
    381.748 0.0002724 
    387.922 0.0002585 
    394.197 0.0002453 
    400.573 0.0002327 
    407.052 0.0002208 
    413.635 0.0002095 
    420.326 0.0001987 
    427.124 0.0001886 
    434.032 0.0001789 
    441.052 0.0001697 
    448.186  0.000161 
    455.435 0.0001528 
    462.802  0.000145 
    470.287 0.0001375 
    477.894 0.0001305 
    485.623 0.0001238 
    493.478 0.0001175 
    501.459 0.0001114 
     509.57 0.0001057 
    517.812 0.0001003 
    526.187 9.518e-05 
    534.698  9.03e-05 
    543.346 8.568e-05 
    552.134 8.129e-05 
    561.065 7.712e-05 
    570.139 7.317e-05 
    579.361 6.942e-05 
    588.732 6.587e-05 
    598.254 6.249e-05 
     607.93 5.929e-05 
    617.763 5.624e-05 
    627.755 5.334e-05 
    637.908 5.057e-05 
    648.226 4.794e-05 
    658.711 4.545e-05 
    669.365 4.309e-05 
    680.191 4.085e-05 
    691.193 3.873e-05 
    702.372 3.672e-05 
    713.733 3.481e-05 
    725.277   3.3e-05 
    737.008 3.129e-05 
    748.928 2.966e-05 
    761.042 2.812e-05 
    773.351 2.666e-05 
    785.859 2.528e-05 
     798.57 2.396e-05 
    811.486 2.272e-05 
    824.611 2.154e-05 
    837.949 2.042e-05 
    851.502 1.936e-05 
    865.274 1.835e-05 
    879.269  1.74e-05 
    893.491  1.65e-05 
    907.943 1.564e-05 
    922.628 1.483e-05 
    937.551 1.406e-05 
    952.715 1.333e-05 
    968.124 1.264e-05 
    983.783 1.198e-05 
    999.695 1.136e-05 
    1015.86 1.077e-05 
    1032.29 1.021e-05 
    1048.99 9.677e-06 
    1065.96 9.174e-06 
     1083.2 8.698e-06 
    1100.72 8.246e-06 
    1118.52 7.818e-06 
    1136.61 7.412e-06 
       1155 7.027e-06 
    1173.68 6.662e-06 
    1192.66 6.316e-06 
    1211.95 5.988e-06 
    1231.55 5.677e-06 
    1251.47 5.379e-06 
    1271.72 5.097e-06 
    1292.29 4.829e-06 
    1313.19 4.576e-06 
    1334.43 4.335e-06 
    1356.01 4.107e-06 
    1377.94 3.892e-06 
    1400.23 3.687e-06 
    1422.88 3.493e-06 
    1445.89  3.31e-06 
    1469.28 3.136e-06 
    1493.04 2.971e-06 
    1517.19 2.815e-06 
    1541.73 2.667e-06 
    1566.67 2.527e-06 
    1592.01 2.395e-06 
    1617.76  2.27e-06 
    1643.92 2.151e-06 
    1670.51 2.038e-06 
    1697.53 1.931e-06 
    1724.99  1.83e-06 
    1752.89 1.734e-06 
    1781.24 1.643e-06 
    1810.05 1.556e-06 
    1839.32 1.475e-06 
    1869.07 1.397e-06 
     1899.3 1.323e-06 
    1930.02 1.254e-06 
    1961.24 1.188e-06 
    1992.96 1.125e-06 
     2025.2 1.067e-06 
    2057.95  1.01e-06 
    2091.24  9.57e-07 
    2125.06 9.064e-07 
    2159.43 8.585e-07 
    2194.36 8.131e-07 
    2229.85 7.701e-07 
    2265.92 7.293e-07 
    2302.57 6.906e-07 
    2339.81  6.54e-07 
    2377.66 6.193e-07 
    2416.11 5.864e-07 
    2455.19 5.553e-07 
     2494.9 5.257e-07 
    2535.26 4.978e-07 
    2576.26 4.713e-07 
    2617.93 4.462e-07 
    2660.27 4.224e-07 
     2703.3 3.999e-07 
    2747.03 3.785e-07 
    2791.46 3.583e-07 
    2836.61 3.392e-07 
    2882.49  3.21e-07 
    2929.11 3.039e-07 
    2976.48 2.876e-07 
    3024.63 2.722e-07 
    3073.55 2.576e-07 
    3123.26 2.438e-07 
    3173.78 2.308e-07 
    3225.11 2.184e-07 
    3277.27 2.067e-07 
    3330.28 1.956e-07 
    3384.15 1.851e-07 
    3438.88 1.752e-07 
     3494.5 1.658e-07 
    3551.02 1.569e-07 
    3608.46 1.485e-07 
    3666.82 1.405e-07 
    3726.13  1.33e-07 
     3786.4 1.259e-07 
    3847.64 1.191e-07 
    3909.87 1.128e-07 
    3973.11 1.067e-07 
    4037.38  1.01e-07 
    4102.68 9.558e-08 
    4169.03 9.048e-08 
    4236.46 8.565e-08 
    4304.98 8.108e-08 
    4374.62 7.675e-08 
    4445.37 7.266e-08 
    4517.27 6.879e-08 
    4590.33 6.513e-08 
    4664.58 6.166e-08 
    4740.03 5.837e-08 
    4816.69 5.527e-08 
     4894.6 5.233e-08 
    4973.77 4.954e-08 
    5054.21 4.691e-08 
    5135.96 4.442e-08 
    5219.03 4.206e-08 
    5303.44 3.982e-08 
    5389.22 3.771e-08 
    5476.39  3.57e-08 
    5564.97 3.381e-08 
    5654.98 3.201e-08 
    5746.44 3.031e-08 
    5839.39  2.87e-08 
    5933.83 2.718e-08 
    6029.81 2.574e-08 
    6127.33 2.437e-08 
    6226.44 2.308e-08 
    6327.15 2.186e-08 
    6429.48  2.07e-08 
    6533.48  1.96e-08 
    6639.15 1.856e-08 
    6746.54 1.757e-08 
    6855.65 1.664e-08 
    6966.54 1.576e-08 
    7079.22 1.492e-08 
    7193.72 1.413e-08 
    7310.07 1.338e-08 
    7428.31 1.267e-08 
    7548.45   1.2e-08 
    7670.54 1.136e-08 
    7794.61 1.076e-08 
    7920.68 1.018e-08 
    8048.79 9.643e-09 
    8178.98  9.13e-09 
    8311.26 8.645e-09 
    8445.69 8.185e-09 
    8582.29  7.75e-09 
    8721.11 7.337e-09 
    8862.16 6.946e-09 
     9005.5 6.576e-09 
    9151.16 6.226e-09 
    9299.17 5.894e-09 
    9449.58  5.58e-09 
    9602.42 5.282e-09 
    9757.73     5e-09 
    9915.55 4.733e-09 
    10075.9 4.481e-09 
    10238.9 4.241e-09 
    10404.5 4.015e-09 
    10572.8   3.8e-09 
    10743.8 3.597e-09 
    10917.6 3.405e-09 
    11094.2 3.223e-09 
    11273.6  3.05e-09 
    11455.9 2.887e-09 
    11641.2 2.732e-09 
    11829.5 2.585e-09 
    12020.8 2.447e-09 
    12215.3 2.315e-09 
    12412.8 2.191e-09 
    12613.6 2.073e-09 
    12817.6 1.961e-09 
      13025 1.856e-09 
    13235.6 1.756e-09 
    13449.7 1.661e-09 
    13667.2 1.572e-09 
    13888.3 1.487e-09 
    14112.9 1.407e-09 
    14341.2 1.331e-09 
    14573.1 1.259e-09 
    14808.9  1.19e-09 
    15048.4 1.126e-09 
    15291.8 1.065e-09 
    15539.1 1.007e-09 
    15790.4 9.527e-10 
    16045.8  9.01e-10 
    16305.4 8.521e-10 
    16569.1 8.058e-10 
    16837.1  7.62e-10 
    17109.4 7.205e-10 
    17386.1 6.813e-10 
    17667.4 6.443e-10 
    17953.1 6.092e-10 
    18243.5  5.76e-10 
    18538.6 5.446e-10 
    18838.4  5.15e-10 
    19143.1 4.869e-10 
    19452.7 4.604e-10 
    19767.4 4.353e-10 
    20087.1 4.118e-10 
      20412 3.894e-10 
    20742.1 3.682e-10 
    21077.6 3.482e-10 
    21418.5 3.292e-10 
      21765 3.113e-10 
      22117 2.944e-10 
    22474.7 2.785e-10 
    22838.2 2.634e-10 
    23207.6 2.491e-10 
      23583 2.356e-10 
    23964.4 2.229e-10 
      24352 2.108e-10 
    24745.9 1.994e-10 
    25146.2 1.886e-10 
    25552.9 1.785e-10 
    25966.2 1.688e-10 
    26386.1 1.597e-10 
    26812.9 1.511e-10 
    27246.6  1.43e-10 
    27687.3 1.353e-10 
    28135.1  1.28e-10 
    28590.2 1.211e-10 
    29052.6 1.146e-10 
    29522.5 1.084e-10 
      30000 1.026e-10 
