         10    0.4869 
    10.1617    0.4885 
    10.3261    0.4908 
    10.4931    0.4955 
    10.6628    0.5003 
    10.8353    0.5052 
    11.0106      0.51 
    11.1886    0.5183 
    11.3696    0.5285 
    11.5535    0.5389 
    11.7404    0.5494 
    11.9303    0.5602 
    12.1232    0.5718 
    12.3193    0.5885 
    12.5186    0.6057 
     12.721    0.6234 
    12.9268    0.6416 
    13.1359    0.6668 
    13.3483    0.6961 
    13.5642    0.7266 
    13.7836    0.7614 
    14.0066    0.8021 
    14.2331    0.8449 
    14.4633    0.8901 
    14.6973    0.9467 
     14.935     1.024 
    15.1765     1.908 
     15.422     4.031 
    15.6714      8.52 
    15.9249     18.01 
    16.1825     38.06 
    16.4442     41.39 
    16.7102     42.92 
    16.9805     44.49 
    17.2551     46.13 
    17.5342     47.83 
    17.8178     49.58 
     18.106     50.98 
    18.3989     51.78 
    18.6964     52.59 
    18.9988     53.41 
    19.3061     54.25 
    19.6184      55.1 
    19.9357     55.84 
    20.2582     56.31 
    20.5858     56.78 
    20.9188     57.25 
    21.2571     57.74 
    21.6009     58.22 
    21.9503     58.71 
    22.3053      59.2 
    22.6661      59.7 
    23.0327      59.9 
    23.4053     59.57 
    23.7838     59.25 
    24.1685     58.92 
    24.5594      58.6 
    24.9566     58.28 
    25.3603     57.96 
    25.7705     57.64 
    26.1873     55.87 
    26.6109     54.12 
    27.0413     52.43 
    27.4786     50.79 
    27.9231     49.09 
    28.3747     46.51 
    28.8337     44.06 
       29.3     41.74 
    29.7739     39.54 
    30.2555     37.46 
    30.7449     35.48 
    31.2421     33.62 
    31.7475     31.29 
    32.2609     28.55 
    32.7827     26.05 
     33.313     23.77 
    33.8518     21.69 
    34.3993     19.79 
    34.9557     18.05 
    35.5211     16.47 
    36.0956     15.03 
    36.6794     13.71 
    37.2727     12.51 
    37.8755     11.42 
    38.4882     10.42 
    39.1107     9.508 
    39.7432     8.732 
    40.3861     8.019 
    41.0393     7.365 
    41.7031     6.763 
    42.3776     6.211 
     43.063     5.704 
    43.7595     5.239 
    44.4673     4.811 
    45.1865     4.418 
    45.9174     4.058 
      46.66     3.727 
    47.4147     3.422 
    48.1816     3.143 
    48.9609     2.886 
    49.7528     2.643 
    50.5576     2.416 
    51.3753     2.209 
    52.2062     2.019 
    53.0506     1.846 
    53.9087     1.688 
    54.7806     1.543 
    55.6667      1.41 
     56.567     1.289 
     57.482     1.206 
    58.4117     1.132 
    59.3564     1.063 
    60.3165    0.9981 
    61.2921    0.9372 
    62.2834    0.8799 
    63.2908    0.8262 
    64.3145    0.7757 
    65.3547    0.7509 
    66.4118      0.73 
    67.4859    0.7096 
    68.5775    0.6898 
    69.6867    0.6749 
    70.8138    0.6617 
    71.9591    0.6488 
     73.123    0.6361 
    74.3057    0.6281 
    75.5076    0.6214 
    76.7289    0.6159 
    77.9699    0.6128 
     79.231    0.6096 
    80.5125    0.6107 
    81.8147    0.6137 
     83.138    0.6166 
    84.4827    0.6197 
    85.8491    0.6206 
    87.2377    0.6212 
    88.6487    0.6219 
    90.0825    0.6226 
    91.5395    0.6242 
    93.0201    0.6317 
    94.5246    0.6393 
    96.0535     0.647 
    97.6071    0.6548 
    99.1858    0.6805 
     100.79    0.7083 
     102.42    0.7392 
    104.077    0.8057 
     105.76    0.8922 
    107.471     1.047 
    109.209     1.349 
    110.975     1.649 
     112.77     1.719 
    114.594     1.553 
    116.448     1.356 
    118.331     1.457 
    120.245     1.586 
     122.19     1.706 
    124.166     1.835 
    126.175     1.983 
    128.215     2.149 
    130.289     2.329 
    132.397     2.524 
    134.538      2.69 
    136.714     2.862 
    138.925     3.044 
    141.172     3.205 
    143.456     3.359 
    145.776      3.52 
    148.134     3.647 
     150.53     3.778 
    152.964     3.913 
    155.439     4.052 
    157.953     4.166 
    160.507     4.277 
    163.103     4.391 
    165.742     4.508 
    168.422     4.628 
    171.146     4.752 
    173.915     4.857 
    176.727     4.959 
    179.586     5.064 
    182.491     5.145 
    185.442     5.222 
    188.442     5.299 
    191.489     5.339 
    194.587     5.364 
    197.734      5.39 
    200.932     5.413 
    204.182     5.429 
    207.485     5.446 
     210.84     5.462 
    214.251     5.479 
    217.716     5.495 
    221.237     5.512 
    224.816     5.528 
    228.452     5.545 
    232.147     5.471 
    235.902     5.385 
    239.717     5.299 
    243.595     5.224 
    247.535     5.174 
    251.538     5.124 
    255.607     5.074 
    259.741     5.026 
    263.942     4.977 
    268.211     4.929 
    272.549     4.882 
    276.957     4.835 
    281.437      4.78 
    285.989     4.712 
    290.615     4.645 
    295.315     4.579 
    300.092     4.513 
    304.945     4.449 
    309.878     4.386 
     314.89     4.324 
    319.983     4.232 
    325.158     4.126 
    330.418     4.022 
    335.762      3.92 
    341.192     3.821 
    346.711     3.725 
    352.319     3.631 
    358.017      3.54 
    363.808     3.459 
    369.692     3.383 
    375.672     3.309 
    381.748     3.237 
    387.922     3.164 
    394.197      3.09 
    400.573     3.006 
    407.052      2.92 
    413.635     2.837 
    420.326     2.756 
    427.124     2.677 
    434.032     2.601 
    441.052     2.526 
    448.186     2.454 
    455.435     2.382 
    462.802     2.311 
    470.287     2.242 
    477.894     2.174 
    485.623     2.109 
    493.478     2.046 
    501.459     1.984 
     509.57     1.925 
    517.812     1.866 
    526.187     1.809 
    534.698     1.753 
    543.346     1.697 
    552.134     1.644 
    561.065      1.59 
    570.139     1.538 
    579.361     1.488 
    588.732      1.44 
    598.254     1.393 
     607.93     1.348 
    617.763     1.305 
    627.755     1.263 
    637.908     1.221 
    648.226     1.179 
    658.711     1.138 
    669.365     1.098 
    680.191     1.062 
    691.193     1.029 
    702.372    0.9968 
    713.733    0.9642 
    725.277    0.9315 
    737.008    0.8998 
    748.928    0.8693 
    761.042    0.8397 
    773.351     0.811 
    785.859    0.7828 
     798.57    0.7552 
    811.486    0.7286 
    824.611    0.7029 
    837.949     0.678 
    851.502     0.654 
    865.274    0.6307 
    879.269    0.6081 
    893.491    0.5864 
    907.943    0.5654 
    922.628    0.5452 
    937.551    0.5254 
    952.715    0.5063 
    968.124    0.4878 
    983.783    0.4701 
    999.695    0.4529 
    1015.86    0.4365 
    1032.29    0.4208 
    1048.99    0.4055 
    1065.96    0.3906 
     1083.2    0.3762 
    1100.72    0.3624 
    1118.52    0.3491 
    1136.61    0.3363 
       1155    0.3239 
    1173.68     0.312 
    1192.66    0.3006 
    1211.95    0.2895 
    1231.55    0.2789 
    1251.47    0.2686 
    1271.72    0.2585 
    1292.29    0.2487 
    1313.19    0.2393 
    1334.43    0.2302 
    1356.01    0.2214 
    1377.94     0.213 
    1400.23    0.2049 
    1422.88    0.1972 
    1445.89    0.1897 
    1469.28    0.1824 
    1493.04    0.1754 
    1517.19    0.1682 
    1541.73    0.1613 
    1566.67    0.1547 
    1592.01    0.1483 
    1617.76    0.1422 
    1643.92    0.1364 
    1670.51    0.1308 
    1697.53    0.1254 
    1724.99    0.1203 
    1752.89    0.1152 
    1781.24    0.1102 
     1804.3    0.1064 
     1804.5    0.4491 
    1810.05    0.4443 
    1839.32    0.4197 
     1863.8    0.4005 
       1864    0.5581 
    1869.07    0.5547 
     1899.3    0.5347 
    1930.02    0.5154 
    1961.24    0.4969 
    1992.96     0.479 
     2025.2    0.4618 
    2057.95    0.4452 
       2065    0.4417 
     2065.2     0.499 
    2091.24    0.4848 
    2125.06    0.4672 
    2159.43    0.4501 
    2194.36    0.4335 
    2229.85    0.4174 
    2265.92    0.4018 
    2302.57    0.3867 
    2339.81    0.3721 
    2377.66     0.358 
    2416.11    0.3443 
    2455.19    0.3311 
     2494.9    0.3183 
    2535.26     0.306 
    2576.26    0.2941 
    2617.93    0.2826 
    2660.27    0.2715 
     2703.3    0.2608 
    2747.03    0.2505 
    2791.46    0.2406 
    2836.61     0.231 
    2882.49    0.2218 
    2929.11    0.2129 
    2976.48    0.2043 
    3024.63    0.1961 
    3073.55    0.1881 
    3123.26    0.1805 
    3173.78    0.1731 
    3225.11    0.1661 
    3277.27    0.1593 
    3330.28    0.1527 
    3384.15    0.1465 
    3438.88    0.1404 
     3494.5    0.1346 
    3551.02     0.129 
    3608.46    0.1237 
    3666.82    0.1185 
    3726.13    0.1136 
     3786.4    0.1089 
    3847.64    0.1043 
    3909.87   0.09994 
    3973.11   0.09575 
    4037.38   0.09173 
    4102.68   0.08787 
    4169.03   0.08416 
    4236.46   0.08061 
    4304.98    0.0772 
    4374.62   0.07393 
    4445.37    0.0708 
    4517.27   0.06779 
    4590.33   0.06491 
    4664.58   0.06215 
    4740.03    0.0595 
    4816.69   0.05696 
     4894.6   0.05453 
    4973.77    0.0522 
    5054.21   0.04996 
    5135.96   0.04783 
    5219.03   0.04577 
    5303.44   0.04381 
    5389.22   0.04193 
    5476.39   0.04013 
    5564.97    0.0384 
    5654.98   0.03675 
    5746.44   0.03517 
    5839.39   0.03365 
    5933.83    0.0322 
    6029.81   0.03081 
    6127.33   0.02948 
    6226.44   0.02821 
    6327.15   0.02699 
    6429.48   0.02582 
    6533.48    0.0247 
    6639.15   0.02363 
    6746.54   0.02261 
    6855.65   0.02163 
    6966.54   0.02069 
    7079.22    0.0198 
    7193.72   0.01894 
    7310.07   0.01812 
    7428.31   0.01733 
    7548.45   0.01658 
    7670.54   0.01586 
    7794.61   0.01517 
    7920.68   0.01451 
    8048.79   0.01388 
    8178.98   0.01328 
    8311.26    0.0127 
    8445.69   0.01215 
    8582.29   0.01163 
    8721.11   0.01112 
    8862.16   0.01064 
     9005.5   0.01018 
    9151.16  0.009734 
    9299.17  0.009312 
    9449.58  0.008908 
    9602.42  0.008521 
    9757.73  0.008152 
    9915.55  0.007798 
    10075.9   0.00746 
    10238.9  0.007136 
    10404.5  0.006827 
    10572.8  0.006531 
    10743.8  0.006248 
    10917.6  0.005978 
    11094.2  0.005719 
    11273.6  0.005472 
    11455.9  0.005235 
    11641.2  0.005009 
    11829.5  0.004792 
    12020.8  0.004585 
    12215.3  0.004387 
    12412.8  0.004198 
    12613.6  0.004017 
    12817.6  0.003844 
      13025  0.003678 
    13235.6   0.00352 
    13449.7  0.003369 
    13667.2  0.003224 
    13888.3  0.003085 
    14112.9  0.002953 
    14341.2  0.002826 
    14573.1  0.002705 
    14808.9  0.002589 
    15048.4  0.002478 
    15199.6  0.002412 
    15199.8   0.01694 
    15291.8   0.01669 
    15539.1   0.01603 
    15790.4   0.01539 
    16045.8   0.01478 
    16305.4   0.01419 
    16569.1   0.01362 
    16837.1   0.01307 
    17109.4   0.01254 
    17386.1   0.01203 
    17667.4   0.01154 
    17953.1   0.01107 
    18243.5   0.01062 
    18538.6   0.01018 
    18838.4  0.009761 
    19143.1  0.009357 
    19452.7  0.008969 
    19767.4  0.008595 
    20087.1  0.008237 
      20412  0.007892 
    20742.1  0.007561 
    21077.6  0.007243 
    21418.5  0.006938 
      21765  0.006645 
      22117  0.006363 
    22474.7  0.006093 
    22838.2  0.005834 
    23207.6  0.005585 
      23583  0.005347 
    23964.4  0.005118 
      24352  0.004899 
    24745.9  0.004688 
    25146.2  0.004487 
    25552.9  0.004293 
    25966.2  0.004108 
    26386.1   0.00393 
    26812.9   0.00376 
    27246.6  0.003597 
    27687.3   0.00344 
    28135.1   0.00329 
    28590.2  0.003147 
    29052.6   0.00301 
    29522.5  0.002878 
      30000  0.002752 
