         10     1.197 
    10.1617     1.203 
    10.3261     1.209 
    10.4931     1.215 
    10.6628     1.221 
    10.8353     1.229 
    11.0106     1.238 
    11.1886     1.248 
    11.3696     1.257 
    11.5535     1.266 
    11.7404     1.276 
    11.9303     1.285 
    12.1232     1.299 
    12.3193     1.313 
    12.5186     1.327 
     12.721     1.342 
    12.9268     1.357 
    13.1359     1.372 
    13.3483     1.397 
    13.5642     1.423 
    13.7836     1.448 
    14.0066     1.474 
    14.2331     1.501 
    14.4633     1.529 
    14.6973     1.564 
     14.935     1.601 
    15.1765     1.639 
     15.422     1.677 
    15.6714     1.716 
    15.9249     1.757 
    16.1825       1.8 
    16.4442     1.845 
    16.7102     1.891 
    16.9805     1.938 
    17.2551     1.986 
    17.5342     2.035 
    17.8178     2.089 
     18.106     2.163 
    18.3989      2.24 
    18.6964      2.32 
    18.9988     2.402 
    19.3061     2.487 
    19.6184     2.578 
    19.9357     2.698 
    20.2582     2.823 
    20.5858     2.953 
    20.9188      3.09 
    21.2571     3.234 
    21.6009     3.443 
    21.9503     3.718 
    22.3053     4.015 
    22.6661     7.959 
    23.0327     17.21 
    23.4053     36.83 
    23.7838      39.4 
    24.1685     42.09 
    24.5594     44.89 
    24.9566     47.31 
    25.3603     48.94 
    25.7705     50.62 
    26.1873     51.31 
    26.6109     51.93 
    27.0413     52.55 
    27.4786     52.02 
    27.9231     51.02 
    28.3747     50.04 
    28.8337     48.68 
       29.3     47.17 
    29.7739     45.72 
    30.2555      44.3 
    30.7449      42.6 
    31.2421      40.4 
    31.7475     38.32 
    32.2609     36.34 
    32.7827     34.46 
     33.313     32.68 
    33.8518        31 
    34.3993      29.4 
    34.9557     27.84 
    35.5211     25.92 
    36.0956     24.12 
    36.6794     22.46 
    37.2727      20.9 
    37.8755     19.46 
    38.4882     18.11 
    39.1107     16.86 
    39.7432     15.69 
    40.3861      14.6 
    41.0393     13.59 
    41.7031     12.65 
    42.3776     11.78 
     43.063     10.96 
    43.7595     10.09 
    44.4673     9.236 
    45.1865     8.458 
    45.9174     7.746 
      46.66     7.093 
    47.4147     6.496 
    48.1816     5.948 
    48.9609     5.447 
    49.7528     4.988 
    50.5576     4.568 
    51.3753     4.183 
    52.2062     3.835 
    53.0506     3.517 
    53.9087     3.226 
    54.7806     2.959 
    55.6667     2.714 
     56.567      2.49 
     57.482     2.284 
    58.4117     2.095 
    59.3564     1.921 
    60.3165     1.765 
    61.2921     1.622 
    62.2834      1.49 
    63.2908     1.369 
    64.3145     1.258 
    65.3547     1.156 
    66.4118     1.062 
    67.4859     1.004 
    68.5775    0.9524 
    69.6867    0.9038 
    70.8138    0.8577 
    71.9591    0.8177 
     73.123    0.7873 
    74.3057    0.7687 
    75.5076    0.7506 
    76.7289    0.7438 
    77.9699    0.7377 
     79.231    0.7316 
    80.5125    0.7256 
    81.8147    0.7224 
     83.138    0.7194 
    84.4827    0.7164 
    85.8491    0.7133 
    87.2377    0.7112 
    88.6487    0.7118 
    90.0825    0.7124 
    91.5395     0.713 
    93.0201    0.7136 
    94.5246    0.7142 
    96.0535    0.7148 
    97.6071    0.7139 
    99.1858    0.7125 
     100.79    0.7111 
     102.42    0.7097 
    104.077    0.7083 
     105.76     0.707 
    107.471    0.7056 
    109.209     0.705 
    110.975    0.7049 
     112.77    0.7048 
    114.594    0.7047 
    116.448    0.7046 
    118.331    0.7102 
    120.245    0.7179 
     122.19    0.7345 
    124.166    0.7536 
    126.175    0.8005 
    128.215    0.8592 
    130.289      1.07 
    132.397     1.169 
    134.538     1.187 
    136.714     1.236 
    138.925     1.295 
    141.172      1.42 
    143.456      1.56 
    145.776     1.736 
    148.134     1.946 
     150.53     2.148 
    152.964     2.344 
    155.439     2.558 
    157.953     2.791 
    160.507     2.976 
    163.103     3.144 
    165.742     3.321 
    168.422     3.492 
    171.146     3.631 
    173.915     3.776 
    176.727     3.926 
    179.586     4.083 
    182.491     4.183 
    185.442     4.281 
    188.442     4.381 
    191.489     4.484 
    194.587     4.557 
    197.734     4.628 
    200.932       4.7 
    204.182     4.767 
    207.485     4.834 
     210.84     4.902 
    214.251      4.97 
    217.716     4.992 
    221.237     5.013 
    224.816     5.033 
    228.452     5.054 
    232.147     5.072 
    235.902     5.078 
    239.717     5.083 
    243.595     5.089 
    247.535     5.095 
    251.538       5.1 
    255.607     5.106 
    259.741     5.114 
    263.942     5.121 
    268.211     5.129 
    272.549     5.133 
    276.957     5.086 
    281.437      5.04 
    285.989     4.993 
    290.615     4.925 
    295.315     4.811 
    300.092     4.699 
    304.945      4.59 
    309.878     4.493 
     314.89     4.408 
    319.983     4.325 
    325.158     4.243 
    330.418     4.162 
    335.762     4.083 
    341.192     4.006 
    346.711      3.93 
    352.319     3.856 
    358.017     3.783 
    363.808     3.711 
    369.692     3.641 
    375.672     3.572 
    381.748     3.504 
    387.922     3.435 
    394.197      3.36 
    400.573     3.272 
    407.052      3.18 
    413.635     3.091 
    420.326     3.004 
    427.124      2.92 
    434.032     2.838 
    441.052     2.758 
    448.186     2.681 
    455.435     2.604 
    462.802     2.528 
    470.287     2.454 
    477.894     2.382 
    485.623     2.312 
    493.478     2.244 
    501.459     2.178 
     509.57     2.115 
    517.812     2.052 
    526.187     1.991 
    534.698     1.931 
    543.346     1.872 
    552.134     1.814 
    561.065     1.757 
    570.139     1.702 
    579.361     1.648 
    588.732     1.596 
    598.254     1.546 
     607.93     1.497 
    617.763      1.45 
    627.755     1.404 
    637.908     1.358 
    648.226     1.312 
    658.711     1.267 
    669.365     1.223 
    680.191     1.184 
    691.193     1.147 
    702.372     1.112 
    713.733     1.076 
    725.277     1.039 
    737.008     1.004 
    748.928    0.9696 
    761.042    0.9365 
    773.351    0.9045 
    785.859    0.8732 
     798.57    0.8427 
    811.486    0.8133 
    824.611    0.7849 
    837.949    0.7574 
    851.502    0.7309 
    865.274    0.7052 
    879.269    0.6804 
    893.491    0.6565 
    907.943    0.6334 
    922.628    0.6111 
    937.551    0.5892 
    952.715     0.568 
    968.124    0.5475 
    983.783    0.5278 
    999.695    0.5088 
    1015.86    0.4904 
    1032.29    0.4728 
    1048.99    0.4557 
    1065.96     0.439 
     1083.2    0.4229 
    1100.72    0.4075 
    1118.52    0.3925 
    1136.61    0.3782 
       1155    0.3643 
    1173.68     0.351 
    1192.66    0.3381 
    1211.95    0.3257 
    1231.55    0.3138 
    1251.47    0.3022 
    1271.72    0.2909 
    1292.29    0.2799 
    1313.19    0.2693 
    1334.43    0.2591 
    1356.01    0.2493 
    1377.94    0.2399 
    1400.23    0.2308 
    1422.88    0.2221 
    1445.89    0.2137 
    1469.28    0.2056 
    1493.04    0.1978 
    1517.19    0.1904 
    1541.73    0.1832 
    1566.67    0.1763 
    1592.01    0.1697 
    1617.76    0.1633 
    1643.92    0.1571 
    1670.51    0.1512 
    1697.53    0.1455 
    1724.99      0.14 
    1752.89    0.1349 
    1781.24      0.13 
    1810.05    0.1253 
    1839.32    0.1208 
    1869.07    0.1165 
     1899.3    0.1123 
    1930.02    0.1083 
     1939.5     0.107 
     1939.7    0.4238 
    1961.24    0.4084 
    1992.96     0.387 
     2006.7    0.3782 
     2006.9    0.5269 
     2025.2    0.5158 
    2057.95    0.4967 
    2091.24    0.4783 
    2125.06    0.4606 
    2159.43    0.4436 
    2194.36    0.4272 
     2216.2    0.4173 
     2216.4    0.4795 
    2229.85    0.4725 
    2265.92    0.4545 
    2302.57    0.4372 
    2339.81    0.4204 
    2377.66    0.4042 
    2416.11    0.3885 
    2455.19    0.3735 
     2494.9    0.3589 
    2535.26    0.3449 
    2576.26    0.3313 
    2617.93    0.3183 
    2660.27    0.3057 
     2703.3    0.2936 
    2747.03    0.2819 
    2791.46    0.2707 
    2836.61    0.2598 
    2882.49    0.2494 
    2929.11    0.2394 
    2976.48    0.2297 
    3024.63    0.2205 
    3073.55    0.2115 
    3123.26     0.203 
    3173.78    0.1947 
    3225.11    0.1868 
    3277.27    0.1791 
    3330.28    0.1718 
    3384.15    0.1648 
    3438.88     0.158 
     3494.5    0.1515 
    3551.02    0.1453 
    3608.46    0.1393 
    3666.82    0.1335 
    3726.13     0.128 
     3786.4    0.1227 
    3847.64    0.1176 
    3909.87    0.1127 
    3973.11     0.108 
    4037.38    0.1035 
    4102.68   0.09918 
    4169.03   0.09503 
    4236.46   0.09105 
    4304.98   0.08724 
    4374.62   0.08358 
    4445.37   0.08007 
    4517.27   0.07671 
    4590.33   0.07348 
    4664.58   0.07039 
    4740.03   0.06742 
    4816.69   0.06458 
     4894.6   0.06185 
    4973.77   0.05924 
    5054.21   0.05673 
    5135.96   0.05433 
    5219.03   0.05203 
    5303.44   0.04983 
    5389.22   0.04771 
    5476.39   0.04569 
    5564.97   0.04375 
    5654.98   0.04189 
    5746.44   0.04011 
    5839.39    0.0384 
    5933.83   0.03676 
    6029.81    0.0352 
    6127.33    0.0337 
    6226.44   0.03226 
    6327.15   0.03088 
    6429.48   0.02957 
    6533.48    0.0283 
    6639.15   0.02709 
    6746.54   0.02593 
    6855.65   0.02483 
    6966.54   0.02376 
    7079.22   0.02275 
    7193.72   0.02177 
    7310.07   0.02084 
    7428.31   0.01995 
    7548.45   0.01909 
    7670.54   0.01827 
    7794.61   0.01749 
    7920.68   0.01674 
    8048.79   0.01602 
    8178.98   0.01533 
    8311.26   0.01467 
    8445.69   0.01404 
    8582.29   0.01343 
    8721.11   0.01286 
    8862.16    0.0123 
     9005.5   0.01177 
    9151.16   0.01126 
    9299.17   0.01078 
    9449.58   0.01031 
    9602.42  0.009868 
    9757.73  0.009442 
    9915.55  0.009034 
    10075.9  0.008644 
    10238.9   0.00827 
    10404.5  0.007912 
    10572.8  0.007569 
    10743.8  0.007241 
    10917.6  0.006928 
    11094.2  0.006627 
    11273.6   0.00634 
    11455.9  0.006064 
    11641.2  0.005801 
    11829.5  0.005549 
    12020.8  0.005307 
    12215.3  0.005076 
    12412.8  0.004855 
    12613.6  0.004643 
    12817.6  0.004441 
      13025  0.004247 
    13235.6  0.004061 
    13449.7  0.003883 
    13667.2  0.003713 
    13888.3   0.00355 
    14112.9  0.003395 
    14341.2  0.003245 
    14573.1  0.003103 
    14808.9  0.002966 
    15048.4  0.002835 
    15291.8   0.00271 
    15539.1   0.00259 
    15790.4  0.002476 
    16045.8  0.002366 
    16104.5  0.002342 
    16104.7    0.0163 
    16305.4    0.0158 
    16569.1   0.01518 
    16837.1   0.01457 
    17109.4   0.01399 
    17386.1   0.01343 
    17667.4   0.01289 
    17953.1   0.01237 
    18243.5   0.01187 
    18538.6   0.01139 
    18838.4   0.01092 
    19143.1   0.01048 
    19452.7   0.01005 
    19767.4  0.009632 
    20087.1  0.009233 
      20412   0.00885 
    20742.1  0.008482 
    21077.6  0.008129 
    21418.5  0.007789 
      21765  0.007462 
      22117  0.007148 
    22474.7  0.006847 
    22838.2  0.006558 
    23207.6   0.00628 
      23583  0.006014 
    23964.4  0.005758 
      24352  0.005512 
    24745.9  0.005277 
    25146.2  0.005051 
    25552.9  0.004834 
    25966.2  0.004626 
    26386.1  0.004427 
    26812.9  0.004236 
    27246.6  0.004053 
    27687.3  0.003878 
    28135.1  0.003709 
    28590.2  0.003548 
    29052.6  0.003394 
    29522.5  0.003246 
      30000  0.003104 
