         10      13.4 
    10.1617     13.38 
    10.3261     13.36 
    10.4931     13.34 
    10.6628     13.32 
    10.8353      13.3 
    11.0106     13.26 
    11.1886     13.06 
    11.3696     12.86 
    11.5535     12.67 
    11.7404     12.48 
    11.9303     12.29 
    12.1232      12.1 
    12.3193     11.76 
    12.5186      11.4 
     12.721     11.05 
    12.9268     10.71 
    13.1359     10.38 
    13.3483     10.07 
    13.5642     9.753 
    13.7836      9.27 
    14.0066     8.811 
    14.2331     8.375 
    14.4633     7.961 
    14.6973     7.557 
     14.935     7.169 
    15.1765     6.801 
     15.422     6.452 
    15.6714     6.121 
    15.9249     5.804 
    16.1825       5.5 
    16.4442     5.212 
    16.7102      4.94 
    16.9805     4.681 
    17.2551     4.461 
    17.5342     4.266 
    17.8178      4.08 
     18.106     3.901 
    18.3989     3.731 
    18.6964     3.568 
    18.9988     3.467 
    19.3061     3.392 
    19.6184      3.32 
    19.9357     3.249 
    20.2582     3.179 
    20.5858      3.13 
    20.9188     3.128 
    21.2571     3.126 
    21.6009     3.124 
    21.9503     3.144 
    22.3053     3.214 
    22.6661     3.285 
    23.0327     3.358 
    23.4053     3.437 
    23.7838     3.621 
    24.1685     3.815 
    24.5594      4.02 
    24.9566     4.235 
    25.3603     4.567 
    25.7705     5.241 
    26.1873     6.014 
    26.6109     6.901 
    27.0413     8.529 
    27.4786     12.29 
    27.9231      17.7 
    28.3747     25.49 
    28.8337     34.68 
       29.3     36.47 
    29.7739     38.36 
    30.2555     40.33 
    30.7449     41.38 
    31.2421     41.56 
    31.7475     41.74 
    32.2609     41.92 
    32.7827     41.28 
     33.313      40.4 
    33.8518     39.53 
    34.3993     38.54 
    34.9557     36.31 
    35.5211     34.21 
    36.0956     32.23 
    36.6794     30.36 
    37.2727      28.6 
    37.8755     26.95 
    38.4882     25.39 
    39.1107     23.92 
    39.7432     22.53 
    40.3861     21.23 
    41.0393        20 
    41.7031     18.84 
    42.3776     17.65 
     43.063      16.1 
    43.7595     14.69 
    44.4673      13.4 
    45.1865     12.23 
    45.9174     11.15 
      46.66     10.18 
    47.4147     9.284 
    48.1816      8.47 
    48.9609     7.727 
    49.7528     7.049 
    50.5576     6.431 
    51.3753     5.867 
    52.2062     5.353 
    53.0506      4.88 
    53.9087     4.423 
    54.7806      4.01 
    55.6667     3.635 
     56.567     3.295 
     57.482     2.987 
    58.4117     2.708 
    59.3564     2.454 
    60.3165     2.225 
    61.2921     2.017 
    62.2834     1.842 
    63.2908     1.715 
    64.3145     1.597 
    65.3547     1.487 
    66.4118     1.385 
    67.4859     1.289 
    68.5775     1.201 
    69.6867     1.118 
    70.8138     1.041 
    71.9591    0.9822 
     73.123     0.933 
    74.3057    0.8862 
    75.5076    0.8418 
    76.7289    0.8028 
    77.9699    0.7864 
     79.231    0.7704 
    80.5125    0.7547 
    81.8147    0.7393 
     83.138    0.7243 
    84.4827    0.7095 
    85.8491    0.7034 
    87.2377    0.7034 
    88.6487    0.7035 
    90.0825    0.7035 
    91.5395    0.7035 
    93.0201    0.7035 
    94.5246    0.7035 
    96.0535    0.7057 
    97.6071    0.7098 
    99.1858    0.7139 
     100.79     0.718 
     102.42    0.7221 
    104.077    0.7258 
     105.76    0.7256 
    107.471    0.7253 
    109.209     0.725 
    110.975    0.7248 
     112.77    0.7247 
    114.594    0.7254 
    116.448    0.7261 
    118.331    0.7268 
    120.245    0.7275 
     122.19    0.7282 
    124.166    0.7302 
    126.175    0.7337 
    128.215    0.7371 
    130.289    0.7409 
    132.397    0.7491 
    134.538    0.7574 
    136.714    0.7657 
    138.925    0.7857 
    141.172    0.8094 
    143.456    0.8401 
    145.776    0.8947 
    148.134     0.969 
     150.53      1.02 
    152.964     1.048 
    155.439     1.074 
    157.953     1.132 
    160.507      1.22 
    163.103     1.323 
    165.742     1.464 
    168.422     1.655 
    171.146     1.867 
    173.915     2.075 
    176.727     2.306 
    179.586     2.562 
    182.491     2.773 
    185.442     2.994 
    188.442     3.232 
    191.489     3.437 
    194.587     3.582 
    197.734     3.715 
    200.932      3.85 
    204.182     3.958 
    207.485     4.009 
     210.84     4.061 
    214.251     4.113 
    217.716     4.166 
    221.237      4.22 
    224.816     4.273 
    228.452     4.308 
    232.147     4.344 
    235.902      4.38 
    239.717     4.416 
    243.595     4.435 
    247.535     4.446 
    251.538     4.457 
    255.607     4.468 
    259.741     4.479 
    263.942     4.484 
    268.211     4.489 
    272.549     4.494 
    276.957     4.499 
    281.437     4.505 
    285.989     4.509 
    290.615     4.501 
    295.315     4.492 
    300.092     4.484 
    304.945     4.475 
    309.878     4.459 
     314.89     4.426 
    319.983     4.392 
    325.158     4.359 
    330.418     4.327 
    335.762     4.294 
    341.192     4.262 
    346.711     4.226 
    352.319     4.173 
    358.017      4.12 
    363.808     4.069 
    369.692     4.017 
    375.672     3.967 
    381.748     3.911 
    387.922     3.827 
    394.197     3.746 
    400.573     3.666 
    407.052     3.587 
    413.635     3.486 
    420.326     3.373 
    427.124     3.263 
    434.032     3.158 
    441.052     3.055 
    448.186     2.956 
    455.435      2.86 
    462.802     2.768 
    470.287     2.684 
    477.894     2.603 
    485.623     2.525 
    493.478     2.449 
    501.459     2.376 
     509.57     2.304 
    517.812     2.235 
    526.187     2.168 
    534.698     2.103 
    543.346     2.038 
    552.134     1.976 
    561.065     1.915 
    570.139     1.856 
    579.361     1.799 
    588.732     1.744 
    598.254      1.69 
     607.93     1.638 
    617.763     1.588 
    627.755     1.539 
    637.908     1.492 
    648.226     1.446 
    658.711     1.401 
    669.365     1.351 
    680.191     1.303 
    691.193     1.257 
    702.372     1.213 
    713.733      1.17 
    725.277     1.128 
    737.008     1.089 
    748.928      1.05 
    761.042     1.013 
    773.351    0.9771 
    785.859    0.9425 
     798.57    0.9092 
    811.486    0.8771 
    824.611    0.8461 
    837.949    0.8162 
    851.502    0.7873 
    865.274    0.7595 
    879.269    0.7326 
    893.491    0.7068 
    907.943    0.6818 
    922.628    0.6563 
    937.551    0.6314 
    952.715    0.6074 
    968.124    0.5843 
    983.783    0.5621 
    999.695    0.5407 
    1015.86    0.5202 
    1032.29    0.5004 
    1048.99    0.4811 
    1065.96    0.4632 
     1083.2     0.446 
    1100.72    0.4294 
    1118.52    0.4134 
    1136.61    0.3981 
       1155    0.3833 
    1173.68     0.369 
    1192.66    0.3553 
    1211.95    0.3421 
    1231.55    0.3294 
    1251.47    0.3172 
    1271.72    0.3054 
    1292.29     0.294 
    1313.19    0.2831 
    1334.43    0.2726 
    1356.01    0.2624 
    1377.94    0.2527 
    1400.23    0.2433 
    1422.88    0.2343 
    1445.89    0.2256 
    1469.28    0.2172 
    1493.04    0.2091 
    1517.19    0.2015 
    1541.73    0.1943 
    1566.67    0.1874 
    1592.01    0.1808 
    1617.76    0.1743 
    1643.92    0.1681 
    1670.51    0.1622 
    1697.53    0.1564 
    1724.99    0.1509 
    1752.89    0.1455 
    1781.24    0.1403 
    1810.05    0.1353 
    1839.32    0.1305 
    1869.07    0.1256 
     1899.3    0.1206 
    1930.02    0.1158 
    1961.24    0.1112 
    1992.96    0.1068 
     2025.2    0.1026 
    2057.95   0.09851 
     2079.9   0.09591 
     2080.1    0.3737 
    2091.24    0.3674 
    2125.06     0.349 
     2155.4    0.3335 
     2155.6    0.4548 
    2159.43    0.4532 
    2194.36    0.4398 
    2229.85    0.4267 
    2265.92     0.414 
    2302.57     0.399 
    2339.81     0.383 
     2372.4    0.3696 
     2372.6    0.4157 
    2377.66    0.4137 
    2416.11    0.3994 
    2455.19    0.3856 
     2494.9    0.3722 
    2535.26    0.3593 
    2576.26    0.3469 
    2617.93    0.3348 
    2660.27    0.3232 
     2703.3     0.312 
    2747.03    0.3012 
    2791.46    0.2908 
    2836.61    0.2798 
    2882.49    0.2683 
    2929.11    0.2572 
    2976.48    0.2466 
    3024.63    0.2365 
    3073.55    0.2267 
    3123.26    0.2174 
    3173.78    0.2084 
    3225.11    0.1998 
    3277.27    0.1916 
    3330.28    0.1837 
    3384.15    0.1763 
    3438.88    0.1692 
     3494.5    0.1623 
    3551.02    0.1558 
    3608.46    0.1495 
    3666.82    0.1435 
    3726.13    0.1377 
     3786.4    0.1321 
    3847.64    0.1267 
    3909.87    0.1214 
    3973.11    0.1164 
    4037.38    0.1115 
    4102.68    0.1069 
    4169.03    0.1024 
    4236.46   0.09842 
    4304.98   0.09457 
    4374.62   0.09087 
    4445.37   0.08732 
    4517.27   0.08391 
    4590.33   0.08063 
    4664.58   0.07747 
    4740.03   0.07444 
    4816.69   0.07153 
     4894.6   0.06874 
    4973.77   0.06594 
    5054.21   0.06318 
    5135.96   0.06054 
    5219.03   0.05802 
    5303.44   0.05559 
    5389.22   0.05327 
    5476.39   0.05105 
    5564.97   0.04891 
    5654.98   0.04687 
    5746.44   0.04491 
    5839.39   0.04304 
    5933.83   0.04124 
    6029.81   0.03952 
    6127.33   0.03787 
    6226.44   0.03629 
    6327.15   0.03477 
    6429.48   0.03332 
    6533.48   0.03193 
    6639.15   0.03059 
    6746.54   0.02931 
    6855.65   0.02808 
    6966.54    0.0269 
    7079.22   0.02578 
    7193.72    0.0247 
    7310.07   0.02366 
    7428.31   0.02267 
    7548.45   0.02172 
    7670.54   0.02081 
    7794.61   0.01994 
    7920.68    0.0191 
    8048.79    0.0183 
    8178.98    0.0175 
    8311.26    0.0167 
    8445.69   0.01594 
    8582.29   0.01521 
    8721.11   0.01452 
    8862.16   0.01386 
     9005.5   0.01322 
    9151.16   0.01262 
    9299.17   0.01204 
    9449.58   0.01149 
    9602.42   0.01097 
    9757.73   0.01047 
    9915.55      0.01 
    10075.9  0.009565 
    10238.9   0.00915 
    10404.5  0.008752 
    10572.8  0.008372 
    10743.8  0.008008 
    10917.6   0.00766 
    11094.2  0.007327 
    11273.6  0.007009 
    11455.9  0.006704 
    11641.2  0.006413 
    11829.5  0.006134 
    12020.8  0.005867 
    12215.3  0.005612 
    12412.8  0.005368 
    12613.6  0.005134 
    12817.6  0.004911 
      13025  0.004697 
    13235.6  0.004493 
    13449.7  0.004297 
    13667.2   0.00411 
    13888.3  0.003931 
    14112.9   0.00376 
    14341.2  0.003596 
    14573.1   0.00344 
    14808.9   0.00329 
    15048.4  0.003147 
    15291.8   0.00301 
    15539.1  0.002879 
    15790.4  0.002753 
    16045.8  0.002633 
    16305.4  0.002519 
    16569.1  0.002409 
    16837.1  0.002304 
    17038.3  0.002229 
    17038.5   0.01531 
    17109.4   0.01515 
    17386.1   0.01456 
    17667.4   0.01398 
    17953.1   0.01343 
    18243.5   0.01289 
    18538.6   0.01238 
    18838.4   0.01188 
    19143.1    0.0114 
    19452.7   0.01094 
    19767.4   0.01049 
    20087.1   0.01006 
      20412  0.009651 
    20742.1  0.009255 
    21077.6  0.008873 
    21418.5  0.008506 
      21765  0.008154 
      22117  0.007814 
    22474.7  0.007488 
    22838.2  0.007175 
    23207.6  0.006874 
      23583  0.006585 
    23964.4  0.006308 
      24352  0.006041 
    24745.9  0.005785 
    25146.2  0.005539 
    25552.9  0.005304 
    25966.2  0.005077 
    26386.1   0.00486 
    26812.9  0.004652 
    27246.6  0.004453 
    27687.3  0.004261 
    28135.1  0.004077 
    28590.2  0.003901 
    29052.6  0.003733 
    29522.5  0.003571 
      30000  0.003416 
