1 1  1 0.000
1 1  2 0.000
1 1  3 0.000
1 1  4 0.000
1 1  5 0.000
1 1  6 0.000
1 1  7 0.000
1 1  8 0.000
1 1  9 0.000
1 1 10 0.000
1 1 11 0.000
1 1 12 0.000
1 1 13 0.000
1 1 14 0.000
1 1 15 0.000
1 1 16 0.000
1 1 17 0.000
1 1 18 0.000
1 1 19 0.000
1 1 20 0.000
1 1 21 0.000
1 1 22 0.000
1 1 23 0.000
1 1 24 0.000
1 1 25 0.000
1 1 26 0.000
1 1 27 0.000
1 1 28 0.000
1 1 29 0.000
1 1 30 0.000
1 1 31 0.000
1 1 32 0.000
1 1 33 0.000
1 1 34 0.000
1 1 35 0.000
1 1 36 0.000
1 1 37 0.000
1 1 38 0.000
1 1 39 0.000
1 1 40 0.000
1 1 41 0.000
1 1 42 0.000
1 1 43 0.000
1 1 44 0.000
1 1 45 0.000
1 1 46 0.000
1 1 47 0.000
1 1 48 0.000
1 1 49 0.000
1 2  1 0.000
1 2  2 0.000
1 2  3 0.000
1 2  4 0.000
1 2  5 0.000
1 2  6 0.000
1 2  7 0.000
1 2  8 0.000
1 2  9 0.000
1 2 10 0.000
1 2 11 0.000
1 2 12 0.000
1 2 13 0.000
1 2 14 0.000
1 2 15 0.000
1 2 16 0.000
1 2 17 0.000
1 2 18 0.000
1 2 19 0.000
1 2 20 0.000
1 2 21 0.000
1 2 22 0.000
1 2 23 0.000
1 2 24 0.000
1 2 25 0.000
1 2 26 0.000
1 2 27 0.000
1 2 28 0.000
1 2 29 0.000
1 2 30 0.000
1 2 31 0.000
1 2 32 0.000
1 2 33 0.000
1 2 34 0.000
1 2 35 0.000
1 2 36 0.000
1 2 37 0.000
1 2 38 0.000
1 2 39 0.000
1 2 40 0.000
1 2 41 0.000
1 2 42 0.000
1 2 43 0.000
1 2 44 0.000
1 2 45 0.000
1 2 46 0.000
1 2 47 0.000
1 2 48 0.000
1 2 49 0.000
1 3  1 0.000
1 3  2 0.000
1 3  3 0.000
1 3  4 0.000
1 3  5 0.000
1 3  6 0.000
1 3  7 0.000
1 3  8 0.000
1 3  9 0.000
1 3 10 0.000
1 3 11 0.000
1 3 12 0.000
1 3 13 0.000
1 3 14 0.000
1 3 15 0.000
1 3 16 0.000
1 3 17 0.000
1 3 18 0.000
1 3 19 0.000
1 3 20 0.000
1 3 21 0.000
1 3 22 0.000
1 3 23 0.000
1 3 24 0.000
1 3 25 0.000
1 4  1 0.000
1 4  2 0.000
1 4  3 0.000
1 4  4 0.000
1 4  5 0.000
1 4  6 0.000
1 4  7 0.000
1 4  8 0.000
1 4  9 0.000
1 4 10 0.000
1 4 11 0.000
1 4 12 0.000
1 4 13 0.000
1 4 14 0.000
1 4 15 0.000
1 4 16 0.000
1 4 17 0.000
1 4 18 0.000
1 4 19 0.000
1 4 20 0.000
1 4 21 0.000
1 4 22 0.000
1 4 23 0.000
1 4 24 0.000
1 4 25 0.000
1 5  1 0.000
1 5  2 0.000
1 5  3 0.000
1 5  4 0.000
1 5  5 0.000
1 5  6 0.000
1 5  7 0.000
1 6  1 0.000
1 6  2 0.000
1 6  3 0.000
1 6  4 0.000
1 6  5 0.000
1 6  6 0.000
1 6  7 0.000
2 1   1 1.096
2 1   2 0.601
2 1   3 1.705
2 1   4 0.549
2 1   5 0.000
2 1   6 1.006
2 1   7 0.466
2 1   8 0.000
2 1   9 0.000
2 1  10 0.000
2 1  11 0.000
2 1  12 0.000
2 1  13 0.000
2 1  14 0.000
2 1  15 0.000
2 1  16 0.000
2 1  17 0.000
2 1  18 1.030
2 1  19 1.457
2 1  20 0.864
2 1  21 1.436
2 1  22 2.349
2 1  23 0.961
2 1  24 0.990
2 1  25 1.777
2 1  26 1.149
2 1  27 1.296
2 1  28 0.000
2 1  29 0.000
2 1  30 0.000
2 1  31 0.000
2 1  32 0.000
2 1  33 0.000
2 1  34 0.000
2 1  35 0.996
2 1  36 0.959
2 1  37 0.989
2 1  38 1.148
2 1  39 0.917
2 1  40 1.288
2 1  41 1.175
2 1  42 0.547
2 1  43 1.246
2 1  44 1.239
2 1  45 3.910
2 1  46 0.656
2 1  47 0.000
2 1  48 0.000
2 1  49 0.000
2 1  50 0.000
2 1  51 0.000
2 1  52 0.780
2 1  53 1.164
2 1  54 1.294
2 1  55 0.886
2 1  56 0.862
2 1  57 0.995
2 1  58 1.098
2 1  59 1.134
2 1  60 1.017
2 1  61 0.946
2 1  62 1.294
2 1  63 0.841
2 1  64 5.734
2 1  65 0.000
2 1  66 0.000
2 1  67 0.000
2 1  68 0.000
2 1  69 0.872
2 1  70 1.041
2 1  71 1.036
2 1  72 1.019
2 1  73 0.000
2 1  74 1.178
2 1  75 0.825
2 1  76 1.037
2 1  77 1.198
2 1  78 2.528
2 1  79 1.449
2 1  80 1.850
2 1  81 0.460
2 1  82 1.717
2 1  83 0.000
2 1  84 0.000
2 1  85 0.000
2 1  86 1.170
2 1  87 1.074
2 1  88 1.032
2 1  89 0.964
2 1  90 0.976
2 1  91 1.016
2 1  92 0.945
2 1  93 0.977
2 1  94 0.973
2 1  95 1.092
2 1  96 0.885
2 1  97 1.626
2 1  98 1.727
2 1  99 4.807
2 1 100 3.525
2 1 101 0.000
2 1 102 0.000
2 1 103 1.077
2 1 104 1.495
2 1 105 0.979
2 1 106 1.047
2 1 107 1.099
2 1 108 1.022
2 1 109 0.889
2 1 110 1.047
2 1 111 1.370
2 1 112 0.998
2 1 113 0.985
2 1 114 1.198
2 1 115 0.929
2 1 116 0.760
2 1 117 0.617
2 1 118 0.687
2 1 119 0.000
2 1 120 0.783
2 1 121 1.157
2 1 122 1.151
2 1 123 0.979
2 1 124 1.270
2 1 125 1.227
2 1 126 0.969
2 1 127 1.135
2 1 128 0.788
2 1 129 0.998
2 1 130 2.511
2 1 131 0.810
2 1 132 0.716
2 1 133 0.652
2 1 134 0.705
2 1 135 3.929
2 1 136 4.615
2 1 137 0.633
2 1 138 0.962
2 1 139 0.995
2 1 140 0.815
2 1 141 0.870
2 1 142 0.785
2 1 143 0.787
2 1 144 0.995
2 1 145 1.227
2 1 146 0.999
2 1 147 1.267
2 1 148 1.016
2 1 149 0.970
2 1 150 1.461
2 1 151 1.217
2 1 152 0.827
2 1 153 1.609
2 1 154 0.000
2 1 155 0.000
2 1 156 0.000
2 1 157 0.000
2 1 158 0.000
2 1 159 0.000
2 1 160 0.000
2 1 161 0.000
2 1 162 0.824
2 1 163 1.221
2 1 164 1.041
2 1 165 1.040
2 1 166 1.053
2 1 167 0.973
2 1 168 0.640
2 1 169 0.659
2 1 170 2.274
2 1 171 0.000
2 1 172 0.000
2 1 173 0.000
2 1 174 0.000
2 1 175 0.000
2 1 176 0.000
2 1 177 0.000
2 1 178 0.000
2 1 179 0.891
2 1 180 0.837
2 1 181 1.121
2 1 182 0.920
2 1 183 0.889
2 1 184 1.677
2 1 185 1.594
2 1 186 0.905
2 1 187 2.243
2 1 188 0.000
2 1 189 0.000
2 1 190 0.000
2 1 191 0.000
2 1 192 0.000
2 1 193 0.000
2 1 194 0.000
2 1 195 0.000
2 1 196 0.813
2 1 197 1.040
2 1 198 1.196
2 1 199 0.875
2 1 200 0.961
2 1 201 1.140
2 1 202 1.209
2 1 203 1.233
2 1 204 2.485
2 1 205 0.000
2 1 206 0.000
2 1 207 0.000
2 1 208 0.000
2 1 209 0.000
2 1 210 0.000
2 1 211 0.000
2 1 212 0.000
2 1 213 0.835
2 1 214 0.898
2 1 215 0.990
2 1 216 0.936
2 1 217 1.286
2 1 218 1.046
2 1 219 0.939
2 1 220 0.649
2 1 221 0.000
2 1 222 0.000
2 1 223 0.000
2 1 224 0.000
2 1 225 0.000
2 1 226 0.000
2 1 227 0.000
2 1 228 0.000
2 1 229 0.000
2 1 230 0.819
2 1 231 1.444
2 1 232 1.108
2 1 233 1.214
2 1 234 0.982
2 1 235 0.709
2 1 236 0.988
2 1 237 1.048
2 1 238 2.263
2 1 239 0.000
2 1 240 0.000
2 1 241 0.000
2 1 242 0.000
2 1 243 0.000
2 1 244 0.000
2 1 245 0.000
2 1 246 0.000
2 1 247 0.807
2 1 248 1.094
2 1 249 0.876
2 1 250 1.155
2 1 251 1.185
2 1 252 0.973
2 1 253 1.241
2 1 254 1.094
2 1 255 0.865
2 1 256 0.000
2 1 257 0.000
2 1 258 0.000
2 1 259 0.000
2 1 260 0.000
2 1 261 0.000
2 1 262 0.000
2 1 263 0.000
2 1 264 0.935
2 1 265 1.098
2 1 266 1.120
2 1 267 0.890
2 1 268 1.024
2 1 269 0.982
2 1 270 1.217
2 1 271 0.887
2 1 272 0.756
2 1 273 0.000
2 1 274 0.000
2 1 275 0.000
2 1 276 0.000
2 1 277 0.000
2 1 278 0.000
2 1 279 0.000
2 1 280 0.000
2 1 281 0.732
2 1 282 1.038
2 1 283 0.868
2 1 284 0.964
2 1 285 0.995
2 1 286 1.101
2 1 287 1.184
2 1 288 0.788
2 1 289 2.406
2 1 290 0.000
2 1 291 0.000
2 1 292 0.000
2 1 293 0.000
2 1 294 0.000
2 1 295 0.000
2 1 296 0.000
2 1 297 0.000
2 1 298 0.924
2 1 299 0.973
2 1 300 1.094
2 1 301 1.005
2 1 302 0.866
2 1 303 0.999
2 1 304 0.866
2 1 305 1.331
2 1 306 2.969
2 1 307 0.000
2 1 308 0.000
2 1 309 0.000
2 1 310 0.000
2 1 311 0.000
2 1 312 0.000
2 1 313 0.000
2 1 314 0.000
2 1 315 0.918
2 1 316 0.866
2 1 317 1.116
2 1 318 0.987
2 1 319 1.058
2 1 320 0.805
2 1 321 1.011
2 1 322 0.983
2 1 323 0.531
2 1 324 0.000
2 1 325 0.000
2 1 326 0.000
2 1 327 0.000
2 1 328 0.000
2 1 329 0.000
2 1 330 0.000
2 1 331 0.000
2 1 332 1.025
2 1 333 0.926
2 1 334 1.057
2 1 335 0.923
2 1 336 1.046
2 1 337 0.887
2 1 338 1.446
2 1 339 1.020
2 1 340 0.448
2 1 341 0.000
2 1 342 0.000
2 1 343 0.000
2 1 344 0.000
2 1 345 0.000
2 1 346 0.000
2 1 347 0.000
2 1 348 0.000
2 1 349 1.040
2 1 350 0.978
2 1 351 1.195
2 1 352 0.932
2 1 353 1.155
2 1 354 0.915
2 1 355 1.060
2 1 356 1.121
2 1 357 0.638
2 1 358 0.000
2 1 359 0.000
2 1 360 0.000
2 1 361 0.000
2 1 362 0.000
2 1 363 0.000
2 1 364 0.000
2 1 365 0.000
2 1 366 1.256
2 1 367 1.080
2 1 368 1.133
2 1 369 0.991
2 1 370 1.156
2 1 371 0.000
2 1 372 1.082
2 1 373 0.913
2 1 374 0.786
2 1 375 0.000
2 1 376 0.000
2 1 377 0.000
2 1 378 0.000
2 1 379 0.000
2 1 380 0.000
2 1 381 0.000
2 1 382 0.000
2 1 383 1.066
2 1 384 0.886
2 1 385 1.120
2 1 386 0.924
2 1 387 0.913
2 1 388 0.979
2 1 389 0.926
2 1 390 1.152
2 1 391 0.753
2 1 392 0.000
2 1 393 0.000
2 1 394 0.000
2 1 395 0.000
2 1 396 0.000
2 1 397 0.000
2 1 398 0.000
2 1 399 0.000
2 1 400 0.939
2 1 401 0.842
2 1 402 1.063
2 1 403 1.028
2 1 404 1.140
2 1 405 0.992
2 1 406 1.004
2 1 407 1.009
2 1 408 0.601
2 1 409 0.000
2 1 410 0.000
2 1 411 0.000
2 1 412 0.000
2 1 413 0.000
2 1 414 0.000
2 1 415 0.000
2 1 416 0.000
2 1 417 0.942
2 1 418 0.959
2 1 419 1.109
2 1 420 0.870
2 1 421 1.050
2 1 422 1.019
2 1 423 0.826
2 1 424 1.039
2 1 425 1.799
2 1 426 0.741
2 1 427 1.376
2 1 428 0.927
2 1 429 0.847
2 1 430 1.054
2 1 431 0.722
2 1 432 0.888
2 1 433 0.783
2 1 434 0.872
2 1 435 0.912
2 1 436 0.954
2 1 437 0.893
2 1 438 0.837
2 1 439 1.192
2 1 440 1.038
2 1 441 1.241
2 1 442 0.482
2 1 443 0.957
2 1 444 1.029
2 1 445 0.994
2 1 446 0.934
2 1 447 1.302
2 1 448 1.013
2 1 449 0.000
2 1 450 1.047
2 1 451 1.132
2 1 452 1.116
2 1 453 0.911
2 1 454 0.959
2 1 455 0.966
2 1 456 0.997
2 1 457 1.012
2 1 458 0.721
2 1 459 0.315
2 1 460 0.946
2 1 461 1.169
2 1 462 1.130
2 1 463 0.984
2 1 464 1.163
2 1 465 1.118
2 1 466 1.030
2 1 467 0.800
2 1 468 1.038
2 1 469 0.927
2 1 470 1.044
2 1 471 1.431
2 1 472 0.968
2 1 473 0.923
2 1 474 0.000
2 1 475 1.169
2 1 476 0.000
2 1 477 0.984
2 1 478 1.216
2 1 479 0.991
2 1 480 1.117
2 1 481 1.023
2 1 482 0.954
2 1 483 0.000
2 1 484 1.111
2 1 485 0.937
2 1 486 1.238
2 1 487 1.035
2 1 488 0.688
2 1 489 1.139
2 1 490 0.891
2 1 491 0.716
2 1 492 0.000
2 1 493 0.000
2 1 494 0.873
2 1 495 0.823
2 1 496 1.134
2 1 497 0.935
2 1 498 1.036
2 1 499 0.938
2 1 500 0.937
2 1 501 0.994
2 1 502 1.118
2 1 503 0.847
2 1 504 0.882
2 1 505 2.153
2 1 506 0.819
2 1 507 0.485
2 1 508 0.000
2 1 509 0.000
2 1 510 0.000
2 1 511 0.959
2 1 512 1.002
2 1 513 1.103
2 1 514 0.977
2 1 515 1.541
2 1 516 1.578
2 1 517 1.573
2 1 518 1.564
2 1 519 0.845
2 1 520 1.069
2 1 521 1.028
2 1 522 0.000
2 1 523 0.000
2 1 524 0.000
2 1 525 0.000
2 1 526 0.000
2 1 527 0.000
2 1 528 0.000
2 1 529 1.063
2 1 530 0.848
2 1 531 1.544
2 1 532 1.594
2 1 533 2.395
2 1 534 1.202
2 1 535 0.953
2 1 536 0.921
2 1 537 2.179
2 1 538 1.866
2 1 539 0.386
2 1 540 0.000
2 1 541 0.000
2 1 542 0.000
2 1 543 0.000
2 1 544 0.000
2 1 545 1.093
2 1 546 1.177
2 1 547 1.199
2 1 548 1.471
2 1 549 1.234
2 1 550 1.831
2 1 551 1.634
2 1 552 1.996
2 1 553 1.161
2 1 554 0.981
2 1 555 0.656
2 1 556 0.000
2 1 557 0.000
2 1 558 0.000
2 1 559 0.000
2 1 560 0.000
2 1 561 0.000
2 1 562 0.709
2 1 563 0.692
2 1 564 0.591
2 1 565 0.268
2 1 566 0.000
2 1 567 0.198
2 1 568 0.584
2 1 569 0.733
2 1 570 0.524
2 1 571 0.485
2 1 572 0.000
2 1 573 0.000
2 1 574 0.000
2 1 575 0.000
2 1 576 0.000
2 1 577 0.000
2 1 578 0.000
2 2   1 1.140
2 2   2 1.597
2 2   3 3.364
2 2   4 0.796
2 2   5 0.929
2 2   6 1.149
2 2   7 1.871
2 2   8 0.821
2 2   9 0.907
2 2  10 1.675
2 2  11 0.000
2 2  12 0.000
2 2  13 0.000
2 2  14 0.000
2 2  15 0.000
2 2  16 0.000
2 2  17 0.000
2 2  18 0.805
2 2  19 1.390
2 2  20 0.857
2 2  21 0.701
2 2  22 1.101
2 2  23 0.885
2 2  24 1.030
2 2  25 1.164
2 2  26 1.390
2 2  27 0.749
2 2  28 0.834
2 2  29 0.000
2 2  30 0.000
2 2  31 0.000
2 2  32 0.000
2 2  33 0.000
2 2  34 0.000
2 2  35 0.000
2 2  36 1.227
2 2  37 0.877
2 2  38 0.931
2 2  39 1.002
2 2  40 1.129
2 2  41 0.962
2 2  42 0.711
2 2  43 1.226
2 2  44 1.690
2 2  45 0.998
2 2  46 1.422
2 2  47 0.000
2 2  48 0.000
2 2  49 0.000
2 2  50 0.000
2 2  51 0.000
2 2  52 0.828
2 2  53 1.067
2 2  54 1.018
2 2  55 0.869
2 2  56 0.928
2 2  57 1.445
2 2  58 0.928
2 2  59 0.580
2 2  60 0.686
2 2  61 1.406
2 2  62 0.788
2 2  63 0.624
2 2  64 1.142
2 2  65 0.000
2 2  66 0.000
2 2  67 0.000
2 2  68 0.000
2 2  69 1.047
2 2  70 1.201
2 2  71 0.944
2 2  72 1.215
2 2  73 1.042
2 2  74 0.792
2 2  75 0.840
2 2  76 1.153
2 2  77 1.545
2 2  78 1.720
2 2  79 0.440
2 2  80 0.347
2 2  81 0.758
2 2  82 0.516
2 2  83 0.000
2 2  84 0.000
2 2  85 0.000
2 2  86 0.870
2 2  87 1.301
2 2  88 1.122
2 2  89 0.976
2 2  90 1.208
2 2  91 0.957
2 2  92 1.211
2 2  93 0.935
2 2  94 1.498
2 2  95 0.902
2 2  96 1.512
2 2  97 1.157
2 2  98 1.169
2 2  99 1.872
2 2 100 0.615
2 2 101 0.000
2 2 102 0.000
2 2 103 0.742
2 2 104 1.155
2 2 105 0.913
2 2 106 1.084
2 2 107 0.946
2 2 108 1.066
2 2 109 1.044
2 2 110 0.866
2 2 111 0.704
2 2 112 1.068
2 2 113 1.473
2 2 114 1.671
2 2 115 1.134
2 2 116 1.023
2 2 117 0.624
2 2 118 1.383
2 2 119 0.000
2 2 120 0.959
2 2 121 1.208
2 2 122 1.024
2 2 123 0.957
2 2 124 1.031
2 2 125 0.746
2 2 126 1.457
2 2 127 0.998
2 2 128 0.701
2 2 129 0.910
2 2 130 0.976
2 2 131 0.743
2 2 132 0.751
2 2 133 0.779
2 2 134 1.307
2 2 135 0.680
2 2 136 3.271
2 2 137 0.699
2 2 138 0.864
2 2 139 0.821
2 2 140 0.884
2 2 141 0.767
2 2 142 0.637
2 2 143 0.706
2 2 144 0.532
2 2 145 1.308
2 2 146 1.054
2 2 147 0.925
2 2 148 0.878
2 2 149 0.940
2 2 150 1.727
2 2 151 1.369
2 2 152 0.618
2 2 153 0.867
2 2 154 0.000
2 2 155 0.000
2 2 156 0.000
2 2 157 0.000
2 2 158 0.000
2 2 159 0.000
2 2 160 0.000
2 2 161 0.000
2 2 162 0.906
2 2 163 1.262
2 2 164 1.259
2 2 165 1.107
2 2 166 0.981
2 2 167 1.213
2 2 168 1.113
2 2 169 0.709
2 2 170 0.623
2 2 171 0.000
2 2 172 0.000
2 2 173 0.000
2 2 174 0.000
2 2 175 0.000
2 2 176 0.000
2 2 177 0.000
2 2 178 0.000
2 2 179 0.699
2 2 180 0.826
2 2 181 0.806
2 2 182 0.935
2 2 183 0.895
2 2 184 1.154
2 2 185 0.759
2 2 186 0.642
2 2 187 2.410
2 2 188 0.000
2 2 189 0.000
2 2 190 0.000
2 2 191 0.000
2 2 192 0.000
2 2 193 0.000
2 2 194 0.000
2 2 195 0.000
2 2 196 0.574
2 2 197 1.285
2 2 198 1.024
2 2 199 0.882
2 2 200 1.040
2 2 201 0.799
2 2 202 1.207
2 2 203 1.041
2 2 204 2.119
2 2 205 0.000
2 2 206 0.000
2 2 207 0.000
2 2 208 0.000
2 2 209 0.000
2 2 210 0.000
2 2 211 0.000
2 2 212 0.000
2 2 213 0.926
2 2 214 1.416
2 2 215 0.795
2 2 216 0.876
2 2 217 1.006
2 2 218 0.934
2 2 219 1.134
2 2 220 1.284
2 2 221 1.582
2 2 222 0.000
2 2 223 0.000
2 2 224 0.000
2 2 225 0.000
2 2 226 0.000
2 2 227 0.000
2 2 228 0.000
2 2 229 0.000
2 2 230 0.684
2 2 231 1.210
2 2 232 1.235
2 2 233 1.070
2 2 234 1.201
2 2 235 0.958
2 2 236 1.235
2 2 237 0.835
2 2 238 2.113
2 2 239 0.000
2 2 240 0.000
2 2 241 0.000
2 2 242 0.000
2 2 243 0.000
2 2 244 0.000
2 2 245 0.000
2 2 246 0.000
2 2 247 0.836
2 2 248 1.124
2 2 249 0.928
2 2 250 0.986
2 2 251 1.045
2 2 252 0.749
2 2 253 1.821
2 2 254 1.236
2 2 255 1.579
2 2 256 0.000
2 2 257 0.000
2 2 258 0.000
2 2 259 0.000
2 2 260 0.000
2 2 261 0.000
2 2 262 0.000
2 2 263 0.000
2 2 264 1.012
2 2 265 1.077
2 2 266 1.155
2 2 267 0.899
2 2 268 0.889
2 2 269 1.124
2 2 270 1.041
2 2 271 1.126
2 2 272 0.416
2 2 273 0.000
2 2 274 0.000
2 2 275 0.000
2 2 276 0.000
2 2 277 0.000
2 2 278 0.000
2 2 279 0.000
2 2 280 0.000
2 2 281 0.669
2 2 282 0.810
2 2 283 0.868
2 2 284 0.858
2 2 285 1.435
2 2 286 0.992
2 2 287 1.250
2 2 288 0.769
2 2 289 0.451
2 2 290 0.000
2 2 291 0.000
2 2 292 0.000
2 2 293 0.000
2 2 294 0.000
2 2 295 0.000
2 2 296 0.000
2 2 297 0.000
2 2 298 0.989
2 2 299 1.016
2 2 300 1.055
2 2 301 1.151
2 2 302 0.866
2 2 303 1.744
2 2 304 0.920
2 2 305 0.830
2 2 306 0.633
2 2 307 0.000
2 2 308 0.000
2 2 309 0.000
2 2 310 0.000
2 2 311 0.000
2 2 312 0.000
2 2 313 0.000
2 2 314 0.000
2 2 315 0.855
2 2 316 0.933
2 2 317 1.080
2 2 318 0.935
2 2 319 0.891
2 2 320 0.000
2 2 321 1.311
2 2 322 1.088
2 2 323 1.121
2 2 324 0.000
2 2 325 0.000
2 2 326 0.000
2 2 327 0.000
2 2 328 0.000
2 2 329 0.000
2 2 330 0.000
2 2 331 0.000
2 2 332 1.078
2 2 333 1.149
2 2 334 1.060
2 2 335 0.918
2 2 336 1.523
2 2 337 1.169
2 2 338 0.839
2 2 339 0.959
2 2 340 1.345
2 2 341 0.000
2 2 342 0.000
2 2 343 0.000
2 2 344 0.000
2 2 345 0.000
2 2 346 0.000
2 2 347 0.000
2 2 348 0.000
2 2 349 0.932
2 2 350 1.083
2 2 351 0.998
2 2 352 1.106
2 2 353 1.109
2 2 354 1.074
2 2 355 0.902
2 2 356 0.849
2 2 357 1.328
2 2 358 0.000
2 2 359 0.000
2 2 360 0.000
2 2 361 0.000
2 2 362 0.000
2 2 363 0.000
2 2 364 0.000
2 2 365 0.000
2 2 366 0.932
2 2 367 0.995
2 2 368 1.160
2 2 369 0.967
2 2 370 1.018
2 2 371 1.060
2 2 372 1.058
2 2 373 1.101
2 2 374 0.552
2 2 375 0.000
2 2 376 0.000
2 2 377 0.000
2 2 378 0.000
2 2 379 0.000
2 2 380 0.000
2 2 381 0.000
2 2 382 0.000
2 2 383 0.814
2 2 384 1.031
2 2 385 1.094
2 2 386 1.020
2 2 387 0.895
2 2 388 0.983
2 2 389 1.016
2 2 390 1.349
2 2 391 0.600
2 2 392 0.000
2 2 393 0.000
2 2 394 0.000
2 2 395 0.000
2 2 396 0.000
2 2 397 0.000
2 2 398 0.000
2 2 399 0.000
2 2 400 0.915
2 2 401 1.069
2 2 402 1.033
2 2 403 0.900
2 2 404 1.048
2 2 405 0.896
2 2 406 0.976
2 2 407 1.250
2 2 408 1.027
2 2 409 0.000
2 2 410 0.000
2 2 411 0.000
2 2 412 0.000
2 2 413 0.000
2 2 414 0.000
2 2 415 0.000
2 2 416 0.000
2 2 417 1.061
2 2 418 1.038
2 2 419 0.973
2 2 420 1.081
2 2 421 0.998
2 2 422 0.949
2 2 423 1.071
2 2 424 0.914
2 2 425 0.965
2 2 426 0.574
2 2 427 0.828
2 2 428 0.657
2 2 429 0.438
2 2 430 0.885
2 2 431 0.624
2 2 432 0.789
2 2 433 0.897
2 2 434 1.093
2 2 435 0.868
2 2 436 1.086
2 2 437 1.008
2 2 438 0.971
2 2 439 1.086
2 2 440 0.961
2 2 441 0.796
2 2 442 1.557
2 2 443 1.005
2 2 444 1.511
2 2 445 0.986
2 2 446 0.892
2 2 447 1.235
2 2 448 0.900
2 2 449 1.044
2 2 450 1.003
2 2 451 0.973
2 2 452 0.894
2 2 453 0.915
2 2 454 1.055
2 2 455 1.009
2 2 456 0.956
2 2 457 1.579
2 2 458 1.014
2 2 459 0.949
2 2 460 1.141
2 2 461 1.057
2 2 462 0.940
2 2 463 0.986
2 2 464 1.146
2 2 465 1.093
2 2 466 1.169
2 2 467 0.998
2 2 468 1.005
2 2 469 0.926
2 2 470 1.044
2 2 471 0.986
2 2 472 0.833
2 2 473 1.223
2 2 474 0.000
2 2 475 0.928
2 2 476 0.000
2 2 477 0.845
2 2 478 1.054
2 2 479 1.179
2 2 480 1.029
2 2 481 1.145
2 2 482 0.845
2 2 483 1.396
2 2 484 1.068
2 2 485 1.099
2 2 486 0.990
2 2 487 1.203
2 2 488 1.085
2 2 489 1.384
2 2 490 1.608
2 2 491 1.200
2 2 492 0.000
2 2 493 0.000
2 2 494 1.207
2 2 495 1.315
2 2 496 1.149
2 2 497 1.025
2 2 498 0.947
2 2 499 1.026
2 2 500 0.885
2 2 501 1.160
2 2 502 1.073
2 2 503 0.990
2 2 504 1.103
2 2 505 1.127
2 2 506 0.757
2 2 507 0.688
2 2 508 0.000
2 2 509 0.000
2 2 510 0.000
2 2 511 0.921
2 2 512 1.115
2 2 513 1.030
2 2 514 1.010
2 2 515 0.999
2 2 516 0.989
2 2 517 1.264
2 2 518 1.019
2 2 519 1.010
2 2 520 0.955
2 2 521 1.159
2 2 522 0.929
2 2 523 0.652
2 2 524 0.000
2 2 525 0.000
2 2 526 0.000
2 2 527 0.000
2 2 528 1.004
2 2 529 1.195
2 2 530 0.919
2 2 531 0.984
2 2 532 1.308
2 2 533 1.171
2 2 534 0.961
2 2 535 1.036
2 2 536 1.011
2 2 537 1.128
2 2 538 0.922
2 2 539 1.038
2 2 540 0.000
2 2 541 0.000
2 2 542 0.000
2 2 543 0.000
2 2 544 0.000
2 2 545 1.082
2 2 546 1.560
2 2 547 1.008
2 2 548 1.807
2 2 549 1.044
2 2 550 0.946
2 2 551 0.824
2 2 552 0.829
2 2 553 1.425
2 2 554 1.184
2 2 555 1.483
2 2 556 0.000
2 2 557 0.000
2 2 558 0.000
2 2 559 0.000
2 2 560 0.000
2 2 561 0.000
2 2 562 0.613
2 2 563 0.600
2 2 564 0.650
2 2 565 0.645
2 2 566 0.665
2 2 567 0.717
2 2 568 0.748
2 2 569 0.640
2 2 570 0.750
2 2 571 0.560
2 2 572 0.000
2 2 573 0.000
2 2 574 0.000
2 2 575 0.000
2 2 576 0.000
2 2 577 0.000
2 2 578 0.000
2 3   1 0.916
2 3   2 1.334
2 3   3 1.055
2 3   4 0.984
2 3   5 0.947
2 3   6 1.251
2 3   7 1.069
2 3   8 1.099
2 3   9 0.000
2 3  10 0.875
2 3  11 0.855
2 3  12 0.716
2 3  13 1.173
2 3  14 1.256
2 3  15 1.280
2 3  16 1.181
2 3  17 0.966
2 3  18 1.240
2 3  19 1.459
2 3  20 0.933
2 3  21 1.656
2 3  22 1.086
2 3  23 0.996
2 3  24 1.243
2 3  25 1.603
2 3  26 1.183
2 3  27 1.426
2 3  28 1.270
2 3  29 0.800
2 3  30 0.668
2 3  31 0.981
2 3  32 0.852
2 3  33 1.257
2 3  34 0.967
2 3  35 1.008
2 3  36 1.543
2 3  37 0.992
2 3  38 2.032
2 3  39 1.487
2 3  40 1.009
2 3  41 1.651
2 3  42 0.980
2 3  43 0.727
2 3  44 0.755
2 3  45 0.657
2 3  46 2.614
2 3  47 0.000
2 3  48 0.000
2 3  49 1.341
2 3  50 1.249
2 3  51 1.466
2 3  52 1.814
2 3  53 0.732
2 3  54 1.385
2 3  55 1.709
2 3  56 0.000
2 3  57 2.059
2 3  58 2.338
2 3  59 0.000
2 3  60 0.000
2 3  61 0.669
2 3  62 1.248
2 3  63 1.133
2 3  64 1.455
2 3  65 1.556
2 3  66 0.981
2 3  67 1.109
2 3  68 1.182
2 3  69 1.553
2 3  70 0.624
2 3  71 1.058
2 3  72 0.710
2 3  73 3.900
2 3  74 2.101
2 3  75 1.324
2 3  76 1.522
2 3  77 1.045
2 3  78 1.283
2 3  79 1.342
2 3  80 0.697
2 3  81 1.417
2 3  82 1.090
2 3  83 0.587
2 3  84 1.238
2 3  85 0.000
2 3  86 0.000
2 3  87 0.000
2 3  88 0.000
2 3  89 0.000
2 3  90 1.005
2 3  91 1.262
2 3  92 1.304
2 3  93 1.135
2 3  94 0.797
2 3  95 0.935
2 3  96 0.580
2 3  97 0.000
2 3  98 0.000
2 3  99 0.000
2 3 100 0.000
2 3 101 0.000
2 3 102 1.195
2 3 103 0.998
2 3 104 0.969
2 3 105 1.242
2 3 106 1.137
2 3 107 1.020
2 3 108 0.918
2 3 109 0.000
2 3 110 0.000
2 3 111 0.000
2 3 112 0.000
2 3 113 0.000
2 3 114 0.941
2 3 115 1.002
2 3 116 0.821
2 3 117 1.027
2 3 118 0.991
2 3 119 0.903
2 3 120 1.108
2 3 121 0.000
2 3 122 0.000
2 3 123 0.000
2 3 124 0.000
2 3 125 0.000
2 3 126 1.596
2 3 127 1.132
2 3 128 3.152
2 3 129 1.080
2 3 130 0.942
2 3 131 1.049
2 3 132 1.166
2 3 133 0.000
2 3 134 0.000
2 3 135 0.000
2 3 136 0.000
2 3 137 0.000
2 3 138 1.423
2 3 139 1.395
2 3 140 1.218
2 3 141 0.984
2 3 142 1.256
2 3 143 1.136
2 3 144 0.968
2 3 145 0.000
2 3 146 0.000
2 3 147 0.000
2 3 148 0.000
2 3 149 0.000
2 3 150 1.565
2 3 151 1.555
2 3 152 2.235
2 3 153 3.228
2 3 154 0.000
2 3 155 1.167
2 3 156 1.776
2 3 157 0.000
2 3 158 0.000
2 3 159 0.000
2 3 160 0.000
2 3 161 0.000
2 3 162 2.002
2 3 163 0.870
2 3 164 0.000
2 3 165 1.112
2 3 166 1.258
2 3 167 0.632
2 3 168 0.572
2 3 169 0.000
2 3 170 0.000
2 3 171 0.000
2 3 172 0.000
2 3 173 0.000
2 3 174 0.210
2 3 175 1.635
2 3 176 0.000
2 3 177 3.120
2 3 178 2.836
2 3 179 1.472
2 3 180 0.507
2 3 181 0.000
2 3 182 0.000
2 3 183 0.000
2 3 184 0.000
2 3 185 0.000
2 3 186 0.512
2 3 187 0.620
2 3 188 1.485
2 3 189 1.405
2 3 190 1.196
2 3 191 0.816
2 3 192 4.225
2 3 193 0.000
2 3 194 0.000
2 3 195 0.000
2 3 196 0.000
2 3 197 0.000
2 3 198 0.000
2 3 199 0.000
2 3 200 1.063
2 3 201 1.934
2 3 202 1.687
2 3 203 0.000
2 3 204 0.000
2 3 205 1.177
2 3 206 0.000
2 3 207 0.000
2 3 208 0.000
2 3 209 0.000
2 3 210 0.000
2 3 211 1.638
2 3 212 0.000
2 3 213 1.414
2 3 214 1.917
2 3 215 0.000
2 3 216 0.794
2 3 217 1.156
2 3 218 1.211
2 3 219 1.200
2 3 220 1.500
2 3 221 1.600
2 3 222 2.089
2 3 223 1.094
2 3 224 1.377
2 3 225 0.869
2 3 226 1.262
2 3 227 0.785
2 3 228 2.201
2 3 229 1.055
2 3 230 1.257
2 3 231 1.272
2 3 232 0.000
2 3 233 1.550
2 3 234 1.767
2 3 235 1.214
2 3 236 1.021
2 3 237 1.237
2 3 238 1.076
2 3 239 1.106
2 3 240 0.844
2 3 241 1.200
2 3 242 2.370
2 3 243 2.394
2 3 244 4.367
2 3 245 1.112
2 3 246 1.122
2 3 247 1.266
2 3 248 0.988
2 3 249 0.974
2 3 250 1.860
2 3 251 1.048
2 3 252 0.892
2 3 253 1.133
2 3 254 0.973
2 3 255 1.733
2 3 256 0.837
2 3 257 1.315
2 3 258 0.835
2 3 259 1.266
2 3 260 1.195
2 3 261 1.249
2 3 262 0.000
2 3 263 0.500
2 3 264 2.187
2 3 265 1.270
2 3 266 0.502
2 3 267 0.926
2 3 268 1.032
2 3 269 0.941
2 3 270 0.955
2 3 271 2.445
2 3 272 2.045
2 3 273 1.420
2 3 274 1.403
2 3 275 1.830
2 3 276 2.670
2 3 277 1.654
2 3 278 0.835
2 3 279 1.244
2 3 280 0.721
2 3 281 1.401
2 3 282 2.247
2 3 283 1.302
2 3 284 1.169
2 3 285 1.923
2 3 286 1.378
2 3 287 1.454
2 3 288 0.800
2 4   1 1.397
2 4   2 0.831
2 4   3 1.542
2 4   4 0.341
2 4   5 11.661
2 4   6 1.981
2 4   7 1.335
2 4   8 1.096
2 4   9 1.382
2 4  10 1.373
2 4  11 3.434
2 4  12 0.168
2 4  13 0.522
2 4  14 1.865
2 4  15 1.074
2 4  16 1.181
2 4  17 0.665
2 4  18 0.737
2 4  19 1.986
2 4  20 2.103
2 4  21 2.083
2 4  22 1.245
2 4  23 2.619
2 4  24 1.929
2 4  25 1.073
2 4  26 0.799
2 4  27 0.714
2 4  28 0.780
2 4  29 0.606
2 4  30 0.620
2 4  31 1.768
2 4  32 1.365
2 4  33 1.856
2 4  34 1.453
2 4  35 1.153
2 4  36 1.242
2 4  37 0.956
2 4  38 0.000
2 4  39 1.332
2 4  40 1.242
2 4  41 1.227
2 4  42 0.601
2 4  43 1.472
2 4  44 0.957
2 4  45 0.538
2 4  46 2.037
2 4  47 0.932
2 4  48 0.918
2 4  49 1.065
2 4  50 0.942
2 4  51 1.034
2 4  52 1.077
2 4  53 1.453
2 4  54 1.359
2 4  55 1.320
2 4  56 0.705
2 4  57 0.729
2 4  58 0.000
2 4  59 1.428
2 4  60 0.886
2 4  61 1.618
2 4  62 0.997
2 4  63 1.132
2 4  64 1.202
2 4  65 0.726
2 4  66 0.611
2 4  67 0.702
2 4  68 0.673
2 4  69 0.762
2 4  70 2.300
2 4  71 1.792
2 4  72 1.078
2 4  73 1.161
2 4  74 1.287
2 4  75 2.011
2 4  76 1.936
2 4  77 1.609
2 4  78 1.004
2 4  79 1.646
2 4  80 0.000
2 4  81 0.644
2 4  82 0.498
2 4  83 0.690
2 4  84 0.475
2 4  85 0.000
2 4  86 0.000
2 4  87 0.000
2 4  88 0.000
2 4  89 0.000
2 4  90 0.609
2 4  91 0.568
2 4  92 0.581
2 4  93 1.208
2 4  94 1.039
2 4  95 0.961
2 4  96 0.771
2 4  97 0.000
2 4  98 0.000
2 4  99 0.000
2 4 100 0.000
2 4 101 0.000
2 4 102 1.027
2 4 103 1.220
2 4 104 1.055
2 4 105 1.126
2 4 106 1.023
2 4 107 0.939
2 4 108 0.914
2 4 109 0.000
2 4 110 0.000
2 4 111 0.000
2 4 112 0.000
2 4 113 0.000
2 4 114 1.277
2 4 115 1.141
2 4 116 1.087
2 4 117 1.087
2 4 118 0.000
2 4 119 0.948
2 4 120 0.814
2 4 121 0.000
2 4 122 0.000
2 4 123 0.000
2 4 124 0.000
2 4 125 0.000
2 4 126 1.278
2 4 127 1.194
2 4 128 1.014
2 4 129 1.047
2 4 130 1.201
2 4 131 1.028
2 4 132 1.200
2 4 133 0.000
2 4 134 0.000
2 4 135 0.000
2 4 136 0.000
2 4 137 0.000
2 4 138 1.228
2 4 139 1.112
2 4 140 1.232
2 4 141 1.054
2 4 142 0.808
2 4 143 1.340
2 4 144 0.968
2 4 145 0.000
2 4 146 0.000
2 4 147 0.000
2 4 148 0.000
2 4 149 0.000
2 4 150 1.244
2 4 151 1.013
2 4 152 1.245
2 4 153 1.057
2 4 154 1.098
2 4 155 1.087
2 4 156 0.930
2 4 157 0.000
2 4 158 0.000
2 4 159 0.000
2 4 160 0.000
2 4 161 0.000
2 4 162 1.288
2 4 163 1.313
2 4 164 0.967
2 4 165 1.186
2 4 166 0.974
2 4 167 1.114
2 4 168 0.897
2 4 169 0.000
2 4 170 0.000
2 4 171 0.000
2 4 172 0.000
2 4 173 0.000
2 4 174 1.438
2 4 175 0.966
2 4 176 1.808
2 4 177 1.040
2 4 178 0.983
2 4 179 1.236
2 4 180 0.876
2 4 181 0.000
2 4 182 0.000
2 4 183 0.000
2 4 184 0.000
2 4 185 0.000
2 4 186 1.919
2 4 187 1.266
2 4 188 1.001
2 4 189 1.214
2 4 190 1.072
2 4 191 1.114
2 4 192 1.064
2 4 193 0.000
2 4 194 0.000
2 4 195 0.000
2 4 196 0.000
2 4 197 0.000
2 4 198 0.000
2 4 199 0.732
2 4 200 0.901
2 4 201 5.649
2 4 202 0.594
2 4 203 1.008
2 4 204 0.861
2 4 205 0.000
2 4 206 0.640
2 4 207 0.750
2 4 208 0.344
2 4 209 0.000
2 4 210 0.000
2 4 211 1.508
2 4 212 1.437
2 4 213 1.335
2 4 214 0.658
2 4 215 0.854
2 4 216 1.130
2 4 217 0.940
2 4 218 0.900
2 4 219 0.800
2 4 220 1.797
2 4 221 1.560
2 4 222 1.153
2 4 223 1.864
2 4 224 1.474
2 4 225 0.000
2 4 226 2.492
2 4 227 1.123
2 4 228 1.451
2 4 229 0.817
2 4 230 1.166
2 4 231 1.688
2 4 232 0.000
2 4 233 1.225
2 4 234 0.663
2 4 235 0.000
2 4 236 1.354
2 4 237 0.952
2 4 238 0.566
2 4 239 0.802
2 4 240 1.172
2 4 241 0.000
2 4 242 2.320
2 4 243 1.419
2 4 244 1.087
2 4 245 1.826
2 4 246 1.592
2 4 247 1.365
2 4 248 1.331
2 4 249 0.580
2 4 250 1.443
2 4 251 1.128
2 4 252 0.904
2 4 253 1.044
2 4 254 1.734
2 4 255 1.316
2 4 256 1.085
2 4 257 0.831
2 4 258 0.000
2 4 259 2.109
2 4 260 0.849
2 4 261 1.378
2 4 262 1.746
2 4 263 1.608
2 4 264 1.000
2 4 265 0.856
2 4 266 1.616
2 4 267 2.200
2 4 268 1.038
2 4 269 0.767
2 4 270 0.826
2 4 271 2.733
2 4 272 2.462
2 4 273 2.949
2 4 274 1.574
2 4 275 0.954
2 4 276 0.577
2 4 277 0.711
2 4 278 1.082
2 4 279 0.710
2 4 280 0.817
2 4 281 0.000
2 4 282 1.211
2 4 283 1.347
2 4 284 1.804
2 4 285 1.405
2 4 286 1.260
2 4 287 0.000
2 4 288 0.512
