0          25.14      
1          28.34      
2          31.54      
3          34.74      
4          37.94      
5          41.14      
6          44.34      
7          47.54      
8          50.74      
9          53.94      
10         57.14      
11         60.34      
12         63.54      
13         66.74      
14         69.94      
15         73.14      
16         76.34      
17         79.54      
18         82.74      
19         85.94      
20         89.14      
21         92.34      
22         95.54      
23         98.74      
24         101.94     
25         105.14     
26         108.34     
27         111.54     
28         114.74     
29         117.94     
30         121.14     
31         124.34     
32         127.54     
33         130.74     
34         133.94     
35         137.14     
36         140.34     
37         143.54     
38         146.74     
39         149.94     
40         153.14     
41         156.34     
42         159.54     
43         162.74     
44         165.94     
45         169.14     
46         172.34     
47         175.54     
48         178.74     
49         181.94     
50         185.14     
51         188.34     
52         191.54     
53         194.74     
54         197.94     
55         201.14     
56         204.34     
57         207.54     
58         210.74     
59         213.94     
60         217.14     
61         220.34     
62         223.54     
63         226.74     
64         229.94     
65         233.14     
66         236.34     
67         239.54     
68         242.74     
69         245.94     
70         249.14     
71         252.34     
72         255.54     
73         258.74     
74         261.94     
75         265.14     
76         268.34     
77         271.54     
78         274.74     
79         277.94     
80         281.14     
81         284.34     
82         287.54     
83         290.74     
84         293.94     
85         297.14     
86         300.34     
87         303.54     
88         306.74     
89         309.94     
90         313.14     
91         316.34     
92         319.54     
93         322.74     
94         325.94     
95         329.14     
96         332.34     
97         335.54     
98         338.74     
99         341.94     
100        345.14     
101        348.34     
102        351.54     
103        354.74     
104        357.94     
105        361.14     
106        364.34     
107        367.54     
108        370.74     
109        373.94     
110        377.14     
111        380.34     
112        383.54     
113        386.74     
114        389.94     
115        393.14     
116        396.34     
117        399.54     
118        402.74     
119        405.94     
120        409.14     
121        412.34     
122        415.54     
123        418.74     
124        421.94     
125        425.14     
126        428.34     
127        431.54     
128        434.74     
129        437.94     
130        441.14     
131        444.34     
132        447.54     
133        450.74     
134        453.94     
135        457.14     
136        460.34     
137        463.54     
138        466.74     
139        469.94     
140        473.14     
141        476.34     
142        479.54     
143        482.74     
144        485.94     
145        489.14     
146        492.34     
147        495.54     
148        498.74     
149        501.94     
150        505.14     
151        508.34     
