emcCalib.ETOW
columns: 8
format: id daq phi eta etamin etamax ped gain
1 336 0.3142 1.9505 1.901 2 14.65 -2
2 342 0.3142 1.854 1.807 1.901 16.33 -2
3 348 0.3142 1.762 1.717 1.807 21.63 -2
4 648 0.3142 1.6745 1.632 1.717 20.43 -2
5 654 0.3142 1.5915 1.551 1.632 20.52 -2
6 660 0.3142 1.5125 1.474 1.551 22.38 -2
7 666 0.3142 1.4375 1.401 1.474 25 -2
8 354 0.3142 1.366 1.331 1.401 20.69 -2
9 360 0.3142 1.298 1.265 1.331 11.08 -2
10 366 0.3142 1.2335 1.202 1.265 19.53 -2
11 372 0.3142 1.1725 1.143 1.202 24.72 -2
12 378 0.3142 1.1145 1.086 1.143 16.28 -2
13 384 0.4189 1.9505 1.901 2 22.05 -2
14 390 0.4189 1.854 1.807 1.901 26.51 -2
15 396 0.4189 1.762 1.717 1.807 27.54 -2
16 672 0.4189 1.6745 1.632 1.717 15.26 -2
17 678 0.4189 1.5915 1.551 1.632 21.23 -2
18 684 0.4189 1.5125 1.474 1.551 21.85 -2
19 690 0.4189 1.4375 1.401 1.474 22.86 -2
20 402 0.4189 1.366 1.331 1.401 30.66 -2
21 408 0.4189 1.298 1.265 1.331 19.37 -2
22 414 0.4189 1.2335 1.202 1.265 23.84 -2
23 420 0.4189 1.1725 1.143 1.202 25.9 -2
24 426 0.4189 1.1145 1.086 1.143 33.45 -2
25 432 0.5236 1.9505 1.901 2 22.81 -2
26 438 0.5236 1.854 1.807 1.901 25.16 -2
27 444 0.5236 1.762 1.717 1.807 27.59 -2
28 696 0.5236 1.6745 1.632 1.717 17.68 -2
29 702 0.5236 1.5915 1.551 1.632 17 -2
30 708 0.5236 1.5125 1.474 1.551 17.94 -2
31 714 0.5236 1.4375 1.401 1.474 17.56 -2
32 450 0.5236 1.366 1.331 1.401 28.37 -2
33 456 0.5236 1.298 1.265 1.331 20.46 -2
34 462 0.5236 1.2335 1.202 1.265 28.11 -2
35 468 0.5236 1.1725 1.143 1.202 27.67 -2
36 474 0.5236 1.1145 1.086 1.143 30.34 -2
37 1 0.6283 1.9505 1.901 2 17.78 -2
38 7 0.6283 1.854 1.807 1.901 21.51 -2
39 13 0.6283 1.762 1.717 1.807 27.18 -2
40 481 0.6283 1.6745 1.632 1.717 18.62 -2
41 487 0.6283 1.5915 1.551 1.632 18.97 -2
42 493 0.6283 1.5125 1.474 1.551 22.12 -2
43 499 0.6283 1.4375 1.401 1.474 19.99 -2
44 19 0.6283 1.366 1.331 1.401 26.86 -2
45 25 0.6283 1.298 1.265 1.331 16.77 -2
46 31 0.6283 1.2335 1.202 1.265 19.9 -2
47 37 0.6283 1.1725 1.143 1.202 22.52 -2
48 43 0.6283 1.1145 1.086 1.143 26.68 -2
49 49 0.7330 1.9505 1.901 2 21.97 -2
50 55 0.7330 1.854 1.807 1.901 21.31 -2
51 61 0.7330 1.762 1.717 1.807 26.54 -2
52 505 0.7330 1.6745 1.632 1.717 17.52 -2
53 511 0.7330 1.5915 1.551 1.632 15.03 -2
54 517 0.7330 1.5125 1.474 1.551 18.31 -2
55 523 0.7330 1.4375 1.401 1.474 18.46 -2
56 67 0.7330 1.366 1.331 1.401 27.29 -2
57 73 0.7330 1.298 1.265 1.331 21.1 -2
58 79 0.7330 1.2335 1.202 1.265 18.18 -2
59 85 0.7330 1.1725 1.143 1.202 26.62 -2
60 91 0.7330 1.1145 1.086 1.143 24.58 -2
61 97 0.8378 1.9505 1.901 2 18.99 -2
62 103 0.8378 1.854 1.807 1.901 20.22 -2
63 109 0.8378 1.762 1.717 1.807 21.64 -2
64 529 0.8378 1.6745 1.632 1.717 15.94 -2
65 535 0.8378 1.5915 1.551 1.632 16.59 -2
66 541 0.8378 1.5125 1.474 1.551 18.88 -2
67 547 0.8378 1.4375 1.401 1.474 28.93 -2
68 115 0.8378 1.366 1.331 1.401 22.9 -2
69 121 0.8378 1.298 1.265 1.331 12.98 -2
70 127 0.8378 1.2335 1.202 1.265 15.89 -2
71 133 0.8378 1.1725 1.143 1.202 17.45 -2
72 139 0.8378 1.1145 1.086 1.143 19.96 -2
73 145 0.9425 1.9505 1.901 2 10.7 -2
74 151 0.9425 1.854 1.807 1.901 19.81 -2
75 157 0.9425 1.762 1.717 1.807 20.36 -2
76 553 0.9425 1.6745 1.632 1.717 19.89 -2
77 559 0.9425 1.5915 1.551 1.632 23.03 -2
78 565 0.9425 1.5125 1.474 1.551 23.44 -2
79 571 0.9425 1.4375 1.401 1.474 23.68 -2
80 163 0.9425 1.366 1.331 1.401 20.79 -2
81 169 0.9425 1.298 1.265 1.331 20.72 -2
82 175 0.9425 1.2335 1.202 1.265 25.31 -2
83 181 0.9425 1.1725 1.143 1.202 27.76 -2
84 187 0.9425 1.1145 1.086 1.143 23.93 -2
85 193 1.0472 1.9505 1.901 2 13.03 -2
86 199 1.0472 1.854 1.807 1.901 14.63 -2
87 205 1.0472 1.762 1.717 1.807 21.05 -2
88 577 1.0472 1.6745 1.632 1.717 14.84 -2
89 583 1.0472 1.5915 1.551 1.632 20.12 -2
90 589 1.0472 1.5125 1.474 1.551 22.43 -2
91 595 1.0472 1.4375 1.401 1.474 25.72 -2
92 211 1.0472 1.366 1.331 1.401 23.95 -2
93 217 1.0472 1.298 1.265 1.331 19.15 -2
94 223 1.0472 1.2335 1.202 1.265 24.45 -2
95 229 1.0472 1.1725 1.143 1.202 21.34 -2
96 235 1.0472 1.1145 1.086 1.143 18.6 -2
97 241 1.1519 1.9505 1.901 2 17.22 -2
98 247 1.1519 1.854 1.807 1.901 15.62 -2
99 253 1.1519 1.762 1.717 1.807 17.7 -2
100 601 1.1519 1.6745 1.632 1.717 16.12 -2
101 607 1.1519 1.5915 1.551 1.632 18.47 -2
102 613 1.1519 1.5125 1.474 1.551 20.01 -2
103 619 1.1519 1.4375 1.401 1.474 21.97 -2
104 259 1.1519 1.366 1.331 1.401 22.48 -2
105 265 1.1519 1.298 1.265 1.331 19.91 -2
106 271 1.1519 1.2335 1.202 1.265 16.36 -2
107 277 1.1519 1.1725 1.143 1.202 25.47 -2
108 283 1.1519 1.1145 1.086 1.143 22.4 -2
109 289 1.2566 1.9505 1.901 2 15.53 -2
110 295 1.2566 1.854 1.807 1.901 15.29 -2
111 301 1.2566 1.762 1.717 1.807 15.92 -2
112 625 1.2566 1.6745 1.632 1.717 21.43 -2
113 631 1.2566 1.5915 1.551 1.632 25.28 -2
114 637 1.2566 1.5125 1.474 1.551 25.11 -2
115 643 1.2566 1.4375 1.401 1.474 23.66 -2
116 307 1.2566 1.366 1.331 1.401 17.26 -2
117 313 1.2566 1.298 1.265 1.331 10.43 -2
118 319 1.2566 1.2335 1.202 1.265 13.74 -2
119 325 1.2566 1.1725 1.143 1.202 14.65 -2
120 331 1.2566 1.1145 1.086 1.143 15.19 -2
121 337 1.3614 1.9505 1.901 2 9.95 -2
122 343 1.3614 1.854 1.807 1.901 14.46 -2
123 349 1.3614 1.762 1.717 1.807 20.89 -2
124 649 1.3614 1.6745 1.632 1.717 18.72 -2
125 655 1.3614 1.5915 1.551 1.632 17.78 -2
126 661 1.3614 1.5125 1.474 1.551 19.03 -2
127 667 1.3614 1.4375 1.401 1.474 22.4 -2
128 355 1.3614 1.366 1.331 1.401 18.74 -2
129 361 1.3614 1.298 1.265 1.331 12.09 -2
130 367 1.3614 1.2335 1.202 1.265 18.22 -2
131 373 1.3614 1.1725 1.143 1.202 19.13 -2
132 379 1.3614 1.1145 1.086 1.143 18.01 -2
133 385 1.4661 1.9505 1.901 2 16.02 -2
134 391 1.4661 1.854 1.807 1.901 18.58 -2
135 397 1.4661 1.762 1.717 1.807 26.2 -2
136 673 1.4661 1.6745 1.632 1.717 17.97 -2
137 679 1.4661 1.5915 1.551 1.632 17.84 -2
138 685 1.4661 1.5125 1.474 1.551 25.66 -2
139 691 1.4661 1.4375 1.401 1.474 20.67 -2
140 403 1.4661 1.366 1.331 1.401 26.62 -2
141 409 1.4661 1.298 1.265 1.331 18.76 -2
142 415 1.4661 1.2335 1.202 1.265 22.06 -2
143 421 1.4661 1.1725 1.143 1.202 29.2 -2
144 427 1.4661 1.1145 1.086 1.143 30.24 -2
145 433 1.5708 1.9505 1.901 2 22.52 -2
146 439 1.5708 1.854 1.807 1.901 25.91 -2
147 445 1.5708 1.762 1.717 1.807 25.03 -2
148 697 1.5708 1.6745 1.632 1.717 12.57 -2
149 703 1.5708 1.5915 1.551 1.632 14.19 -2
150 709 1.5708 1.5125 1.474 1.551 16.21 -2
151 715 1.5708 1.4375 1.401 1.474 17.19 -2
152 451 1.5708 1.366 1.331 1.401 26.51 -2
153 457 1.5708 1.298 1.265 1.331 19.5 -2
154 463 1.5708 1.2335 1.202 1.265 17.09 -2
155 469 1.5708 1.1725 1.143 1.202 26.8 -2
156 475 1.5708 1.1145 1.086 1.143 28.77 -2
157 2 1.6755 1.9505 1.901 2 16.38 -2
158 8 1.6755 1.854 1.807 1.901 21.76 -2
159 14 1.6755 1.762 1.717 1.807 25.25 -2
160 482 1.6755 1.6745 1.632 1.717 7.95 -2
161 488 1.6755 1.5915 1.551 1.632 11.75 -2
162 494 1.6755 1.5125 1.474 1.551 10.35 -2
163 500 1.6755 1.4375 1.401 1.474 8.51 -2
164 20 1.6755 1.366 1.331 1.401 24.21 -2
165 26 1.6755 1.298 1.265 1.331 21.37 -2
166 32 1.6755 1.2335 1.202 1.265 26.07 -2
167 38 1.6755 1.1725 1.143 1.202 16.46 -2
168 44 1.6755 1.1145 1.086 1.143 16.08 -2
169 50 1.7802 1.9505 1.901 2 18.13 -2
170 56 1.7802 1.854 1.807 1.901 22.06 -2
171 62 1.7802 1.762 1.717 1.807 19.92 -2
172 506 1.7802 1.6745 1.632 1.717 14.3 -2
173 512 1.7802 1.5915 1.551 1.632 12.32 -2
174 518 1.7802 1.5125 1.474 1.551 5.64 -2
175 524 1.7802 1.4375 1.401 1.474 7.98 -2
176 68 1.7802 1.366 1.331 1.401 18.26 -2
177 74 1.7802 1.298 1.265 1.331 19.37 -2
178 80 1.7802 1.2335 1.202 1.265 10.27 -2
179 86 1.7802 1.1725 1.143 1.202 16.49 -2
180 92 1.7802 1.1145 1.086 1.143 16.27 -2
181 98 1.8850 1.9505 1.901 2 20.63 -2
182 104 1.8850 1.854 1.807 1.901 16.47 -2
183 110 1.8850 1.762 1.717 1.807 15.76 -2
184 530 1.8850 1.6745 1.632 1.717 8.12 -2
185 536 1.8850 1.5915 1.551 1.632 7.15 -2
186 542 1.8850 1.5125 1.474 1.551 10.28 -2
187 548 1.8850 1.4375 1.401 1.474 6.46 -2
188 116 1.8850 1.366 1.331 1.401 14.73 -2
189 122 1.8850 1.298 1.265 1.331 12.34 -2
190 128 1.8850 1.2335 1.202 1.265 13.25 -2
191 134 1.8850 1.1725 1.143 1.202 13.16 -2
192 140 1.8850 1.1145 1.086 1.143 13.51 -2
193 146 1.9897 1.9505 1.901 2 13.9 -2
194 152 1.9897 1.854 1.807 1.901 16.87 -2
195 158 1.9897 1.762 1.717 1.807 16.56 -2
196 554 1.9897 1.6745 1.632 1.717 11.48 -2
197 560 1.9897 1.5915 1.551 1.632 9.12 -2
198 566 1.9897 1.5125 1.474 1.551 10.87 -2
199 572 1.9897 1.4375 1.401 1.474 6.03 -2
200 164 1.9897 1.366 1.331 1.401 20.39 -2
201 170 1.9897 1.298 1.265 1.331 18.31 -2
202 176 1.9897 1.2335 1.202 1.265 21.66 -2
203 182 1.9897 1.1725 1.143 1.202 20.37 -2
204 188 1.9897 1.1145 1.086 1.143 18.66 -2
205 194 2.0944 1.9505 1.901 2 19.72 -2
206 200 2.0944 1.854 1.807 1.901 23.11 -2
207 206 2.0944 1.762 1.717 1.807 14.07 -2
208 578 2.0944 1.6745 1.632 1.717 19.32 -2
209 584 2.0944 1.5915 1.551 1.632 17.74 -2
210 590 2.0944 1.5125 1.474 1.551 17.71 -2
211 596 2.0944 1.4375 1.401 1.474 20.31 -2
212 212 2.0944 1.366 1.331 1.401 21.28 -2
213 218 2.0944 1.298 1.265 1.331 16.43 -2
214 224 2.0944 1.2335 1.202 1.265 21.31 -2
215 230 2.0944 1.1725 1.143 1.202 17.35 -2
216 236 2.0944 1.1145 1.086 1.143 12.73 -2
217 242 2.1991 1.9505 1.901 2 16.47 -2
218 248 2.1991 1.854 1.807 1.901 21.91 -2
219 254 2.1991 1.762 1.717 1.807 13.38 -2
220 602 2.1991 1.6745 1.632 1.717 22.19 -2
221 608 2.1991 1.5915 1.551 1.632 18.82 -2
222 614 2.1991 1.5125 1.474 1.551 21.11 -2
223 620 2.1991 1.4375 1.401 1.474 19.11 -2
224 260 2.1991 1.366 1.331 1.401 15.84 -2
225 266 2.1991 1.298 1.265 1.331 20.41 -2
226 272 2.1991 1.2335 1.202 1.265 20 -2
227 278 2.1991 1.1725 1.143 1.202 21.55 -2
228 284 2.1991 1.1145 1.086 1.143 17.29 -2
229 290 2.3038 1.9505 1.901 2 16.32 -2
230 296 2.3038 1.854 1.807 1.901 16.99 -2
231 302 2.3038 1.762 1.717 1.807 10.65 -2
232 626 2.3038 1.6745 1.632 1.717 23.28 -2
233 632 2.3038 1.5915 1.551 1.632 18.9 -2
234 638 2.3038 1.5125 1.474 1.551 21.03 -2
235 644 2.3038 1.4375 1.401 1.474 17.03 -2
236 308 2.3038 1.366 1.331 1.401 16.85 -2
237 314 2.3038 1.298 1.265 1.331 21.44 -2
238 320 2.3038 1.2335 1.202 1.265 17.73 -2
239 326 2.3038 1.1725 1.143 1.202 23.25 -2
240 332 2.3038 1.1145 1.086 1.143 22.69 -2
241 338 2.4086 1.9505 1.901 2 25.96 46.743
242 344 2.4086 1.854 1.807 1.901 28.6 45.606
243 350 2.4086 1.762 1.717 1.807 21.64 46.189
244 650 2.4086 1.6745 1.632 1.717 21.52 51.341
245 656 2.4086 1.5915 1.551 1.632 15.79 53.654
246 662 2.4086 1.5125 1.474 1.551 18.47 59.42
247 668 2.4086 1.4375 1.401 1.474 19.25 53.897
248 356 2.4086 1.366 1.331 1.401 23.28 55.425
249 362 2.4086 1.298 1.265 1.331 17.71 60.261
250 368 2.4086 1.2335 1.202 1.265 19.82 51.15
251 374 2.4086 1.1725 1.143 1.202 22.77 56.111
252 380 2.4086 1.1145 1.086 1.143 26.73 55.725
253 386 2.5133 1.9505 1.901 2 13.62 53.654
254 392 2.5133 1.854 1.807 1.901 16.78 41.261
255 398 2.5133 1.762 1.717 1.807 9.62 45.83
256 674 2.5133 1.6745 1.632 1.717 13.9 60.672
257 680 2.5133 1.5915 1.551 1.632 21.9 53.625
258 686 2.5133 1.5125 1.474 1.551 15.73 55.911
259 692 2.5133 1.4375 1.401 1.474 14.22 54.556
260 404 2.5133 1.366 1.331 1.401 21.71 61.149
261 410 2.5133 1.298 1.265 1.331 9.45 58.366
262 416 2.5133 1.2335 1.202 1.265 16.45 44.647
263 422 2.5133 1.1725 1.143 1.202 12.26 55.615
264 428 2.5133 1.1145 1.086 1.143 13.37 46.52
265 434 2.6180 1.9505 1.901 2 8.23 55.219
266 440 2.6180 1.854 1.807 1.901 7.76 45.878
267 446 2.6180 1.762 1.717 1.807 11.22 46.471
268 698 2.6180 1.6745 1.632 1.717 19.96 53.032
269 704 2.6180 1.5915 1.551 1.632 22.31 55.057
270 710 2.6180 1.5125 1.474 1.551 16.13 58.084
271 716 2.6180 1.4375 1.401 1.474 18.5 54.899
272 452 2.6180 1.366 1.331 1.401 10.2 52.301
273 458 2.6180 1.298 1.265 1.331 11.74 58.571
274 464 2.6180 1.2335 1.202 1.265 17.92 58.977
275 470 2.6180 1.1725 1.143 1.202 16.01 53.52
276 476 2.6180 1.1145 1.086 1.143 8.53 0
277 3 2.7227 1.9505 1.901 2 16.21 48.999
278 9 2.7227 1.854 1.807 1.901 9.9 51.205
279 15 2.7227 1.762 1.717 1.807 14.28 44.897
280 483 2.7227 1.6745 1.632 1.717 20.8 0
281 489 2.7227 1.5915 1.551 1.632 15.15 54.12
282 495 2.7227 1.5125 1.474 1.551 21.18 54.316
283 501 2.7227 1.4375 1.401 1.474 17.53 61.066
284 21 2.7227 1.366 1.331 1.401 16.65 56.988
285 27 2.7227 1.298 1.265 1.331 11.8 66.497
286 33 2.7227 1.2335 1.202 1.265 5.92 0
287 39 2.7227 1.1725 1.143 1.202 12.58 49.055
288 45 2.7227 1.1145 1.086 1.143 8.84 53.741
289 51 2.8274 1.9505 1.901 2 13.55 54.85
290 57 2.8274 1.854 1.807 1.901 7.76 51.788
291 63 2.8274 1.762 1.717 1.807 13.11 44.72
292 507 2.8274 1.6745 1.632 1.717 19.18 52.605
293 513 2.8274 1.5915 1.551 1.632 19.81 49.998
294 519 2.8274 1.5125 1.474 1.551 17.04 55.482
295 525 2.8274 1.4375 1.401 1.474 19.53 55.063
296 69 2.8274 1.366 1.331 1.401 9.41 59.377
297 75 2.8274 1.298 1.265 1.331 13.23 59.002
298 81 2.8274 1.2335 1.202 1.265 14.79 53.355
299 87 2.8274 1.1725 1.143 1.202 11.29 46.024
300 93 2.8274 1.1145 1.086 1.143 7.38 57.82
301 99 2.9322 1.9505 1.901 2 14.23 55.511
302 105 2.9322 1.854 1.807 1.901 10.35 51.487
303 111 2.9322 1.762 1.717 1.807 7.35 43.011
304 555 2.9322 1.6745 1.632 1.717 16.74 48.532
305 561 2.9322 1.5915 1.551 1.632 14.53 62.582
306 567 2.9322 1.5125 1.474 1.551 19.29 65.14
307 573 2.9322 1.4375 1.401 1.474 17.92 27.615
308 117 2.9322 1.366 1.331 1.401 11 57.424
309 123 2.9322 1.298 1.265 1.331 15.91 59.15
310 129 2.9322 1.2335 1.202 1.265 13.21 45.308
311 135 2.9322 1.1725 1.143 1.202 15.08 43.433
312 141 2.9322 1.1145 1.086 1.143 12.82 0
313 147 3.0369 1.9505 1.901 2 13.89 52.119
314 153 3.0369 1.854 1.807 1.901 13.94 52.08
315 159 3.0369 1.762 1.717 1.807 19.65 45.82
316 531 3.0369 1.6745 1.632 1.717 18.83 0
317 537 3.0369 1.5915 1.551 1.632 19.77 53.786
318 543 3.0369 1.5125 1.474 1.551 23.52 56.811
319 549 3.0369 1.4375 1.401 1.474 16.14 70.055
320 165 3.0369 1.366 1.331 1.401 7.81 55.869
321 171 3.0369 1.298 1.265 1.331 16.67 61.657
322 177 3.0369 1.2335 1.202 1.265 13.99 52.032
323 183 3.0369 1.1725 1.143 1.202 12.27 47.788
324 189 3.0369 1.1145 1.086 1.143 6.66 54.899
325 195 3.1416 1.9505 1.901 2 13.91 50.7
326 201 3.1416 1.854 1.807 1.901 13.9 51.186
327 207 3.1416 1.762 1.717 1.807 15.65 43.905
328 579 3.1416 1.6745 1.632 1.717 13.05 49.125
329 585 3.1416 1.5915 1.551 1.632 16.85 54.973
330 591 3.1416 1.5125 1.474 1.551 15.85 52.896
331 597 3.1416 1.4375 1.401 1.474 19.75 58.543
332 213 3.1416 1.366 1.331 1.401 7.28 54.372
333 219 3.1416 1.298 1.265 1.331 14.3 0
334 225 3.1416 1.2335 1.202 1.265 13.59 53.741
335 231 3.1416 1.1725 1.143 1.202 13.66 48.284
336 237 3.1416 1.1145 1.086 1.143 8.86 51.976
337 243 -3.0369 1.9505 1.901 2 12.54 55.297
338 249 -3.0369 1.854 1.807 1.901 15.17 43.584
339 255 -3.0369 1.762 1.717 1.807 15.43 45.285
340 603 -3.0369 1.6745 1.632 1.717 10.68 56.366
341 609 -3.0369 1.5915 1.551 1.632 14.03 55.107
342 615 -3.0369 1.5125 1.474 1.551 14.59 59.931
343 621 -3.0369 1.4375 1.401 1.474 15.03 53.036
344 261 -3.0369 1.366 1.331 1.401 15.76 60.4
345 267 -3.0369 1.298 1.265 1.331 11.52 63.934
346 273 -3.0369 1.2335 1.202 1.265 13.98 55.339
347 279 -3.0369 1.1725 1.143 1.202 8.77 64.709
348 285 -3.0369 1.1145 1.086 1.143 15.92 49.606
349 291 -2.9322 1.9505 1.901 2 9.66 50.709
350 297 -2.9322 1.854 1.807 1.901 9 47.249
351 303 -2.9322 1.762 1.717 1.807 10 48.425
352 627 -2.9322 1.6745 1.632 1.717 9.55 55.696
353 633 -2.9322 1.5915 1.551 1.632 9.37 57.813
354 639 -2.9322 1.5125 1.474 1.551 16.88 48.37
355 645 -2.9322 1.4375 1.401 1.474 11.24 57.398
356 309 -2.9322 1.366 1.331 1.401 9.85 61.608
357 315 -2.9322 1.298 1.265 1.331 15.51 47.795
358 321 -2.9322 1.2335 1.202 1.265 12.16 52.473
359 327 -2.9322 1.1725 1.143 1.202 13.78 40.182
360 333 -2.9322 1.1145 1.086 1.143 15.73 49.276
361 339 -2.8274 1.9505 1.901 2 10.02 53.79
362 345 -2.8274 1.854 1.807 1.901 12.37 54.179
363 351 -2.8274 1.762 1.717 1.807 12.64 48.046
364 651 -2.8274 1.6745 1.632 1.717 13.47 52.78
365 657 -2.8274 1.5915 1.551 1.632 12.62 54.66
366 663 -2.8274 1.5125 1.474 1.551 16.04 44.858
367 669 -2.8274 1.4375 1.401 1.474 15.32 52.409
368 357 -2.8274 1.366 1.331 1.401 10.52 65.449
369 363 -2.8274 1.298 1.265 1.331 14.88 62.757
370 369 -2.8274 1.2335 1.202 1.265 11.11 45.859
371 375 -2.8274 1.1725 1.143 1.202 12.81 51.095
372 381 -2.8274 1.1145 1.086 1.143 14.87 48.835
373 387 -2.7227 1.9505 1.901 2 20.96 50.272
374 393 -2.7227 1.854 1.807 1.901 16.87 48.25
375 399 -2.7227 1.762 1.717 1.807 15.51 55.112
376 675 -2.7227 1.6745 1.632 1.717 12.49 71.666
377 681 -2.7227 1.5915 1.551 1.632 8.23 84.816
378 687 -2.7227 1.5125 1.474 1.551 11.51 65.734
379 693 -2.7227 1.4375 1.401 1.474 10.52 57.426
380 405 -2.7227 1.366 1.331 1.401 18.64 83.585
381 411 -2.7227 1.298 1.265 1.331 20.1 0
382 417 -2.7227 1.2335 1.202 1.265 17.43 37.591
383 423 -2.7227 1.1725 1.143 1.202 15.17 51.811
384 429 -2.7227 1.1145 1.086 1.143 18.32 54.899
385 435 -2.6180 1.9505 1.901 2 20.97 52.255
386 441 -2.6180 1.854 1.807 1.901 17.53 46.627
387 447 -2.6180 1.762 1.717 1.807 18.93 43.662
388 699 -2.6180 1.6745 1.632 1.717 17.93 52.264
389 705 -2.6180 1.5915 1.551 1.632 12.19 55.263
390 711 -2.6180 1.5125 1.474 1.551 11.9 72.056
391 717 -2.6180 1.4375 1.401 1.474 10.49 53.465
392 453 -2.6180 1.366 1.331 1.401 17.8 71.575
393 459 -2.6180 1.298 1.265 1.331 19.1 55.407
394 465 -2.6180 1.2335 1.202 1.265 20.63 43.378
395 471 -2.6180 1.1725 1.143 1.202 17.98 54.402
396 477 -2.6180 1.1145 1.086 1.143 17.92 55.229
397 4 -2.5133 1.9505 1.901 2 23.48 50.33
398 10 -2.5133 1.854 1.807 1.901 17.37 44.391
399 16 -2.5133 1.762 1.717 1.807 20.16 46.277
400 484 -2.5133 1.6745 1.632 1.717 20.12 49.854
401 490 -2.5133 1.5915 1.551 1.632 21.23 50.527
402 496 -2.5133 1.5125 1.474 1.551 17.71 50.787
403 502 -2.5133 1.4375 1.401 1.474 19.27 61.738
404 22 -2.5133 1.366 1.331 1.401 19.51 0
405 28 -2.5133 1.298 1.265 1.331 20.14 60.213
406 34 -2.5133 1.2335 1.202 1.265 20.8 52.418
407 40 -2.5133 1.1725 1.143 1.202 21.58 59.693
408 46 -2.5133 1.1145 1.086 1.143 21.8 59.252
409 52 -2.4086 1.9505 1.901 2 18.35 50.845
410 58 -2.4086 1.854 1.807 1.901 16.89 47.142
411 64 -2.4086 1.762 1.717 1.807 19.31 42.933
412 508 -2.4086 1.6745 1.632 1.717 20.4 51.409
413 514 -2.4086 1.5915 1.551 1.632 18.91 63.83
414 520 -2.4086 1.5125 1.474 1.551 18 51.257
415 526 -2.4086 1.4375 1.401 1.474 21.97 56.1
416 70 -2.4086 1.366 1.331 1.401 18.57 63.935
417 76 -2.4086 1.298 1.265 1.331 15.12 69.799
418 82 -2.4086 1.2335 1.202 1.265 23.35 51.04
419 88 -2.4086 1.1725 1.143 1.202 17.83 55.009
420 94 -2.4086 1.1145 1.086 1.143 15.72 56.992
421 100 -2.3038 1.9505 1.901 2 18.46 60.468
422 106 -2.3038 1.854 1.807 1.901 19.53 49.834
423 112 -2.3038 1.762 1.717 1.807 17.54 52.799
424 532 -2.3038 1.6745 1.632 1.717 23.22 61.255
425 538 -2.3038 1.5915 1.551 1.632 18.86 41.229
426 544 -2.3038 1.5125 1.474 1.551 17.88 48.679
427 550 -2.3038 1.4375 1.401 1.474 15.63 55.173
428 118 -2.3038 1.366 1.331 1.401 18.06 58.913
429 124 -2.3038 1.298 1.265 1.331 20.24 46.765
430 130 -2.3038 1.2335 1.202 1.265 18.95 53.741
431 136 -2.3038 1.1725 1.143 1.202 18.89 43.874
432 142 -2.3038 1.1145 1.086 1.143 20.43 41.063
433 148 -2.1991 1.9505 1.901 2 21.26 51.098
434 154 -2.1991 1.854 1.807 1.901 21.56 46.986
435 160 -2.1991 1.762 1.717 1.807 21.15 45.422
436 556 -2.1991 1.6745 1.632 1.717 23.01 49.757
437 562 -2.1991 1.5915 1.551 1.632 18.15 51.741
438 568 -2.1991 1.5125 1.474 1.551 14.15 50.753
439 574 -2.1991 1.4375 1.401 1.474 17.98 21.883
440 166 -2.1991 1.366 1.331 1.401 17.54 53.45
441 172 -2.1991 1.298 1.265 1.331 16.01 45.841
442 178 -2.1991 1.2335 1.202 1.265 23.84 47.402
443 184 -2.1991 1.1725 1.143 1.202 18.88 47.292
444 190 -2.1991 1.1145 1.086 1.143 16.46 46.355
445 196 -2.0944 1.9505 1.901 2 17.02 54.801
446 202 -2.0944 1.854 1.807 1.901 18.67 49.99
447 208 -2.0944 1.762 1.717 1.807 21.35 43.993
448 604 -2.0944 1.6745 1.632 1.717 21.86 46.384
449 610 -2.0944 1.5915 1.551 1.632 19.21 55.753
450 616 -2.0944 1.5125 1.474 1.551 19.16 61.583
451 622 -2.0944 1.4375 1.401 1.474 15.57 53.85
452 214 -2.0944 1.366 1.331 1.401 19.96 60.327
453 220 -2.0944 1.298 1.265 1.331 21.31 47.153
454 226 -2.0944 1.2335 1.202 1.265 21.21 43.544
455 232 -2.0944 1.1725 1.143 1.202 17.13 33.788
456 238 -2.0944 1.1145 1.086 1.143 15.53 50.324
457 244 -1.9897 1.9505 1.901 2 16.41 51.846
458 250 -1.9897 1.854 1.807 1.901 17.84 70.791
459 256 -1.9897 1.762 1.717 1.807 18.16 44.78
460 580 -1.9897 1.6745 1.632 1.717 -3 0
461 586 -1.9897 1.5915 1.551 1.632 17.72 40.562
462 592 -1.9897 1.5125 1.474 1.551 22.03 60.964
463 598 -1.9897 1.4375 1.401 1.474 22.17 47.585
464 262 -1.9897 1.366 1.331 1.401 11.52 0
465 268 -1.9897 1.298 1.265 1.331 15.6 49.441
466 274 -1.9897 1.2335 1.202 1.265 20.09 52.087
467 280 -1.9897 1.1725 1.143 1.202 14.59 38.914
468 286 -1.9897 1.1145 1.086 1.143 15.45 57.985
469 292 -1.8850 1.9505 1.901 2 15.78 48.999
470 298 -1.8850 1.854 1.807 1.901 14.84 50.495
471 304 -1.8850 1.762 1.717 1.807 12.86 49.3
472 652 -1.8850 1.6745 1.632 1.717 19.66 0
473 658 -1.8850 1.5915 1.551 1.632 20.1 57.571
474 664 -1.8850 1.5125 1.474 1.551 17.04 56.956
475 670 -1.8850 1.4375 1.401 1.474 14.12 61.843
476 310 -1.8850 1.366 1.331 1.401 12.57 61.372
477 316 -1.8850 1.298 1.265 1.331 19.14 48.941
478 322 -1.8850 1.2335 1.202 1.265 23.06 47.953
479 328 -1.8850 1.1725 1.143 1.202 15.42 46.905
480 334 -1.8850 1.1145 1.086 1.143 21.74 0
481 340 -1.7802 1.9505 1.901 2 16.26 -2
482 346 -1.7802 1.854 1.807 1.901 16.76 -2
483 352 -1.7802 1.762 1.717 1.807 15.59 -2
484 628 -1.7802 1.6745 1.632 1.717 20.49 -2
485 634 -1.7802 1.5915 1.551 1.632 14.87 -2
486 640 -1.7802 1.5125 1.474 1.551 19.92 -2
487 646 -1.7802 1.4375 1.401 1.474 14.99 -2
488 358 -1.7802 1.366 1.331 1.401 17.29 -2
489 364 -1.7802 1.298 1.265 1.331 15.36 -2
490 370 -1.7802 1.2335 1.202 1.265 18.51 -2
491 376 -1.7802 1.1725 1.143 1.202 20.15 -2
492 382 -1.7802 1.1145 1.086 1.143 17.3 -2
493 388 -1.6755 1.9505 1.901 2 25.33 -2
494 394 -1.6755 1.854 1.807 1.901 23.58 -2
495 400 -1.6755 1.762 1.717 1.807 24.42 -2
496 676 -1.6755 1.6745 1.632 1.717 21.25 -2
497 682 -1.6755 1.5915 1.551 1.632 11.08 -2
498 688 -1.6755 1.5125 1.474 1.551 1.92 -2
499 694 -1.6755 1.4375 1.401 1.474 20.93 -2
500 406 -1.6755 1.366 1.331 1.401 23.45 -2
501 412 -1.6755 1.298 1.265 1.331 24.86 -2
502 418 -1.6755 1.2335 1.202 1.265 21.91 -2
503 424 -1.6755 1.1725 1.143 1.202 20.04 -2
504 430 -1.6755 1.1145 1.086 1.143 19.53 -2
505 436 -1.5708 1.9505 1.901 2 18.91 -2
506 442 -1.5708 1.854 1.807 1.901 12.78 -2
507 448 -1.5708 1.762 1.717 1.807 23.3 -2
508 700 -1.5708 1.6745 1.632 1.717 21.44 -2
509 706 -1.5708 1.5915 1.551 1.632 22.76 -2
510 712 -1.5708 1.5125 1.474 1.551 22.25 -2
511 718 -1.5708 1.4375 1.401 1.474 23.41 -2
512 454 -1.5708 1.366 1.331 1.401 20.39 -2
513 460 -1.5708 1.298 1.265 1.331 21.33 -2
514 466 -1.5708 1.2335 1.202 1.265 27.29 -2
515 472 -1.5708 1.1725 1.143 1.202 22.68 -2
516 478 -1.5708 1.1145 1.086 1.143 21.69 -2
517 5 -1.4661 1.9505 1.901 2 8.62 -2
518 11 -1.4661 1.854 1.807 1.901 19.85 -2
519 17 -1.4661 1.762 1.717 1.807 23.63 -2
520 485 -1.4661 1.6745 1.632 1.717 19.12 -2
521 491 -1.4661 1.5915 1.551 1.632 19.94 -2
522 497 -1.4661 1.5125 1.474 1.551 21.61 -2
523 503 -1.4661 1.4375 1.401 1.474 22.22 -2
524 23 -1.4661 1.366 1.331 1.401 27.09 -2
525 29 -1.4661 1.298 1.265 1.331 18.22 -2
526 35 -1.4661 1.2335 1.202 1.265 22.66 -2
527 41 -1.4661 1.1725 1.143 1.202 20.92 -2
528 47 -1.4661 1.1145 1.086 1.143 20.08 -2
529 53 -1.3614 1.9505 1.901 2 19.68 -2
530 59 -1.3614 1.854 1.807 1.901 20.26 -2
531 65 -1.3614 1.762 1.717 1.807 25.12 -2
532 509 -1.3614 1.6745 1.632 1.717 10.41 -2
533 515 -1.3614 1.5915 1.551 1.632 12.26 -2
534 521 -1.3614 1.5125 1.474 1.551 16.87 -2
535 527 -1.3614 1.4375 1.401 1.474 18.26 -2
536 71 -1.3614 1.366 1.331 1.401 23.68 -2
537 77 -1.3614 1.298 1.265 1.331 19.74 -2
538 83 -1.3614 1.2335 1.202 1.265 21.14 -2
539 89 -1.3614 1.1725 1.143 1.202 23.06 -2
540 95 -1.3614 1.1145 1.086 1.143 27.34 -2
541 101 -1.2566 1.9505 1.901 2 14.35 -2
542 107 -1.2566 1.854 1.807 1.901 16.24 -2
543 113 -1.2566 1.762 1.717 1.807 18.31 -2
544 533 -1.2566 1.6745 1.632 1.717 19.6 -2
545 539 -1.2566 1.5915 1.551 1.632 17.39 -2
546 545 -1.2566 1.5125 1.474 1.551 20.2 -2
547 551 -1.2566 1.4375 1.401 1.474 21.88 -2
548 119 -1.2566 1.366 1.331 1.401 23.36 -2
549 125 -1.2566 1.298 1.265 1.331 16.07 -2
550 131 -1.2566 1.2335 1.202 1.265 13.32 -2
551 137 -1.2566 1.1725 1.143 1.202 15.06 -2
552 143 -1.2566 1.1145 1.086 1.143 17.42 -2
553 149 -1.1519 1.9505 1.901 2 9.92 -2
554 155 -1.1519 1.854 1.807 1.901 16.3 -2
555 161 -1.1519 1.762 1.717 1.807 13.88 -2
556 557 -1.1519 1.6745 1.632 1.717 13.45 -2
557 563 -1.1519 1.5915 1.551 1.632 19.91 -2
558 569 -1.1519 1.5125 1.474 1.551 20.37 -2
559 575 -1.1519 1.4375 1.401 1.474 24.01 -2
560 167 -1.1519 1.366 1.331 1.401 18.91 -2
561 173 -1.1519 1.298 1.265 1.331 16.19 -2
562 179 -1.1519 1.2335 1.202 1.265 15.97 -2
563 185 -1.1519 1.1725 1.143 1.202 25.12 -2
564 191 -1.1519 1.1145 1.086 1.143 18.21 -2
565 197 -1.0472 1.9505 1.901 2 14.65 -2
566 203 -1.0472 1.854 1.807 1.901 19.65 -2
567 209 -1.0472 1.762 1.717 1.807 26.06 -2
568 581 -1.0472 1.6745 1.632 1.717 16.77 -2
569 587 -1.0472 1.5915 1.551 1.632 19.91 -2
570 593 -1.0472 1.5125 1.474 1.551 23.27 -2
571 599 -1.0472 1.4375 1.401 1.474 26.65 -2
572 215 -1.0472 1.366 1.331 1.401 26.4 -2
573 221 -1.0472 1.298 1.265 1.331 19.3 -2
574 227 -1.0472 1.2335 1.202 1.265 23.24 -2
575 233 -1.0472 1.1725 1.143 1.202 23.04 -2
576 239 -1.0472 1.1145 1.086 1.143 26.28 -2
577 245 -0.9425 1.9505 1.901 2 22.69 -2
578 251 -0.9425 1.854 1.807 1.901 17.56 -2
579 257 -0.9425 1.762 1.717 1.807 22.7 -2
580 605 -0.9425 1.6745 1.632 1.717 19.82 -2
581 611 -0.9425 1.5915 1.551 1.632 23.64 -2
582 617 -0.9425 1.5125 1.474 1.551 29.39 -2
583 623 -0.9425 1.4375 1.401 1.474 30.73 -2
584 263 -0.9425 1.366 1.331 1.401 26.06 -2
585 269 -0.9425 1.298 1.265 1.331 15.49 -2
586 275 -0.9425 1.2335 1.202 1.265 18.82 -2
587 281 -0.9425 1.1725 1.143 1.202 24.16 -2
588 287 -0.9425 1.1145 1.086 1.143 24.44 -2
589 293 -0.8378 1.9505 1.901 2 19.35 -2
590 299 -0.8378 1.854 1.807 1.901 19.94 -2
591 305 -0.8378 1.762 1.717 1.807 19.61 -2
592 629 -0.8378 1.6745 1.632 1.717 24.28 -2
593 635 -0.8378 1.5915 1.551 1.632 22.94 -2
594 641 -0.8378 1.5125 1.474 1.551 24.99 -2
595 647 -0.8378 1.4375 1.401 1.474 26.55 -2
596 311 -0.8378 1.366 1.331 1.401 24.85 -2
597 317 -0.8378 1.298 1.265 1.331 12.45 -2
598 323 -0.8378 1.2335 1.202 1.265 16.82 -2
599 329 -0.8378 1.1725 1.143 1.202 18.03 -2
600 335 -0.8378 1.1145 1.086 1.143 21.72 -2
601 341 -0.7330 1.9505 1.901 2 15.59 -2
602 347 -0.7330 1.854 1.807 1.901 17.47 -2
603 353 -0.7330 1.762 1.717 1.807 20.28 -2
604 653 -0.7330 1.6745 1.632 1.717 18.29 -2
605 659 -0.7330 1.5915 1.551 1.632 24.12 -2
606 665 -0.7330 1.5125 1.474 1.551 27.54 -2
607 671 -0.7330 1.4375 1.401 1.474 27.16 -2
608 359 -0.7330 1.366 1.331 1.401 23.65 -2
609 365 -0.7330 1.298 1.265 1.331 20.45 -2
610 371 -0.7330 1.2335 1.202 1.265 20.11 -2
611 377 -0.7330 1.1725 1.143 1.202 22.09 -2
612 383 -0.7330 1.1145 1.086 1.143 25.95 -2
613 389 -0.6283 1.9505 1.901 2 15.1 -2
614 395 -0.6283 1.854 1.807 1.901 21.57 -2
615 401 -0.6283 1.762 1.717 1.807 22.37 -2
616 677 -0.6283 1.6745 1.632 1.717 17.41 -2
617 683 -0.6283 1.5915 1.551 1.632 23.26 -2
618 689 -0.6283 1.5125 1.474 1.551 19.95 -2
619 695 -0.6283 1.4375 1.401 1.474 22.96 -2
620 407 -0.6283 1.366 1.331 1.401 28.77 -2
621 413 -0.6283 1.298 1.265 1.331 20.54 -2
622 419 -0.6283 1.2335 1.202 1.265 26.42 -2
623 425 -0.6283 1.1725 1.143 1.202 27.28 -2
624 431 -0.6283 1.1145 1.086 1.143 28.45 -2
625 437 -0.5236 1.9505 1.901 2 19.48 -2
626 443 -0.5236 1.854 1.807 1.901 24.54 -2
627 449 -0.5236 1.762 1.717 1.807 19.41 -2
628 701 -0.5236 1.6745 1.632 1.717 14.78 -2
629 707 -0.5236 1.5915 1.551 1.632 14.01 -2
630 713 -0.5236 1.5125 1.474 1.551 20.82 -2
631 719 -0.5236 1.4375 1.401 1.474 20.65 -2
632 455 -0.5236 1.366 1.331 1.401 23.52 -2
633 461 -0.5236 1.298 1.265 1.331 25.96 -2
634 467 -0.5236 1.2335 1.202 1.265 14.7 -2
635 473 -0.5236 1.1725 1.143 1.202 25.41 -2
636 479 -0.5236 1.1145 1.086 1.143 20.85 -2
637 0 -0.4189 1.9505 1.901 2 15.48 -2
638 6 -0.4189 1.854 1.807 1.901 20.62 -2
639 12 -0.4189 1.762 1.717 1.807 22.8 -2
640 480 -0.4189 1.6745 1.632 1.717 20.24 -2
641 486 -0.4189 1.5915 1.551 1.632 23.75 -2
642 492 -0.4189 1.5125 1.474 1.551 27.65 -2
643 498 -0.4189 1.4375 1.401 1.474 24.78 -2
644 18 -0.4189 1.366 1.331 1.401 24.65 -2
645 24 -0.4189 1.298 1.265 1.331 17.69 -2
646 30 -0.4189 1.2335 1.202 1.265 23.15 -2
647 36 -0.4189 1.1725 1.143 1.202 23.05 -2
648 42 -0.4189 1.1145 1.086 1.143 22.33 -2
649 48 -0.3142 1.9505 1.901 2 22.26 -2
650 54 -0.3142 1.854 1.807 1.901 21.93 -2
651 60 -0.3142 1.762 1.717 1.807 21.05 -2
652 504 -0.3142 1.6745 1.632 1.717 14.13 -2
653 510 -0.3142 1.5915 1.551 1.632 15.54 -2
654 516 -0.3142 1.5125 1.474 1.551 19.22 -2
655 522 -0.3142 1.4375 1.401 1.474 19.1 -2
656 66 -0.3142 1.366 1.331 1.401 20.73 -2
657 72 -0.3142 1.298 1.265 1.331 19.09 -2
658 78 -0.3142 1.2335 1.202 1.265 12.88 -2
659 84 -0.3142 1.1725 1.143 1.202 20.76 -2
660 90 -0.3142 1.1145 1.086 1.143 20.59 -2
661 96 -0.2094 1.9505 1.901 2 12.68 -2
662 102 -0.2094 1.854 1.807 1.901 21 -2
663 108 -0.2094 1.762 1.717 1.807 18.06 -2
664 528 -0.2094 1.6745 1.632 1.717 15.52 -2
665 534 -0.2094 1.5915 1.551 1.632 17.35 -2
666 540 -0.2094 1.5125 1.474 1.551 19.6 -2
667 546 -0.2094 1.4375 1.401 1.474 23.57 -2
668 114 -0.2094 1.366 1.331 1.401 20.45 -2
669 120 -0.2094 1.298 1.265 1.331 9.21 -2
670 126 -0.2094 1.2335 1.202 1.265 16.06 -2
671 132 -0.2094 1.1725 1.143 1.202 15.33 -2
672 138 -0.2094 1.1145 1.086 1.143 15.7 -2
673 144 -0.1047 1.9505 1.901 2 14.92 -2
674 150 -0.1047 1.854 1.807 1.901 14.1 -2
675 156 -0.1047 1.762 1.717 1.807 20.92 -2
676 552 -0.1047 1.6745 1.632 1.717 18.4 -2
677 558 -0.1047 1.5915 1.551 1.632 20.36 -2
678 564 -0.1047 1.5125 1.474 1.551 25.44 -2
679 570 -0.1047 1.4375 1.401 1.474 24.09 -2
680 162 -0.1047 1.366 1.331 1.401 20.8 -2
681 168 -0.1047 1.298 1.265 1.331 13.88 -2
682 174 -0.1047 1.2335 1.202 1.265 15.24 -2
683 180 -0.1047 1.1725 1.143 1.202 19.91 -2
684 186 -0.1047 1.1145 1.086 1.143 23.82 -2
685 192 0.0000 1.9505 1.901 2 16.06 -2
686 198 0.0000 1.854 1.807 1.901 19.84 -2
687 204 0.0000 1.762 1.717 1.807 22.33 -2
688 576 0.0000 1.6745 1.632 1.717 16.07 -2
689 582 0.0000 1.5915 1.551 1.632 20.93 -2
690 588 0.0000 1.5125 1.474 1.551 25.09 -2
691 594 0.0000 1.4375 1.401 1.474 28.16 -2
692 210 0.0000 1.366 1.331 1.401 27.21 -2
693 216 0.0000 1.298 1.265 1.331 17.52 -2
694 222 0.0000 1.2335 1.202 1.265 20.53 -2
695 228 0.0000 1.1725 1.143 1.202 21.01 -2
696 234 0.0000 1.1145 1.086 1.143 28.78 -2
697 240 0.1047 1.9505 1.901 2 15.62 -2
698 246 0.1047 1.854 1.807 1.901 19.57 -2
699 252 0.1047 1.762 1.717 1.807 22.88 -2
700 600 0.1047 1.6745 1.632 1.717 16.8 -2
701 606 0.1047 1.5915 1.551 1.632 21.51 -2
702 612 0.1047 1.5125 1.474 1.551 21.94 -2
703 618 0.1047 1.4375 1.401 1.474 22.96 -2
704 258 0.1047 1.366 1.331 1.401 22.15 -2
705 264 0.1047 1.298 1.265 1.331 18.38 -2
706 270 0.1047 1.2335 1.202 1.265 15.55 -2
707 276 0.1047 1.1725 1.143 1.202 18.33 -2
708 282 0.1047 1.1145 1.086 1.143 20.14 -2
709 288 0.2094 1.9505 1.901 2 14.06 -2
710 294 0.2094 1.854 1.807 1.901 21.79 -2
711 300 0.2094 1.762 1.717 1.807 19.07 -2
712 624 0.2094 1.6745 1.632 1.717 16.07 -2
713 630 0.2094 1.5915 1.551 1.632 20.78 -2
714 636 0.2094 1.5125 1.474 1.551 22.95 -2
715 642 0.2094 1.4375 1.401 1.474 23.74 -2
716 306 0.2094 1.366 1.331 1.401 24.09 -2
717 312 0.2094 1.298 1.265 1.331 14.46 -2
718 318 0.2094 1.2335 1.202 1.265 14.95 -2
719 324 0.2094 1.1725 1.143 1.202 17.83 -2
720 330 0.2094 1.1145 1.086 1.143 16.45 -2
