1	0	637
1	1	638
1	2	639
1	3	644
1	4	645
1	5	646
1	6	647
1	7	648
1	8	649
1	9	650
1	10	651
1	11	656
1	12	657
1	13	658
1	14	659
1	15	660
1	16	661
1	17	662
1	18	663
1	19	668
1	20	669
1	21	670
1	22	671
1	23	672
1	24	673
1	25	674
1	26	675
1	27	680
1	28	681
1	29	682
1	30	683
1	31	684
1	32	685
1	33	686
1	34	687
1	35	692
1	36	693
1	37	694
1	38	695
1	39	696
1	40	697
1	41	698
1	42	699
1	43	704
1	44	705
1	45	706
1	46	707
1	47	708
1	48	709
1	49	710
1	50	711
1	51	716
1	52	717
1	53	718
1	54	719
1	55	720
1	56	1
1	57	2
1	58	3
1	59	8
1	60	9
1	61	10
1	62	11
1	63	12
1	64	13
1	65	14
1	66	15
1	67	20
1	68	21
1	69	22
1	70	23
1	71	24
1	72	25
1	73	26
1	74	27
1	75	32
1	76	33
1	77	34
1	78	35
1	79	36
1	80	640
1	81	641
1	82	642
1	83	643
1	84	652
1	85	653
1	86	654
1	87	655
1	88	664
1	89	665
1	90	666
1	91	667
1	92	676
1	93	677
1	94	678
1	95	679
1	96	688
1	97	689
1	98	690
1	99	691
1	100	700
1	101	701
1	102	702
1	103	703
1	104	712
1	105	713
1	106	714
1	107	715
1	108	4
1	109	5
1	110	6
1	111	7
1	112	16
1	113	17
1	114	18
1	115	19
1	116	28
1	117	29
1	118	30
1	119	31
2	0	37
2	1	38
2	2	39
2	3	44
2	4	45
2	5	46
2	6	47
2	7	48
2	8	49
2	9	50
2	10	51
2	11	56
2	12	57
2	13	58
2	14	59
2	15	60
2	16	61
2	17	62
2	18	63
2	19	68
2	20	69
2	21	70
2	22	71
2	23	72
2	24	73
2	25	74
2	26	75
2	27	80
2	28	81
2	29	82
2	30	83
2	31	84
2	32	85
2	33	86
2	34	87
2	35	92
2	36	93
2	37	94
2	38	95
2	39	96
2	40	97
2	41	98
2	42	99
2	43	104
2	44	105
2	45	106
2	46	107
2	47	108
2	48	109
2	49	110
2	50	111
2	51	116
2	52	117
2	53	118
2	54	119
2	55	120
2	56	121
2	57	122
2	58	123
2	59	128
2	60	129
2	61	130
2	62	131
2	63	132
2	64	133
2	65	134
2	66	135
2	67	140
2	68	141
2	69	142
2	70	143
2	71	144
2	72	145
2	73	146
2	74	147
2	75	152
2	76	153
2	77	154
2	78	155
2	79	156
2	80	40
2	81	41
2	82	42
2	83	43
2	84	52
2	85	53
2	86	54
2	87	55
2	88	64
2	89	65
2	90	66
2	91	67
2	92	76
2	93	77
2	94	78
2	95	79
2	96	88
2	97	89
2	98	90
2	99	91
2	100	100
2	101	101
2	102	102
2	103	103
2	104	112
2	105	113
2	106	114
2	107	115
2	108	124
2	109	125
2	110	126
2	111	127
2	112	136
2	113	137
2	114	138
2	115	139
2	116	148
2	117	149
2	118	150
2	119	151
3	0	157
3	1	158
3	2	159
3	3	164
3	4	165
3	5	166
3	6	167
3	7	168
3	8	169
3	9	170
3	10	171
3	11	176
3	12	177
3	13	178
3	14	179
3	15	180
3	16	181
3	17	182
3	18	183
3	19	188
3	20	189
3	21	190
3	22	191
3	23	192
3	24	193
3	25	194
3	26	195
3	27	200
3	28	201
3	29	202
3	30	203
3	31	204
3	32	205
3	33	206
3	34	207
3	35	212
3	36	213
3	37	214
3	38	215
3	39	216
3	40	217
3	41	218
3	42	219
3	43	224
3	44	225
3	45	226
3	46	227
3	47	228
3	48	229
3	49	230
3	50	231
3	51	236
3	52	237
3	53	238
3	54	239
3	55	240
3	56	241
3	57	242
3	58	243
3	59	248
3	60	249
3	61	250
3	62	251
3	63	252
3	64	253
3	65	254
3	66	255
3	67	260
3	68	261
3	69	262
3	70	263
3	71	264
3	72	265
3	73	266
3	74	267
3	75	272
3	76	273
3	77	274
3	78	275
3	79	276
3	80	160
3	81	161
3	82	162
3	83	163
3	84	172
3	85	173
3	86	174
3	87	175
3	88	184
3	89	185
3	90	186
3	91	187
3	92	196
3	93	197
3	94	198
3	95	199
3	96	208
3	97	209
3	98	210
3	99	211
3	100	220
3	101	221
3	102	222
3	103	223
3	104	232
3	105	233
3	106	234
3	107	235
3	108	244
3	109	245
3	110	246
3	111	247
3	112	256
3	113	257
3	114	258
3	115	259
3	116	268
3	117	269
3	118	270
3	119	271
4	0	277
4	1	278
4	2	279
4	3	284
4	4	285
4	5	286
4	6	287
4	7	288
4	8	289
4	9	290
4	10	291
4	11	296
4	12	297
4	13	298
4	14	299
4	15	300
4	16	301
4	17	302
4	18	303
4	19	308
4	20	309
4	21	310
4	22	311
4	23	312
4	24	313
4	25	314
4	26	315
4	27	320
4	28	321
4	29	322
4	30	323
4	31	324
4	32	325
4	33	326
4	34	327
4	35	332
4	36	333
4	37	334
4	38	335
4	39	336
4	40	337
4	41	338
4	42	339
4	43	344
4	44	345
4	45	346
4	46	347
4	47	348
4	48	349
4	49	350
4	50	351
4	51	356
4	52	357
4	53	358
4	54	359
4	55	360
4	56	361
4	57	362
4	58	363
4	59	368
4	60	369
4	61	370
4	62	371
4	63	372
4	64	373
4	65	374
4	66	375
4	67	380
4	68	381
4	69	382
4	70	383
4	71	384
4	72	385
4	73	386
4	74	387
4	75	392
4	76	393
4	77	394
4	78	395
4	79	396
4	80	280
4	81	281
4	82	282
4	83	283
4	84	292
4	85	293
4	86	294
4	87	295
4	88	316
4	89	317
4	90	318
4	91	319
4	92	304
4	93	305
4	94	306
4	95	307
4	96	328
4	97	329
4	98	330
4	99	331
4	100	340
4	101	341
4	102	342
4	103	343
4	104	352
4	105	353
4	106	354
4	107	355
4	108	364
4	109	365
4	110	366
4	111	367
4	112	376
4	113	377
4	114	378
4	115	379
4	116	388
4	117	389
4	118	390
4	119	391
5	0	397
5	1	398
5	2	399
5	3	404
5	4	405
5	5	406
5	6	407
5	7	408
5	8	409
5	9	410
5	10	411
5	11	416
5	12	417
5	13	418
5	14	419
5	15	420
5	16	421
5	17	422
5	18	423
5	19	428
5	20	429
5	21	430
5	22	431
5	23	432
5	24	433
5	25	434
5	26	435
5	27	440
5	28	441
5	29	442
5	30	443
5	31	444
5	32	445
5	33	446
5	34	447
5	35	452
5	36	453
5	37	454
5	38	455
5	39	456
5	40	457
5	41	458
5	42	459
5	43	465
5	44	464
5	45	466
5	46	467
5	47	468
5	48	469
5	49	470
5	50	471
5	51	476
5	52	477
5	53	478
5	54	479
5	55	480
5	56	481
5	57	482
5	58	483
5	59	488
5	60	489
5	61	490
5	62	491
5	63	492
5	64	493
5	65	494
5	66	495
5	67	500
5	68	501
5	69	502
5	70	503
5	71	504
5	72	505
5	73	506
5	74	507
5	75	512
5	76	513
5	77	514
5	78	515
5	79	516
5	80	400
5	81	401
5	82	402
5	83	403
5	84	412
5	85	413
5	86	414
5	87	415
5	88	424
5	89	425
5	90	426
5	91	427
5	92	436
5	93	437
5	94	438
5	95	439
5	96	460
5	97	461
5	98	462
5	99	463
5	100	448
5	101	449
5	102	450
5	103	451
5	104	484
5	105	485
5	106	486
5	107	487
5	108	472
5	109	473
5	110	474
5	111	475
5	112	496
5	113	497
5	114	498
5	115	499
5	116	508
5	117	509
5	118	510
5	119	511
6	0	517
6	1	518
6	2	519
6	3	524
6	4	525
6	5	526
6	6	527
6	7	528
6	8	529
6	9	530
6	10	531
6	11	536
6	12	537
6	13	538
6	14	539
6	15	540
6	16	541
6	17	542
6	18	543
6	19	548
6	20	549
6	21	550
6	22	551
6	23	552
6	24	553
6	25	554
6	26	555
6	27	560
6	28	561
6	29	562
6	30	563
6	31	564
6	32	565
6	33	566
6	34	567
6	35	572
6	36	573
6	37	574
6	38	575
6	39	576
6	40	577
6	41	578
6	42	579
6	43	584
6	44	585
6	45	586
6	46	587
6	47	588
6	48	589
6	49	590
6	50	591
6	51	596
6	52	597
6	53	598
6	54	599
6	55	600
6	56	601
6	57	602
6	58	603
6	59	608
6	60	609
6	61	610
6	62	611
6	63	612
6	64	613
6	65	614
6	66	615
6	67	620
6	68	621
6	69	622
6	70	623
6	71	624
6	72	625
6	73	626
6	74	627
6	75	632
6	76	633
6	77	634
6	78	635
6	79	636
6	80	520
6	81	521
6	82	522
6	83	523
6	84	532
6	85	533
6	86	534
6	87	535
6	88	544
6	89	545
6	90	546
6	91	547
6	92	556
6	93	557
6	94	558
6	95	559
6	96	568
6	97	569
6	98	570
6	99	571
6	100	580
6	101	581
6	102	582
6	103	583
6	104	592
6	105	593
6	106	594
6	107	595
6	108	604
6	109	605
6	110	606
6	111	607
6	112	616
6	113	617
6	114	618
6	115	619
6	116	628
6	117	629
6	118	630
6	119	631
