1 1 1 0.000 
1 1 2 0.000 
1 1 3 0.000 
1 1 4 0.000 
1 1 5 0.000 
1 1 6 0.000 
1 1 7 0.000 
1 1 8 0.000 
1 1 9 0.000 
1 1 10 0.000 
1 1 11 0.000 
1 1 12 0.000 
1 1 13 0.000 
1 1 14 0.000 
1 1 15 0.000 
1 1 16 0.000 
1 1 17 0.000 
1 1 18 0.000 
1 1 19 0.000 
1 1 20 0.000 
1 1 21 0.000 
1 1 22 0.000 
1 1 23 0.000 
1 1 24 0.000 
1 1 25 0.000 
1 1 26 0.000 
1 1 27 0.000 
1 1 28 0.000 
1 1 29 0.000 
1 1 30 0.000 
1 1 31 0.000 
1 1 32 0.000 
1 1 33 0.000 
1 1 34 0.000 
1 1 35 0.000 
1 1 36 0.000 
1 1 37 0.000 
1 1 38 0.000 
1 1 39 0.000 
1 1 40 0.000 
1 1 41 0.000 
1 1 42 0.000 
1 1 43 0.000 
1 1 44 0.000 
1 1 45 0.000 
1 1 46 0.000 
1 1 47 0.000 
1 1 48 0.000 
1 1 49 0.000 
1 2 1 0.000 
1 2 2 0.000 
1 2 3 0.000 
1 2 4 0.000 
1 2 5 0.000 
1 2 6 0.000 
1 2 7 0.000 
1 2 8 0.000 
1 2 9 0.000 
1 2 10 0.000 
1 2 11 0.000 
1 2 12 0.000 
1 2 13 0.000 
1 2 14 0.000 
1 2 15 0.000 
1 2 16 0.000 
1 2 17 0.000 
1 2 18 0.000 
1 2 19 0.000 
1 2 20 0.000 
1 2 21 0.000 
1 2 22 0.000 
1 2 23 0.000 
1 2 24 0.000 
1 2 25 0.000 
1 2 26 0.000 
1 2 27 0.000 
1 2 28 0.000 
1 2 29 0.000 
1 2 30 0.000 
1 2 31 0.000 
1 2 32 0.000 
1 2 33 0.000 
1 2 34 0.000 
1 2 35 0.000 
1 2 36 0.000 
1 2 37 0.000 
1 2 38 0.000 
1 2 39 0.000 
1 2 40 0.000 
1 2 41 0.000 
1 2 42 0.000 
1 2 43 0.000 
1 2 44 0.000 
1 2 45 0.000 
1 2 46 0.000 
1 2 47 0.000 
1 2 48 0.000 
1 2 49 0.000 
1 3 1 0.000 
1 3 2 0.000 
1 3 3 0.000 
1 3 4 0.000 
1 3 5 0.000 
1 3 6 0.000 
1 3 7 0.000 
1 3 8 0.000 
1 3 9 0.000 
1 3 10 0.000 
1 3 11 0.000 
1 3 12 0.000 
1 3 13 0.000 
1 3 14 0.000 
1 3 15 0.000 
1 3 16 0.000 
1 3 17 0.000 
1 3 18 0.000 
1 3 19 0.000 
1 3 20 0.000 
1 3 21 0.000 
1 3 22 0.000 
1 3 23 0.000 
1 3 24 0.000 
1 3 25 0.000 
1 4 1 0.000 
1 4 2 0.000 
1 4 3 0.000 
1 4 4 0.000 
1 4 5 0.000 
1 4 6 0.000 
1 4 7 0.000 
1 4 8 0.000 
1 4 9 0.000 
1 4 10 0.000 
1 4 11 0.000 
1 4 12 0.000 
1 4 13 0.000 
1 4 14 0.000 
1 4 15 0.000 
1 4 16 0.000 
1 4 17 0.000 
1 4 18 0.000 
1 4 19 0.000 
1 4 20 0.000 
1 4 21 0.000 
1 4 22 0.000 
1 4 23 0.000 
1 4 24 0.000 
1 4 25 0.000 
1 5 1 0.000 
1 5 2 0.000 
1 5 3 0.000 
1 5 4 0.000 
1 5 5 0.000 
1 5 6 0.000 
1 5 7 0.000 
1 6 1 0.000 
1 6 2 0.000 
1 6 3 0.000 
1 6 4 0.000 
1 6 5 0.000 
1 6 6 0.000 
1 6 7 0.000 
2 1 1 0.971 
2 1 2 1.535 
2 1 3 1.835 
2 1 4 1.013 
2 1 5 1.000 
2 1 6 1.752 
2 1 7 0.962 
2 1 8 1.000 
2 1 9 1.000 
2 1 10 1.000 
2 1 11 0.000 
2 1 12 0.000 
2 1 13 0.000 
2 1 14 0.000 
2 1 15 0.000 
2 1 16 0.000 
2 1 17 0.000 
2 1 18 1.191 
2 1 19 1.688 
2 1 20 0.991 
2 1 21 1.135 
2 1 22 1.533 
2 1 23 0.894 
2 1 24 1.129 
2 1 25 2.219 
2 1 26 1.835 
2 1 27 0.752 
2 1 28 1.000 
2 1 29 0.000 
2 1 30 0.000 
2 1 31 0.000 
2 1 32 0.000 
2 1 33 0.000 
2 1 34 0.000 
2 1 35 0.954 
2 1 36 1.009 
2 1 37 0.875 
2 1 38 1.167 
2 1 39 0.958 
2 1 40 1.262 
2 1 41 1.039 
2 1 42 1.081 
2 1 43 1.166 
2 1 44 1.751 
2 1 45 2.146 
2 1 46 0.849 
2 1 47 0.000 
2 1 48 0.000 
2 1 49 0.000 
2 1 50 0.000 
2 1 51 0.000 
2 1 52 0.834 
2 1 53 1.265 
2 1 54 1.365 
2 1 55 0.851 
2 1 56 0.857 
2 1 57 1.016 
2 1 58 1.260 
2 1 59 1.464 
2 1 60 1.232 
2 1 61 0.939 
2 1 62 2.237 
2 1 63 1.222 
2 1 64 2.237 
2 1 65 0.000 
2 1 66 0.000 
2 1 67 0.000 
2 1 68 0.000 
2 1 69 0.900 
2 1 70 1.009 
2 1 71 1.006 
2 1 72 0.988 
2 1 73 1.000 
2 1 74 1.229 
2 1 75 0.809 
2 1 76 1.036 
2 1 77 1.110 
2 1 78 1.867 
2 1 79 1.548 
2 1 80 2.119 
2 1 81 0.714 
2 1 82 1.581 
2 1 83 0.000 
2 1 84 0.000 
2 1 85 0.000 
2 1 86 1.235 
2 1 87 1.085 
2 1 88 1.228 
2 1 89 1.122 
2 1 90 1.073 
2 1 91 1.069 
2 1 92 0.917 
2 1 93 0.967 
2 1 94 1.009 
2 1 95 1.044 
2 1 96 0.937 
2 1 97 1.543 
2 1 98 1.892 
2 1 99 0.132 
2 1 100 2.130 
2 1 101 0.000 
2 1 102 0.000 
2 1 103 0.991 
2 1 104 1.431 
2 1 105 0.933 
2 1 106 1.007 
2 1 107 1.142 
2 1 108 0.975 
2 1 109 0.795 
2 1 110 1.100 
2 1 111 1.333 
2 1 112 1.062 
2 1 113 1.001 
2 1 114 1.089 
2 1 115 0.971 
2 1 116 0.711 
2 1 117 0.853 
2 1 118 1.376 
2 1 119 0.000 
2 1 120 1.000 
2 1 121 1.279 
2 1 122 1.077 
2 1 123 1.095 
2 1 124 1.219 
2 1 125 1.326 
2 1 126 0.997 
2 1 127 1.182 
2 1 128 0.844 
2 1 129 1.115 
2 1 130 2.124 
2 1 131 0.917 
2 1 132 0.483 
2 1 133 0.715 
2 1 134 1.166 
2 1 135 2.123 
2 1 136 2.209 
2 1 137 1.154 
2 1 138 1.054 
2 1 139 1.165 
2 1 140 0.987 
2 1 141 0.925 
2 1 142 1.040 
2 1 143 1.047 
2 1 144 1.248 
2 1 145 0.880 
2 1 146 0.849 
2 1 147 1.303 
2 1 148 1.025 
2 1 149 0.791 
2 1 150 1.471 
2 1 151 1.143 
2 1 152 0.868 
2 1 153 2.222 
2 1 154 0.000 
2 1 155 0.000 
2 1 156 0.000 
2 1 157 0.000 
2 1 158 0.000 
2 1 159 0.000 
2 1 160 0.000 
2 1 161 0.000 
2 1 162 -0.000 
2 1 163 1.072 
2 1 164 1.060 
2 1 165 0.975 
2 1 166 1.059 
2 1 167 1.077 
2 1 168 0.720 
2 1 169 0.612 
2 1 170 2.221 
2 1 171 0.000 
2 1 172 0.000 
2 1 173 0.000 
2 1 174 0.000 
2 1 175 0.000 
2 1 176 0.000 
2 1 177 0.000 
2 1 178 0.000 
2 1 179 1.069 
2 1 180 0.852 
2 1 181 1.203 
2 1 182 0.980 
2 1 183 0.944 
2 1 184 1.919 
2 1 185 1.676 
2 1 186 0.988 
2 1 187 2.232 
2 1 188 0.000 
2 1 189 0.000 
2 1 190 0.000 
2 1 191 0.000 
2 1 192 0.000 
2 1 193 0.000 
2 1 194 0.000 
2 1 195 0.000 
2 1 196 1.249 
2 1 197 1.164 
2 1 198 1.239 
2 1 199 0.957 
2 1 200 1.024 
2 1 201 1.258 
2 1 202 1.151 
2 1 203 1.188 
2 1 204 2.205 
2 1 205 0.000 
2 1 206 0.000 
2 1 207 0.000 
2 1 208 0.000 
2 1 209 0.000 
2 1 210 0.000 
2 1 211 0.000 
2 1 212 0.000 
2 1 213 1.298 
2 1 214 0.877 
2 1 215 0.830 
2 1 216 0.876 
2 1 217 1.338 
2 1 218 1.074 
2 1 219 1.020 
2 1 220 0.800 
2 1 221 0.000 
2 1 222 0.000 
2 1 223 0.000 
2 1 224 0.000 
2 1 225 0.000 
2 1 226 0.000 
2 1 227 0.000 
2 1 228 0.000 
2 1 229 0.000 
2 1 230 0.000 
2 1 231 1.031 
2 1 232 1.154 
2 1 233 1.208 
2 1 234 0.941 
2 1 235 0.804 
2 1 236 0.965 
2 1 237 1.231 
2 1 238 2.215 
2 1 239 0.000 
2 1 240 0.000 
2 1 241 0.000 
2 1 242 0.000 
2 1 243 0.000 
2 1 244 0.000 
2 1 245 0.000 
2 1 246 0.000 
2 1 247 1.122 
2 1 248 0.847 
2 1 249 0.821 
2 1 250 1.284 
2 1 251 1.314 
2 1 252 0.855 
2 1 253 1.139 
2 1 254 1.176 
2 1 255 1.499 
2 1 256 0.000 
2 1 257 0.000 
2 1 258 0.000 
2 1 259 0.000 
2 1 260 0.000 
2 1 261 0.000 
2 1 262 0.000 
2 1 263 0.000 
2 1 264 1.016 
2 1 265 0.935 
2 1 266 1.023 
2 1 267 0.881 
2 1 268 1.095 
2 1 269 0.913 
2 1 270 1.098 
2 1 271 0.824 
2 1 272 1.327 
2 1 273 0.000 
2 1 274 0.000 
2 1 275 0.000 
2 1 276 0.000 
2 1 277 0.000 
2 1 278 0.000 
2 1 279 0.000 
2 1 280 0.000 
2 1 281 1.028 
2 1 282 0.975 
2 1 283 0.884 
2 1 284 0.902 
2 1 285 1.086 
2 1 286 1.215 
2 1 287 1.195 
2 1 288 0.753 
2 1 289 2.227 
2 1 290 0.000 
2 1 291 0.000 
2 1 292 0.000 
2 1 293 0.000 
2 1 294 0.000 
2 1 295 0.000 
2 1 296 0.000 
2 1 297 0.000 
2 1 298 0.872 
2 1 299 1.027 
2 1 300 1.327 
2 1 301 1.011 
2 1 302 0.939 
2 1 303 1.082 
2 1 304 0.963 
2 1 305 1.702 
2 1 306 0.000 
2 1 307 0.000 
2 1 308 0.000 
2 1 309 0.000 
2 1 310 0.000 
2 1 311 0.000 
2 1 312 0.000 
2 1 313 0.000 
2 1 314 0.000 
2 1 315 1.278 
2 1 316 0.817 
2 1 317 0.983 
2 1 318 0.956 
2 1 319 1.061 
2 1 320 0.825 
2 1 321 0.965 
2 1 322 0.909 
2 1 323 1.264 
2 1 324 0.000 
2 1 325 0.000 
2 1 326 0.000 
2 1 327 0.000 
2 1 328 0.000 
2 1 329 0.000 
2 1 330 0.000 
2 1 331 0.000 
2 1 332 1.182 
2 1 333 1.042 
2 1 334 1.120 
2 1 335 0.799 
2 1 336 1.020 
2 1 337 0.947 
2 1 338 1.326 
2 1 339 7.845 
2 1 340 0.909 
2 1 341 0.000 
2 1 342 0.000 
2 1 343 0.000 
2 1 344 0.000 
2 1 345 0.000 
2 1 346 0.000 
2 1 347 0.000 
2 1 348 0.000 
2 1 349 1.145 
2 1 350 0.836 
2 1 351 1.261 
2 1 352 0.888 
2 1 353 1.272 
2 1 354 0.861 
2 1 355 1.089 
2 1 356 1.093 
2 1 357 1.187 
2 1 358 0.000 
2 1 359 0.000 
2 1 360 0.000 
2 1 361 0.000 
2 1 362 0.000 
2 1 363 0.000 
2 1 364 0.000 
2 1 365 0.000 
2 1 366 1.051 
2 1 367 0.984 
2 1 368 1.095 
2 1 369 0.993 
2 1 370 1.181 
2 1 371 0.436 
2 1 372 1.038 
2 1 373 0.826 
2 1 374 1.441 
2 1 375 0.000 
2 1 376 0.000 
2 1 377 0.000 
2 1 378 0.000 
2 1 379 0.000 
2 1 380 0.000 
2 1 381 0.000 
2 1 382 0.000 
2 1 383 1.361 
2 1 384 0.978 
2 1 385 1.271 
2 1 386 0.953 
2 1 387 0.982 
2 1 388 1.041 
2 1 389 0.954 
2 1 390 1.180 
2 1 391 1.292 
2 1 392 0.000 
2 1 393 0.000 
2 1 394 0.000 
2 1 395 0.000 
2 1 396 0.000 
2 1 397 0.000 
2 1 398 0.000 
2 1 399 0.000 
2 1 400 1.189 
2 1 401 0.774 
2 1 402 1.233 
2 1 403 0.939 
2 1 404 1.145 
2 1 405 0.983 
2 1 406 0.000 
2 1 407 1.075 
2 1 408 0.842 
2 1 409 0.000 
2 1 410 0.000 
2 1 411 0.000 
2 1 412 0.000 
2 1 413 0.000 
2 1 414 0.000 
2 1 415 0.000 
2 1 416 0.000 
2 1 417 1.011 
2 1 418 1.047 
2 1 419 1.071 
2 1 420 1.012 
2 1 421 1.080 
2 1 422 1.077 
2 1 423 0.995 
2 1 424 1.172 
2 1 425 2.292 
2 1 426 1.050 
2 1 427 1.375 
2 1 428 0.885 
2 1 429 1.045 
2 1 430 1.141 
2 1 431 0.756 
2 1 432 1.081 
2 1 433 1.095 
2 1 434 0.886 
2 1 435 0.854 
2 1 436 0.962 
2 1 437 1.020 
2 1 438 0.831 
2 1 439 1.359 
2 1 440 1.066 
2 1 441 1.338 
2 1 442 0.805 
2 1 443 1.048 
2 1 444 0.951 
2 1 445 0.904 
2 1 446 1.046 
2 1 447 1.242 
2 1 448 1.038 
2 1 449 2.250 
2 1 450 1.167 
2 1 451 1.231 
2 1 452 1.269 
2 1 453 0.968 
2 1 454 0.971 
2 1 455 1.133 
2 1 456 0.876 
2 1 457 1.134 
2 1 458 0.575 
2 1 459 2.149 
2 1 460 0.954 
2 1 461 1.263 
2 1 462 1.222 
2 1 463 1.147 
2 1 464 1.054 
2 1 465 1.284 
2 1 466 1.095 
2 1 467 1.005 
2 1 468 0.980 
2 1 469 0.999 
2 1 470 1.046 
2 1 471 1.464 
2 1 472 1.075 
2 1 473 0.762 
2 1 474 2.250 
2 1 475 0.955 
2 1 476 0.000 
2 1 477 1.068 
2 1 478 1.161 
2 1 479 1.033 
2 1 480 1.099 
2 1 481 0.927 
2 1 482 0.961 
2 1 483 2.250 
2 1 484 1.036 
2 1 485 0.942 
2 1 486 1.195 
2 1 487 1.018 
2 1 488 0.761 
2 1 489 0.894 
2 1 490 0.860 
2 1 491 0.624 
2 1 492 0.000 
2 1 493 0.000 
2 1 494 0.888 
2 1 495 0.958 
2 1 496 1.085 
2 1 497 0.909 
2 1 498 1.017 
2 1 499 0.996 
2 1 500 0.953 
2 1 501 1.134 
2 1 502 1.213 
2 1 503 0.896 
2 1 504 0.922 
2 1 505 1.994 
2 1 506 2.163 
2 1 507 0.635 
2 1 508 0.000 
2 1 509 0.000 
2 1 510 0.000 
2 1 511 1.000 
2 1 512 0.979 
2 1 513 1.146 
2 1 514 1.030 
2 1 515 2.077 
2 1 516 2.140 
2 1 517 1.672 
2 1 518 1.523 
2 1 519 0.834 
2 1 520 1.190 
2 1 521 1.191 
2 1 522 2.250 
2 1 523 0.496 
2 1 524 0.000 
2 1 525 0.000 
2 1 526 0.000 
2 1 527 0.000 
2 1 528 2.250 
2 1 529 1.097 
2 1 530 0.853 
2 1 531 1.000 
2 1 532 0.967 
2 1 533 0.770 
2 1 534 1.479 
2 1 535 1.045 
2 1 536 0.938 
2 1 537 1.972 
2 1 538 1.000 
2 1 539 0.470 
2 1 540 0.000 
2 1 541 0.000 
2 1 542 0.000 
2 1 543 0.000 
2 1 544 0.000 
2 1 545 1.068 
2 1 546 1.249 
2 1 547 1.071 
2 1 548 2.069 
2 1 549 0.604 
2 1 550 1.000 
2 1 551 1.663 
2 1 552 2.129 
2 1 553 1.200 
2 1 554 0.922 
2 1 555 0.581 
2 1 556 0.000 
2 1 557 0.000 
2 1 558 0.000 
2 1 559 0.000 
2 1 560 0.000 
2 1 561 0.000 
2 1 562 1.153 
2 1 563 1.070 
2 1 564 0.780 
2 1 565 0.558 
2 1 566 0.000 
2 1 567 1.497 
2 1 568 0.747 
2 1 569 1.045 
2 1 570 0.827 
2 1 571 0.695 
2 1 572 0.000 
2 1 573 0.000 
2 1 574 0.000 
2 1 575 0.000 
2 1 576 0.000 
2 1 577 0.000 
2 1 578 0.000 
2 2 1 0.973 
2 2 2 2.141 
2 2 3 2.186 
2 2 4 1.549 
2 2 5 1.742 
2 2 6 1.955 
2 2 7 2.544 
2 2 8 1.144 
2 2 9 1.381 
2 2 10 2.180 
2 2 11 0.000 
2 2 12 0.000 
2 2 13 0.000 
2 2 14 0.000 
2 2 15 0.000 
2 2 16 0.000 
2 2 17 0.000 
2 2 18 0.807 
2 2 19 1.853 
2 2 20 0.980 
2 2 21 0.751 
2 2 22 1.080 
2 2 23 0.913 
2 2 24 0.976 
2 2 25 1.086 
2 2 26 1.364 
2 2 27 0.912 
2 2 28 0.740 
2 2 29 0.000 
2 2 30 0.000 
2 2 31 0.000 
2 2 32 0.000 
2 2 33 0.000 
2 2 34 0.000 
2 2 35 0.937 
2 2 36 1.041 
2 2 37 0.000 
2 2 38 0.822 
2 2 39 0.798 
2 2 40 1.073 
2 2 41 1.116 
2 2 42 0.840 
2 2 43 1.193 
2 2 44 1.021 
2 2 45 0.995 
2 2 46 0.508 
2 2 47 0.000 
2 2 48 0.000 
2 2 49 0.000 
2 2 50 0.000 
2 2 51 0.000 
2 2 52 0.909 
2 2 53 1.205 
2 2 54 0.894 
2 2 55 0.969 
2 2 56 0.971 
2 2 57 1.476 
2 2 58 1.037 
2 2 59 0.599 
2 2 60 0.630 
2 2 61 1.090 
2 2 62 0.957 
2 2 63 1.716 
2 2 64 2.184 
2 2 65 0.000 
2 2 66 0.000 
2 2 67 0.000 
2 2 68 0.000 
2 2 69 1.125 
2 2 70 0.959 
2 2 71 0.935 
2 2 72 1.318 
2 2 73 1.129 
2 2 74 0.884 
2 2 75 0.778 
2 2 76 1.176 
2 2 77 1.487 
2 2 78 1.734 
2 2 79 0.991 
2 2 80 0.613 
2 2 81 0.560 
2 2 82 0.678 
2 2 83 0.000 
2 2 84 0.000 
2 2 85 0.000 
2 2 86 0.997 
2 2 87 1.313 
2 2 88 1.155 
2 2 89 1.184 
2 2 90 1.462 
2 2 91 0.870 
2 2 92 1.206 
2 2 93 0.902 
2 2 94 1.368 
2 2 95 1.025 
2 2 96 1.333 
2 2 97 1.092 
2 2 98 0.709 
2 2 99 1.618 
2 2 100 1.220 
2 2 101 0.000 
2 2 102 0.000 
2 2 103 0.874 
2 2 104 0.976 
2 2 105 0.978 
2 2 106 1.078 
2 2 107 0.511 
2 2 108 0.978 
2 2 109 1.037 
2 2 110 0.859 
2 2 111 0.754 
2 2 112 0.985 
2 2 113 1.455 
2 2 114 1.338 
2 2 115 1.071 
2 2 116 0.903 
2 2 117 0.815 
2 2 118 1.758 
2 2 119 0.000 
2 2 120 1.285 
2 2 121 0.970 
2 2 122 0.955 
2 2 123 0.966 
2 2 124 1.103 
2 2 125 0.817 
2 2 126 1.598 
2 2 127 1.066 
2 2 128 0.729 
2 2 129 0.976 
2 2 130 0.972 
2 2 131 0.658 
2 2 132 0.878 
2 2 133 0.906 
2 2 134 1.317 
2 2 135 0.619 
2 2 136 2.254 
2 2 137 1.357 
2 2 138 1.018 
2 2 139 0.994 
2 2 140 1.379 
2 2 141 1.236 
2 2 142 0.804 
2 2 143 2.166 
2 2 144 1.849 
2 2 145 1.357 
2 2 146 1.036 
2 2 147 0.880 
2 2 148 1.078 
2 2 149 0.850 
2 2 150 1.950 
2 2 151 1.142 
2 2 152 0.506 
2 2 153 1.833 
2 2 154 0.000 
2 2 155 0.000 
2 2 156 0.000 
2 2 157 0.000 
2 2 158 0.000 
2 2 159 0.000 
2 2 160 0.000 
2 2 161 0.000 
2 2 162 1.097 
2 2 163 1.391 
2 2 164 1.316 
2 2 165 1.290 
2 2 166 0.959 
2 2 167 1.212 
2 2 168 1.063 
2 2 169 0.672 
2 2 170 1.218 
2 2 171 0.000 
2 2 172 0.000 
2 2 173 0.000 
2 2 174 0.000 
2 2 175 0.000 
2 2 176 0.000 
2 2 177 0.000 
2 2 178 0.000 
2 2 179 0.987 
2 2 180 0.830 
2 2 181 0.640 
2 2 182 1.003 
2 2 183 0.981 
2 2 184 1.172 
2 2 185 0.799 
2 2 186 0.788 
2 2 187 2.256 
2 2 188 0.000 
2 2 189 0.000 
2 2 190 0.000 
2 2 191 0.000 
2 2 192 0.000 
2 2 193 0.000 
2 2 194 0.000 
2 2 195 0.000 
2 2 196 0.697 
2 2 197 1.359 
2 2 198 0.982 
2 2 199 0.876 
2 2 200 1.214 
2 2 201 0.715 
2 2 202 1.264 
2 2 203 1.264 
2 2 204 2.282 
2 2 205 0.000 
2 2 206 0.000 
2 2 207 0.000 
2 2 208 0.000 
2 2 209 0.000 
2 2 210 0.000 
2 2 211 0.000 
2 2 212 0.000 
2 2 213 1.055 
2 2 214 1.686 
2 2 215 0.801 
2 2 216 0.867 
2 2 217 0.893 
2 2 218 0.994 
2 2 219 1.111 
2 2 220 1.592 
2 2 221 1.601 
2 2 222 0.000 
2 2 223 0.000 
2 2 224 0.000 
2 2 225 0.000 
2 2 226 0.000 
2 2 227 0.000 
2 2 228 0.000 
2 2 229 0.000 
2 2 230 0.834 
2 2 231 1.359 
2 2 232 1.104 
2 2 233 1.231 
2 2 234 1.238 
2 2 235 1.002 
2 2 236 1.360 
2 2 237 0.812 
2 2 238 2.322 
2 2 239 0.000 
2 2 240 0.000 
2 2 241 0.000 
2 2 242 0.000 
2 2 243 0.000 
2 2 244 0.000 
2 2 245 0.000 
2 2 246 0.000 
2 2 247 1.292 
2 2 248 1.147 
2 2 249 0.974 
2 2 250 0.804 
2 2 251 1.083 
2 2 252 0.646 
2 2 253 1.945 
2 2 254 1.383 
2 2 255 2.162 
2 2 256 0.000 
2 2 257 0.000 
2 2 258 0.000 
2 2 259 0.000 
2 2 260 0.000 
2 2 261 0.000 
2 2 262 0.000 
2 2 263 0.000 
2 2 264 1.017 
2 2 265 1.048 
2 2 266 1.097 
2 2 267 1.023 
2 2 268 0.809 
2 2 269 1.198 
2 2 270 1.236 
2 2 271 1.044 
2 2 272 0.916 
2 2 273 0.000 
2 2 274 0.000 
2 2 275 0.000 
2 2 276 0.000 
2 2 277 0.000 
2 2 278 0.000 
2 2 279 0.000 
2 2 280 0.000 
2 2 281 0.823 
2 2 282 0.986 
2 2 283 0.909 
2 2 284 1.066 
2 2 285 1.692 
2 2 286 1.014 
2 2 287 1.195 
2 2 288 0.640 
2 2 289 0.728 
2 2 290 0.000 
2 2 291 0.000 
2 2 292 0.000 
2 2 293 0.000 
2 2 294 0.000 
2 2 295 0.000 
2 2 296 0.000 
2 2 297 0.000 
2 2 298 1.420 
2 2 299 1.115 
2 2 300 1.011 
2 2 301 1.185 
2 2 302 0.800 
2 2 303 1.597 
2 2 304 0.919 
2 2 305 0.688 
2 2 306 0.931 
2 2 307 0.000 
2 2 308 0.000 
2 2 309 0.000 
2 2 310 0.000 
2 2 311 0.000 
2 2 312 0.000 
2 2 313 0.000 
2 2 314 0.000 
2 2 315 1.067 
2 2 316 0.721 
2 2 317 1.047 
2 2 318 0.927 
2 2 319 0.809 
2 2 320 1.000 
2 2 321 1.418 
2 2 322 1.250 
2 2 323 2.030 
2 2 324 0.000 
2 2 325 0.000 
2 2 326 0.000 
2 2 327 0.000 
2 2 328 0.000 
2 2 329 1.000 
2 2 330 0.000 
2 2 331 0.000 
2 2 332 1.091 
2 2 333 1.136 
2 2 334 1.123 
2 2 335 1.016 
2 2 336 1.559 
2 2 337 1.248 
2 2 338 0.785 
2 2 339 1.092 
2 2 340 1.860 
2 2 341 0.000 
2 2 342 0.000 
2 2 343 0.000 
2 2 344 0.000 
2 2 345 0.000 
2 2 346 0.000 
2 2 347 0.000 
2 2 348 0.000 
2 2 349 1.073 
2 2 350 1.112 
2 2 351 1.288 
2 2 352 1.150 
2 2 353 1.049 
2 2 354 1.129 
2 2 355 0.719 
2 2 356 0.781 
2 2 357 1.800 
2 2 358 0.000 
2 2 359 0.000 
2 2 360 0.000 
2 2 361 0.000 
2 2 362 0.000 
2 2 363 0.000 
2 2 364 0.000 
2 2 365 0.000 
2 2 366 0.936 
2 2 367 1.063 
2 2 368 1.195 
2 2 369 1.008 
2 2 370 1.092 
2 2 371 1.181 
2 2 372 1.097 
2 2 373 1.285 
2 2 374 1.332 
2 2 375 0.000 
2 2 376 0.000 
2 2 377 0.000 
2 2 378 0.000 
2 2 379 0.000 
2 2 380 0.000 
2 2 381 0.000 
2 2 382 0.000 
2 2 383 1.144 
2 2 384 0.996 
2 2 385 0.903 
2 2 386 1.283 
2 2 387 0.907 
2 2 388 0.827 
2 2 389 1.126 
2 2 390 1.354 
2 2 391 0.707 
2 2 392 0.000 
2 2 393 0.000 
2 2 394 0.000 
2 2 395 0.000 
2 2 396 0.000 
2 2 397 0.000 
2 2 398 0.000 
2 2 399 0.000 
2 2 400 1.106 
2 2 401 1.046 
2 2 402 1.006 
2 2 403 1.070 
2 2 404 1.088 
2 2 405 0.838 
2 2 406 0.996 
2 2 407 1.294 
2 2 408 1.557 
2 2 409 0.000 
2 2 410 0.000 
2 2 411 0.000 
2 2 412 0.000 
2 2 413 0.000 
2 2 414 0.000 
2 2 415 1.400 
2 2 416 0.000 
2 2 417 1.231 
2 2 418 1.124 
2 2 419 1.013 
2 2 420 1.149 
2 2 421 1.091 
2 2 422 0.931 
2 2 423 1.128 
2 2 424 0.958 
2 2 425 1.395 
2 2 426 0.880 
2 2 427 1.277 
2 2 428 0.974 
2 2 429 0.863 
2 2 430 0.936 
2 2 431 1.029 
2 2 432 0.984 
2 2 433 1.095 
2 2 434 1.255 
2 2 435 0.845 
2 2 436 1.082 
2 2 437 1.164 
2 2 438 1.027 
2 2 439 1.230 
2 2 440 0.996 
2 2 441 0.912 
2 2 442 1.762 
2 2 443 1.109 
2 2 444 1.677 
2 2 445 1.343 
2 2 446 0.871 
2 2 447 1.192 
2 2 448 1.098 
2 2 449 1.236 
2 2 450 1.131 
2 2 451 1.075 
2 2 452 0.943 
2 2 453 0.923 
2 2 454 1.061 
2 2 455 1.016 
2 2 456 1.126 
2 2 457 1.467 
2 2 458 1.339 
2 2 459 2.271 
2 2 460 1.192 
2 2 461 1.063 
2 2 462 0.820 
2 2 463 0.936 
2 2 464 1.100 
2 2 465 1.117 
2 2 466 1.042 
2 2 467 1.090 
2 2 468 1.011 
2 2 469 1.080 
2 2 470 1.009 
2 2 471 1.141 
2 2 472 0.986 
2 2 473 1.012 
2 2 474 1.000 
2 2 475 0.954 
2 2 476 0.000 
2 2 477 0.882 
2 2 478 0.991 
2 2 479 1.137 
2 2 480 1.168 
2 2 481 1.285 
2 2 482 0.900 
2 2 483 1.402 
2 2 484 1.107 
2 2 485 1.164 
2 2 486 1.005 
2 2 487 1.316 
2 2 488 1.150 
2 2 489 1.648 
2 2 490 1.840 
2 2 491 1.358 
2 2 492 0.000 
2 2 493 0.000 
2 2 494 1.174 
2 2 495 1.477 
2 2 496 1.360 
2 2 497 1.014 
2 2 498 0.960 
2 2 499 1.217 
2 2 500 0.852 
2 2 501 1.214 
2 2 502 0.974 
2 2 503 0.955 
2 2 504 1.088 
2 2 505 1.219 
2 2 506 0.893 
2 2 507 1.067 
2 2 508 0.000 
2 2 509 0.000 
2 2 510 0.000 
2 2 511 1.001 
2 2 512 1.260 
2 2 513 1.111 
2 2 514 0.879 
2 2 515 1.081 
2 2 516 1.031 
2 2 517 1.451 
2 2 518 1.016 
2 2 519 1.099 
2 2 520 0.944 
2 2 521 1.123 
2 2 522 1.047 
2 2 523 0.897 
2 2 524 0.000 
2 2 525 0.000 
2 2 526 0.000 
2 2 527 0.000 
2 2 528 0.990 
2 2 529 1.188 
2 2 530 0.889 
2 2 531 0.986 
2 2 532 1.418 
2 2 533 1.089 
2 2 534 0.880 
2 2 535 1.082 
2 2 536 1.215 
2 2 537 1.072 
2 2 538 1.018 
2 2 539 1.097 
2 2 540 0.000 
2 2 541 0.000 
2 2 542 0.000 
2 2 543 0.000 
2 2 544 0.000 
2 2 545 1.251 
2 2 546 1.518 
2 2 547 0.807 
2 2 548 1.973 
2 2 549 1.030 
2 2 550 1.013 
2 2 551 0.654 
2 2 552 0.765 
2 2 553 1.541 
2 2 554 1.429 
2 2 555 1.531 
2 2 556 0.000 
2 2 557 0.000 
2 2 558 0.000 
2 2 559 0.000 
2 2 560 0.000 
2 2 561 0.000 
2 2 562 1.191 
2 2 563 1.253 
2 2 564 1.048 
2 2 565 1.021 
2 2 566 1.059 
2 2 567 0.986 
2 2 568 1.157 
2 2 569 1.060 
2 2 570 1.275 
2 2 571 0.531 
2 2 572 0.000 
2 2 573 0.000 
2 2 574 0.000 
2 2 575 0.000 
2 2 576 0.000 
2 2 577 0.000 
2 2 578 0.000 
2 3 1 0.778 
2 3 2 1.334 
2 3 3 0.807 
2 3 4 0.755 
2 3 5 0.927 
2 3 6 0.896 
2 3 7 0.946 
2 3 8 1.167 
2 3 9 1.000 
2 3 10 0.972 
2 3 11 0.000 
2 3 12 0.896 
2 3 13 0.408 
2 3 14 1.106 
2 3 15 0.859 
2 3 16 1.063 
2 3 17 0.787 
2 3 18 0.993 
2 3 19 0.889 
2 3 20 0.635 
2 3 21 1.042 
2 3 22 1.007 
2 3 23 0.951 
2 3 24 1.643 
2 3 25 0.618 
2 3 26 0.850 
2 3 27 1.429 
2 3 28 1.163 
2 3 29 0.757 
2 3 30 0.535 
2 3 31 0.660 
2 3 32 0.820 
2 3 33 0.531 
2 3 34 1.036 
2 3 35 0.980 
2 3 36 1.318 
2 3 37 0.513 
2 3 38 0.360 
2 3 39 0.688 
2 3 40 0.626 
2 3 41 1.131 
2 3 42 1.069 
2 3 43 0.525 
2 3 44 0.430 
2 3 45 0.818 
2 3 46 1.371 
2 3 47 2.250 
2 3 48 1.000 
2 3 49 1.627 
2 3 50 1.328 
2 3 51 0.304 
2 3 52 2.197 
2 3 53 0.729 
2 3 54 0.863 
2 3 55 1.097 
2 3 56 0.000 
2 3 57 1.328 
2 3 58 0.977 
2 3 59 0.571 
2 3 60 0.869 
2 3 61 0.494 
2 3 62 2.034 
2 3 63 0.647 
2 3 64 1.064 
2 3 65 2.072 
2 3 66 0.806 
2 3 67 0.000 
2 3 68 0.794 
2 3 69 1.085 
2 3 70 0.948 
2 3 71 0.812 
2 3 72 0.801 
2 3 73 1.541 
2 3 74 1.236 
2 3 75 0.819 
2 3 76 1.247 
2 3 77 0.759 
2 3 78 1.223 
2 3 79 1.396 
2 3 80 0.454 
2 3 81 0.995 
2 3 82 0.879 
2 3 83 0.579 
2 3 84 0.642 
2 3 85 0.000 
2 3 86 0.000 
2 3 87 0.000 
2 3 88 0.000 
2 3 89 0.000 
2 3 90 0.693 
2 3 91 2.811 
2 3 92 0.693 
2 3 93 0.822 
2 3 94 0.662 
2 3 95 0.748 
2 3 96 0.436 
2 3 97 0.000 
2 3 98 0.000 
2 3 99 0.000 
2 3 100 0.000 
2 3 101 0.000 
2 3 102 0.866 
2 3 103 0.953 
2 3 104 0.828 
2 3 105 1.173 
2 3 106 0.695 
2 3 107 0.845 
2 3 108 0.862 
2 3 109 0.000 
2 3 110 0.000 
2 3 111 0.000 
2 3 112 0.000 
2 3 113 0.000 
2 3 114 0.856 
2 3 115 0.968 
2 3 116 0.812 
2 3 117 0.722 
2 3 118 0.827 
2 3 119 0.808 
2 3 120 1.106 
2 3 121 0.000 
2 3 122 0.000 
2 3 123 0.000 
2 3 124 0.000 
2 3 125 0.000 
2 3 126 1.139 
2 3 127 1.194 
2 3 128 2.250 
2 3 129 0.947 
2 3 130 0.852 
2 3 131 1.048 
2 3 132 1.110 
2 3 133 0.000 
2 3 134 0.000 
2 3 135 0.000 
2 3 136 0.000 
2 3 137 0.000 
2 3 138 0.356 
2 3 139 1.043 
2 3 140 1.141 
2 3 141 0.758 
2 3 142 0.747 
2 3 143 0.934 
2 3 144 0.740 
2 3 145 0.000 
2 3 146 0.000 
2 3 147 0.000 
2 3 148 0.000 
2 3 149 0.000 
2 3 150 0.520 
2 3 151 1.421 
2 3 152 1.697 
2 3 153 0.158 
2 3 154 1.000 
2 3 155 0.900 
2 3 156 1.896 
2 3 157 0.000 
2 3 158 0.000 
2 3 159 0.000 
2 3 160 0.000 
2 3 161 0.000 
2 3 162 0.991 
2 3 163 0.569 
2 3 164 2.250 
2 3 165 0.798 
2 3 166 1.076 
2 3 167 0.692 
2 3 168 0.542 
2 3 169 0.000 
2 3 170 0.000 
2 3 171 0.000 
2 3 172 0.000 
2 3 173 0.000 
2 3 174 0.714 
2 3 175 0.601 
2 3 176 1.000 
2 3 177 13.817 
2 3 178 1.630 
2 3 179 1.259 
2 3 180 0.622 
2 3 181 0.000 
2 3 182 0.000 
2 3 183 0.000 
2 3 184 0.000 
2 3 185 0.000 
2 3 186 0.354 
2 3 187 0.515 
2 3 188 0.570 
2 3 189 0.369 
2 3 190 0.719 
2 3 191 1.532 
2 3 192 1.857 
2 3 193 0.000 
2 3 194 0.000 
2 3 195 0.000 
2 3 196 0.000 
2 3 197 0.000 
2 3 198 1.000 
2 3 199 1.000 
2 3 200 0.635 
2 3 201 0.790 
2 3 202 0.805 
2 3 203 1.000 
2 3 204 1.000 
2 3 205 0.569 
2 3 206 1.578 
2 3 207 2.250 
2 3 208 1.000 
2 3 209 2.250 
2 3 210 1.000 
2 3 211 0.826 
2 3 212 1.000 
2 3 213 1.111 
2 3 214 1.777 
2 3 215 1.000 
2 3 216 0.814 
2 3 217 2.021 
2 3 218 1.954 
2 3 219 1.310 
2 3 220 0.619 
2 3 221 0.836 
2 3 222 2.046 
2 3 223 0.690 
2 3 224 0.949 
2 3 225 0.646 
2 3 226 0.655 
2 3 227 0.824 
2 3 228 1.533 
2 3 229 1.085 
2 3 230 0.467 
2 3 231 1.675 
2 3 232 1.000 
2 3 233 0.664 
2 3 234 1.040 
2 3 235 0.995 
2 3 236 0.843 
2 3 237 0.953 
2 3 238 0.683 
2 3 239 0.935 
2 3 240 1.045 
2 3 241 0.688 
2 3 242 0.541 
2 3 243 0.910 
2 3 244 1.799 
2 3 245 0.743 
2 3 246 0.000 
2 3 247 1.010 
2 3 248 0.933 
2 3 249 1.027 
2 3 250 1.080 
2 3 251 0.843 
2 3 252 1.033 
2 3 253 0.728 
2 3 254 1.674 
2 3 255 0.888 
2 3 256 0.864 
2 3 257 0.851 
2 3 258 0.808 
2 3 259 0.828 
2 3 260 0.944 
2 3 261 0.631 
2 3 262 2.250 
2 3 263 0.439 
2 3 264 0.791 
2 3 265 1.684 
2 3 266 0.806 
2 3 267 1.423 
2 3 268 0.966 
2 3 269 0.937 
2 3 270 0.809 
2 3 271 1.538 
2 3 272 1.615 
2 3 273 0.484 
2 3 274 0.618 
2 3 275 1.173 
2 3 276 0.482 
2 3 277 1.867 
2 3 278 0.662 
2 3 279 1.236 
2 3 280 0.685 
2 3 281 1.791 
2 3 282 1.013 
2 3 283 1.202 
2 3 284 1.042 
2 3 285 0.649 
2 3 286 1.104 
2 3 287 0.956 
2 3 288 2.198 
2 4 1 0.465 
2 4 2 0.638 
2 4 3 0.747 
2 4 4 1.972 
2 4 5 2.194 
2 4 6 0.721 
2 4 7 1.018 
2 4 8 0.472 
2 4 9 0.962 
2 4 10 0.903 
2 4 11 0.851 
2 4 12 0.521 
2 4 13 0.849 
2 4 14 1.048 
2 4 15 1.337 
2 4 16 0.489 
2 4 17 2.030 
2 4 18 1.124 
2 4 19 0.649 
2 4 20 0.499 
2 4 21 0.654 
2 4 22 0.676 
2 4 23 1.159 
2 4 24 0.461 
2 4 25 0.796 
2 4 26 0.675 
2 4 27 0.751 
2 4 28 0.798 
2 4 29 0.703 
2 4 30 0.683 
2 4 31 0.846 
2 4 32 0.548 
2 4 33 0.677 
2 4 34 0.878 
2 4 35 0.498 
2 4 36 0.758 
2 4 37 0.409 
2 4 38 2.107 
2 4 39 0.583 
2 4 40 0.757 
2 4 41 0.862 
2 4 42 0.435 
2 4 43 0.910 
2 4 44 1.278 
2 4 45 0.482 
2 4 46 0.822 
2 4 47 0.584 
2 4 48 0.617 
2 4 49 0.611 
2 4 50 0.460 
2 4 51 0.600 
2 4 52 0.733 
2 4 53 0.852 
2 4 54 0.838 
2 4 55 0.874 
2 4 56 0.861 
2 4 57 0.655 
2 4 58 1.000 
2 4 59 0.622 
2 4 60 0.932 
2 4 61 0.735 
2 4 62 0.880 
2 4 63 1.078 
2 4 64 1.184 
2 4 65 0.556 
2 4 66 0.436 
2 4 67 0.374 
2 4 68 0.517 
2 4 69 1.379 
2 4 70 0.790 
2 4 71 0.838 
2 4 72 0.691 
2 4 73 0.978 
2 4 74 0.861 
2 4 75 1.306 
2 4 76 1.073 
2 4 77 1.721 
2 4 78 0.749 
2 4 79 1.258 
2 4 80 1.000 
2 4 81 0.659 
2 4 82 0.602 
2 4 83 0.539 
2 4 84 0.918 
2 4 85 0.000 
2 4 86 0.000 
2 4 87 0.000 
2 4 88 0.000 
2 4 89 0.000 
2 4 90 0.760 
2 4 91 0.486 
2 4 92 0.415 
2 4 93 0.904 
2 4 94 1.188 
2 4 95 1.139 
2 4 96 0.871 
2 4 97 0.000 
2 4 98 0.000 
2 4 99 0.000 
2 4 100 0.000 
2 4 101 0.000 
2 4 102 0.952 
2 4 103 1.082 
2 4 104 0.761 
2 4 105 0.713 
2 4 106 0.756 
2 4 107 0.645 
2 4 108 0.733 
2 4 109 0.000 
2 4 110 0.000 
2 4 111 0.000 
2 4 112 0.000 
2 4 113 0.000 
2 4 114 0.937 
2 4 115 0.983 
2 4 116 0.728 
2 4 117 0.728 
2 4 118 1.000 
2 4 119 0.783 
2 4 120 0.798 
2 4 121 0.000 
2 4 122 0.000 
2 4 123 0.000 
2 4 124 0.000 
2 4 125 0.000 
2 4 126 0.927 
2 4 127 1.045 
2 4 128 0.759 
2 4 129 0.776 
2 4 130 0.930 
2 4 131 1.064 
2 4 132 1.193 
2 4 133 0.000 
2 4 134 0.000 
2 4 135 0.000 
2 4 136 0.000 
2 4 137 0.000 
2 4 138 0.947 
2 4 139 1.114 
2 4 140 0.900 
2 4 141 0.764 
2 4 142 0.681 
2 4 143 1.378 
2 4 144 0.776 
2 4 145 0.000 
2 4 146 0.000 
2 4 147 0.000 
2 4 148 0.000 
2 4 149 0.000 
2 4 150 0.990 
2 4 151 0.969 
2 4 152 0.877 
2 4 153 0.752 
2 4 154 0.785 
2 4 155 0.765 
2 4 156 0.879 
2 4 157 0.000 
2 4 158 0.000 
2 4 159 0.000 
2 4 160 0.000 
2 4 161 0.000 
2 4 162 0.986 
2 4 163 1.201 
2 4 164 0.726 
2 4 165 0.909 
2 4 166 0.983 
2 4 167 0.959 
2 4 168 0.814 
2 4 169 0.000 
2 4 170 0.000 
2 4 171 0.000 
2 4 172 0.000 
2 4 173 0.000 
2 4 174 0.930 
2 4 175 0.915 
2 4 176 1.286 
2 4 177 0.757 
2 4 178 0.838 
2 4 179 1.128 
2 4 180 0.674 
2 4 181 0.000 
2 4 182 0.000 
2 4 183 0.000 
2 4 184 0.000 
2 4 185 0.000 
2 4 186 1.371 
2 4 187 1.361 
2 4 188 0.778 
2 4 189 0.787 
2 4 190 0.916 
2 4 191 1.031 
2 4 192 0.838 
2 4 193 0.000 
2 4 194 0.000 
2 4 195 0.000 
2 4 196 0.000 
2 4 197 0.000 
2 4 198 1.000 
2 4 199 0.394 
2 4 200 0.675 
2 4 201 1.436 
2 4 202 0.637 
2 4 203 0.993 
2 4 204 0.877 
2 4 205 1.000 
2 4 206 2.280 
2 4 207 0.803 
2 4 208 0.435 
2 4 209 0.600 
2 4 210 0.317 
2 4 211 1.148 
2 4 212 0.784 
2 4 213 0.762 
2 4 214 0.612 
2 4 215 0.929 
2 4 216 0.723 
2 4 217 1.061 
2 4 218 1.335 
2 4 219 2.382 
2 4 220 0.934 
2 4 221 1.520 
2 4 222 0.674 
2 4 223 1.146 
2 4 224 1.003 
2 4 225 2.250 
2 4 226 0.924 
2 4 227 0.879 
2 4 228 0.843 
2 4 229 1.520 
2 4 230 0.940 
2 4 231 0.685 
2 4 232 2.250 
2 4 233 0.789 
2 4 234 0.621 
2 4 235 1.000 
2 4 236 0.930 
2 4 237 0.863 
2 4 238 0.548 
2 4 239 0.681 
2 4 240 0.958 
2 4 241 1.000 
2 4 242 0.972 
2 4 243 0.898 
2 4 244 0.673 
2 4 245 1.729 
2 4 246 1.027 
2 4 247 1.108 
2 4 248 0.975 
2 4 249 0.730 
2 4 250 0.911 
2 4 251 1.109 
2 4 252 0.307 
2 4 253 1.552 
2 4 254 0.781 
2 4 255 0.828 
2 4 256 0.994 
2 4 257 1.056 
2 4 258 2.250 
2 4 259 1.195 
2 4 260 0.540 
2 4 261 0.772 
2 4 262 1.341 
2 4 263 1.353 
2 4 264 1.996 
2 4 265 1.248 
2 4 266 1.219 
2 4 267 1.266 
2 4 268 0.824 
2 4 269 0.816 
2 4 270 0.990 
2 4 271 0.687 
2 4 272 0.767 
2 4 273 1.016 
2 4 274 0.674 
2 4 275 0.485 
2 4 276 0.555 
2 4 277 0.733 
2 4 278 0.786 
2 4 279 0.514 
2 4 280 0.780 
2 4 281 1.000 
2 4 282 0.412 
2 4 283 0.702 
2 4 284 0.864 
2 4 285 0.842 
2 4 286 0.791 
2 4 287 1.000 
2 4 288 0.781 
