1
1.009198
1.018397
1.027595
1.036794
1.045992
1.05519
1.064389
1.073587
1.082786
1.091984
1.101182
1.110381
1.119579
1.128778
1.137976
1.147175
1.156373
1.165571
1.17477
1.183968
1.193167
1.202365
1.211563
1.220762
1.22996
1.239159
1.248357
1.257555
1.266754
1.275952
1.285151
1.294349
1.303548
1.312746
1.321944
1.331143
1.340341
1.34954
1.358738
1.367936
1.377135
1.386333
1.395532
1.40473
1.413928
1.423127
1.432325
1.441524
1.450722
1.45992
1.469119
1.478317
1.487516
1.496714
1.505913
1.515111
1.524309
1.533508
1.542706
1.551905
1.561103
1.570301
1.5795
1.588698
1.597897
1.607095
1.616293
1.625492
1.63469
1.643889
1.653087
1.662286
1.671484
1.680682
1.689881
1.699079
1.708277
1.717476
1.726674
1.735873
1.745071
1.75427
1.763468
1.772666
1.781865
1.791063
1.800262
1.80946
1.818658
1.827857
1.837055
1.846254
1.855452
1.86465
1.873849
1.883047
1.892246
1.901444
1.910643
1.919841
1.929039
1.938238
1.947436
1.956635
1.965833
1.975031
1.98423
1.993428
2.002635
2.011861
2.021087
2.030313
2.03954
2.048766
2.057992
2.067219
2.076445
2.085671
2.094898
2.104124
2.11335
2.122576
2.131803
2.141029
2.150255
2.159482
2.168708
2.177934
2.18716
2.196387
2.205613
2.214839
2.224066
2.233292
2.242518
2.251745
2.260971
2.270197
2.279423
2.28865
2.297876
2.307102
2.316329
2.325555
2.334781
2.344007
2.353234
2.36246
2.371686
2.380913
2.390139
2.399365
2.408592
2.417818
2.427044
2.43627
2.445497
2.454723
2.463949
2.473176
2.482402
2.491628
2.500854
2.510081
2.519307
2.528533
2.53776
2.546986
2.556212
2.565439
2.574665
2.583891
2.593117
2.602344
2.61157
2.620796
2.630023
2.639249
2.648475
2.657701
2.666928
2.676154
2.68538
2.694607
2.703833
2.713059
2.722286
2.731512
2.740738
2.749964
2.759191
2.768417
2.777643
2.78687
2.796096
2.805322
2.814548
2.823775
2.833001
2.842227
2.851454
2.86068
2.869906
2.879133
2.888359
2.897585
2.906811
2.916038
2.925264
2.93449
2.943717
2.952943
2.962169
2.971395
2.980622
2.989848
2.999074
3.009379
3.019804
3.03023
3.040655
3.05108
3.061505
3.07193
3.082356
3.092781
3.103206
3.113631
3.124057
3.134482
3.144907
3.155332
3.165758
3.176183
3.186608
3.197033
3.207458
3.217884
3.228309
3.238734
3.249159
3.259584
3.27001
3.280435
3.29086
3.301286
3.311711
3.322136
3.332561
3.342986
3.353412
3.363837
3.374262
3.384687
3.395113
3.405538
3.415963
3.426388
3.436813
3.447239
3.457664
3.468089
3.478514
3.48894
3.499365
3.50979
3.520215
3.53064
3.541066
3.551491
3.561916
3.572341
3.582767
3.593192
3.603617
3.614042
3.624467
3.634892
3.645318
3.655743
3.666168
3.676594
3.687019
3.697444
3.707869
3.718294
3.72872
3.739145
3.74957
3.759995
3.770421
3.780846
3.791271
3.801696
3.812121
3.822547
3.832972
3.843397
3.853822
3.864248
3.874673
3.885098
3.895523
3.905948
3.916374
3.926799
3.937224
3.947649
3.958075
3.9685
3.978925
3.98935
3.999775
4.011928
4.024117
4.036307
4.048497
4.060688
4.072877
4.085067
4.097257
4.109447
4.121637
4.133827
4.146017
4.158207
4.170397
4.182587
4.194777
4.206967
4.219157
4.231347
4.243537
4.255727
4.267917
4.280107
4.292297
4.304487
4.316677
4.328867
4.341057
4.353247
4.365437
4.377627
4.389817
4.402007
4.414197
4.426387
4.438577
4.450767
4.462957
4.475147
4.487337
4.499527
4.511717
4.523907
4.536097
4.548287
4.560477
4.572667
4.584857
4.597047
4.609237
4.621427
4.633616
4.645807
4.657997
4.670187
4.682376
4.694567
4.706757
4.718946
4.731136
4.743327
4.755517
4.767706
4.779896
4.792087
4.804276
4.816466
4.828656
4.840847
4.853036
4.865226
4.877416
4.889606
4.901796
4.913986
4.926176
4.938366
4.950556
4.962746
4.974936
4.987126
4.999316
5.013583
5.027974
5.042365
5.056755
5.071146
5.085536
5.099927
5.114318
5.128708
5.143099
5.15749
5.17188
5.186271
5.200662
5.215052
5.229443
5.243834
5.258224
5.272614
5.287005
5.301396
5.315786
5.330177
5.344568
5.358958
5.373349
5.38774
5.40213
5.416521
5.430912
5.445302
5.459692
5.474083
5.488474
5.502864
5.517255
5.531646
5.546036
5.560427
5.574818
5.589208
5.603599
5.61799
5.63238
5.646771
5.661161
5.675552
5.689943
5.704333
5.718724
5.733115
5.747505
5.761896
5.776287
5.790677
5.805068
5.819458
5.833849
5.848239
5.86263
5.877021
5.891411
5.905802
5.920193
5.934583
5.948974
5.963365
5.977755
5.992146
6.007718
6.02471
6.041702
6.058694
6.075686
6.092679
6.109671
6.126663
6.143655
6.160647
6.177639
6.194631
6.211623
6.228615
6.245607
6.262599
6.279592
6.296583
6.313575
6.330567
6.347559
6.364552
6.381544
6.398536
6.415528
6.43252
6.449512
6.466504
6.483496
6.500488
6.51748
6.534472
6.551465
6.568457
6.585449
6.602441
6.619433
6.636425
6.653417
6.670409
6.687401
6.704393
6.721385
6.738378
6.75537
6.772362
6.789354
6.806346
6.823338
6.84033
6.857322
6.874314
6.891306
6.908298
6.925291
6.942283
6.959275
6.976267
6.993258
7.012059
7.032048
7.052038
7.072027
7.092016
7.112006
7.131995
7.151985
7.171974
7.191963
7.211953
7.231942
7.251931
7.271921
7.29191
7.3119
7.331889
7.351878
7.371868
7.391857
7.411846
7.431836
7.451825
7.471815
7.491804
7.511793
7.531783
7.551772
7.571761
7.591751
7.61174
7.631729
7.651719
7.671708
7.691698
7.711687
7.731676
7.751666
7.771655
7.791644
7.811634
7.831623
7.851613
7.871602
7.891591
7.911581
7.93157
7.951559
7.971549
7.991538
8.013488
8.036878
8.060266
8.083656
8.107045
8.130434
8.153824
8.177213
8.200603
8.223991
8.247381
8.27077
8.29416
8.317549
8.340939
8.364327
8.387717
8.411106
8.434495
8.457885
8.481274
8.504663
8.528052
8.551442
8.574831
8.598221
8.62161
8.645
8.668388
8.691778
8.715167
8.738556
8.761946
8.785335
8.808724
8.832113
8.855503
8.878892
8.902282
8.925671
8.94906
8.972449
8.995838
9.022365
9.049569
9.076774
9.103978
9.131183
9.158386
9.185591
9.212795
9.24
9.267204
9.294409
9.321613
9.348818
9.376022
9.403227
9.430431
9.457636
9.48484
9.512045
9.539249
9.566454
9.593658
9.620863
9.648067
9.675272
9.702477
9.729681
9.756886
9.78409
9.811295
9.838498
9.865703
9.892907
9.920112
9.947316
9.974521
10.002
10.03344
10.06489
10.09634
10.1278
10.15925
10.1907
10.22215
10.2536
10.28505
10.3165
10.34795
10.3794
10.41085
10.4423
10.47375
10.5052
10.53665
10.5681
10.59955
10.631
10.66245
10.6939
10.72535
10.7568
10.78825
10.8197
10.85115
10.8826
10.91405
10.9455
10.97695
11.00965
11.0458
11.08194
11.11808
11.15423
11.19037
11.22651
11.26266
11.2988
11.33494
11.37109
11.40723
11.44337
11.47952
11.51566
11.5518
11.58795
11.62409
11.66023
11.69638
11.73252
11.76866
11.80481
11.84095
11.87709
11.91324
11.94938
11.98553
12.02476
12.06606
12.10737
12.14867
12.18997
12.23127
12.27257
12.31388
12.35518
12.39648
12.43778
12.47909
12.52039
12.56169
12.60299
12.64429
12.6856
12.7269
12.7682
12.8095
12.85081
12.89211
12.93341
12.97471
13.0182
13.06515
13.11209
13.15904
13.20598
13.25293
13.29987
13.34682
13.39376
13.44071
13.48766
13.5346
13.58155
13.62849
13.67544
13.72238
13.76933
13.81627
13.86322
13.91016
13.95711
14.00458
14.05768
14.11077
14.16386
14.21695
14.27004
14.32313
14.37622
14.42931
14.4824
14.5355
14.58859
14.64168
14.69477
14.74786
14.80095
14.85404
14.90713
14.96022
15.01499
15.07475
15.13451
15.19427
15.25403
15.31379
15.37354
15.4333
15.49306
15.55282
15.61258
15.67234
15.7321
15.79186
15.85162
15.91138
15.97114
16.03463
16.1016
16.16857
16.23554
16.30251
16.36947
16.43645
16.50341
16.57038
16.63735
16.70432
16.77129
16.83826
16.90523
16.9722
17.04372
17.11846
17.1932
17.26794
17.34269
17.41743
17.49217
17.56691
17.64165
17.7164
17.79114
17.86588
17.94062
18.01708
18.10018
18.18327
18.26637
18.34946
18.43256
18.51565
18.59875
18.68184
18.76494
18.84803
18.93113
19.01576
19.10781
19.19986
19.29191
19.38396
19.47601
19.56805
19.6601
19.75215
19.8442
19.93625
20.03125
20.13287
20.2345
20.33612
20.43775
20.53937
20.641
20.74262
20.84425
20.94588
21.05227
21.16412
21.27596
21.3878
21.49965
21.61149
21.72333
21.83518
21.94702
22.06459
22.18731
22.31003
22.43275
22.55548
22.6782
22.80092
22.92364
23.05073
23.18501
23.3193
23.45358
23.58786
23.72215
23.85643
23.99072
24.13641
24.28296
24.42951
24.57605
24.7226
24.86914
25.01708
25.17661
25.33615
25.49568
25.65522
25.81475
25.97429
26.14534
26.3186
26.49187
26.66513
26.83839
27.01263
27.20039
27.38815
27.57591
27.76367
27.95143
28.15052
28.35355
28.55659
28.75963
28.96267
29.17883
29.39796
29.61708
29.8362
30.0596
30.29564
30.53168
30.76772
31.00404
31.25784
31.51163
31.76543
32.02064
32.29306
32.56549
32.83792
33.11826
33.41021
33.70216
33.99411
34.30608
34.61845
34.93083
35.25984
35.59359
35.92733
36.27853
36.63459
36.99065
37.3694
37.74876
38.13633
38.53998
38.94364
39.36907
39.79803
40.24094
40.69627
41.16072
41.64348
42.13369
42.64494
43.16523
43.7061
44.26102
44.83264
45.42682
46.03201
46.66859
47.32161
47.99249
48.69844
49.42588
50.17765
50.95875
51.77708
52.62704
53.51185
54.43473
55.399
56.4081
57.46558
58.57505
59.7402
60.96487
62.26369
63.63384
65.08121
66.6248
68.26373
70.01082
71.88713
73.90105
76.07256
78.42743
80.98191
83.7821
86.85806
90.26595
94.06545
98.3475
103.2163
108.8284
115.399
123.238
132.829
144.9649
161.0544
183.9476
220.7147
297.1688
1000
