1
1.090884
1.181767
1.272651
1.363535
1.454418
1.545302
1.636186
1.727069
1.817953
1.908837
1.99972
2.069972
2.14016
2.210349
2.280537
2.350725
2.420913
2.491101
2.56129
2.631478
2.701666
2.771854
2.842042
2.91223
2.982419
3.046134
3.107686
3.169239
3.230791
3.292343
3.353895
3.415448
3.477
3.538552
3.600104
3.661657
3.723209
3.784761
3.846313
3.907866
3.969418
4.028658
4.085615
4.142572
4.199529
4.256486
4.313443
4.3704
4.427357
4.484314
4.541271
4.598228
4.655185
4.712142
4.769099
4.826056
4.883013
4.93997
4.996926
5.05138
5.10569
5.16
5.214311
5.268621
5.322931
5.377241
5.431551
5.485862
5.540172
5.594482
5.648793
5.703103
5.757413
5.811724
5.866034
5.920344
5.974654
6.028153
6.080941
6.133729
6.186518
6.239306
6.292094
6.344883
6.397671
6.450459
6.503248
6.556036
6.608824
6.661613
6.714401
6.767189
6.819977
6.872766
6.925554
6.978342
7.030661
7.082653
7.134645
7.186637
7.23863
7.290622
7.342614
7.394606
7.446598
7.49859
7.550582
7.602574
7.654567
7.706559
7.758551
7.810543
7.862535
7.914527
7.966519
8.018408
8.07011
8.121812
8.173514
8.225216
8.276918
8.328621
8.380322
8.432025
8.483727
8.535429
8.587131
8.638833
8.690535
8.742237
8.793939
8.845641
8.897343
8.949045
9.000749
9.052534
9.104321
9.156107
9.207893
9.25968
9.311466
9.363253
9.415039
9.466825
9.518612
9.570398
9.622184
9.67397
9.725757
9.777543
9.829329
9.881116
9.932902
9.984689
10.03674
10.0889
10.14106
10.19322
10.24538
10.29754
10.3497
10.40186
10.45402
10.50618
10.55834
10.61051
10.66267
10.71483
10.76699
10.81915
10.87131
10.92347
10.97563
11.02811
11.08088
11.13365
11.18642
11.23919
11.29195
11.34472
11.39749
11.45026
11.50303
11.5558
11.60856
11.66133
11.7141
11.76687
11.81964
11.8724
11.92517
11.97794
12.03118
12.08475
12.13831
12.19188
12.24545
12.29902
12.35259
12.40616
12.45973
12.5133
12.56687
12.62044
12.67401
12.72758
12.78115
12.83472
12.88829
12.94186
12.99543
13.04988
13.10442
13.15896
13.21349
13.26803
13.32257
13.3771
13.43164
13.48618
13.54071
13.59525
13.64979
13.70432
13.75886
13.8134
13.86793
13.92247
13.97701
14.03219
14.08783
14.14348
14.19913
14.25478
14.31043
14.36607
14.42172
14.47737
14.53302
14.58867
14.64431
14.69996
14.75561
14.81126
14.86691
14.92255
14.9782
15.03461
15.09149
15.14838
15.20527
15.26216
15.31905
15.37594
15.43283
15.48971
15.5466
15.60349
15.66038
15.71727
15.77416
15.83105
15.88793
15.94482
16.00175
16.06
16.11824
16.17649
16.23474
16.29298
16.35123
16.40947
16.46772
16.52597
16.58421
16.64246
16.7007
16.75895
16.8172
16.87544
16.93369
16.99193
17.05144
17.11115
17.17086
17.23057
17.29029
17.34999
17.40971
17.46942
17.52913
17.58884
17.64855
17.70826
17.76797
17.82768
17.88739
17.9471
18.00699
18.06827
18.12955
18.19082
18.2521
18.31337
18.37465
18.43593
18.4972
18.55848
18.61975
18.68103
18.74231
18.80358
18.86486
18.92613
18.98741
19.05
19.11294
19.17588
19.23881
19.30175
19.36469
19.42762
19.49056
19.55349
19.61643
19.67936
19.7423
19.80523
19.86817
19.93111
19.99404
20.05856
20.12325
20.18793
20.25262
20.31731
20.38199
20.44668
20.51136
20.57605
20.64074
20.70542
20.77011
20.83479
20.89948
20.96416
21.02967
21.09619
21.16271
21.22923
21.29576
21.36228
21.4288
21.49532
21.56185
21.62837
21.69489
21.76141
21.82793
21.89445
21.96098
22.02829
22.09673
22.16518
22.23362
22.30206
22.3705
22.43894
22.50739
22.57583
22.64427
22.71271
22.78115
22.84959
22.91804
22.98648
23.05652
23.12697
23.19741
23.26785
23.33829
23.40874
23.47918
23.54962
23.62007
23.69051
23.76095
23.83139
23.90184
23.97228
24.04398
24.11651
24.18903
24.26155
24.33407
24.4066
24.47912
24.55164
24.62416
24.69669
24.76921
24.84173
24.91426
24.98678
25.06107
25.13575
25.21043
25.2851
25.35979
25.43447
25.50915
25.58383
25.65851
25.73319
25.80787
25.88255
25.95723
26.03286
26.10978
26.18669
26.26361
26.34052
26.41744
26.49435
26.57127
26.64818
26.7251
26.80201
26.87893
26.95584
27.03374
27.11296
27.19219
27.27142
27.35064
27.42986
27.50909
27.58831
27.66754
27.74677
27.82599
27.90521
27.98444
28.06558
28.14719
28.2288
28.31041
28.39202
28.47363
28.55524
28.63685
28.71846
28.80007
28.88168
28.96329
29.04625
29.13032
29.21439
29.29846
29.38253
29.4666
29.55067
29.63474
29.71881
29.80288
29.88694
29.97101
30.05674
30.14334
30.22995
30.31655
30.40315
30.48976
30.57636
30.66296
30.74956
30.83617
30.92277
31.00965
31.09886
31.18807
31.27728
31.36649
31.4557
31.54491
31.63412
31.72334
31.81254
31.90175
31.99096
32.08258
32.17448
32.26637
32.35826
32.45015
32.54204
32.63393
32.72582
32.81771
32.9096
33.00154
33.09618
33.19083
33.28547
33.38012
33.47476
33.56941
33.66405
33.7587
33.85334
33.94799
34.04391
34.14138
34.23886
34.33633
34.4338
34.53128
34.62875
34.72623
34.8237
34.92117
35.0192
35.11958
35.21996
35.32033
35.42071
35.52108
35.62146
35.72184
35.82221
35.92258
36.02364
36.127
36.23035
36.3337
36.43705
36.5404
36.64375
36.7471
36.85046
36.95381
37.05885
37.16525
37.27165
37.37806
37.48446
37.59086
37.69726
37.80367
37.91007
38.01695
38.12648
38.23601
38.34554
38.45506
38.56459
38.67411
38.78364
38.89317
39.00277
39.1155
39.22823
39.34095
39.45368
39.56641
39.67913
39.79186
39.90459
40.01782
40.13382
40.24982
40.36582
40.48182
40.59782
40.71382
40.82982
40.94582
41.06361
41.18296
41.30231
41.42167
41.54102
41.66037
41.77972
41.89908
42.01896
42.14174
42.26451
42.38729
42.51007
42.63285
42.75563
42.8784
43.00121
43.12749
43.25378
43.38005
43.50634
43.63261
43.7589
43.88518
44.01178
44.14164
44.2715
44.40136
44.53122
44.66108
44.79094
44.92081
45.05209
45.18561
45.31913
45.45265
45.58617
45.71968
45.8532
45.98672
46.1236
46.26085
46.3981
46.53535
46.67261
46.80986
46.94711
47.0867
47.22777
47.36884
47.50991
47.65097
47.79204
47.93311
48.07622
48.22118
48.36614
48.5111
48.65606
48.80101
48.94597
49.09342
49.24235
49.39128
49.54021
49.68914
49.83808
49.98701
50.13964
50.29262
50.4456
50.59858
50.75156
50.90454
51.05908
51.2162
51.37331
51.53043
51.68755
51.84467
52.00183
52.16316
52.32449
52.48581
52.64714
52.80847
52.9698
53.13462
53.30025
53.46587
53.6315
53.79712
53.96275
54.13177
54.30177
54.47178
54.64178
54.81178
54.98178
55.15577
55.33023
55.5047
55.67916
55.85363
56.02882
56.20783
56.38684
56.56585
56.74487
56.92387
57.10555
57.28919
57.47283
57.65647
57.84011
58.02436
58.21271
58.40107
58.58942
58.77777
58.96613
59.15842
59.35157
59.54473
59.73788
59.93103
60.12733
60.32537
60.52341
60.72145
60.91948
61.12048
61.32349
61.52651
61.72952
61.93254
62.13893
62.347
62.55507
62.76315
62.97121
63.18373
63.39695
63.61017
63.82339
64.03751
64.25598
64.47444
64.6929
64.91136
65.13299
65.35678
65.58057
65.80436
66.02883
66.25803
66.48724
66.71645
66.94566
67.17906
67.41377
67.64848
67.88319
68.12072
68.36104
68.60135
68.84166
69.08392
69.32993
69.57593
69.82194
70.06954
70.32133
70.57313
70.82492
71.07851
71.33617
71.59385
71.85152
72.11172
72.37536
72.639
72.90264
73.1701
73.43982
73.70953
73.97925
74.25465
74.53052
74.80639
75.08413
75.36626
75.64839
75.93053
76.21745
76.50594
76.79443
77.08478
77.37973
77.67467
77.96962
78.27045
78.57195
78.87344
79.1788
79.48695
79.7951
80.10551
80.42042
80.73533
81.05132
81.37308
81.69483
82.01694
82.34566
82.67437
83.00315
83.33892
83.67468
84.01067
84.35359
84.69651
85.04026
85.39044
85.74062
86.09271
86.45026
86.80781
87.16882
87.53384
87.89886
88.26936
88.64197
89.01487
89.39516
89.77544
90.15891
90.54698
90.93505
91.3297
91.72565
92.12408
92.52805
92.93201
93.34273
93.75481
94.17023
94.59055
95.01107
95.43973
95.86839
96.30288
96.73996
97.18051
97.62617
98.07322
98.52753
98.98184
99.44459
99.90769
100.3779
100.8499
101.3281
101.8091
102.2956
102.7858
103.2811
103.7805
104.2852
104.7939
105.3083
105.8265
106.3512
106.879
107.4143
107.9518
108.4983
109.0465
109.6039
110.1641
110.7316
111.3044
111.882
112.4678
113.0568
113.6552
114.2581
114.867
115.4844
116.1059
116.7364
117.3733
118.0149
118.6675
119.3255
119.9892
120.6641
121.3449
122.0319
122.73
123.4354
124.1476
124.8693
125.6008
126.3401
127.0873
127.8454
128.6133
129.39
130.1758
130.9714
131.7795
132.5974
133.4254
134.264
135.1135
135.9746
136.8488
137.7346
138.6325
139.5427
140.4657
141.4017
142.3512
143.3145
144.2919
145.2838
146.2906
147.3127
148.3504
149.4041
150.4741
151.5609
152.6649
153.7864
154.9259
156.0849
157.2639
158.4623
159.6804
160.9186
162.18
163.4639
164.7693
166.0983
167.4532
168.8313
170.2363
171.6679
173.126
174.6141
176.1299
177.6775
179.2556
180.8657
182.5108
184.1892
185.9039
187.657
189.4481
191.2788
193.1512
195.0669
197.0277
199.0356
201.0923
203.1999
205.3604
207.5755
209.8472
212.1799
214.5757
217.0353
219.5661
222.1668
224.8436
227.6003
230.4396
233.3663
236.3851
239.5013
242.7197
246.0457
249.488
253.0499
256.7421
260.5704
264.5436
268.6715
272.9646
277.4367
282.096
286.9594
292.0419
297.3615
302.9336
308.7833
314.9317
321.4099
328.2434
335.4693
343.1256
351.2594
359.9224
369.1756
379.0892
389.7482
401.2529
413.7206
427.2985
442.165
458.5407
476.7022
497.0129
519.9393
546.1112
576.3873
612.0021
654.7903
707.6267
775.3082
866.7664
1000
