1
1.006131
1.012262
1.018393
1.024524
1.030655
1.036785
1.042916
1.049047
1.055178
1.061309
1.06744
1.073571
1.079702
1.085833
1.091964
1.098095
1.104226
1.110356
1.116487
1.122618
1.128749
1.13488
1.141011
1.147142
1.153273
1.159404
1.165535
1.171666
1.177796
1.183927
1.190058
1.196189
1.20232
1.208451
1.214582
1.220713
1.226844
1.232975
1.239106
1.245237
1.251367
1.257498
1.263629
1.26976
1.275891
1.282022
1.288153
1.294284
1.300415
1.306546
1.312677
1.318807
1.324938
1.331069
1.3372
1.343331
1.349462
1.355593
1.361724
1.367855
1.373986
1.380117
1.386248
1.392378
1.398509
1.40464
1.410771
1.416902
1.423033
1.429164
1.435295
1.441426
1.447557
1.453688
1.459818
1.465949
1.47208
1.478211
1.484342
1.490473
1.496604
1.502735
1.508866
1.514997
1.521128
1.527259
1.53339
1.53952
1.545651
1.551782
1.557913
1.564044
1.570175
1.576306
1.582437
1.588568
1.594699
1.60083
1.606961
1.613091
1.619222
1.625353
1.631484
1.637615
1.643746
1.649877
1.656008
1.662139
1.66827
1.674401
1.680531
1.686662
1.692793
1.698924
1.705055
1.711186
1.717317
1.723448
1.729579
1.73571
1.741841
1.747972
1.754102
1.760233
1.766364
1.772495
1.778626
1.784757
1.790888
1.797019
1.80315
1.809281
1.815412
1.821543
1.827673
1.833804
1.839935
1.846066
1.852197
1.858328
1.864459
1.87059
1.876721
1.882852
1.888983
1.895113
1.901244
1.907375
1.913506
1.919637
1.925768
1.931899
1.93803
1.944161
1.950292
1.956423
1.962554
1.968684
1.974815
1.980946
1.987077
1.993208
1.999339
2.006246
2.013248
2.020249
2.02725
2.034252
2.041253
2.048254
2.055255
2.062257
2.069258
2.076259
2.083261
2.090262
2.097263
2.104265
2.111266
2.118267
2.125268
2.13227
2.139271
2.146272
2.153274
2.160275
2.167276
2.174278
2.181279
2.18828
2.195282
2.202283
2.209284
2.216285
2.223287
2.230288
2.237289
2.244291
2.251292
2.258293
2.265295
2.272296
2.279297
2.286299
2.2933
2.300301
2.307302
2.314304
2.321305
2.328306
2.335308
2.342309
2.34931
2.356312
2.363313
2.370314
2.377316
2.384317
2.391318
2.398319
2.405321
2.412322
2.419323
2.426325
2.433326
2.440327
2.447329
2.45433
2.461331
2.468333
2.475334
2.482335
2.489336
2.496338
2.503339
2.51034
2.517342
2.524343
2.531344
2.538345
2.545347
2.552348
2.559349
2.566351
2.573352
2.580353
2.587355
2.594356
2.601357
2.608358
2.61536
2.622361
2.629362
2.636364
2.643365
2.650366
2.657368
2.664369
2.67137
2.678371
2.685373
2.692374
2.699375
2.706377
2.713378
2.720379
2.727381
2.734382
2.741383
2.748384
2.755386
2.762387
2.769388
2.77639
2.783391
2.790392
2.797394
2.804395
2.811396
2.818398
2.825399
2.8324
2.839401
2.846403
2.853404
2.860405
2.867407
2.874408
2.881409
2.888411
2.895412
2.902413
2.909415
2.916416
2.923417
2.930418
2.93742
2.944421
2.951422
2.958424
2.965425
2.972426
2.979428
2.986429
2.99343
3.00054
3.009311
3.018082
3.026853
3.035624
3.044394
3.053165
3.061936
3.070707
3.079477
3.088248
3.097019
3.10579
3.11456
3.123331
3.132102
3.140873
3.149643
3.158414
3.167185
3.175956
3.184726
3.193497
3.202268
3.211039
3.21981
3.22858
3.237351
3.246122
3.254893
3.263663
3.272434
3.281205
3.289976
3.298746
3.307517
3.316288
3.325059
3.333829
3.3426
3.351371
3.360142
3.368912
3.377683
3.386454
3.395225
3.403996
3.412766
3.421537
3.430308
3.439079
3.447849
3.45662
3.465391
3.474162
3.482932
3.491703
3.500474
3.509245
3.518015
3.526786
3.535557
3.544328
3.553098
3.561869
3.57064
3.579411
3.588181
3.596952
3.605723
3.614494
3.623265
3.632035
3.640806
3.649577
3.658348
3.667118
3.675889
3.68466
3.69343
3.702201
3.710972
3.719743
3.728514
3.737284
3.746055
3.754826
3.763597
3.772367
3.781138
3.789909
3.79868
3.80745
3.816221
3.824992
3.833763
3.842534
3.851304
3.860075
3.868846
3.877616
3.886387
3.895158
3.903929
3.912699
3.92147
3.930241
3.939012
3.947783
3.956553
3.965324
3.974095
3.982866
3.991636
4.000517
4.011652
4.022787
4.033923
4.045058
4.056193
4.067328
4.078464
4.089599
4.100734
4.111869
4.123004
4.13414
4.145275
4.15641
4.167545
4.17868
4.189816
4.200951
4.212086
4.223221
4.234356
4.245492
4.256627
4.267762
4.278897
4.290032
4.301168
4.312303
4.323438
4.334574
4.345709
4.356844
4.367979
4.379114
4.39025
4.401385
4.41252
4.423656
4.434791
4.445926
4.457061
4.468196
4.479331
4.490467
4.501602
4.512737
4.523872
4.535007
4.546143
4.557278
4.568413
4.579548
4.590683
4.601819
4.612954
4.624089
4.635224
4.646359
4.657495
4.66863
4.679765
4.690901
4.702036
4.713171
4.724306
4.735442
4.746577
4.757712
4.768847
4.779983
4.791118
4.802253
4.813388
4.824523
4.835659
4.846794
4.857929
4.869064
4.880199
4.891335
4.90247
4.913605
4.92474
4.935875
4.947011
4.958146
4.969281
4.980416
4.991551
5.003391
5.017446
5.0315
5.045554
5.059608
5.073663
5.087717
5.101771
5.115826
5.12988
5.143934
5.157989
5.172043
5.186097
5.200151
5.214206
5.22826
5.242314
5.256369
5.270423
5.284478
5.298532
5.312586
5.326641
5.340695
5.354749
5.368804
5.382858
5.396912
5.410966
5.425021
5.439075
5.453129
5.467184
5.481238
5.495292
5.509346
5.523401
5.537455
5.551509
5.565564
5.579618
5.593673
5.607727
5.621781
5.635836
5.64989
5.663944
5.677999
5.692053
5.706107
5.720161
5.734216
5.74827
5.762324
5.776379
5.790433
5.804487
5.818542
5.832596
5.84665
5.860704
5.874759
5.888813
5.902867
5.916922
5.930976
5.945031
5.959085
5.973139
5.987194
6.001557
6.019096
6.036635
6.054174
6.071712
6.089252
6.106791
6.12433
6.141868
6.159407
6.176946
6.194485
6.212024
6.229563
6.247102
6.26464
6.282179
6.299718
6.317257
6.334796
6.352335
6.369874
6.387413
6.404952
6.422491
6.44003
6.457568
6.475107
6.492646
6.510185
6.527724
6.545263
6.562802
6.580341
6.597879
6.615418
6.632957
6.650496
6.668035
6.685574
6.703113
6.720652
6.738191
6.75573
6.773269
6.790807
6.808346
6.825885
6.843424
6.860963
6.878502
6.896041
6.913579
6.931118
6.948658
6.966197
6.983735
7.00157
7.023186
7.044801
7.066417
7.088032
7.109648
7.131263
7.152878
7.174494
7.196109
7.217725
7.23934
7.260956
7.282571
7.304186
7.325802
7.347417
7.369033
7.390648
7.412264
7.433879
7.455494
7.47711
7.498725
7.520341
7.541956
7.563572
7.585187
7.606803
7.628418
7.650033
7.671649
7.693264
7.71488
7.736495
7.758111
7.779726
7.801342
7.822957
7.844573
7.866188
7.887804
7.909419
7.931035
7.95265
7.974265
7.995881
8.021301
8.047618
8.073935
8.100251
8.126568
8.152885
8.179202
8.205519
8.231835
8.258152
8.284469
8.310785
8.337102
8.363419
8.389735
8.416052
8.442369
8.468685
8.495002
8.521318
8.547636
8.573953
8.600269
8.626586
8.652903
8.679219
8.705536
8.731853
8.758169
8.784486
8.810802
8.837119
8.863436
8.889752
8.916069
8.942387
8.968703
8.99502
9.025683
9.057362
9.08904
9.120718
9.152397
9.184075
9.215754
9.247432
9.27911
9.310789
9.342467
9.374146
9.405824
9.437502
9.469181
9.500859
9.532537
9.564216
9.595894
9.627572
9.659251
9.690929
9.722608
9.754286
9.785964
9.817642
9.849321
9.881
9.912678
9.944356
9.976034
10.00919
10.04693
10.08466
10.1224
10.16014
10.19787
10.23561
10.27335
10.31109
10.34882
10.38656
10.4243
10.46204
10.49977
10.53751
10.57525
10.61298
10.65072
10.68846
10.7262
10.76393
10.80167
10.83941
10.87714
10.91488
10.95262
10.99036
11.03315
11.07768
11.12221
11.16675
11.21128
11.25581
11.30034
11.34487
11.3894
11.43393
11.47846
11.52299
11.56753
11.61206
11.65659
11.70112
11.74565
11.79018
11.83471
11.87925
11.92378
11.96831
12.01502
12.06712
12.11922
12.17132
12.22342
12.27552
12.32762
12.37972
12.43182
12.48391
12.53601
12.58811
12.64021
12.69231
12.74441
12.79651
12.84861
12.90071
12.95281
13.00569
13.06617
13.12665
13.18713
13.24761
13.30809
13.36857
13.42905
13.48953
13.55001
13.61049
13.67097
13.73145
13.79193
13.85241
13.91288
13.97336
14.03901
14.10872
14.17843
14.24814
14.31785
14.38756
14.45728
14.52699
14.5967
14.66641
14.73612
14.80583
14.87554
14.94525
15.01714
15.09697
15.1768
15.25664
15.33647
15.41631
15.49614
15.57598
15.65581
15.73564
15.81548
15.89531
15.97515
16.06259
16.15348
16.24437
16.33525
16.42614
16.51703
16.60792
16.6988
16.78969
16.88058
16.97147
17.0706
17.17352
17.27643
17.37934
17.48225
17.58516
17.68807
17.79098
17.8939
17.99681
18.11235
18.22829
18.34424
18.46018
18.57613
18.69208
18.80802
18.92397
19.04476
19.17479
19.30482
19.43485
19.56488
19.69492
19.82495
19.95498
20.09493
20.24014
20.38534
20.53055
20.67576
20.82096
20.96617
21.12389
21.2854
21.44692
21.60843
21.76995
21.93146
22.10304
22.28204
22.46104
22.64004
22.81904
22.99804
23.19552
23.39322
23.59091
23.7886
23.9863
24.20256
24.4202
24.63784
24.85548
25.08027
25.31916
25.55806
25.79696
26.03924
26.30073
26.56222
26.8237
27.093
27.37846
27.66391
27.94937
28.25572
28.56658
28.87744
29.20456
29.54227
29.87999
30.23598
30.60207
30.96815
31.36156
31.75758
32.16582
32.59335
33.0225
33.48319
33.94387
34.43518
34.93074
35.45777
35.98991
36.55966
37.13931
37.74996
38.38545
39.04073
39.73734
40.46255
41.2183
42.0093
42.84968
43.73281
44.66323
45.64614
46.68707
47.7916
48.9656
50.22678
51.5754
53.01686
54.58366
56.27345
58.11099
60.12382
62.34078
64.79233
67.53175
70.61531
74.12383
78.17427
82.91611
88.585
95.52545
104.3197
116.0018
132.6873
159.6387
216.496
1000
