1
1.058486
1.116972
1.175458
1.233944
1.29243
1.350916
1.409402
1.467888
1.526374
1.58486
1.643346
1.701832
1.760318
1.818804
1.87729
1.935776
1.994262
2.041434
2.087375
2.133316
2.179257
2.225199
2.27114
2.31708
2.363022
2.408963
2.454904
2.500845
2.546786
2.592727
2.638668
2.684609
2.73055
2.776491
2.822433
2.868373
2.914315
2.960256
3.005547
3.046668
3.08779
3.128911
3.170033
3.211155
3.252276
3.293398
3.334519
3.375641
3.416763
3.457884
3.499006
3.540128
3.581249
3.622371
3.663492
3.704614
3.745736
3.786857
3.827979
3.8691
3.910222
3.951344
3.992465
4.03176
4.070646
4.109531
4.148417
4.187303
4.226188
4.265074
4.303959
4.342844
4.38173
4.420616
4.459501
4.498387
4.537272
4.576158
4.615044
4.653929
4.692814
4.7317
4.770586
4.809471
4.848357
4.887242
4.926127
4.965013
5.0038
5.041702
5.079604
5.117506
5.155408
5.19331
5.231212
5.269114
5.307016
5.344918
5.382821
5.420722
5.458624
5.496527
5.534429
5.57233
5.610232
5.648135
5.686037
5.723939
5.761841
5.799743
5.837645
5.875547
5.913449
5.951351
5.989253
6.026975
6.064627
6.102278
6.139929
6.17758
6.215231
6.252883
6.290534
6.328185
6.365837
6.403488
6.441139
6.47879
6.516441
6.554093
6.591744
6.629395
6.667047
6.704698
6.742349
6.78
6.817651
6.855303
6.892954
6.930605
6.968256
7.005944
7.043828
7.081711
7.119595
7.157478
7.195362
7.233245
7.271129
7.309013
7.346896
7.38478
7.422664
7.460547
7.498431
7.536314
7.574198
7.612082
7.649965
7.687849
7.725732
7.763616
7.801499
7.839383
7.877266
7.91515
7.953033
7.990917
8.029242
8.067704
8.106167
8.14463
8.183093
8.221556
8.260019
8.298482
8.336945
8.375408
8.413871
8.452334
8.490797
8.52926
8.567723
8.606186
8.644649
8.683112
8.721575
8.760037
8.798501
8.836964
8.875427
8.91389
8.952353
8.990816
9.029922
9.069231
9.10854
9.147848
9.187157
9.226465
9.265775
9.305083
9.344392
9.3837
9.423009
9.462317
9.501626
9.540935
9.580243
9.619553
9.658861
9.69817
9.737478
9.776787
9.816095
9.855404
9.894712
9.934021
9.97333
10.01298
10.05335
10.09372
10.13409
10.17446
10.21483
10.2552
10.29557
10.33594
10.37631
10.41667
10.45704
10.49741
10.53778
10.57815
10.61852
10.65889
10.69926
10.73963
10.78
10.82037
10.86074
10.90111
10.94148
10.98185
11.0229
11.06451
11.10612
11.14774
11.18935
11.23096
11.27257
11.31418
11.3558
11.39741
11.43902
11.48063
11.52224
11.56386
11.60547
11.64708
11.68869
11.7303
11.77191
11.81353
11.85514
11.89675
11.93836
11.97997
12.02231
12.06532
12.10834
12.15135
12.19436
12.23737
12.28039
12.3234
12.36641
12.40942
12.45244
12.49545
12.53846
12.58147
12.62449
12.6675
12.71051
12.75352
12.79654
12.83955
12.88256
12.92557
12.96859
13.01201
13.05657
13.10112
13.14568
13.19023
13.23479
13.27934
13.3239
13.36845
13.41301
13.45756
13.50212
13.54667
13.59123
13.63579
13.68034
13.72489
13.76945
13.814
13.85856
13.90312
13.94767
13.99222
14.03816
14.08439
14.13062
14.17685
14.22307
14.2693
14.31553
14.36176
14.40799
14.45421
14.50044
14.54667
14.5929
14.63913
14.68535
14.73158
14.77781
14.82404
14.87027
14.91649
14.96272
15.0093
15.05732
15.10534
15.15337
15.20139
15.24941
15.29743
15.34546
15.39348
15.4415
15.48952
15.53755
15.58557
15.63359
15.68161
15.72964
15.77766
15.82568
15.8737
15.92173
15.96975
16.01848
16.06841
16.11835
16.16828
16.21821
16.26814
16.31808
16.36801
16.41794
16.46788
16.51781
16.56774
16.61768
16.66761
16.71754
16.76747
16.81741
16.86734
16.91727
16.96721
17.01783
17.06979
17.12174
17.17369
17.22565
17.2776
17.32956
17.38151
17.43347
17.48542
17.53737
17.58933
17.64128
17.69324
17.74519
17.79714
17.8491
17.90105
17.95301
18.00517
18.05925
18.11333
18.16741
18.22149
18.27558
18.32966
18.38374
18.43783
18.49191
18.54599
18.60007
18.65416
18.70824
18.76232
18.81641
18.87049
18.92457
18.97865
19.03409
19.09041
19.14672
19.20304
19.25936
19.31567
19.37199
19.4283
19.48462
19.54094
19.59725
19.65357
19.70989
19.7662
19.82252
19.87884
19.93515
19.99147
20.04977
20.10842
20.16708
20.22573
20.28438
20.34304
20.40169
20.46034
20.519
20.57765
20.6363
20.69496
20.75361
20.81227
20.87092
20.92957
20.98823
21.04883
21.10992
21.17101
21.23211
21.2932
21.35429
21.41538
21.47647
21.53757
21.59866
21.65975
21.72085
21.78194
21.84303
21.90412
21.96522
22.0274
22.09103
22.15467
22.2183
22.28193
22.34556
22.4092
22.47283
22.53646
22.6001
22.66373
22.72736
22.79099
22.85463
22.91826
22.98189
23.04741
23.11369
23.17996
23.24623
23.31251
23.37878
23.44506
23.51133
23.5776
23.64388
23.71015
23.77642
23.8427
23.90897
23.97524
24.04324
24.11225
24.18127
24.25028
24.3193
24.38831
24.45733
24.52634
24.59536
24.66437
24.73339
24.8024
24.87142
24.94044
25.00984
25.0817
25.15355
25.22541
25.29727
25.36913
25.44098
25.51284
25.5847
25.65656
25.72841
25.80027
25.87213
25.94398
26.01649
26.09129
26.16609
26.24089
26.31569
26.39049
26.46529
26.54009
26.61489
26.6897
26.7645
26.8393
26.9141
26.9889
27.06629
27.14414
27.22198
27.29983
27.37767
27.45552
27.53336
27.61121
27.68905
27.7669
27.84474
27.92259
28.00045
28.08144
28.16243
28.24342
28.32441
28.40541
28.48639
28.56739
28.64838
28.72937
28.81036
28.89135
28.97234
29.05547
29.13971
29.22395
29.30819
29.39243
29.47667
29.56091
29.64515
29.72939
29.81363
29.89787
29.98211
30.06899
30.15658
30.24417
30.33176
30.41935
30.50694
30.59453
30.68213
30.76972
30.85731
30.9449
31.03377
31.12482
31.21586
31.30691
31.39796
31.489
31.58005
31.6711
31.76215
31.85319
31.94424
32.03667
32.13128
32.22588
32.32049
32.4151
32.5097
32.60431
32.69892
32.79353
32.88813
32.98274
33.08035
33.17862
33.27689
33.37516
33.47343
33.57171
33.66998
33.76825
33.86653
33.9648
34.06549
34.16754
34.26958
34.37163
34.47367
34.57572
34.67776
34.77981
34.88185
34.9839
35.08921
35.19514
35.30106
35.40699
35.51291
35.61884
35.72476
35.83068
35.93661
36.04414
36.15405
36.26396
36.37387
36.48379
36.5937
36.70362
36.81353
36.92344
37.0346
37.14861
37.26262
37.37664
37.49065
37.60466
37.71867
37.83268
37.94669
38.06294
38.18116
38.29938
38.4176
38.53582
38.65404
38.77226
38.89048
39.00902
39.13156
39.2541
39.37664
39.49918
39.62172
39.74426
39.8668
39.98935
40.11593
40.24291
40.36988
40.49686
40.62383
40.7508
40.87778
41.00492
41.13644
41.26797
41.39949
41.53101
41.66253
41.79406
41.92558
42.05912
42.1953
42.33149
42.46767
42.60386
42.74004
42.87622
43.01284
43.1538
43.29477
43.43573
43.57669
43.71766
43.85862
43.99958
44.14543
44.29129
44.43715
44.58301
44.72887
44.87473
45.0213
45.17217
45.32305
45.47392
45.6248
45.77567
45.92655
46.08006
46.23607
46.39209
46.5481
46.70411
46.86012
47.01668
47.17794
47.33921
47.50048
47.66174
47.82301
47.98428
48.1504
48.31705
48.48369
48.65034
48.81699
48.98363
49.15524
49.32739
49.49954
49.67169
49.84384
50.01651
50.19429
50.37206
50.54984
50.72762
50.9054
51.08587
51.26939
51.45292
51.63646
51.81998
52.00363
52.19304
52.38246
52.57187
52.76128
52.9507
53.14456
53.33998
53.5354
53.73083
53.92625
54.1255
54.32706
54.52863
54.73019
54.93175
55.13746
55.3453
55.55313
55.76097
55.9688
56.18208
56.39632
56.61056
56.8248
57.04024
57.26101
57.48179
57.70256
57.92334
58.14847
58.37592
58.60337
58.83083
59.06002
59.29428
59.52854
59.7628
59.99706
60.23818
60.47939
60.7206
60.9618
61.20898
61.45727
61.70556
61.95386
62.20803
62.46355
62.71907
62.9746
63.23676
63.49965
63.76254
64.02615
64.29655
64.56696
64.83736
65.11081
65.38886
65.66692
65.94498
66.2293
66.51516
66.80103
67.0893
67.3831
67.67691
67.97072
68.27182
68.57372
68.87563
69.18238
69.49253
69.80268
70.11588
70.43443
70.75298
71.07344
71.40054
71.72763
72.05618
72.39198
72.72779
73.06527
73.40993
73.75459
74.10184
74.45551
74.80919
75.16708
75.52993
75.89278
76.2622
76.63438
77.00673
77.38839
77.77006
78.15556
78.54688
78.93819
79.33778
79.73891
80.14354
80.55466
80.96579
81.38622
81.80749
82.23436
82.66594
83.09989
83.54195
83.98402
84.43633
84.88904
85.34992
85.81345
86.28357
86.7581
87.23811
87.72382
88.21441
88.71144
89.21331
89.72188
90.23575
90.75602
91.2826
91.81476
92.35477
92.89897
93.45315
94.00983
94.5787
95.15084
95.73234
96.32073
96.91502
97.52043
98.13048
98.75092
99.37936
100.0135
100.6608
101.3147
101.9759
102.6504
103.3323
104.022
104.7255
105.438
106.1593
106.8921
107.6377
108.3932
109.1593
109.9375
110.7301
111.5343
112.3507
113.1797
114.0218
114.8799
115.7523
116.6391
117.5408
118.4579
119.391
120.3406
121.3073
122.2915
123.2938
124.3149
125.3554
126.4156
127.4963
128.598
129.7212
130.8667
132.0356
133.2305
134.4499
135.6942
136.9642
138.265
139.5937
140.9503
142.3411
143.7625
145.2176
146.7083
148.2348
149.799
151.4037
153.0474
154.7369
156.4705
158.2502
160.0784
161.9589
163.8941
165.8855
167.9356
170.0487
172.2283
174.4768
176.797
179.1949
181.6748
184.2403
186.8967
189.6512
192.5081
195.4745
198.558
201.7661
205.1075
208.5935
212.2322
216.036
220.0192
224.1966
228.5838
233.1978
238.0606
243.1966
248.6312
254.3952
260.523
267.056
274.0424
281.5369
289.6054
298.325
307.7926
318.1221
329.454
341.9675
355.8817
371.4929
389.1818
409.4653
433.0558
461.0031
494.8678
537.1518
592.2295
668.4427
784.9355
1000
