1
1.003235
1.006469
1.009704
1.012938
1.016173
1.019408
1.022642
1.025877
1.029112
1.032346
1.035581
1.038815
1.04205
1.045285
1.048519
1.051754
1.054988
1.058223
1.061458
1.064692
1.067927
1.071161
1.074396
1.077631
1.080865
1.0841
1.087334
1.090569
1.093804
1.097038
1.100273
1.103508
1.106742
1.109977
1.113211
1.116446
1.119681
1.122915
1.12615
1.129384
1.132619
1.135854
1.139088
1.142323
1.145557
1.148792
1.152027
1.155261
1.158496
1.161731
1.164965
1.1682
1.171434
1.174669
1.177904
1.181138
1.184373
1.187607
1.190842
1.194077
1.197311
1.200546
1.20378
1.207015
1.21025
1.213484
1.216719
1.219953
1.223188
1.226423
1.229657
1.232892
1.236127
1.239361
1.242596
1.24583
1.249065
1.2523
1.255534
1.258769
1.262003
1.265238
1.268473
1.271707
1.274942
1.278176
1.281411
1.284646
1.28788
1.291115
1.294349
1.297584
1.300819
1.304053
1.307288
1.310523
1.313757
1.316992
1.320226
1.323461
1.326696
1.32993
1.333165
1.336399
1.339634
1.342869
1.346103
1.349338
1.352572
1.355807
1.359042
1.362276
1.365511
1.368745
1.37198
1.375215
1.378449
1.381684
1.384919
1.388153
1.391388
1.394622
1.397857
1.401092
1.404326
1.407561
1.410795
1.41403
1.417265
1.420499
1.423734
1.426968
1.430203
1.433438
1.436672
1.439907
1.443141
1.446376
1.449611
1.452845
1.45608
1.459315
1.462549
1.465784
1.469018
1.472253
1.475488
1.478722
1.481957
1.485191
1.488426
1.491661
1.494895
1.49813
1.501364
1.504599
1.507834
1.511068
1.514303
1.517538
1.520772
1.524007
1.527241
1.530476
1.53371
1.536945
1.54018
1.543414
1.546649
1.549884
1.553118
1.556353
1.559587
1.562822
1.566057
1.569291
1.572526
1.57576
1.578995
1.58223
1.585464
1.588699
1.591933
1.595168
1.598403
1.601637
1.604872
1.608107
1.611341
1.614576
1.61781
1.621045
1.62428
1.627514
1.630749
1.633983
1.637218
1.640453
1.643687
1.646922
1.650156
1.653391
1.656626
1.65986
1.663095
1.66633
1.669564
1.672799
1.676033
1.679268
1.682503
1.685737
1.688972
1.692206
1.695441
1.698676
1.70191
1.705145
1.70838
1.711614
1.714849
1.718083
1.721318
1.724553
1.727787
1.731022
1.734256
1.737491
1.740726
1.74396
1.747195
1.750429
1.753664
1.756899
1.760133
1.763368
1.766603
1.769837
1.773072
1.776306
1.779541
1.782776
1.78601
1.789245
1.792479
1.795714
1.798949
1.802183
1.805418
1.808652
1.811887
1.815122
1.818356
1.821591
1.824825
1.82806
1.831295
1.834529
1.837764
1.840998
1.844233
1.847468
1.850702
1.853937
1.857172
1.860406
1.863641
1.866875
1.87011
1.873345
1.876579
1.879814
1.883048
1.886283
1.889518
1.892752
1.895987
1.899221
1.902456
1.905691
1.908925
1.91216
1.915395
1.918629
1.921864
1.925098
1.928333
1.931568
1.934802
1.938037
1.941271
1.944506
1.947741
1.950975
1.95421
1.957444
1.960679
1.963914
1.967148
1.970383
1.973617
1.976852
1.980087
1.983321
1.986556
1.98979
1.993025
1.99626
1.999494
2.00433
2.009462
2.014594
2.019726
2.024858
2.029989
2.035121
2.040253
2.045385
2.050517
2.055649
2.060781
2.065913
2.071045
2.076177
2.081309
2.086441
2.091573
2.096705
2.101837
2.106969
2.112101
2.117233
2.122365
2.127496
2.132628
2.13776
2.142892
2.148024
2.153156
2.158288
2.16342
2.168552
2.173684
2.178816
2.183948
2.18908
2.194212
2.199344
2.204476
2.209608
2.21474
2.219872
2.225004
2.230136
2.235268
2.2404
2.245532
2.250664
2.255795
2.260927
2.266059
2.271191
2.276323
2.281455
2.286587
2.291719
2.296851
2.301983
2.307115
2.312247
2.317379
2.322511
2.327643
2.332775
2.337907
2.343039
2.348171
2.353302
2.358434
2.363566
2.368698
2.37383
2.378962
2.384094
2.389226
2.394358
2.39949
2.404622
2.409754
2.414886
2.420018
2.42515
2.430282
2.435414
2.440546
2.445678
2.45081
2.455942
2.461074
2.466206
2.471338
2.47647
2.481601
2.486733
2.491865
2.496997
2.502129
2.507261
2.512393
2.517525
2.522657
2.527789
2.532921
2.538053
2.543185
2.548317
2.553449
2.558581
2.563713
2.568845
2.573977
2.579108
2.58424
2.589372
2.594504
2.599636
2.604768
2.6099
2.615032
2.620164
2.625296
2.630428
2.63556
2.640692
2.645824
2.650956
2.656088
2.66122
2.666352
2.671484
2.676616
2.681747
2.68688
2.692011
2.697144
2.702275
2.707407
2.712539
2.717671
2.722803
2.727935
2.733067
2.738199
2.743331
2.748463
2.753595
2.758727
2.763859
2.768991
2.774123
2.779255
2.784387
2.789519
2.794651
2.799783
2.804914
2.810046
2.815178
2.82031
2.825442
2.830574
2.835706
2.840838
2.84597
2.851102
2.856234
2.861366
2.866498
2.87163
2.876762
2.881894
2.887026
2.892158
2.89729
2.902421
2.907553
2.912685
2.917817
2.922949
2.928081
2.933213
2.938345
2.943477
2.948609
2.953741
2.958873
2.964005
2.969137
2.974269
2.979401
2.984533
2.989665
2.994797
2.999929
3.007946
3.016005
3.024063
3.032121
3.040179
3.048238
3.056296
3.064354
3.072412
3.080471
3.088529
3.096587
3.104645
3.112704
3.120762
3.12882
3.136878
3.144937
3.152995
3.161053
3.169111
3.17717
3.185228
3.193286
3.201344
3.209403
3.217461
3.225519
3.233577
3.241636
3.249694
3.257752
3.26581
3.273869
3.281927
3.289985
3.298043
3.306102
3.31416
3.322218
3.330276
3.338335
3.346393
3.354451
3.362509
3.370568
3.378626
3.386684
3.394742
3.402801
3.410859
3.418917
3.426975
3.435034
3.443092
3.45115
3.459208
3.467267
3.475325
3.483383
3.491442
3.4995
3.507558
3.515616
3.523675
3.531733
3.539791
3.547849
3.555908
3.563966
3.572024
3.580082
3.588141
3.596199
3.604257
3.612315
3.620374
3.628432
3.63649
3.644548
3.652607
3.660665
3.668723
3.676782
3.68484
3.692898
3.700956
3.709014
3.717073
3.725131
3.733189
3.741248
3.749306
3.757364
3.765422
3.773481
3.781539
3.789597
3.797655
3.805714
3.813772
3.82183
3.829888
3.837947
3.846005
3.854063
3.862121
3.87018
3.878238
3.886296
3.894354
3.902413
3.910471
3.918529
3.926588
3.934646
3.942704
3.950762
3.95882
3.966879
3.974937
3.982995
3.991054
3.999112
4.010725
4.022779
4.034834
4.046888
4.058942
4.070996
4.08305
4.095104
4.107159
4.119213
4.131267
4.143321
4.155375
4.167429
4.179483
4.191537
4.203592
4.215646
4.2277
4.239754
4.251808
4.263862
4.275917
4.287971
4.300025
4.312079
4.324133
4.336187
4.348241
4.360295
4.37235
4.384404
4.396458
4.408512
4.420566
4.43262
4.444674
4.456728
4.468783
4.480837
4.492891
4.504945
4.516999
4.529053
4.541108
4.553162
4.565216
4.57727
4.589324
4.601378
4.613432
4.625486
4.637541
4.649595
4.661649
4.673703
4.685757
4.697811
4.709866
4.72192
4.733974
4.746028
4.758082
4.770136
4.78219
4.794244
4.806299
4.818353
4.830407
4.842461
4.854515
4.86657
4.878623
4.890677
4.902732
4.914786
4.92684
4.938894
4.950948
4.963002
4.975057
4.987111
4.999165
5.016041
5.033277
5.050512
5.067747
5.084982
5.102217
5.119452
5.136688
5.153923
5.171158
5.188394
5.205629
5.222864
5.240099
5.257335
5.27457
5.291805
5.309041
5.326276
5.343511
5.360746
5.377982
5.395217
5.412452
5.429688
5.446923
5.464158
5.481393
5.498629
5.515863
5.533099
5.550334
5.567569
5.584805
5.60204
5.619275
5.63651
5.653746
5.670981
5.688216
5.705451
5.722687
5.739922
5.757157
5.774393
5.791628
5.808863
5.826098
5.843334
5.860569
5.877804
5.89504
5.912275
5.92951
5.946745
5.963981
5.981215
5.998451
6.021598
6.045328
6.069059
6.09279
6.11652
6.140251
6.163981
6.187712
6.211442
6.235173
6.258904
6.282634
6.306365
6.330095
6.353826
6.377556
6.401287
6.425018
6.448748
6.472479
6.49621
6.51994
6.543671
6.567401
6.591132
6.614862
6.638593
6.662323
6.686054
6.709785
6.733515
6.757246
6.780976
6.804707
6.828438
6.852168
6.875899
6.89963
6.92336
6.947091
6.970821
6.994552
7.024401
7.056075
7.087748
7.119421
7.151093
7.182766
7.21444
7.246113
7.277786
7.309459
7.341132
7.372805
7.404478
7.436151
7.467824
7.499497
7.53117
7.562843
7.594516
7.626189
7.657863
7.689536
7.721209
7.752882
7.784554
7.816228
7.847901
7.879574
7.911247
7.94292
7.974593
8.00815
8.049348
8.090546
8.131742
8.17294
8.214138
8.255336
8.296534
8.33773
8.378928
8.420126
8.461324
8.502522
8.543718
8.584916
8.626114
8.667312
8.708508
8.749706
8.790904
8.832102
8.8733
8.914496
8.955694
8.996892
9.048484
9.100924
9.153364
9.205804
9.258245
9.310684
9.363125
9.415565
9.468004
9.520445
9.572885
9.625325
9.677765
9.730206
9.782645
9.835086
9.887526
9.939965
9.992406
10.05605
10.12158
10.18712
10.25266
10.3182
10.38374
10.44927
10.51481
10.58035
10.64589
10.71142
10.77696
10.8425
10.90804
10.97358
11.04812
11.12875
11.20938
11.29001
11.37064
11.45127
11.53189
11.61252
11.69315
11.77378
11.85441
11.93504
12.01902
12.11687
12.21472
12.31258
12.41043
12.50828
12.60614
12.70399
12.80184
12.89969
12.99755
13.11441
13.23176
13.34911
13.46646
13.58381
13.70117
13.81852
13.93587
14.06316
14.20242
14.34169
14.48095
14.62022
14.75948
14.89875
15.04469
15.20843
15.37217
15.53591
15.69965
15.86339
16.03163
16.22254
16.41346
16.60438
16.7953
16.98621
17.20499
17.42594
17.64689
17.86783
18.10205
18.35603
18.61
18.86397
19.13475
19.4249
19.71505
20.00591
20.33554
20.66518
20.99481
21.3667
21.73927
22.12581
22.5449
22.964
23.42908
23.8985
24.41039
24.93401
25.5086
26.10026
26.74475
27.42967
28.1553
28.93825
29.79146
30.71214
31.71237
32.80485
34.0033
35.34709
36.83481
38.51908
40.43276
42.64079
45.22775
48.324
52.1158
56.92964
63.33986
72.50996
87.37523
118.9963
1000
