1
1.007335
1.01467
1.022004
1.029339
1.036674
1.044009
1.051344
1.058679
1.066014
1.073348
1.080683
1.088018
1.095353
1.102688
1.110023
1.117357
1.124692
1.132027
1.139362
1.146697
1.154032
1.161367
1.168701
1.176036
1.183371
1.190706
1.198041
1.205376
1.21271
1.220045
1.22738
1.234715
1.24205
1.249385
1.256719
1.264054
1.271389
1.278724
1.286059
1.293394
1.300729
1.308063
1.315398
1.322733
1.330068
1.337403
1.344738
1.352072
1.359407
1.366742
1.374077
1.381412
1.388747
1.396081
1.403416
1.410751
1.418086
1.425421
1.432756
1.440091
1.447425
1.45476
1.462095
1.46943
1.476765
1.4841
1.491434
1.498769
1.506104
1.513439
1.520774
1.528109
1.535444
1.542778
1.550113
1.557448
1.564783
1.572118
1.579453
1.586787
1.594122
1.601457
1.608792
1.616127
1.623462
1.630796
1.638131
1.645466
1.652801
1.660136
1.667471
1.674806
1.68214
1.689475
1.69681
1.704145
1.71148
1.718815
1.726149
1.733484
1.740819
1.748154
1.755489
1.762824
1.770159
1.777493
1.784828
1.792163
1.799498
1.806833
1.814167
1.821502
1.828837
1.836172
1.843507
1.850842
1.858176
1.865511
1.872846
1.880181
1.887516
1.894851
1.902186
1.90952
1.916855
1.92419
1.931525
1.93886
1.946195
1.95353
1.960864
1.968199
1.975534
1.982869
1.990204
1.997539
2.005226
2.013091
2.020957
2.028822
2.036687
2.044552
2.052418
2.060283
2.068148
2.076014
2.083879
2.091744
2.09961
2.107475
2.11534
2.123205
2.131071
2.138936
2.146801
2.154667
2.162532
2.170397
2.178263
2.186128
2.193993
2.201859
2.209724
2.217589
2.225455
2.23332
2.241185
2.24905
2.256916
2.264781
2.272646
2.280512
2.288377
2.296242
2.304108
2.311973
2.319838
2.327703
2.335569
2.343434
2.351299
2.359165
2.36703
2.374895
2.382761
2.390626
2.398491
2.406357
2.414222
2.422087
2.429952
2.437818
2.445683
2.453548
2.461414
2.469279
2.477144
2.48501
2.492875
2.50074
2.508605
2.516471
2.524336
2.532202
2.540067
2.547932
2.555797
2.563663
2.571528
2.579393
2.587259
2.595124
2.602989
2.610855
2.61872
2.626585
2.63445
2.642316
2.650181
2.658046
2.665912
2.673777
2.681642
2.689507
2.697373
2.705238
2.713104
2.720969
2.728834
2.7367
2.744565
2.75243
2.760295
2.768161
2.776026
2.783891
2.791757
2.799622
2.807487
2.815352
2.823218
2.831083
2.838948
2.846814
2.854679
2.862544
2.87041
2.878275
2.88614
2.894006
2.901871
2.909736
2.917602
2.925467
2.933332
2.941197
2.949063
2.956928
2.964793
2.972659
2.980524
2.988389
2.996255
3.004915
3.014299
3.023683
3.033067
3.042451
3.051834
3.061218
3.070602
3.079986
3.08937
3.098753
3.108137
3.117521
3.126905
3.136289
3.145673
3.155056
3.16444
3.173824
3.183208
3.192592
3.201975
3.211359
3.220743
3.230127
3.239511
3.248894
3.258278
3.267662
3.277046
3.28643
3.295814
3.305197
3.314581
3.323965
3.333349
3.342733
3.352117
3.3615
3.370884
3.380268
3.389652
3.399035
3.408419
3.417803
3.427187
3.436571
3.445955
3.455338
3.464722
3.474106
3.48349
3.492874
3.502258
3.511641
3.521025
3.530409
3.539793
3.549177
3.55856
3.567944
3.577328
3.586712
3.596096
3.605479
3.614863
3.624247
3.633631
3.643015
3.652399
3.661782
3.671166
3.68055
3.689934
3.699318
3.708702
3.718085
3.727469
3.736853
3.746237
3.75562
3.765004
3.774388
3.783772
3.793156
3.80254
3.811924
3.821307
3.830691
3.840075
3.849459
3.858843
3.868226
3.87761
3.886994
3.896378
3.905762
3.915145
3.924529
3.933913
3.943297
3.952681
3.962065
3.971448
3.980832
3.990216
3.9996
4.010977
4.022444
4.03391
4.045376
4.056843
4.068309
4.079775
4.091242
4.102708
4.114174
4.12564
4.137107
4.148573
4.160039
4.171506
4.182972
4.194438
4.205905
4.217371
4.228837
4.240304
4.25177
4.263237
4.274703
4.286169
4.297636
4.309102
4.320568
4.332035
4.343501
4.354967
4.366434
4.3779
4.389366
4.400833
4.412299
4.423765
4.435232
4.446698
4.458164
4.469631
4.481097
4.492563
4.50403
4.515496
4.526962
4.538428
4.549895
4.561361
4.572827
4.584294
4.59576
4.607226
4.618693
4.630159
4.641625
4.653092
4.664558
4.676024
4.687491
4.698957
4.710423
4.72189
4.733356
4.744823
4.756289
4.767755
4.779222
4.790688
4.802154
4.813621
4.825087
4.836553
4.84802
4.859486
4.870952
4.882419
4.893885
4.905351
4.916818
4.928284
4.93975
4.951217
4.962683
4.974149
4.985616
4.997082
5.010463
5.024498
5.038533
5.052568
5.066603
5.080638
5.094673
5.108708
5.122744
5.136778
5.150814
5.164849
5.178884
5.192919
5.206954
5.220989
5.235024
5.249059
5.263094
5.277129
5.291164
5.305199
5.319234
5.333269
5.347304
5.361339
5.375374
5.389409
5.403444
5.41748
5.431514
5.445549
5.459585
5.473619
5.487655
5.501689
5.515725
5.52976
5.543795
5.55783
5.571865
5.5859
5.599935
5.61397
5.628005
5.64204
5.656075
5.67011
5.684145
5.69818
5.712215
5.72625
5.740285
5.75432
5.768355
5.782391
5.796425
5.810461
5.824496
5.838531
5.852566
5.866601
5.880636
5.894671
5.908706
5.922741
5.936776
5.950811
5.964846
5.978881
5.992916
6.00846
6.025539
6.04262
6.0597
6.07678
6.093861
6.110941
6.128021
6.145101
6.162181
6.179262
6.196342
6.213422
6.230503
6.247582
6.264663
6.281743
6.298823
6.315904
6.332984
6.350064
6.367144
6.384224
6.401305
6.418385
6.435465
6.452546
6.469625
6.486706
6.503786
6.520866
6.537947
6.555027
6.572107
6.589188
6.606267
6.623348
6.640428
6.657508
6.674589
6.691669
6.708749
6.725829
6.742909
6.75999
6.77707
6.79415
6.811231
6.82831
6.845391
6.862471
6.879551
6.896632
6.913712
6.930792
6.947872
6.964952
6.982033
6.999113
7.019543
7.040156
7.06077
7.081383
7.101996
7.12261
7.143223
7.163836
7.18445
7.205063
7.225677
7.24629
7.266904
7.287517
7.30813
7.328744
7.349357
7.36997
7.390584
7.411197
7.431811
7.452424
7.473038
7.493651
7.514264
7.534878
7.555491
7.576105
7.596718
7.617331
7.637945
7.658558
7.679172
7.699785
7.720398
7.741012
7.761625
7.782238
7.802852
7.823465
7.844079
7.864692
7.885305
7.905919
7.926532
7.947145
7.967759
7.988372
8.010747
8.035401
8.060056
8.08471
8.109365
8.13402
8.158674
8.183329
8.207983
8.232637
8.257292
8.281946
8.306601
8.331255
8.355909
8.380564
8.405218
8.429873
8.454528
8.479182
8.503837
8.528491
8.553145
8.5778
8.602454
8.627109
8.651763
8.676417
8.701073
8.725727
8.750381
8.775036
8.79969
8.824345
8.848999
8.873653
8.898308
8.922962
8.947617
8.972271
8.996925
9.025583
9.054811
9.084038
9.113265
9.142492
9.17172
9.200947
9.230174
9.259401
9.288629
9.317856
9.347083
9.37631
9.405538
9.434765
9.463992
9.493219
9.522447
9.551674
9.580901
9.610128
9.639356
9.668583
9.69781
9.727037
9.756265
9.785492
9.814719
9.843946
9.873174
9.902401
9.931628
9.960855
9.990083
10.0227
10.05706
10.09142
10.12577
10.16013
10.19449
10.22885
10.2632
10.29756
10.33192
10.36628
10.40063
10.43499
10.46935
10.50371
10.53806
10.57242
10.60678
10.64114
10.67549
10.70985
10.74421
10.77857
10.81292
10.84728
10.88164
10.916
10.95035
10.98471
11.02224
11.06231
11.10239
11.14246
11.18253
11.2226
11.26267
11.30275
11.34282
11.38289
11.42296
11.46303
11.50311
11.54318
11.58325
11.62332
11.6634
11.70347
11.74354
11.78361
11.82368
11.86376
11.90383
11.9439
11.98397
12.02784
12.07424
12.12064
12.16704
12.21344
12.25984
12.30623
12.35263
12.39903
12.44543
12.49183
12.53823
12.58463
12.63103
12.67743
12.72382
12.77022
12.81662
12.86302
12.90942
12.95582
13.00255
13.05592
13.10928
13.16265
13.21601
13.26938
13.32275
13.37611
13.42948
13.48284
13.53621
13.58957
13.64294
13.69631
13.74967
13.80304
13.8564
13.90977
13.96314
14.01886
14.07986
14.14086
14.20187
14.26287
14.32387
14.38487
14.44587
14.50687
14.56787
14.62887
14.68987
14.75087
14.81187
14.87287
14.93387
14.99487
15.06351
15.13284
15.20217
15.27151
15.34084
15.41017
15.47951
15.54884
15.61817
15.6875
15.75684
15.82617
15.8955
15.96484
16.03864
16.11703
16.19542
16.27381
16.3522
16.43059
16.50898
16.58737
16.66576
16.74416
16.82255
16.90094
16.97933
17.06495
17.15315
17.24135
17.32956
17.41776
17.50597
17.59417
17.68237
17.77058
17.85878
17.94699
18.03942
18.13822
18.23702
18.33582
18.43463
18.53343
18.63223
18.73103
18.82983
18.92863
19.03061
19.14082
19.25103
19.36124
19.47145
19.58167
19.69188
19.80209
19.9123
20.02501
20.14748
20.26995
20.39241
20.51487
20.63734
20.7598
20.88227
21.00524
21.14083
21.27642
21.41201
21.54761
21.6832
21.81879
21.95438
22.09928
22.2489
22.39852
22.54814
22.69776
22.84738
22.997
23.16128
23.32586
23.49043
23.65501
23.81959
23.98417
24.16314
24.34364
24.52414
24.70465
24.88515
25.0718
25.26922
25.46664
25.66405
25.86147
26.06424
26.27959
26.49495
26.7103
26.92566
27.15345
27.38779
27.62214
27.85649
28.09862
28.35303
28.60745
28.86187
29.12597
29.40158
29.6772
29.95281
30.24694
30.54489
30.84284
31.1519
31.47335
31.79481
32.12521
32.4714
32.81758
33.17605
33.54819
33.92033
34.31388
34.71326
35.12069
35.54861
35.97652
36.43267
36.89047
37.37202
37.86106
38.37346
38.89514
39.44403
39.99977
40.59107
41.1938
41.82213
42.47812
43.15374
43.86078
44.60131
45.37034
46.17171
47.0094
47.89329
48.81981
49.79272
50.81646
51.89544
53.03615
54.24986
55.5364
56.90091
58.36491
59.92567
61.61046
63.42364
65.38708
67.52373
69.85783
72.4305
75.27637
78.45448
82.02897
86.10343
90.80055
96.3002
102.8643
110.9046
121.0877
134.6069
153.8874
184.9646
250.1505
1000
