1
1.003222
1.006444
1.009667
1.012889
1.016111
1.019333
1.022555
1.025778
1.029
1.032222
1.035444
1.038666
1.041888
1.045111
1.048333
1.051555
1.054777
1.057999
1.061222
1.064444
1.067666
1.070888
1.074111
1.077333
1.080555
1.083777
1.086999
1.090221
1.093444
1.096666
1.099888
1.10311
1.106332
1.109555
1.112777
1.115999
1.119221
1.122443
1.125666
1.128888
1.13211
1.135332
1.138554
1.141777
1.144999
1.148221
1.151443
1.154665
1.157887
1.16111
1.164332
1.167554
1.170776
1.173998
1.177221
1.180443
1.183665
1.186887
1.190109
1.193332
1.196554
1.199776
1.202998
1.20622
1.209443
1.212665
1.215887
1.219109
1.222331
1.225554
1.228776
1.231998
1.23522
1.238442
1.241665
1.244887
1.248109
1.251331
1.254553
1.257775
1.260998
1.26422
1.267442
1.270664
1.273886
1.277109
1.280331
1.283553
1.286775
1.289997
1.29322
1.296442
1.299664
1.302886
1.306108
1.309331
1.312553
1.315775
1.318997
1.322219
1.325441
1.328664
1.331886
1.335108
1.33833
1.341552
1.344775
1.347997
1.351219
1.354441
1.357663
1.360886
1.364108
1.36733
1.370552
1.373774
1.376997
1.380219
1.383441
1.386663
1.389885
1.393108
1.39633
1.399552
1.402774
1.405996
1.409219
1.412441
1.415663
1.418885
1.422107
1.425329
1.428552
1.431774
1.434996
1.438218
1.44144
1.444663
1.447885
1.451107
1.454329
1.457551
1.460774
1.463996
1.467218
1.47044
1.473662
1.476885
1.480107
1.483329
1.486551
1.489773
1.492996
1.496218
1.49944
1.502662
1.505884
1.509107
1.512329
1.515551
1.518773
1.521995
1.525218
1.52844
1.531662
1.534884
1.538106
1.541328
1.544551
1.547773
1.550995
1.554217
1.557439
1.560662
1.563884
1.567106
1.570328
1.57355
1.576773
1.579995
1.583217
1.586439
1.589661
1.592884
1.596106
1.599328
1.60255
1.605772
1.608994
1.612217
1.615439
1.618661
1.621883
1.625106
1.628328
1.63155
1.634772
1.637994
1.641217
1.644439
1.647661
1.650883
1.654105
1.657327
1.66055
1.663772
1.666994
1.670216
1.673438
1.676661
1.679883
1.683105
1.686327
1.689549
1.692772
1.695994
1.699216
1.702438
1.70566
1.708883
1.712105
1.715327
1.718549
1.721771
1.724993
1.728216
1.731438
1.73466
1.737882
1.741104
1.744327
1.747549
1.750771
1.753993
1.757215
1.760438
1.76366
1.766882
1.770104
1.773326
1.776549
1.779771
1.782993
1.786215
1.789437
1.79266
1.795882
1.799104
1.802326
1.805548
1.808771
1.811993
1.815215
1.818437
1.821659
1.824882
1.828104
1.831326
1.834548
1.83777
1.840992
1.844215
1.847437
1.850659
1.853881
1.857103
1.860326
1.863548
1.86677
1.869992
1.873214
1.876437
1.879659
1.882881
1.886103
1.889325
1.892548
1.89577
1.898992
1.902214
1.905436
1.908659
1.911881
1.915103
1.918325
1.921547
1.924769
1.927992
1.931214
1.934436
1.937658
1.94088
1.944103
1.947325
1.950547
1.953769
1.956991
1.960214
1.963436
1.966658
1.96988
1.973102
1.976325
1.979547
1.982769
1.985991
1.989213
1.992435
1.995658
1.99888
2.003344
2.00847
2.013596
2.018722
2.023847
2.028973
2.034099
2.039225
2.044351
2.049477
2.054603
2.059728
2.064854
2.06998
2.075106
2.080232
2.085358
2.090484
2.095609
2.100735
2.105861
2.110987
2.116113
2.121239
2.126365
2.13149
2.136616
2.141742
2.146868
2.151994
2.15712
2.162246
2.167372
2.172497
2.177623
2.182749
2.187875
2.193001
2.198127
2.203253
2.208378
2.213504
2.21863
2.223756
2.228882
2.234008
2.239134
2.244259
2.249385
2.254511
2.259637
2.264763
2.269889
2.275014
2.28014
2.285266
2.290392
2.295518
2.300644
2.30577
2.310895
2.316021
2.321147
2.326273
2.331399
2.336525
2.341651
2.346776
2.351902
2.357028
2.362154
2.36728
2.372406
2.377532
2.382658
2.387784
2.392909
2.398035
2.403161
2.408287
2.413413
2.418539
2.423664
2.42879
2.433916
2.439042
2.444168
2.449294
2.45442
2.459545
2.464671
2.469797
2.474923
2.480049
2.485175
2.490301
2.495426
2.500552
2.505678
2.510804
2.51593
2.521056
2.526182
2.531307
2.536433
2.541559
2.546685
2.551811
2.556937
2.562063
2.567189
2.572314
2.57744
2.582566
2.587692
2.592818
2.597944
2.603069
2.608195
2.613321
2.618447
2.623573
2.628699
2.633825
2.63895
2.644076
2.649202
2.654328
2.659454
2.66458
2.669706
2.674831
2.679957
2.685083
2.690209
2.695335
2.700461
2.705587
2.710712
2.715838
2.720964
2.72609
2.731216
2.736342
2.741467
2.746593
2.751719
2.756845
2.761971
2.767097
2.772223
2.777349
2.782475
2.7876
2.792726
2.797852
2.802978
2.808104
2.81323
2.818356
2.823481
2.828607
2.833733
2.838859
2.843985
2.849111
2.854237
2.859362
2.864488
2.869614
2.87474
2.879866
2.884992
2.890118
2.895243
2.900369
2.905495
2.910621
2.915747
2.920873
2.925998
2.931124
2.93625
2.941376
2.946502
2.951628
2.956754
2.961879
2.967005
2.972131
2.977257
2.982383
2.987509
2.992635
2.997761
3.00454
3.012602
3.020664
3.028726
3.036788
3.04485
3.052912
3.060974
3.069036
3.077098
3.08516
3.093222
3.101285
3.109347
3.117409
3.125471
3.133533
3.141595
3.149657
3.157719
3.165781
3.173843
3.181905
3.189967
3.198029
3.206091
3.214153
3.222215
3.230278
3.23834
3.246402
3.254464
3.262526
3.270588
3.27865
3.286712
3.294774
3.302836
3.310898
3.31896
3.327022
3.335084
3.343146
3.351208
3.359271
3.367332
3.375395
3.383457
3.391519
3.399581
3.407643
3.415705
3.423767
3.431829
3.439891
3.447953
3.456015
3.464077
3.472139
3.480201
3.488264
3.496325
3.504388
3.51245
3.520512
3.528574
3.536636
3.544698
3.55276
3.560822
3.568884
3.576946
3.585008
3.59307
3.601132
3.609195
3.617257
3.625319
3.633381
3.641443
3.649505
3.657567
3.665629
3.673691
3.681753
3.689815
3.697877
3.705939
3.714001
3.722063
3.730125
3.738187
3.746249
3.754312
3.762374
3.770436
3.778498
3.78656
3.794622
3.802684
3.810746
3.818808
3.82687
3.834932
3.842994
3.851056
3.859118
3.86718
3.875242
3.883305
3.891366
3.899429
3.907491
3.915553
3.923615
3.931677
3.939739
3.947801
3.955863
3.963925
3.971987
3.980049
3.988111
3.996173
4.006343
4.018416
4.03049
4.042563
4.054637
4.066711
4.078784
4.090858
4.102931
4.115005
4.127079
4.139152
4.151226
4.163299
4.175373
4.187447
4.19952
4.211594
4.223667
4.235741
4.247814
4.259888
4.271961
4.284035
4.296108
4.308182
4.320256
4.332329
4.344403
4.356476
4.36855
4.380623
4.392697
4.40477
4.416844
4.428917
4.440991
4.453065
4.465138
4.477212
4.489285
4.501359
4.513433
4.525506
4.53758
4.549653
4.561727
4.573801
4.585874
4.597948
4.610021
4.622095
4.634168
4.646242
4.658315
4.670389
4.682462
4.694536
4.70661
4.718683
4.730757
4.74283
4.754904
4.766977
4.779051
4.791124
4.803198
4.815271
4.827345
4.839419
4.851492
4.863566
4.875639
4.887713
4.899786
4.91186
4.923934
4.936007
4.948081
4.960155
4.972228
4.984302
4.996375
5.01209
5.029367
5.046645
5.063922
5.0812
5.098477
5.115755
5.133032
5.150309
5.167587
5.184864
5.202141
5.219419
5.236696
5.253973
5.271251
5.288528
5.305806
5.323083
5.340361
5.357638
5.374915
5.392193
5.40947
5.426747
5.444025
5.461302
5.47858
5.495857
5.513134
5.530412
5.547689
5.564967
5.582244
5.599522
5.616799
5.634076
5.651354
5.668631
5.685908
5.703186
5.720463
5.737741
5.755018
5.772295
5.789573
5.80685
5.824128
5.841405
5.858683
5.87596
5.893237
5.910515
5.927792
5.945069
5.962347
5.979624
5.996902
6.019535
6.043339
6.067142
6.090946
6.11475
6.138554
6.162358
6.186162
6.209965
6.233769
6.257573
6.281377
6.305181
6.328984
6.352788
6.376592
6.400395
6.424199
6.448003
6.471807
6.495611
6.519414
6.543218
6.567022
6.590826
6.61463
6.638433
6.662237
6.686041
6.709845
6.733648
6.757452
6.781256
6.80506
6.828864
6.852667
6.876471
6.900275
6.924079
6.947883
6.971686
6.99549
7.025764
7.057551
7.089338
7.121125
7.152912
7.184699
7.216486
7.248272
7.280059
7.311846
7.343633
7.37542
7.407207
7.438993
7.47078
7.502567
7.534354
7.566141
7.597928
7.629714
7.661501
7.693288
7.725075
7.756862
7.788649
7.820435
7.852222
7.884009
7.915796
7.947583
7.979369
8.014517
8.05588
8.097242
8.138605
8.179968
8.221331
8.262693
8.304056
8.345419
8.386782
8.428144
8.469507
8.51087
8.552233
8.593596
8.634958
8.676321
8.717684
8.759047
8.800408
8.841771
8.883134
8.924497
8.965859
9.009196
9.061865
9.114533
9.167202
9.219871
9.272539
9.325207
9.377875
9.430544
9.483212
9.535881
9.58855
9.641218
9.693886
9.746554
9.799223
9.851892
9.90456
9.957229
10.01237
10.07821
10.14406
10.2099
10.27574
10.34159
10.40743
10.47327
10.53911
10.60496
10.6708
10.73664
10.80248
10.86833
10.93417
11.00001
11.08104
11.16206
11.24309
11.32411
11.40514
11.48616
11.56718
11.64821
11.72923
11.81026
11.89128
11.97231
12.06474
12.16309
12.26145
12.3598
12.45815
12.55651
12.65486
12.75322
12.85157
12.94993
13.05791
13.17589
13.29387
13.41184
13.52982
13.6478
13.76577
13.88375
14.00205
14.14208
14.28211
14.42214
14.56218
14.70221
14.84224
14.98227
15.14382
15.30849
15.47315
15.63782
15.80249
15.96715
16.15372
16.34575
16.53777
16.7298
16.92182
17.13177
17.35403
17.57629
17.79855
18.02392
18.27943
18.53495
18.79047
19.05254
19.34448
19.63642
19.92836
20.25031
20.58201
20.91371
21.2774
21.65234
22.03068
22.45249
22.87431
23.33169
23.80417
24.30863
24.83574
25.40327
25.98911
26.63678
27.31533
28.03485
28.82322
29.67123
30.58714
31.58314
32.67209
33.86739
35.19837
36.68547
38.35901
40.26371
42.46499
45.03603
48.12063
51.89961
56.69704
63.07419
72.20781
87.00907
118.5148
1000
