1
1.003986
1.007972
1.011957
1.015943
1.019929
1.023915
1.0279
1.031886
1.035872
1.039858
1.043843
1.047829
1.051815
1.055801
1.059786
1.063772
1.067758
1.071744
1.075729
1.079715
1.083701
1.087687
1.091673
1.095658
1.099644
1.10363
1.107616
1.111601
1.115587
1.119573
1.123559
1.127544
1.13153
1.135516
1.139502
1.143487
1.147473
1.151459
1.155445
1.159431
1.163416
1.167402
1.171388
1.175374
1.179359
1.183345
1.187331
1.191317
1.195302
1.199288
1.203274
1.20726
1.211245
1.215231
1.219217
1.223203
1.227188
1.231174
1.23516
1.239146
1.243132
1.247117
1.251103
1.255089
1.259075
1.26306
1.267046
1.271032
1.275018
1.279003
1.282989
1.286975
1.290961
1.294946
1.298932
1.302918
1.306904
1.310889
1.314875
1.318861
1.322847
1.326833
1.330818
1.334804
1.33879
1.342776
1.346761
1.350747
1.354733
1.358719
1.362704
1.36669
1.370676
1.374662
1.378647
1.382633
1.386619
1.390605
1.39459
1.398576
1.402562
1.406548
1.410533
1.414519
1.418505
1.422491
1.426476
1.430462
1.434448
1.438434
1.44242
1.446405
1.450391
1.454377
1.458363
1.462348
1.466334
1.47032
1.474306
1.478291
1.482277
1.486263
1.490249
1.494234
1.49822
1.502206
1.506192
1.510178
1.514163
1.518149
1.522135
1.526121
1.530106
1.534092
1.538078
1.542064
1.546049
1.550035
1.554021
1.558007
1.561992
1.565978
1.569964
1.57395
1.577935
1.581921
1.585907
1.589893
1.593879
1.597864
1.60185
1.605836
1.609822
1.613807
1.617793
1.621779
1.625765
1.62975
1.633736
1.637722
1.641708
1.645693
1.649679
1.653665
1.657651
1.661636
1.665622
1.669608
1.673594
1.67758
1.681565
1.685551
1.689537
1.693523
1.697508
1.701494
1.70548
1.709466
1.713451
1.717437
1.721423
1.725409
1.729394
1.73338
1.737366
1.741352
1.745337
1.749323
1.753309
1.757295
1.761281
1.765266
1.769252
1.773238
1.777224
1.781209
1.785195
1.789181
1.793167
1.797152
1.801138
1.805124
1.80911
1.813095
1.817081
1.821067
1.825053
1.829039
1.833024
1.83701
1.840996
1.844982
1.848967
1.852953
1.856939
1.860925
1.86491
1.868896
1.872882
1.876868
1.880853
1.884839
1.888825
1.892811
1.896796
1.900782
1.904768
1.908754
1.91274
1.916725
1.920711
1.924697
1.928683
1.932668
1.936654
1.94064
1.944626
1.948611
1.952597
1.956583
1.960569
1.964554
1.96854
1.972526
1.976512
1.980497
1.984483
1.988469
1.992455
1.99644
2.000594
2.006148
2.011702
2.017256
2.02281
2.028364
2.033918
2.039472
2.045026
2.05058
2.056134
2.061687
2.067241
2.072795
2.078349
2.083903
2.089457
2.095011
2.100565
2.106119
2.111673
2.117227
2.122781
2.128335
2.133889
2.139443
2.144997
2.150551
2.156105
2.161659
2.167213
2.172767
2.17832
2.183875
2.189428
2.194982
2.200536
2.20609
2.211644
2.217198
2.222752
2.228306
2.23386
2.239414
2.244968
2.250522
2.256076
2.26163
2.267184
2.272738
2.278292
2.283846
2.2894
2.294954
2.300508
2.306062
2.311615
2.317169
2.322723
2.328277
2.333831
2.339385
2.344939
2.350493
2.356047
2.361601
2.367155
2.372709
2.378263
2.383817
2.389371
2.394925
2.400479
2.406033
2.411587
2.41714
2.422695
2.428248
2.433803
2.439356
2.44491
2.450464
2.456018
2.461572
2.467126
2.47268
2.478234
2.483788
2.489342
2.494896
2.50045
2.506004
2.511558
2.517112
2.522666
2.52822
2.533774
2.539328
2.544882
2.550436
2.55599
2.561543
2.567097
2.572651
2.578205
2.583759
2.589313
2.594867
2.600421
2.605975
2.611529
2.617083
2.622637
2.628191
2.633745
2.639299
2.644853
2.650407
2.655961
2.661515
2.667068
2.672623
2.678176
2.683731
2.689284
2.694838
2.700392
2.705946
2.7115
2.717054
2.722608
2.728162
2.733716
2.73927
2.744824
2.750378
2.755932
2.761486
2.76704
2.772594
2.778148
2.783702
2.789256
2.79481
2.800364
2.805918
2.811471
2.817025
2.822579
2.828133
2.833687
2.839241
2.844795
2.850349
2.855903
2.861457
2.867011
2.872565
2.878119
2.883673
2.889227
2.894781
2.900335
2.905889
2.911443
2.916996
2.922551
2.928104
2.933658
2.939212
2.944766
2.95032
2.955874
2.961428
2.966982
2.972536
2.97809
2.983644
2.989198
2.994752
3.000442
3.008459
3.016477
3.024495
3.032512
3.04053
3.048548
3.056566
3.064584
3.072601
3.080619
3.088637
3.096654
3.104672
3.11269
3.120708
3.128725
3.136743
3.144761
3.152778
3.160796
3.168814
3.176832
3.184849
3.192867
3.200885
3.208903
3.21692
3.224938
3.232956
3.240973
3.248991
3.257009
3.265027
3.273044
3.281062
3.28908
3.297098
3.305115
3.313133
3.321151
3.329169
3.337186
3.345204
3.353222
3.361239
3.369257
3.377275
3.385293
3.39331
3.401328
3.409346
3.417363
3.425381
3.433399
3.441417
3.449434
3.457452
3.46547
3.473488
3.481505
3.489523
3.497541
3.505558
3.513576
3.521594
3.529612
3.537629
3.545647
3.553665
3.561683
3.5697
3.577718
3.585736
3.593754
3.601771
3.609789
3.617807
3.625824
3.633842
3.64186
3.649878
3.657895
3.665913
3.673931
3.681948
3.689966
3.697984
3.706002
3.714019
3.722037
3.730055
3.738073
3.74609
3.754108
3.762126
3.770144
3.778161
3.786179
3.794197
3.802214
3.810232
3.81825
3.826268
3.834285
3.842303
3.850321
3.858339
3.866356
3.874374
3.882392
3.890409
3.898427
3.906445
3.914463
3.92248
3.930498
3.938516
3.946533
3.954551
3.962569
3.970587
3.978604
3.986622
3.99464
4.003748
4.015057
4.026366
4.037675
4.048984
4.060293
4.071601
4.08291
4.094219
4.105528
4.116837
4.128146
4.139454
4.150763
4.162072
4.173381
4.18469
4.195998
4.207307
4.218616
4.229925
4.241234
4.252542
4.263851
4.27516
4.286469
4.297778
4.309086
4.320395
4.331704
4.343013
4.354322
4.365631
4.376939
4.388248
4.399557
4.410866
4.422174
4.433484
4.444792
4.456101
4.46741
4.478719
4.490027
4.501337
4.512645
4.523954
4.535263
4.546572
4.55788
4.569189
4.580498
4.591807
4.603116
4.614425
4.625733
4.637042
4.648351
4.65966
4.670969
4.682278
4.693586
4.704895
4.716204
4.727513
4.738822
4.75013
4.761439
4.772748
4.784057
4.795365
4.806674
4.817983
4.829292
4.840601
4.85191
4.863218
4.874527
4.885836
4.897145
4.908454
4.919763
4.931071
4.94238
4.953689
4.964998
4.976306
4.987616
4.998924
5.014008
5.029489
5.044969
5.060449
5.07593
5.09141
5.106891
5.122371
5.137852
5.153332
5.168813
5.184293
5.199773
5.215254
5.230734
5.246215
5.261695
5.277176
5.292656
5.308137
5.323617
5.339097
5.354578
5.370059
5.385539
5.40102
5.4165
5.431981
5.447461
5.462941
5.478422
5.493902
5.509383
5.524863
5.540344
5.555824
5.571305
5.586785
5.602265
5.617746
5.633226
5.648707
5.664187
5.679668
5.695148
5.710629
5.72611
5.74159
5.75707
5.772551
5.788031
5.803512
5.818992
5.834473
5.849953
5.865434
5.880914
5.896394
5.911875
5.927355
5.942836
5.958316
5.973797
5.989277
6.006333
6.026942
6.04755
6.068159
6.088767
6.109375
6.129984
6.150592
6.1712
6.191809
6.212417
6.233026
6.253634
6.274242
6.29485
6.315459
6.336067
6.356676
6.377284
6.397892
6.4185
6.439109
6.459717
6.480326
6.500934
6.521543
6.54215
6.562759
6.583367
6.603976
6.624584
6.645192
6.665801
6.686409
6.707017
6.727626
6.748234
6.768843
6.789451
6.810059
6.830667
6.851276
6.871884
6.892493
6.913101
6.933709
6.954318
6.974926
6.995534
7.020973
7.047748
7.074522
7.101297
7.128072
7.154847
7.181622
7.208396
7.235171
7.261946
7.288721
7.315495
7.34227
7.369045
7.39582
7.422595
7.449369
7.476144
7.502919
7.529694
7.556468
7.583243
7.610018
7.636793
7.663568
7.690342
7.717117
7.743892
7.770667
7.797442
7.824216
7.850991
7.877766
7.904541
7.931316
7.95809
7.984865
8.01481
8.048874
8.082939
8.117003
8.151068
8.185133
8.219197
8.253263
8.287327
8.321392
8.355456
8.389522
8.423586
8.457651
8.491715
8.52578
8.559845
8.593909
8.627975
8.662039
8.696104
8.730168
8.764234
8.798298
8.832362
8.866427
8.900492
8.934557
8.968621
9.003357
9.045921
9.088486
9.13105
9.173615
9.216179
9.258743
9.301308
9.343872
9.386436
9.429001
9.471566
9.514131
9.556695
9.599259
9.641824
9.684388
9.726953
9.769517
9.812081
9.854646
9.897211
9.939775
9.98234
10.03064
10.083
10.13536
10.18772
10.24008
10.29244
10.3448
10.39716
10.44952
10.50189
10.55425
10.60661
10.65897
10.71133
10.76369
10.81605
10.86841
10.92077
10.97313
11.03094
11.09448
11.15803
11.22157
11.28511
11.34865
11.4122
11.47574
11.53928
11.60282
11.66637
11.72991
11.79345
11.85699
11.92054
11.98408
12.05711
12.1333
12.2095
12.2857
12.3619
12.4381
12.51429
12.59049
12.66669
12.74289
12.81908
12.89528
12.97148
13.05657
13.14699
13.2374
13.32782
13.41823
13.50865
13.59906
13.68948
13.77989
13.87031
13.96072
14.06011
14.1664
14.27268
14.37896
14.48525
14.59153
14.69781
14.8041
14.91038
15.01943
15.14332
15.26722
15.39112
15.51501
15.63891
15.76281
15.8867
16.01227
16.15561
16.29895
16.44229
16.58563
16.72897
16.87231
17.01799
17.1827
17.34742
17.51214
17.67685
17.84157
18.00718
18.19528
18.38339
18.57149
18.7596
18.9477
19.15422
19.36783
19.58144
19.79504
20.00978
20.25109
20.49241
20.73373
20.97505
21.24327
21.5146
21.78593
22.06409
22.36784
22.67158
22.97532
23.31113
23.64977
23.98841
24.36327
24.73941
25.1279
25.54422
25.96054
26.41576
26.87506
27.36775
27.87292
28.41466
28.96869
29.57174
30.19389
30.85501
31.56175
32.3055
33.09419
33.94097
34.85199
35.82872
36.88053
38.01828
39.26622
40.62623
42.11695
43.77613
45.62792
47.71148
50.08171
52.82278
56.02968
59.86839
64.57428
70.53837
78.47011
89.81392
108.1896
147.1953
1000
