1
1.004727
1.009455
1.014182
1.01891
1.023637
1.028365
1.033092
1.03782
1.042547
1.047275
1.052002
1.05673
1.061457
1.066185
1.070912
1.07564
1.080367
1.085095
1.089822
1.09455
1.099277
1.104005
1.108732
1.11346
1.118187
1.122915
1.127642
1.13237
1.137097
1.141825
1.146552
1.15128
1.156007
1.160735
1.165462
1.17019
1.174917
1.179645
1.184372
1.1891
1.193827
1.198555
1.203282
1.20801
1.212737
1.217465
1.222192
1.22692
1.231647
1.236375
1.241102
1.24583
1.250557
1.255285
1.260012
1.26474
1.269467
1.274194
1.278922
1.28365
1.288377
1.293105
1.297832
1.302559
1.307287
1.312014
1.316742
1.321469
1.326197
1.330925
1.335652
1.340379
1.345107
1.349834
1.354562
1.359289
1.364017
1.368744
1.373472
1.378199
1.382927
1.387654
1.392382
1.397109
1.401837
1.406564
1.411292
1.416019
1.420747
1.425474
1.430202
1.434929
1.439657
1.444384
1.449112
1.453839
1.458567
1.463294
1.468022
1.472749
1.477477
1.482204
1.486932
1.491659
1.496387
1.501114
1.505842
1.510569
1.515297
1.520024
1.524752
1.529479
1.534207
1.538934
1.543662
1.548389
1.553117
1.557844
1.562572
1.567299
1.572026
1.576754
1.581481
1.586209
1.590937
1.595664
1.600392
1.605119
1.609846
1.614574
1.619302
1.624029
1.628757
1.633484
1.638211
1.642939
1.647666
1.652394
1.657121
1.661849
1.666576
1.671304
1.676031
1.680759
1.685486
1.690214
1.694941
1.699669
1.704396
1.709124
1.713851
1.718579
1.723306
1.728034
1.732761
1.737489
1.742216
1.746944
1.751671
1.756399
1.761126
1.765854
1.770581
1.775309
1.780036
1.784764
1.789491
1.794219
1.798946
1.803674
1.808401
1.813129
1.817856
1.822584
1.827311
1.832039
1.836766
1.841494
1.846221
1.850949
1.855676
1.860404
1.865131
1.869859
1.874586
1.879313
1.884041
1.888768
1.893496
1.898224
1.902951
1.907678
1.912406
1.917133
1.921861
1.926589
1.931316
1.936044
1.940771
1.945498
1.950226
1.954953
1.959681
1.964408
1.969136
1.973863
1.978591
1.983318
1.988046
1.992773
1.997501
2.002843
2.008873
2.014904
2.020935
2.026966
2.032997
2.039027
2.045058
2.051089
2.05712
2.063151
2.069182
2.075212
2.081243
2.087274
2.093305
2.099336
2.105366
2.111397
2.117428
2.123459
2.12949
2.135521
2.141551
2.147582
2.153613
2.159644
2.165675
2.171705
2.177736
2.183767
2.189798
2.195829
2.201859
2.207891
2.213921
2.219952
2.225983
2.232014
2.238045
2.244075
2.250106
2.256137
2.262168
2.268198
2.274229
2.28026
2.286291
2.292322
2.298353
2.304384
2.310414
2.316445
2.322476
2.328507
2.334538
2.340568
2.346599
2.35263
2.358661
2.364692
2.370723
2.376753
2.382784
2.388815
2.394846
2.400877
2.406907
2.412938
2.418969
2.425
2.431031
2.437061
2.443092
2.449123
2.455154
2.461185
2.467216
2.473246
2.479277
2.485308
2.491339
2.49737
2.5034
2.509431
2.515462
2.521493
2.527524
2.533555
2.539585
2.545616
2.551647
2.557678
2.563709
2.569739
2.57577
2.581801
2.587832
2.593863
2.599894
2.605924
2.611955
2.617986
2.624017
2.630048
2.636078
2.642109
2.64814
2.654171
2.660202
2.666232
2.672263
2.678294
2.684325
2.690356
2.696387
2.702417
2.708448
2.714479
2.72051
2.726541
2.732571
2.738602
2.744633
2.750664
2.756695
2.762725
2.768756
2.774787
2.780818
2.786849
2.79288
2.79891
2.804941
2.810972
2.817003
2.823034
2.829064
2.835095
2.841126
2.847157
2.853188
2.859219
2.865249
2.87128
2.877311
2.883342
2.889373
2.895403
2.901434
2.907465
2.913496
2.919527
2.925558
2.931588
2.937619
2.94365
2.949681
2.955712
2.961742
2.967773
2.973804
2.979835
2.985866
2.991897
2.997927
3.005377
3.01357
3.021762
3.029955
3.038148
3.046341
3.054533
3.062726
3.070919
3.079112
3.087304
3.095497
3.10369
3.111882
3.120075
3.128268
3.136461
3.144653
3.152846
3.161039
3.169231
3.177424
3.185617
3.19381
3.202002
3.210195
3.218388
3.226581
3.234773
3.242966
3.251159
3.259351
3.267544
3.275737
3.28393
3.292122
3.300315
3.308508
3.3167
3.324893
3.333086
3.341279
3.349471
3.357664
3.365857
3.37405
3.382242
3.390435
3.398628
3.406821
3.415013
3.423206
3.431399
3.439591
3.447784
3.455977
3.46417
3.472362
3.480555
3.488748
3.49694
3.505133
3.513326
3.521519
3.529711
3.537904
3.546097
3.55429
3.562482
3.570675
3.578868
3.58706
3.595253
3.603446
3.611639
3.619831
3.628024
3.636217
3.644409
3.652602
3.660795
3.668988
3.67718
3.685373
3.693566
3.701759
3.709951
3.718144
3.726337
3.734529
3.742722
3.750915
3.759108
3.7673
3.775493
3.783686
3.791878
3.800071
3.808264
3.816457
3.824649
3.832842
3.841035
3.849228
3.85742
3.865613
3.873806
3.881999
3.890191
3.898384
3.906577
3.914769
3.922962
3.931155
3.939348
3.94754
3.955733
3.963926
3.972118
3.980311
3.988504
3.996697
4.006599
4.017656
4.028713
4.03977
4.050828
4.061884
4.072942
4.083999
4.095056
4.106113
4.11717
4.128227
4.139285
4.150342
4.161399
4.172456
4.183513
4.19457
4.205627
4.216684
4.227741
4.238799
4.249856
4.260913
4.27197
4.283027
4.294084
4.305141
4.316198
4.327256
4.338313
4.34937
4.360427
4.371484
4.382541
4.393599
4.404655
4.415713
4.42677
4.437827
4.448884
4.459941
4.470998
4.482056
4.493113
4.50417
4.515227
4.526284
4.537341
4.548398
4.559455
4.570513
4.58157
4.592627
4.603684
4.614741
4.625798
4.636856
4.647913
4.65897
4.670027
4.681084
4.692141
4.703198
4.714255
4.725313
4.73637
4.747427
4.758484
4.769541
4.780598
4.791656
4.802712
4.813769
4.824827
4.835884
4.846941
4.857998
4.869055
4.880113
4.89117
4.902226
4.913284
4.924341
4.935398
4.946455
4.957512
4.968569
4.979627
4.990684
5.002305
5.016942
5.031579
5.046217
5.060855
5.075492
5.09013
5.104767
5.119405
5.134042
5.14868
5.163318
5.177955
5.192593
5.20723
5.221868
5.236506
5.251143
5.26578
5.280418
5.295055
5.309693
5.32433
5.338968
5.353606
5.368243
5.382881
5.397518
5.412156
5.426793
5.441431
5.456069
5.470706
5.485343
5.499981
5.514618
5.529256
5.543894
5.558531
5.573169
5.587806
5.602444
5.617082
5.631719
5.646357
5.660994
5.675632
5.690269
5.704906
5.719544
5.734182
5.748819
5.763457
5.778094
5.792732
5.807369
5.822007
5.836645
5.851282
5.86592
5.880557
5.895195
5.909832
5.92447
5.939107
5.953745
5.968382
5.98302
5.997658
6.015942
6.034922
6.053901
6.072881
6.09186
6.11084
6.129819
6.148799
6.167778
6.186758
6.205737
6.224717
6.243696
6.262676
6.281655
6.300635
6.319614
6.338594
6.357573
6.376553
6.395532
6.414512
6.433491
6.452471
6.47145
6.49043
6.509409
6.528389
6.547368
6.566348
6.585327
6.604307
6.623286
6.642266
6.661245
6.680225
6.699204
6.718184
6.737164
6.756143
6.775122
6.794102
6.813081
6.832061
6.85104
6.87002
6.888999
6.907979
6.926958
6.945938
6.964917
6.983897
7.003658
7.027796
7.051935
7.076073
7.100211
7.124349
7.148488
7.172626
7.196764
7.220902
7.24504
7.269178
7.293317
7.317455
7.341593
7.365731
7.38987
7.414008
7.438146
7.462284
7.486423
7.510561
7.534699
7.558837
7.582975
7.607113
7.631252
7.65539
7.679528
7.703666
7.727805
7.751943
7.776081
7.800219
7.824358
7.848495
7.872634
7.896772
7.92091
7.945048
7.969187
7.993325
8.021829
8.052001
8.082174
8.112347
8.142519
8.172691
8.202865
8.233037
8.263209
8.293383
8.323555
8.353727
8.3839
8.414073
8.444245
8.474418
8.504591
8.534763
8.564936
8.595109
8.625281
8.655454
8.685626
8.715799
8.745972
8.776144
8.806317
8.83649
8.866662
8.896834
8.927008
8.95718
8.987352
9.021574
9.058718
9.095861
9.133004
9.170148
9.207292
9.244435
9.281578
9.318722
9.355865
9.393009
9.430152
9.467296
9.504439
9.541582
9.578726
9.61587
9.653013
9.690156
9.7273
9.764443
9.801587
9.83873
9.875874
9.913017
9.950161
9.987304
10.02969
10.0748
10.11992
10.16503
10.21014
10.25525
10.30037
10.34548
10.39059
10.4357
10.48082
10.52593
10.57104
10.61615
10.66126
10.70638
10.75149
10.7966
10.84171
10.88683
10.93194
10.97705
11.0266
11.08074
11.13488
11.18902
11.24317
11.29731
11.35145
11.40559
11.45973
11.51387
11.56801
11.62216
11.6763
11.73044
11.78458
11.83872
11.89286
11.94701
12.00136
12.06566
12.12995
12.19424
12.25854
12.32283
12.38713
12.45142
12.51571
12.58001
12.6443
12.7086
12.77289
12.83718
12.90148
12.96577
13.03537
13.111
13.18664
13.26227
13.3379
13.41353
13.48917
13.5648
13.64043
13.71607
13.7917
13.86733
13.94297
14.02169
14.10992
14.19814
14.28636
14.37458
14.4628
14.55103
14.63925
14.72747
14.81569
14.90392
14.99214
15.09303
15.19515
15.29728
15.3994
15.50153
15.60366
15.70578
15.80791
15.91004
16.01398
16.13139
16.2488
16.36621
16.48361
16.60102
16.71843
16.83584
16.95325
17.08072
17.21485
17.34899
17.48312
17.61725
17.75139
17.88552
18.02233
18.1747
18.32707
18.47943
18.63181
18.78417
18.93654
19.10047
19.27265
19.44483
19.61701
19.78919
19.96137
20.15019
20.34383
20.53746
20.73109
20.92473
21.13252
21.34931
21.56611
21.7829
21.99969
22.24139
22.48312
22.72486
22.96659
23.2314
23.4999
23.76841
24.04087
24.33807
24.63527
24.93247
25.25337
25.58124
25.90911
26.26064
26.62124
26.98184
27.37552
27.77096
28.18198
28.61446
29.05121
29.52298
29.99475
30.5077
31.02292
31.58034
32.14926
32.75321
33.38617
34.04225
34.74694
35.48651
36.26411
37.08627
37.96255
38.89908
39.8971
40.96419
42.11527
43.35874
44.70081
46.15961
47.75969
49.52047
51.46915
53.64445
56.09199
58.88418
62.10389
65.87732
70.38821
75.91086
82.91522
92.23186
105.5446
127.0823
172.7089
1000
