1
1.00531
1.01062
1.01593
1.02124
1.02655
1.03186
1.03717
1.04248
1.04779
1.0531
1.058409
1.063719
1.069029
1.074339
1.079649
1.084959
1.090269
1.095579
1.100889
1.106199
1.111509
1.116819
1.122129
1.127439
1.132749
1.138059
1.143369
1.148679
1.153989
1.159299
1.164608
1.169919
1.175228
1.180538
1.185848
1.191158
1.196468
1.201778
1.207088
1.212398
1.217708
1.223018
1.228328
1.233638
1.238948
1.244258
1.249568
1.254878
1.260188
1.265498
1.270808
1.276118
1.281428
1.286737
1.292047
1.297357
1.302667
1.307977
1.313287
1.318597
1.323907
1.329217
1.334527
1.339837
1.345147
1.350457
1.355767
1.361077
1.366387
1.371697
1.377007
1.382317
1.387627
1.392936
1.398246
1.403556
1.408866
1.414176
1.419486
1.424796
1.430106
1.435416
1.440726
1.446036
1.451346
1.456656
1.461966
1.467276
1.472586
1.477896
1.483206
1.488516
1.493826
1.499135
1.504446
1.509755
1.515065
1.520375
1.525685
1.530995
1.536305
1.541615
1.546925
1.552235
1.557545
1.562855
1.568165
1.573475
1.578785
1.584095
1.589405
1.594715
1.600025
1.605335
1.610645
1.615955
1.621264
1.626574
1.631884
1.637194
1.642504
1.647814
1.653124
1.658434
1.663744
1.669054
1.674364
1.679674
1.684984
1.690294
1.695604
1.700914
1.706224
1.711534
1.716844
1.722154
1.727463
1.732774
1.738083
1.743393
1.748703
1.754013
1.759323
1.764633
1.769943
1.775253
1.780563
1.785873
1.791183
1.796493
1.801803
1.807113
1.812423
1.817733
1.823043
1.828353
1.833663
1.838973
1.844282
1.849592
1.854902
1.860212
1.865522
1.870832
1.876142
1.881452
1.886762
1.892072
1.897382
1.902692
1.908002
1.913312
1.918622
1.923932
1.929242
1.934552
1.939862
1.945172
1.950482
1.955791
1.961101
1.966411
1.971721
1.977031
1.982341
1.987651
1.992961
1.998271
2.004334
2.01076
2.017187
2.023613
2.030039
2.036465
2.042892
2.049318
2.055744
2.062171
2.068597
2.075023
2.08145
2.087876
2.094302
2.100729
2.107155
2.113581
2.120008
2.126434
2.13286
2.139287
2.145713
2.152139
2.158565
2.164992
2.171418
2.177844
2.184271
2.190697
2.197123
2.20355
2.209976
2.216402
2.222828
2.229255
2.235681
2.242107
2.248534
2.25496
2.261386
2.267813
2.274239
2.280665
2.287091
2.293518
2.299944
2.30637
2.312797
2.319223
2.325649
2.332076
2.338502
2.344928
2.351355
2.357781
2.364207
2.370634
2.37706
2.383486
2.389913
2.396339
2.402765
2.409192
2.415618
2.422044
2.42847
2.434897
2.441323
2.447749
2.454176
2.460602
2.467028
2.473454
2.479881
2.486307
2.492733
2.49916
2.505586
2.512012
2.518439
2.524865
2.531291
2.537718
2.544144
2.55057
2.556997
2.563423
2.569849
2.576276
2.582702
2.589128
2.595554
2.601981
2.608407
2.614833
2.62126
2.627686
2.634112
2.640539
2.646965
2.653391
2.659818
2.666244
2.67267
2.679096
2.685523
2.691949
2.698375
2.704802
2.711228
2.717654
2.724081
2.730507
2.736933
2.74336
2.749786
2.756212
2.762639
2.769065
2.775491
2.781918
2.788344
2.79477
2.801197
2.807623
2.814049
2.820475
2.826902
2.833328
2.839754
2.846181
2.852607
2.859033
2.865459
2.871886
2.878312
2.884738
2.891165
2.897591
2.904017
2.910444
2.91687
2.923296
2.929723
2.936149
2.942575
2.949002
2.955428
2.961854
2.968281
2.974707
2.981133
2.987559
2.993986
3.000539
3.008945
3.017351
3.025757
3.034163
3.042569
3.050975
3.059381
3.067786
3.076192
3.084598
3.093004
3.10141
3.109816
3.118222
3.126628
3.135034
3.14344
3.151846
3.160252
3.168658
3.177063
3.185469
3.193875
3.202281
3.210687
3.219093
3.227499
3.235905
3.244311
3.252717
3.261123
3.269529
3.277935
3.286341
3.294747
3.303153
3.311558
3.319964
3.32837
3.336776
3.345182
3.353588
3.361994
3.3704
3.378806
3.387212
3.395618
3.404024
3.41243
3.420835
3.429241
3.437647
3.446053
3.454459
3.462865
3.471271
3.479677
3.488083
3.496489
3.504895
3.513301
3.521707
3.530113
3.538518
3.546925
3.555331
3.563736
3.572142
3.580548
3.588954
3.59736
3.605766
3.614172
3.622578
3.630984
3.63939
3.647796
3.656202
3.664608
3.673013
3.681419
3.689825
3.698231
3.706637
3.715043
3.723449
3.731855
3.740261
3.748667
3.757073
3.765479
3.773885
3.78229
3.790697
3.799102
3.807508
3.815914
3.82432
3.832726
3.841132
3.849538
3.857944
3.86635
3.874756
3.883162
3.891568
3.899974
3.90838
3.916785
3.925191
3.933597
3.942003
3.950409
3.958815
3.967221
3.975627
3.984033
3.992439
4.001108
4.012138
4.023168
4.034197
4.045227
4.056256
4.067286
4.078315
4.089345
4.100374
4.111404
4.122434
4.133463
4.144493
4.155522
4.166552
4.177581
4.188611
4.19964
4.21067
4.2217
4.232729
4.243759
4.254788
4.265818
4.276847
4.287877
4.298906
4.309936
4.320966
4.331995
4.343025
4.354054
4.365084
4.376113
4.387143
4.398172
4.409202
4.420232
4.431261
4.442291
4.453321
4.46435
4.475379
4.486409
4.497438
4.508468
4.519498
4.530527
4.541557
4.552587
4.563616
4.574646
4.585675
4.596704
4.607734
4.618764
4.629793
4.640823
4.651853
4.662882
4.673912
4.684941
4.695971
4.707
4.71803
4.729059
4.740089
4.751118
4.762148
4.773178
4.784207
4.795237
4.806266
4.817296
4.828325
4.839355
4.850384
4.861414
4.872444
4.883473
4.894503
4.905532
4.916562
4.927591
4.938621
4.94965
4.96068
4.97171
4.982739
4.993769
5.006215
5.020501
5.034788
5.049074
5.06336
5.077646
5.091932
5.106218
5.120505
5.134791
5.149077
5.163363
5.177649
5.191936
5.206222
5.220508
5.234795
5.249081
5.263367
5.277653
5.291939
5.306225
5.320512
5.334798
5.349084
5.36337
5.377656
5.391943
5.406229
5.420515
5.434802
5.449088
5.463374
5.47766
5.491946
5.506232
5.520519
5.534805
5.549091
5.563377
5.577663
5.59195
5.606236
5.620522
5.634809
5.649095
5.663381
5.677667
5.691953
5.70624
5.720526
5.734812
5.749098
5.763384
5.77767
5.791957
5.806243
5.820529
5.834816
5.849102
5.863388
5.877674
5.89196
5.906247
5.920533
5.934819
5.949105
5.963391
5.977677
5.991964
6.007964
6.026169
6.044374
6.062579
6.080783
6.098988
6.117193
6.135398
6.153603
6.171807
6.190012
6.208217
6.226422
6.244627
6.262831
6.281036
6.299241
6.317446
6.33565
6.353855
6.37206
6.390265
6.40847
6.426674
6.444879
6.463084
6.481288
6.499494
6.517698
6.535903
6.554108
6.572312
6.590517
6.608722
6.626927
6.645132
6.663336
6.681541
6.699746
6.717951
6.736156
6.75436
6.772565
6.79077
6.808975
6.827179
6.845384
6.863589
6.881794
6.899999
6.918203
6.936408
6.954613
6.972817
6.991023
7.011569
7.034396
7.057222
7.080049
7.102875
7.125701
7.148528
7.171354
7.19418
7.217007
7.239833
7.26266
7.285486
7.308312
7.331138
7.353965
7.376791
7.399617
7.422444
7.44527
7.468096
7.490922
7.513749
7.536575
7.559402
7.582228
7.605054
7.627881
7.650707
7.673533
7.69636
7.719186
7.742012
7.764839
7.787665
7.810491
7.833318
7.856144
7.87897
7.901796
7.924623
7.947449
7.970275
7.993102
8.019675
8.047873
8.076069
8.104265
8.132462
8.160658
8.188855
8.217052
8.245248
8.273444
8.301641
8.329838
8.358034
8.38623
8.414427
8.442623
8.47082
8.499017
8.527213
8.555409
8.583606
8.611803
8.639999
8.668196
8.696392
8.724588
8.752786
8.780982
8.809178
8.837375
8.865571
8.893768
8.921965
8.950161
8.978357
9.007987
9.042351
9.076715
9.111077
9.145441
9.179804
9.214168
9.248531
9.282894
9.317258
9.351621
9.385984
9.420347
9.454711
9.489075
9.523438
9.557801
9.592164
9.626528
9.660891
9.695254
9.729618
9.763981
9.798345
9.832707
9.867071
9.901435
9.935798
9.970161
10.00545
10.04682
10.0882
10.12958
10.17095
10.21233
10.2537
10.29508
10.33645
10.37783
10.41921
10.46058
10.50196
10.54333
10.58471
10.62609
10.66746
10.70884
10.75021
10.79159
10.83297
10.87434
10.91572
10.95709
10.99847
11.04746
11.09674
11.14603
11.19531
11.24459
11.29388
11.34316
11.39245
11.44173
11.49101
11.5403
11.58958
11.63886
11.68815
11.73743
11.78672
11.836
11.88528
11.93457
11.98385
12.03909
12.09723
12.15536
12.2135
12.27164
12.32977
12.38791
12.44605
12.50419
12.56233
12.62046
12.6786
12.73674
12.79488
12.85301
12.91115
12.96929
13.03207
13.10006
13.16805
13.23603
13.30402
13.37201
13.44
13.50799
13.57597
13.64396
13.71195
13.77993
13.84792
13.91591
13.9839
14.0602
14.13909
14.21797
14.29686
14.37574
14.45463
14.53351
14.6124
14.69128
14.77017
14.84905
14.92794
15.00786
15.09874
15.18962
15.28051
15.37139
15.46227
15.55315
15.64403
15.73491
15.82579
15.91667
16.00865
16.11267
16.2167
16.32073
16.42476
16.52878
16.63281
16.73684
16.84087
16.94489
17.05567
17.17405
17.29242
17.4108
17.52918
17.64755
17.76593
17.88431
18.00304
18.13702
18.271
18.40498
18.53896
18.67294
18.80692
18.9409
19.08433
19.23522
19.38611
19.537
19.6879
19.83879
19.98968
20.15759
20.32675
20.49591
20.66507
20.83423
21.00379
21.19264
21.38148
21.57033
21.75917
21.94802
22.15219
22.36219
22.57219
22.78219
22.99219
23.22401
23.45668
23.68935
23.92202
24.17081
24.42773
24.68465
24.94157
25.21849
25.50128
25.78408
26.07339
26.38376
26.69412
27.0049
27.34457
27.68424
28.0261
28.39686
28.76763
29.1507
29.55443
29.95815
30.39312
30.83171
31.293
31.76842
32.26377
32.77805
33.3156
33.87082
34.45909
35.06173
35.7053
36.37463
37.07047
37.81142
38.59133
39.41103
40.27633
41.19333
42.16835
43.2078
44.31855
45.5076
46.78221
48.15847
49.65321
51.27609
53.04832
55.00175
57.17038
59.58988
62.31236
65.41367
68.98537
73.17807
78.18443
84.32103
92.09563
102.4357
117.205
141.0988
191.6738
1000
