1
1.003568
1.007136
1.010705
1.014273
1.017841
1.02141
1.024978
1.028546
1.032114
1.035682
1.039251
1.042819
1.046387
1.049955
1.053524
1.057092
1.06066
1.064228
1.067797
1.071365
1.074933
1.078501
1.08207
1.085638
1.089206
1.092774
1.096343
1.099911
1.103479
1.107047
1.110616
1.114184
1.117752
1.12132
1.124889
1.128457
1.132025
1.135593
1.139161
1.14273
1.146298
1.149866
1.153435
1.157003
1.160571
1.164139
1.167707
1.171276
1.174844
1.178412
1.18198
1.185549
1.189117
1.192685
1.196253
1.199822
1.20339
1.206958
1.210526
1.214095
1.217663
1.221231
1.224799
1.228368
1.231936
1.235504
1.239072
1.242641
1.246209
1.249777
1.253345
1.256914
1.260482
1.26405
1.267618
1.271187
1.274755
1.278323
1.281891
1.28546
1.289028
1.292596
1.296164
1.299732
1.303301
1.306869
1.310437
1.314005
1.317574
1.321142
1.32471
1.328278
1.331847
1.335415
1.338983
1.342551
1.34612
1.349688
1.353256
1.356824
1.360393
1.363961
1.367529
1.371097
1.374666
1.378234
1.381802
1.38537
1.388939
1.392507
1.396075
1.399643
1.403212
1.40678
1.410348
1.413916
1.417485
1.421053
1.424621
1.428189
1.431757
1.435326
1.438894
1.442462
1.44603
1.449599
1.453167
1.456735
1.460304
1.463872
1.46744
1.471008
1.474576
1.478145
1.481713
1.485281
1.488849
1.492418
1.495986
1.499554
1.503122
1.506691
1.510259
1.513827
1.517395
1.520964
1.524532
1.5281
1.531668
1.535237
1.538805
1.542373
1.545941
1.54951
1.553078
1.556646
1.560214
1.563783
1.567351
1.570919
1.574487
1.578056
1.581624
1.585192
1.58876
1.592329
1.595897
1.599465
1.603033
1.606601
1.61017
1.613738
1.617306
1.620874
1.624443
1.628011
1.631579
1.635147
1.638716
1.642284
1.645852
1.64942
1.652989
1.656557
1.660125
1.663693
1.667262
1.67083
1.674398
1.677966
1.681535
1.685103
1.688671
1.692239
1.695808
1.699376
1.702944
1.706512
1.710081
1.713649
1.717217
1.720785
1.724354
1.727922
1.73149
1.735058
1.738626
1.742195
1.745763
1.749331
1.752899
1.756468
1.760036
1.763604
1.767172
1.770741
1.774309
1.777877
1.781446
1.785014
1.788582
1.79215
1.795718
1.799287
1.802855
1.806423
1.809991
1.81356
1.817128
1.820696
1.824264
1.827833
1.831401
1.834969
1.838537
1.842106
1.845674
1.849242
1.85281
1.856379
1.859947
1.863515
1.867083
1.870651
1.87422
1.877788
1.881356
1.884925
1.888493
1.892061
1.895629
1.899197
1.902766
1.906334
1.909902
1.913471
1.917039
1.920607
1.924175
1.927743
1.931312
1.93488
1.938448
1.942016
1.945585
1.949153
1.952721
1.956289
1.959858
1.963426
1.966994
1.970562
1.974131
1.977699
1.981267
1.984835
1.988404
1.991972
1.99554
1.999108
2.003982
2.00929
2.014598
2.019907
2.025215
2.030523
2.035831
2.04114
2.046448
2.051756
2.057065
2.062373
2.067681
2.072989
2.078298
2.083606
2.088914
2.094222
2.099531
2.104839
2.110147
2.115455
2.120764
2.126072
2.13138
2.136689
2.141997
2.147305
2.152613
2.157922
2.16323
2.168538
2.173846
2.179155
2.184463
2.189771
2.19508
2.200388
2.205696
2.211004
2.216313
2.221621
2.226929
2.232238
2.237546
2.242854
2.248162
2.253471
2.258779
2.264087
2.269395
2.274704
2.280012
2.28532
2.290628
2.295937
2.301245
2.306553
2.311862
2.31717
2.322478
2.327786
2.333095
2.338403
2.343711
2.34902
2.354328
2.359636
2.364944
2.370253
2.375561
2.380869
2.386178
2.391486
2.396794
2.402102
2.407411
2.412719
2.418027
2.423335
2.428644
2.433952
2.43926
2.444568
2.449877
2.455185
2.460493
2.465801
2.47111
2.476418
2.481726
2.487035
2.492343
2.497651
2.502959
2.508268
2.513576
2.518884
2.524193
2.529501
2.534809
2.540117
2.545426
2.550734
2.556042
2.56135
2.566659
2.571967
2.577275
2.582583
2.587892
2.5932
2.598508
2.603817
2.609125
2.614433
2.619741
2.62505
2.630358
2.635666
2.640975
2.646283
2.651591
2.656899
2.662208
2.667516
2.672824
2.678133
2.683441
2.688749
2.694057
2.699366
2.704674
2.709982
2.71529
2.720599
2.725907
2.731215
2.736523
2.741832
2.74714
2.752448
2.757756
2.763065
2.768373
2.773681
2.77899
2.784298
2.789606
2.794914
2.800223
2.805531
2.810839
2.816148
2.821456
2.826764
2.832072
2.837381
2.842689
2.847997
2.853305
2.858614
2.863922
2.86923
2.874538
2.879847
2.885155
2.890463
2.895772
2.90108
2.906388
2.911696
2.917005
2.922313
2.927621
2.93293
2.938238
2.943546
2.948854
2.954163
2.959471
2.964779
2.970088
2.975396
2.980704
2.986012
2.991321
2.996629
3.002919
3.01092
3.018921
3.026921
3.034922
3.042922
3.050923
3.058923
3.066924
3.074924
3.082925
3.090926
3.098926
3.106927
3.114927
3.122928
3.130929
3.138929
3.14693
3.15493
3.16293
3.170931
3.178932
3.186932
3.194933
3.202933
3.210934
3.218935
3.226935
3.234936
3.242936
3.250937
3.258937
3.266938
3.274938
3.282939
3.290939
3.29894
3.306941
3.314941
3.322942
3.330942
3.338943
3.346943
3.354944
3.362944
3.370945
3.378946
3.386946
3.394947
3.402947
3.410948
3.418948
3.426949
3.434949
3.44295
3.450951
3.458951
3.466952
3.474952
3.482953
3.490953
3.498954
3.506954
3.514955
3.522955
3.530956
3.538957
3.546957
3.554958
3.562958
3.570959
3.578959
3.58696
3.59496
3.602961
3.610961
3.618962
3.626963
3.634963
3.642964
3.650964
3.658965
3.666965
3.674966
3.682967
3.690967
3.698968
3.706968
3.714969
3.722969
3.73097
3.738971
3.746971
3.754972
3.762972
3.770973
3.778973
3.786974
3.794974
3.802975
3.810976
3.818976
3.826977
3.834977
3.842978
3.850978
3.858979
3.866979
3.87498
3.88298
3.890981
3.898982
3.906982
3.914983
3.922983
3.930984
3.938984
3.946985
3.954985
3.962986
3.970986
3.978987
3.986988
3.994988
4.004346
4.015979
4.027613
4.039246
4.050879
4.062513
4.074146
4.085779
4.097413
4.109046
4.120679
4.132313
4.143946
4.15558
4.167213
4.178846
4.19048
4.202113
4.213747
4.22538
4.237013
4.248647
4.26028
4.271914
4.283547
4.29518
4.306814
4.318447
4.330081
4.341714
4.353347
4.364981
4.376614
4.388247
4.39988
4.411514
4.423147
4.434781
4.446414
4.458047
4.469681
4.481314
4.492948
4.504581
4.516214
4.527848
4.539481
4.551115
4.562748
4.574381
4.586015
4.597648
4.609282
4.620915
4.632548
4.644182
4.655815
4.667449
4.679082
4.690715
4.702349
4.713982
4.725615
4.737248
4.748882
4.760515
4.772149
4.783782
4.795415
4.807049
4.818682
4.830316
4.841949
4.853582
4.865216
4.876849
4.888483
4.900116
4.911749
4.923383
4.935016
4.94665
4.958283
4.969916
4.98155
4.993183
5.006744
5.023035
5.039325
5.055615
5.071906
5.088196
5.104486
5.120777
5.137067
5.153358
5.169648
5.185939
5.202229
5.218519
5.23481
5.2511
5.267391
5.283681
5.299972
5.316262
5.332552
5.348843
5.365133
5.381423
5.397714
5.414004
5.430295
5.446585
5.462875
5.479166
5.495456
5.511746
5.528037
5.544327
5.560618
5.576908
5.593199
5.609489
5.625779
5.64207
5.65836
5.674651
5.690941
5.707232
5.723522
5.739812
5.756103
5.772393
5.788683
5.804974
5.821264
5.837554
5.853845
5.870135
5.886425
5.902716
5.919006
5.935297
5.951587
5.967877
5.984168
6.000621
6.022694
6.044766
6.066838
6.088911
6.110983
6.133056
6.155128
6.177201
6.199273
6.221346
6.243418
6.265491
6.287563
6.309636
6.331708
6.353781
6.375853
6.397925
6.419998
6.44207
6.464143
6.486215
6.508288
6.53036
6.552433
6.574505
6.596578
6.61865
6.640723
6.662795
6.684867
6.70694
6.729012
6.751085
6.773158
6.79523
6.817302
6.839375
6.861447
6.88352
6.905592
6.927665
6.949737
6.971809
6.993882
7.021024
7.050109
7.079195
7.108281
7.137366
7.166451
7.195537
7.224623
7.253708
7.282794
7.311879
7.340965
7.37005
7.399136
7.428222
7.457307
7.486392
7.515478
7.544564
7.573649
7.602735
7.63182
7.660906
7.689991
7.719077
7.748163
7.777248
7.806334
7.835419
7.864505
7.89359
7.922676
7.951761
7.980847
8.012785
8.050222
8.087661
8.125098
8.162536
8.199974
8.237411
8.274849
8.312287
8.349725
8.387162
8.424601
8.462038
8.499475
8.536914
8.574351
8.61179
8.649227
8.686665
8.724103
8.76154
8.798978
8.836416
8.873854
8.911291
8.94873
8.986167
9.029784
9.077023
9.124261
9.171499
9.218739
9.265977
9.313215
9.360454
9.407692
9.45493
9.502169
9.549407
9.596646
9.643885
9.691123
9.738361
9.7856
9.832838
9.880076
9.927315
9.974554
10.02703
10.08563
10.14423
10.20283
10.26142
10.32002
10.37862
10.43722
10.49582
10.55441
10.61301
10.67161
10.73021
10.78881
10.8474
10.906
10.9646
11.02835
11.09998
11.17161
11.24323
11.31486
11.38649
11.45811
11.52974
11.60137
11.67299
11.74462
11.81625
11.88788
11.9595
12.03757
12.124
12.21044
12.29688
12.38332
12.46975
12.55619
12.64263
12.72907
12.81551
12.90194
12.98838
13.08928
13.19242
13.29556
13.39871
13.50185
13.60499
13.70814
13.81128
13.91442
14.02075
14.14261
14.26447
14.38632
14.50818
14.63004
14.7519
14.87375
14.99561
15.13756
15.28025
15.42295
15.56564
15.70833
15.85103
15.99372
16.15848
16.32425
16.49002
16.65579
16.82157
16.98734
17.1766
17.3678
17.559
17.7502
17.94141
18.15196
18.37108
18.59019
18.8093
19.03237
19.28198
19.53159
19.78119
20.0349
20.31773
20.60056
20.88338
21.18739
21.50626
21.82514
22.16162
22.5195
22.87738
23.26292
23.6629
24.06999
24.51525
24.96052
25.45011
25.94401
26.48408
27.03311
27.63477
28.25978
28.92088
29.63759
30.39547
31.20386
32.0726
33.01203
34.03309
35.14713
36.36605
37.70244
39.18169
40.83596
42.7027
44.82437
47.27603
50.14562
53.58182
57.78899
63.12566
70.22999
80.3928
96.85696
131.8564
1000
