1
1.003338
1.006676
1.010014
1.013352
1.01669
1.020028
1.023366
1.026704
1.030041
1.033379
1.036717
1.040055
1.043393
1.046731
1.050069
1.053407
1.056745
1.060083
1.063421
1.066759
1.070097
1.073435
1.076773
1.080111
1.083449
1.086787
1.090124
1.093462
1.0968
1.100138
1.103476
1.106814
1.110152
1.11349
1.116828
1.120166
1.123504
1.126842
1.13018
1.133518
1.136856
1.140194
1.143532
1.14687
1.150208
1.153545
1.156883
1.160221
1.163559
1.166897
1.170235
1.173573
1.176911
1.180249
1.183587
1.186925
1.190263
1.193601
1.196939
1.200277
1.203615
1.206953
1.210291
1.213629
1.216966
1.220304
1.223642
1.22698
1.230318
1.233656
1.236994
1.240332
1.24367
1.247008
1.250346
1.253684
1.257022
1.26036
1.263698
1.267036
1.270374
1.273711
1.277049
1.280387
1.283725
1.287063
1.290401
1.293739
1.297077
1.300415
1.303753
1.307091
1.310429
1.313767
1.317105
1.320443
1.323781
1.327119
1.330456
1.333794
1.337132
1.34047
1.343808
1.347146
1.350484
1.353822
1.35716
1.360498
1.363836
1.367174
1.370512
1.37385
1.377188
1.380526
1.383864
1.387202
1.39054
1.393878
1.397215
1.400553
1.403891
1.407229
1.410567
1.413905
1.417243
1.420581
1.423919
1.427257
1.430595
1.433933
1.437271
1.440609
1.443947
1.447285
1.450623
1.453961
1.457299
1.460636
1.463974
1.467312
1.47065
1.473988
1.477326
1.480664
1.484002
1.48734
1.490678
1.494016
1.497354
1.500692
1.50403
1.507368
1.510706
1.514044
1.517381
1.520719
1.524057
1.527395
1.530733
1.534071
1.537409
1.540747
1.544085
1.547423
1.550761
1.554099
1.557437
1.560775
1.564113
1.567451
1.570789
1.574126
1.577464
1.580802
1.58414
1.587478
1.590816
1.594154
1.597492
1.60083
1.604168
1.607506
1.610844
1.614182
1.61752
1.620858
1.624196
1.627534
1.630872
1.63421
1.637547
1.640885
1.644223
1.647561
1.650899
1.654237
1.657575
1.660913
1.664251
1.667589
1.670927
1.674265
1.677603
1.680941
1.684279
1.687617
1.690955
1.694293
1.697631
1.700969
1.704306
1.707644
1.710982
1.71432
1.717658
1.720996
1.724334
1.727672
1.73101
1.734348
1.737686
1.741024
1.744362
1.7477
1.751038
1.754376
1.757714
1.761051
1.764389
1.767727
1.771065
1.774403
1.777741
1.781079
1.784417
1.787755
1.791093
1.794431
1.797769
1.801107
1.804445
1.807783
1.811121
1.814459
1.817796
1.821134
1.824472
1.82781
1.831148
1.834486
1.837824
1.841162
1.8445
1.847838
1.851176
1.854514
1.857852
1.86119
1.864528
1.867866
1.871204
1.874542
1.87788
1.881217
1.884555
1.887893
1.891231
1.894569
1.897907
1.901245
1.904583
1.907921
1.911259
1.914597
1.917935
1.921273
1.924611
1.927949
1.931287
1.934625
1.937963
1.941301
1.944638
1.947976
1.951314
1.954652
1.95799
1.961328
1.964666
1.968004
1.971342
1.97468
1.978018
1.981356
1.984694
1.988032
1.99137
1.994708
1.998046
2.002149
2.007333
2.012517
2.017701
2.022885
2.028069
2.033253
2.038438
2.043622
2.048806
2.05399
2.059174
2.064358
2.069542
2.074726
2.079911
2.085095
2.090279
2.095463
2.100647
2.105831
2.111015
2.116199
2.121383
2.126568
2.131752
2.136936
2.14212
2.147304
2.152488
2.157672
2.162857
2.168041
2.173225
2.178409
2.183593
2.188777
2.193961
2.199145
2.204329
2.209514
2.214698
2.219882
2.225066
2.23025
2.235434
2.240618
2.245802
2.250987
2.256171
2.261355
2.266539
2.271723
2.276907
2.282091
2.287276
2.292459
2.297644
2.302828
2.308012
2.313196
2.31838
2.323564
2.328748
2.333933
2.339117
2.344301
2.349485
2.354669
2.359853
2.365037
2.370221
2.375406
2.38059
2.385774
2.390958
2.396142
2.401326
2.40651
2.411695
2.416878
2.422063
2.427247
2.432431
2.437615
2.442799
2.447983
2.453167
2.458352
2.463536
2.46872
2.473904
2.479088
2.484272
2.489456
2.49464
2.499825
2.505009
2.510193
2.515377
2.520561
2.525745
2.530929
2.536113
2.541297
2.546482
2.551666
2.55685
2.562034
2.567218
2.572402
2.577586
2.58277
2.587955
2.593139
2.598323
2.603507
2.608691
2.613875
2.619059
2.624243
2.629427
2.634612
2.639796
2.64498
2.650164
2.655348
2.660532
2.665716
2.670901
2.676085
2.681269
2.686453
2.691637
2.696821
2.702005
2.70719
2.712373
2.717558
2.722742
2.727926
2.73311
2.738294
2.743478
2.748662
2.753847
2.759031
2.764215
2.769399
2.774583
2.779767
2.784951
2.790135
2.79532
2.800504
2.805688
2.810872
2.816056
2.82124
2.826424
2.831608
2.836792
2.841977
2.847161
2.852345
2.857529
2.862713
2.867897
2.873081
2.878265
2.88345
2.888634
2.893818
2.899002
2.904186
2.90937
2.914554
2.919739
2.924922
2.930107
2.935291
2.940475
2.945659
2.950843
2.956027
2.961211
2.966396
2.97158
2.976764
2.981948
2.987132
2.992316
2.9975
3.004159
3.012191
3.020222
3.028254
3.036286
3.044317
3.052349
3.06038
3.068412
3.076444
3.084476
3.092507
3.100539
3.10857
3.116602
3.124634
3.132665
3.140697
3.148729
3.15676
3.164792
3.172824
3.180855
3.188887
3.196919
3.20495
3.212982
3.221014
3.229045
3.237077
3.245109
3.25314
3.261172
3.269204
3.277235
3.285267
3.293298
3.30133
3.309362
3.317394
3.325425
3.333457
3.341489
3.34952
3.357552
3.365583
3.373615
3.381647
3.389678
3.39771
3.405742
3.413774
3.421805
3.429837
3.437868
3.4459
3.453932
3.461963
3.469995
3.478027
3.486058
3.49409
3.502122
3.510153
3.518185
3.526217
3.534248
3.54228
3.550312
3.558343
3.566375
3.574407
3.582438
3.59047
3.598501
3.606533
3.614565
3.622597
3.630628
3.63866
3.646692
3.654723
3.662755
3.670786
3.678818
3.68685
3.694881
3.702913
3.710945
3.718976
3.727008
3.73504
3.743071
3.751103
3.759135
3.767166
3.775198
3.78323
3.791261
3.799293
3.807325
3.815356
3.823388
3.831419
3.839451
3.847483
3.855515
3.863546
3.871578
3.87961
3.887641
3.895673
3.903705
3.911736
3.919768
3.927799
3.935831
3.943863
3.951895
3.959926
3.967958
3.975989
3.984021
3.992053
4.000125
4.012029
4.023933
4.035837
4.047741
4.059645
4.071549
4.083453
4.095357
4.107261
4.119165
4.13107
4.142973
4.154878
4.166781
4.178686
4.190589
4.202494
4.214398
4.226302
4.238206
4.25011
4.262014
4.273918
4.285822
4.297726
4.30963
4.321534
4.333438
4.345342
4.357246
4.36915
4.381054
4.392958
4.404862
4.416766
4.42867
4.440575
4.452478
4.464383
4.476286
4.488191
4.500094
4.511999
4.523903
4.535807
4.547711
4.559615
4.571519
4.583423
4.595327
4.607231
4.619135
4.631039
4.642943
4.654847
4.666751
4.678655
4.690559
4.702463
4.714367
4.726271
4.738175
4.750079
4.761983
4.773888
4.785791
4.797696
4.809599
4.821504
4.833407
4.845312
4.857216
4.86912
4.881024
4.892928
4.904832
4.916736
4.92864
4.940544
4.952448
4.964352
4.976256
4.98816
5.000091
5.016997
5.033903
5.050809
5.067715
5.084621
5.101527
5.118433
5.135339
5.152246
5.169151
5.186058
5.202963
5.21987
5.236775
5.253682
5.270587
5.287494
5.304399
5.321306
5.338212
5.355118
5.372024
5.38893
5.405836
5.422742
5.439648
5.456554
5.47346
5.490366
5.507272
5.524178
5.541084
5.55799
5.574896
5.591802
5.608708
5.625614
5.64252
5.659426
5.676332
5.693238
5.710144
5.72705
5.743956
5.760862
5.777768
5.794674
5.81158
5.828486
5.845392
5.862298
5.879204
5.896111
5.913016
5.929923
5.946828
5.963735
5.98064
5.997547
6.019796
6.042953
6.06611
6.089267
6.112424
6.135581
6.158738
6.181894
6.205051
6.228208
6.251365
6.274522
6.297679
6.320836
6.343993
6.367149
6.390306
6.413464
6.43662
6.459777
6.482934
6.506091
6.529248
6.552405
6.575562
6.598719
6.621875
6.645032
6.668189
6.691346
6.714503
6.73766
6.760817
6.783974
6.807131
6.830287
6.853445
6.876601
6.899758
6.922915
6.946072
6.969229
6.992386
7.020659
7.051439
7.08222
7.113
7.14378
7.17456
7.20534
7.23612
7.266901
7.297681
7.328461
7.359241
7.390021
7.420801
7.451581
7.482362
7.513142
7.543922
7.574702
7.605482
7.636262
7.667043
7.697823
7.728603
7.759383
7.790163
7.820943
7.851724
7.882504
7.913284
7.944064
7.974844
8.007291
8.047193
8.087093
8.126995
8.166897
8.206798
8.246699
8.2866
8.326502
8.366404
8.406304
8.446206
8.486108
8.526009
8.56591
8.605812
8.645713
8.685615
8.725515
8.765417
8.805319
8.84522
8.885121
8.925023
8.964924
9.006125
9.056772
9.107419
9.158066
9.208713
9.25936
9.310007
9.360654
9.411301
9.461947
9.512595
9.563242
9.613889
9.664536
9.715182
9.76583
9.816477
9.867124
9.91777
9.968417
10.02377
10.08691
10.15006
10.2132
10.27635
10.33949
10.40264
10.46579
10.52893
10.59208
10.65522
10.71837
10.78151
10.84466
10.9078
10.97095
11.04185
11.11938
11.1969
11.27443
11.35195
11.42948
11.507
11.58453
11.66205
11.73957
11.8171
11.89462
11.97215
12.06017
12.15409
12.248
12.34192
12.43583
12.52975
12.62366
12.71758
12.81149
12.90541
12.99932
13.11163
13.22408
13.33653
13.44898
13.56142
13.67387
13.78632
13.89876
14.01328
14.14654
14.27979
14.41304
14.5463
14.67955
14.8128
14.94606
15.09313
15.24959
15.40606
15.56253
15.719
15.87546
16.03719
16.21941
16.40163
16.58386
16.76608
16.94831
17.1509
17.36156
17.57222
17.78288
17.99354
18.2345
18.47641
18.71832
18.96023
19.23072
19.50684
19.78296
20.06706
20.38047
20.69389
21.00825
21.36221
21.71617
22.07883
22.4767
22.87458
23.30494
23.75027
24.21805
24.71449
25.23427
25.78564
26.37304
26.98334
27.65492
28.36102
29.11144
29.92378
30.80525
31.7572
32.79132
33.91995
35.16883
36.55409
38.09033
39.83087
41.81124
44.09345
46.77443
49.9713
53.89893
58.8792
65.5084
74.98528
90.36065
123.0512
1000
