1
1.030188
1.060375
1.090563
1.120751
1.150938
1.181126
1.211313
1.241501
1.271689
1.301876
1.332064
1.362252
1.392439
1.422627
1.452815
1.483002
1.51319
1.543378
1.573565
1.603753
1.633941
1.664128
1.694316
1.724504
1.754691
1.784879
1.815066
1.845254
1.875442
1.905629
1.935817
1.966005
1.996192
2.021693
2.046517
2.07134
2.096164
2.120988
2.145812
2.170636
2.19546
2.220284
2.245107
2.269931
2.294755
2.319579
2.344403
2.369227
2.394051
2.418874
2.443698
2.468522
2.493346
2.51817
2.542994
2.567817
2.592641
2.617465
2.642289
2.667113
2.691937
2.716761
2.741585
2.766408
2.791232
2.816056
2.84088
2.865704
2.890528
2.915351
2.940175
2.964999
2.989823
3.013782
3.03714
3.060498
3.083856
3.107214
3.130572
3.15393
3.177288
3.200646
3.224005
3.247363
3.27072
3.294079
3.317437
3.340795
3.364153
3.387511
3.410869
3.434227
3.457585
3.480943
3.504301
3.527659
3.551017
3.574375
3.597733
3.621091
3.644449
3.667808
3.691165
3.714524
3.737882
3.76124
3.784598
3.807956
3.831314
3.854672
3.87803
3.901388
3.924746
3.948104
3.971462
3.99482
4.018068
4.041285
4.064502
4.087719
4.110936
4.134152
4.15737
4.180586
4.203803
4.22702
4.250237
4.273454
4.29667
4.319887
4.343104
4.366321
4.389538
4.412755
4.435971
4.459188
4.482405
4.505622
4.528839
4.552055
4.575273
4.598489
4.621706
4.644923
4.66814
4.691357
4.714573
4.73779
4.761007
4.784224
4.807441
4.830657
4.853874
4.877091
4.900308
4.923525
4.946742
4.969959
4.993176
5.016767
5.040515
5.064262
5.08801
5.111758
5.135506
5.159254
5.183001
5.206749
5.230496
5.254244
5.277992
5.30174
5.325488
5.349235
5.372983
5.396731
5.420478
5.444226
5.467974
5.491722
5.51547
5.539217
5.562965
5.586712
5.61046
5.634208
5.657956
5.681704
5.705451
5.729199
5.752946
5.776694
5.800442
5.82419
5.847938
5.871685
5.895433
5.919181
5.942928
5.966676
5.990424
6.014741
6.039442
6.064144
6.088845
6.113547
6.138248
6.16295
6.187651
6.212353
6.237054
6.261756
6.286458
6.311159
6.33586
6.360562
6.385263
6.409965
6.434667
6.459368
6.484069
6.508771
6.533473
6.558174
6.582875
6.607577
6.632278
6.65698
6.681682
6.706383
6.731084
6.755786
6.780488
6.805189
6.829891
6.854592
6.879293
6.903995
6.928697
6.953398
6.9781
7.002944
7.028906
7.054867
7.080829
7.106791
7.132753
7.158714
7.184676
7.210638
7.236599
7.262561
7.288523
7.314485
7.340446
7.366408
7.39237
7.418332
7.444293
7.470255
7.496217
7.522179
7.548141
7.574102
7.600064
7.626026
7.651987
7.677949
7.703911
7.729873
7.755834
7.781796
7.807758
7.833719
7.859681
7.885643
7.911604
7.937566
7.963528
7.98949
8.016347
8.043815
8.071281
8.098748
8.126215
8.153683
8.181149
8.208616
8.236083
8.263551
8.291018
8.318484
8.345951
8.373419
8.400886
8.428352
8.455819
8.483287
8.510754
8.53822
8.565687
8.593155
8.620622
8.648088
8.675555
8.703022
8.73049
8.757957
8.785423
8.81289
8.840358
8.867825
8.895291
8.922758
8.950226
8.977693
9.005482
9.034664
9.063847
9.093029
9.122211
9.151394
9.180576
9.20976
9.238942
9.268125
9.297307
9.326489
9.355672
9.384854
9.414037
9.443219
9.472402
9.501584
9.530766
9.55995
9.589132
9.618315
9.647497
9.67668
9.705862
9.735044
9.764227
9.793409
9.822592
9.851774
9.880957
9.91014
9.939322
9.968505
9.997687
10.02862
10.05971
10.0908
10.12189
10.15297
10.18406
10.21515
10.24624
10.27732
10.30841
10.3395
10.37059
10.40168
10.43276
10.46385
10.49494
10.52603
10.55711
10.5882
10.61929
10.65038
10.68146
10.71255
10.74364
10.77473
10.80581
10.8369
10.86799
10.89908
10.93016
10.96125
10.99234
11.025
11.05817
11.09133
11.1245
11.15767
11.19084
11.22401
11.25718
11.29035
11.32352
11.35669
11.38986
11.42303
11.4562
11.48937
11.52254
11.55571
11.58888
11.62205
11.65522
11.68839
11.72156
11.75472
11.78789
11.82106
11.85423
11.8874
11.92057
11.95374
11.98691
12.02144
12.05686
12.09229
12.12771
12.16313
12.19855
12.23397
12.26939
12.30481
12.34023
12.37565
12.41107
12.44649
12.48191
12.51733
12.55276
12.58818
12.6236
12.65902
12.69444
12.72986
12.76528
12.8007
12.83612
12.87154
12.90696
12.94238
12.9778
13.01413
13.05196
13.0898
13.12764
13.16547
13.20331
13.24115
13.27898
13.31682
13.35466
13.39249
13.43033
13.46817
13.506
13.54384
13.58168
13.61951
13.65735
13.69519
13.73303
13.77086
13.8087
13.84654
13.88437
13.92221
13.96005
13.99788
14.03815
14.07857
14.11898
14.1594
14.19981
14.24023
14.28065
14.32106
14.36147
14.40189
14.44231
14.48272
14.52314
14.56355
14.60397
14.64438
14.6848
14.72521
14.76563
14.80604
14.84646
14.88687
14.92729
14.9677
15.00867
15.05182
15.09498
15.13813
15.18129
15.22445
15.2676
15.31076
15.35391
15.39707
15.44022
15.48338
15.52653
15.56969
15.61284
15.656
15.69915
15.74231
15.78546
15.82862
15.87177
15.91493
15.95808
16.00132
16.04738
16.09344
16.13949
16.18555
16.2316
16.27766
16.32372
16.36977
16.41583
16.46189
16.50794
16.554
16.60006
16.64611
16.69217
16.73822
16.78428
16.83034
16.87639
16.92245
16.96851
17.01553
17.06465
17.11377
17.16289
17.21201
17.26113
17.31025
17.35937
17.40849
17.45761
17.50673
17.55585
17.60497
17.65409
17.70321
17.75233
17.80145
17.85057
17.89969
17.94881
17.99793
18.05015
18.10249
18.15484
18.20719
18.25954
18.31188
18.36423
18.41658
18.46893
18.52127
18.57362
18.62597
18.67832
18.73067
18.78301
18.83536
18.88771
18.94006
18.9924
19.04765
19.10339
19.15913
19.21487
19.27061
19.32635
19.3821
19.43784
19.49358
19.54932
19.60506
19.6608
19.71654
19.77228
19.82802
19.88376
19.9395
19.99524
20.05424
20.11354
20.17284
20.23214
20.29144
20.35074
20.41004
20.46934
20.52864
20.58794
20.64724
20.70654
20.76584
20.82515
20.88445
20.94375
21.00324
21.06627
21.1293
21.19233
21.25536
21.31839
21.38142
21.44445
21.50748
21.57051
21.63354
21.69658
21.75961
21.82264
21.88567
21.9487
22.01245
22.07939
22.14632
22.21325
22.28019
22.34712
22.41405
22.48098
22.54792
22.61485
22.68178
22.74872
22.81565
22.88258
22.94952
23.01745
23.08846
23.15947
23.23048
23.30149
23.3725
23.44351
23.51452
23.58553
23.65654
23.72755
23.79856
23.86957
23.94058
24.01228
24.08755
24.16281
24.23808
24.31334
24.38861
24.46387
24.53914
24.6144
24.68967
24.76493
24.8402
24.91546
24.99073
25.06988
25.14958
25.22928
25.30898
25.38868
25.46838
25.54808
25.62778
25.70747
25.78717
25.86687
25.94657
26.0278
26.11211
26.19643
26.28075
26.36507
26.44939
26.53371
26.61802
26.70234
26.78666
26.87098
26.9553
27.04188
27.131
27.22012
27.30924
27.39837
27.48749
27.57661
27.66574
27.75486
27.84398
27.93311
28.02347
28.11759
28.21171
28.30583
28.39994
28.49406
28.58818
28.68229
28.77641
28.87053
28.96465
29.062
29.1613
29.26061
29.35991
29.45921
29.55852
29.65782
29.75712
29.85643
29.95573
30.05802
30.1627
30.26739
30.37208
30.47676
30.58145
30.68613
30.79082
30.89551
31.0002
31.11047
31.22074
31.33101
31.44127
31.55154
31.6618
31.77207
31.88234
31.99261
32.10827
32.22432
32.34037
32.45642
32.57247
32.68852
32.80457
32.92062
33.03857
33.1606
33.28264
33.40468
33.52672
33.64876
33.7708
33.89283
34.01563
34.14386
34.2721
34.40033
34.52857
34.65681
34.78504
34.91328
35.04359
35.17823
35.31287
35.44751
35.58216
35.7168
35.85144
35.98608
36.12667
36.26793
36.4092
36.55047
36.69173
36.833
36.97427
37.12113
37.26924
37.41735
37.56546
37.71357
37.86167
38.01025
38.16542
38.32059
38.47576
38.63093
38.7861
38.94127
39.10097
39.26343
39.42589
39.58835
39.75081
39.91327
40.07924
40.24921
40.41918
40.58916
40.75913
40.92911
41.1036
41.28133
41.45905
41.63678
41.8145
41.99223
42.17758
42.36329
42.54899
42.73469
42.92039
43.1108
43.30472
43.49865
43.69258
43.88651
44.08394
44.28633
44.48872
44.69112
44.89351
45.10002
45.31112
45.52221
45.73331
45.9444
46.1621
46.38215
46.6022
46.82225
47.04408
47.27334
47.5026
47.73186
47.96113
48.19825
48.43697
48.6757
48.91443
49.15939
49.40784
49.65629
49.90474
50.15934
50.41777
50.67621
50.93464
51.20073
51.46942
51.7381
52.00705
52.28625
52.56546
52.84466
53.12864
53.41864
53.70863
53.99862
54.29963
54.60069
54.90175
55.21046
55.52287
55.83527
56.15318
56.47722
56.80126
57.12991
57.46585
57.8018
58.14275
58.49092
58.83908
59.19396
59.55461
59.91526
60.28571
60.65916
61.03375
61.4203
61.80684
62.20009
62.60003
62.99997
63.41364
63.82731
64.24914
64.67681
65.10799
65.55001
65.99203
66.44843
66.90511
67.37365
67.84531
68.32723
68.81418
69.31078
69.81335
70.32595
70.84447
71.37442
71.90927
72.4579
73.00964
73.57811
74.15104
74.73682
75.33234
75.93581
76.55539
77.18211
77.82198
78.47538
79.13789
79.81563
80.50756
81.21066
81.92778
82.66305
83.41156
84.17421
84.95317
85.7522
86.56756
87.40016
88.25095
89.1209
90.01102
90.92417
91.85915
92.81669
93.79783
94.80356
95.83495
96.89307
97.97894
99.09599
100.2442
101.4244
102.6374
103.8847
105.1711
106.4975
107.8623
109.2729
110.7285
112.2321
113.787
115.3967
117.061
118.7892
120.5815
122.4419
124.3755
126.3875
128.4834
130.6685
132.9489
135.3362
137.8332
140.4529
143.2023
146.0946
149.1433
152.3631
155.7688
159.3815
163.2212
167.3152
171.6917
176.3862
181.4392
186.8978
192.8234
199.2864
206.3733
214.1946
222.889
232.6373
243.6705
256.3082
270.9918
288.3588
309.351
335.4998
369.3919
415.9846
486.4201
613.8768
1000
