1
1.012305
1.02461
1.036915
1.04922
1.061525
1.07383
1.086135
1.09844
1.110745
1.12305
1.135355
1.14766
1.159965
1.17227
1.184575
1.19688
1.209185
1.22149
1.233795
1.2461
1.258405
1.27071
1.283015
1.29532
1.307625
1.31993
1.332235
1.34454
1.356845
1.36915
1.381455
1.39376
1.406065
1.41837
1.430676
1.442981
1.455286
1.46759
1.479895
1.4922
1.504506
1.516811
1.529116
1.541421
1.553726
1.566031
1.578336
1.590641
1.602946
1.615251
1.627556
1.639861
1.652166
1.664471
1.676776
1.689081
1.701386
1.713691
1.725996
1.738301
1.750606
1.762911
1.775216
1.787521
1.799826
1.812131
1.824436
1.836741
1.849046
1.861351
1.873656
1.885961
1.898266
1.910571
1.922876
1.935181
1.947486
1.959791
1.972096
1.984401
1.996706
2.008436
2.019957
2.031477
2.042997
2.054517
2.066038
2.077558
2.089078
2.100598
2.112118
2.123639
2.135159
2.146679
2.1582
2.16972
2.18124
2.19276
2.20428
2.215801
2.227321
2.238841
2.250361
2.261882
2.273402
2.284922
2.296443
2.307963
2.319483
2.331003
2.342523
2.354043
2.365564
2.377084
2.388604
2.400125
2.411645
2.423165
2.434685
2.446206
2.457726
2.469246
2.480766
2.492286
2.503807
2.515327
2.526847
2.538368
2.549888
2.561408
2.572928
2.584448
2.595969
2.607489
2.619009
2.630529
2.64205
2.65357
2.66509
2.67661
2.688131
2.699651
2.711171
2.722691
2.734211
2.745732
2.757252
2.768772
2.780293
2.791813
2.803333
2.814853
2.826374
2.837894
2.849414
2.860934
2.872454
2.883975
2.895495
2.907015
2.918535
2.930056
2.941576
2.953096
2.964616
2.976137
2.987657
2.999177
3.011391
3.023659
3.035927
3.048194
3.060462
3.07273
3.084998
3.097265
3.109533
3.121801
3.134068
3.146336
3.158604
3.170871
3.183139
3.195407
3.207675
3.219942
3.23221
3.244478
3.256745
3.269013
3.281281
3.293549
3.305816
3.318084
3.330352
3.342619
3.354887
3.367155
3.379422
3.39169
3.403958
3.416225
3.428493
3.440761
3.453029
3.465296
3.477564
3.489832
3.5021
3.514367
3.526635
3.538903
3.55117
3.563438
3.575706
3.587973
3.600241
3.612509
3.624776
3.637044
3.649312
3.66158
3.673847
3.686115
3.698383
3.71065
3.722918
3.735186
3.747453
3.759721
3.771989
3.784256
3.796524
3.808792
3.82106
3.833327
3.845595
3.857863
3.870131
3.882398
3.894666
3.906934
3.919201
3.931469
3.943737
3.956004
3.968272
3.98054
3.992807
4.005645
4.01929
4.032935
4.04658
4.060225
4.073869
4.087514
4.101159
4.114804
4.128449
4.142094
4.155739
4.169384
4.183029
4.196673
4.210319
4.223963
4.237608
4.251253
4.264898
4.278543
4.292188
4.305833
4.319478
4.333123
4.346767
4.360413
4.374057
4.387702
4.401347
4.414992
4.428637
4.442282
4.455927
4.469572
4.483217
4.496861
4.510507
4.524151
4.537796
4.551441
4.565086
4.578731
4.592376
4.606021
4.619666
4.633311
4.646955
4.660601
4.674245
4.68789
4.701535
4.71518
4.728825
4.74247
4.756115
4.76976
4.783405
4.79705
4.810695
4.824339
4.837984
4.851629
4.865274
4.878919
4.892564
4.906209
4.919854
4.933499
4.947144
4.960789
4.974433
4.988078
5.00195
5.017391
5.032832
5.048273
5.063714
5.079154
5.094595
5.110036
5.125477
5.140918
5.156359
5.1718
5.187241
5.202682
5.218122
5.233563
5.249004
5.264445
5.279886
5.295327
5.310768
5.326209
5.34165
5.35709
5.372531
5.387972
5.403413
5.418854
5.434295
5.449736
5.465177
5.480618
5.496058
5.511499
5.52694
5.542381
5.557822
5.573263
5.588704
5.604145
5.619586
5.635026
5.650467
5.665908
5.681349
5.69679
5.712231
5.727672
5.743113
5.758554
5.773994
5.789435
5.804876
5.820317
5.835758
5.851199
5.86664
5.882081
5.897522
5.912962
5.928403
5.943844
5.959285
5.974726
5.990167
6.006387
6.023972
6.041557
6.059142
6.076727
6.094312
6.111897
6.129482
6.147067
6.164652
6.182237
6.199822
6.217407
6.234992
6.252577
6.270162
6.287747
6.305332
6.322917
6.340502
6.358087
6.375672
6.393257
6.410842
6.428427
6.446012
6.463597
6.481183
6.498767
6.516353
6.533937
6.551523
6.569108
6.586693
6.604278
6.621863
6.639448
6.657033
6.674618
6.692203
6.709788
6.727373
6.744958
6.762543
6.780128
6.797713
6.815298
6.832883
6.850468
6.868053
6.885638
6.903223
6.920808
6.938393
6.955978
6.973563
6.991148
7.009958
7.03001
7.050062
7.070113
7.090165
7.110216
7.130268
7.15032
7.170371
7.190423
7.210474
7.230526
7.250577
7.270629
7.290681
7.310732
7.330784
7.350835
7.370887
7.390939
7.41099
7.431042
7.451094
7.471145
7.491197
7.511249
7.5313
7.551352
7.571403
7.591455
7.611506
7.631558
7.651609
7.671661
7.691713
7.711764
7.731816
7.751868
7.771919
7.791971
7.812022
7.832074
7.852126
7.872177
7.892229
7.912281
7.932332
7.952384
7.972435
7.992487
8.014277
8.03711
8.059944
8.082777
8.10561
8.128443
8.151277
8.174109
8.196942
8.219775
8.242608
8.265442
8.288275
8.311108
8.333941
8.356773
8.379607
8.40244
8.425273
8.448106
8.470939
8.493773
8.516605
8.539438
8.562271
8.585104
8.607938
8.630771
8.653604
8.676436
8.69927
8.722103
8.744936
8.767769
8.790602
8.813436
8.836268
8.859101
8.881934
8.904768
8.927601
8.950434
8.973267
8.996099
9.021502
9.047432
9.073361
9.099292
9.125222
9.151153
9.177083
9.203013
9.228944
9.254874
9.280805
9.306735
9.332665
9.358596
9.384526
9.410457
9.436387
9.462317
9.488248
9.514178
9.540109
9.566039
9.591969
9.6179
9.64383
9.669761
9.695691
9.721622
9.747552
9.773482
9.799413
9.825343
9.851274
9.877204
9.903134
9.929065
9.954995
9.980926
10.00776
10.03711
10.06646
10.09581
10.12516
10.1545
10.18385
10.2132
10.24255
10.2719
10.30125
10.3306
10.35995
10.3893
10.41865
10.448
10.47734
10.50669
10.53604
10.56539
10.59474
10.62409
10.65344
10.68279
10.71214
10.74149
10.77083
10.80018
10.82953
10.85888
10.88823
10.91758
10.94693
10.97628
11.00635
11.03944
11.07254
11.10564
11.13873
11.17183
11.20493
11.23802
11.27112
11.30422
11.33732
11.37041
11.40351
11.43661
11.4697
11.5028
11.5359
11.56899
11.60209
11.63519
11.66829
11.70138
11.73448
11.76758
11.80067
11.83377
11.86687
11.89996
11.93306
11.96616
11.99926
12.03635
12.07353
12.11071
12.1479
12.18508
12.22227
12.25945
12.29663
12.33382
12.371
12.40819
12.44537
12.48255
12.51974
12.55692
12.5941
12.63129
12.66847
12.70566
12.74284
12.78002
12.81721
12.85439
12.89157
12.92876
12.96594
13.0035
13.04512
13.08674
13.12836
13.16998
13.2116
13.25321
13.29484
13.33645
13.37807
13.41969
13.46131
13.50293
13.54455
13.58617
13.62779
13.66941
13.71103
13.75265
13.79427
13.83589
13.87751
13.91913
13.96075
14.00264
14.04905
14.09547
14.14188
14.1883
14.23472
14.28113
14.32755
14.37396
14.42038
14.46679
14.51321
14.55962
14.60604
14.65246
14.69887
14.74529
14.7917
14.83812
14.88453
14.93095
14.97736
15.02643
15.07801
15.12959
15.18118
15.23276
15.28434
15.33593
15.38751
15.43909
15.49068
15.54226
15.59384
15.64543
15.69701
15.74859
15.80018
15.85176
15.90334
15.95493
16.00721
16.06434
16.12148
16.17861
16.23575
16.29288
16.35002
16.40715
16.46428
16.52142
16.57855
16.63569
16.69282
16.74996
16.80709
16.86423
16.92136
16.97849
17.03934
17.10242
17.1655
17.22858
17.29166
17.35474
17.41782
17.4809
17.54399
17.60707
17.67015
17.73323
17.79631
17.85939
17.92247
17.98555
18.05353
18.12297
18.1924
18.26184
18.33127
18.40071
18.47014
18.53958
18.60901
18.67845
18.74788
18.81732
18.88675
18.95619
19.02812
19.10433
19.18054
19.25675
19.33296
19.40916
19.48537
19.56158
19.63779
19.714
19.79021
19.86642
19.94263
20.02062
20.10403
20.18744
20.27086
20.35427
20.43769
20.5211
20.60452
20.68793
20.77135
20.85476
20.93818
21.02357
21.11464
21.20571
21.29677
21.38784
21.4789
21.56997
21.66104
21.7521
21.84317
21.93424
22.02756
22.12673
22.2259
22.32508
22.42425
22.52342
22.6226
22.72177
22.82094
22.92012
23.02096
23.12871
23.23647
23.34422
23.45197
23.55972
23.66747
23.77522
23.88298
23.99073
24.10676
24.22357
24.34039
24.4572
24.57401
24.69082
24.80763
24.92444
25.04463
25.171
25.29737
25.42373
25.5501
25.67647
25.80284
25.92921
26.06
26.19643
26.33286
26.46929
26.60572
26.74216
26.87859
27.01618
27.1632
27.31021
27.45723
27.60424
27.75126
27.89827
28.04871
28.20685
28.36499
28.52312
28.68126
28.8394
28.99754
29.16715
29.33695
29.50675
29.67655
29.84635
30.01731
30.19934
30.38136
30.56339
30.74541
30.92744
31.11716
31.31199
31.50681
31.70164
31.89646
32.09756
32.30577
32.51398
32.72218
32.93039
33.14791
33.37009
33.59229
33.81447
34.03907
34.27585
34.51263
34.74942
34.9862
35.23732
35.48933
35.74134
35.99334
36.26079
36.52866
36.79652
37.06836
37.35274
37.63712
37.92149
38.2183
38.51986
38.82141
39.13025
39.44965
39.76906
40.09361
40.43156
40.76952
41.1136
41.47082
41.82803
42.1956
42.5728
42.94999
43.34513
43.74302
44.14851
44.56786
44.98722
45.4281
45.86965
46.32741
46.79196
47.26964
47.75798
48.2587
48.77159
49.29858
49.83688
50.39346
50.95798
51.54757
52.14574
52.76526
53.40267
54.05332
54.73135
55.42783
56.14248
56.88255
57.64993
58.44071
59.25712
60.10146
60.97705
61.88791
62.83252
63.81324
64.83257
65.89322
66.99773
68.15453
69.3624
70.62422
71.94286
73.3328
74.78957
76.3251
77.94103
79.65469
81.46708
83.39061
85.43836
87.62373
89.96049
92.47697
95.18515
98.11765
101.309
104.7955
108.6303
112.8719
117.6061
122.9297
128.9854
135.9601
144.1178
153.8416
165.7246
180.7294
200.5671
228.6926
273.5302
365.1894
1000
