1
1.003273
1.006545
1.009817
1.01309
1.016363
1.019635
1.022908
1.02618
1.029453
1.032725
1.035998
1.03927
1.042543
1.045815
1.049088
1.05236
1.055633
1.058905
1.062178
1.06545
1.068723
1.071995
1.075268
1.07854
1.081813
1.085085
1.088358
1.09163
1.094903
1.098175
1.101448
1.10472
1.107993
1.111265
1.114538
1.11781
1.121083
1.124355
1.127628
1.1309
1.134173
1.137445
1.140718
1.14399
1.147263
1.150535
1.153808
1.15708
1.160353
1.163625
1.166898
1.170171
1.173443
1.176715
1.179988
1.183261
1.186533
1.189806
1.193078
1.196351
1.199623
1.202896
1.206168
1.209441
1.212713
1.215986
1.219258
1.222531
1.225803
1.229076
1.232348
1.235621
1.238893
1.242166
1.245438
1.248711
1.251983
1.255256
1.258528
1.261801
1.265073
1.268346
1.271618
1.274891
1.278163
1.281436
1.284708
1.287981
1.291253
1.294526
1.297798
1.301071
1.304343
1.307616
1.310888
1.314161
1.317433
1.320706
1.323978
1.327251
1.330523
1.333796
1.337069
1.340341
1.343614
1.346886
1.350159
1.353431
1.356704
1.359976
1.363249
1.366521
1.369794
1.373066
1.376339
1.379611
1.382884
1.386156
1.389429
1.392701
1.395974
1.399246
1.402519
1.405791
1.409064
1.412336
1.415609
1.418881
1.422154
1.425426
1.428699
1.431971
1.435244
1.438516
1.441789
1.445061
1.448334
1.451606
1.454879
1.458151
1.461424
1.464696
1.467969
1.471241
1.474514
1.477786
1.481059
1.484331
1.487604
1.490876
1.494149
1.497422
1.500694
1.503967
1.507239
1.510512
1.513784
1.517057
1.520329
1.523602
1.526874
1.530147
1.533419
1.536692
1.539964
1.543237
1.546509
1.549782
1.553054
1.556327
1.559599
1.562872
1.566144
1.569417
1.572689
1.575962
1.579234
1.582507
1.585779
1.589052
1.592324
1.595597
1.598869
1.602142
1.605414
1.608687
1.611959
1.615232
1.618504
1.621777
1.625049
1.628322
1.631594
1.634867
1.638139
1.641412
1.644684
1.647957
1.65123
1.654502
1.657774
1.661047
1.66432
1.667592
1.670865
1.674137
1.67741
1.680682
1.683955
1.687227
1.6905
1.693772
1.697045
1.700317
1.70359
1.706862
1.710135
1.713407
1.71668
1.719952
1.723225
1.726497
1.72977
1.733042
1.736315
1.739587
1.74286
1.746132
1.749405
1.752677
1.75595
1.759222
1.762495
1.765767
1.76904
1.772312
1.775585
1.778857
1.78213
1.785402
1.788675
1.791947
1.79522
1.798492
1.801765
1.805037
1.80831
1.811582
1.814855
1.818128
1.8214
1.824672
1.827945
1.831218
1.83449
1.837763
1.841035
1.844308
1.84758
1.850853
1.854125
1.857398
1.86067
1.863943
1.867215
1.870488
1.87376
1.877033
1.880305
1.883578
1.88685
1.890123
1.893395
1.896668
1.89994
1.903213
1.906485
1.909758
1.91303
1.916303
1.919575
1.922848
1.92612
1.929393
1.932665
1.935938
1.93921
1.942483
1.945755
1.949028
1.9523
1.955573
1.958845
1.962118
1.96539
1.968663
1.971936
1.975208
1.97848
1.981753
1.985025
1.988298
1.99157
1.994843
1.998116
2.002185
2.007335
2.012486
2.017637
2.022788
2.027939
2.033089
2.03824
2.043391
2.048542
2.053693
2.058843
2.063994
2.069145
2.074296
2.079447
2.084598
2.089748
2.094899
2.10005
2.105201
2.110352
2.115502
2.120653
2.125804
2.130955
2.136106
2.141256
2.146407
2.151558
2.156709
2.16186
2.16701
2.172161
2.177312
2.182463
2.187613
2.192764
2.197915
2.203066
2.208217
2.213367
2.218518
2.223669
2.22882
2.233971
2.239121
2.244272
2.249423
2.254574
2.259725
2.264875
2.270026
2.275177
2.280328
2.285479
2.290629
2.29578
2.300931
2.306082
2.311233
2.316383
2.321534
2.326685
2.331836
2.336987
2.342137
2.347288
2.352439
2.35759
2.362741
2.367891
2.373042
2.378193
2.383344
2.388494
2.393645
2.398796
2.403947
2.409098
2.414248
2.419399
2.42455
2.429701
2.434852
2.440002
2.445153
2.450304
2.455455
2.460606
2.465756
2.470907
2.476058
2.481209
2.48636
2.49151
2.496661
2.501812
2.506963
2.512114
2.517264
2.522415
2.527566
2.532717
2.537868
2.543018
2.548169
2.55332
2.558471
2.563622
2.568772
2.573923
2.579074
2.584225
2.589375
2.594526
2.599677
2.604828
2.609979
2.615129
2.62028
2.625431
2.630582
2.635733
2.640883
2.646034
2.651185
2.656336
2.661487
2.666637
2.671788
2.676939
2.68209
2.687241
2.692391
2.697542
2.702693
2.707844
2.712995
2.718145
2.723296
2.728447
2.733598
2.738749
2.743899
2.74905
2.754201
2.759352
2.764503
2.769653
2.774804
2.779955
2.785106
2.790257
2.795407
2.800558
2.805709
2.81086
2.81601
2.821161
2.826312
2.831463
2.836614
2.841764
2.846915
2.852066
2.857217
2.862368
2.867518
2.872669
2.87782
2.882971
2.888122
2.893272
2.898423
2.903574
2.908725
2.913876
2.919026
2.924177
2.929328
2.934479
2.93963
2.944781
2.949931
2.955082
2.960233
2.965384
2.970535
2.975685
2.980836
2.985987
2.991138
2.996289
3.002249
3.010296
3.018344
3.026391
3.034439
3.042486
3.050534
3.058581
3.066628
3.074676
3.082723
3.090771
3.098818
3.106866
3.114913
3.122961
3.131008
3.139055
3.147103
3.15515
3.163198
3.171245
3.179293
3.18734
3.195388
3.203435
3.211483
3.21953
3.227577
3.235625
3.243672
3.25172
3.259767
3.267815
3.275862
3.28391
3.291957
3.300005
3.308052
3.3161
3.324147
3.332195
3.340242
3.348289
3.356337
3.364384
3.372432
3.380479
3.388527
3.396574
3.404622
3.412669
3.420717
3.428764
3.436811
3.444859
3.452906
3.460954
3.469001
3.477049
3.485096
3.493144
3.501191
3.509239
3.517286
3.525334
3.533381
3.541429
3.549476
3.557523
3.565571
3.573618
3.581666
3.589713
3.597761
3.605808
3.613856
3.621903
3.629951
3.637998
3.646045
3.654093
3.66214
3.670188
3.678235
3.686283
3.69433
3.702378
3.710425
3.718472
3.72652
3.734568
3.742615
3.750662
3.75871
3.766757
3.774805
3.782852
3.7909
3.798947
3.806995
3.815042
3.82309
3.831137
3.839185
3.847232
3.855279
3.863327
3.871374
3.879422
3.887469
3.895517
3.903564
3.911612
3.919659
3.927707
3.935754
3.943801
3.951849
3.959897
3.967944
3.975991
3.984039
3.992086
4.000199
4.012196
4.024193
4.03619
4.048186
4.060183
4.07218
4.084177
4.096173
4.10817
4.120167
4.132164
4.14416
4.156157
4.168154
4.180151
4.192147
4.204144
4.216141
4.228137
4.240134
4.252131
4.264128
4.276124
4.288121
4.300117
4.312114
4.324111
4.336108
4.348104
4.360101
4.372098
4.384095
4.396091
4.408088
4.420085
4.432082
4.444078
4.456075
4.468072
4.480069
4.492065
4.504062
4.516059
4.528056
4.540052
4.552049
4.564046
4.576043
4.588039
4.600036
4.612033
4.62403
4.636026
4.648023
4.66002
4.672017
4.684013
4.69601
4.708007
4.720003
4.732
4.743997
4.755993
4.76799
4.779987
4.791984
4.80398
4.815977
4.827974
4.839971
4.851967
4.863964
4.875961
4.887958
4.899954
4.911951
4.923948
4.935945
4.947941
4.959938
4.971935
4.983932
4.995928
5.011303
5.028413
5.045523
5.062634
5.079743
5.096854
5.113964
5.131074
5.148184
5.165294
5.182405
5.199515
5.216625
5.233735
5.250845
5.267955
5.285066
5.302176
5.319286
5.336396
5.353506
5.370616
5.387726
5.404837
5.421947
5.439057
5.456167
5.473277
5.490387
5.507498
5.524608
5.541718
5.558828
5.575938
5.593049
5.610158
5.627269
5.644379
5.661489
5.678599
5.695709
5.71282
5.72993
5.74704
5.76415
5.78126
5.79837
5.815481
5.832591
5.849701
5.866811
5.883921
5.901031
5.918141
5.935252
5.952362
5.969472
5.986582
6.005074
6.028587
6.0521
6.075613
6.099126
6.122639
6.146152
6.169665
6.193178
6.216691
6.240204
6.263717
6.28723
6.310743
6.334256
6.357769
6.381282
6.404795
6.428308
6.451821
6.475334
6.498847
6.52236
6.545873
6.569386
6.592899
6.616412
6.639925
6.663438
6.686951
6.710464
6.733977
6.75749
6.781003
6.804516
6.82803
6.851542
6.875055
6.898569
6.922081
6.945594
6.969108
6.99262
7.021501
7.052835
7.08417
7.115504
7.146839
7.178174
7.209508
7.240843
7.272178
7.303513
7.334847
7.366182
7.397517
7.428851
7.460186
7.491521
7.522855
7.55419
7.585525
7.616859
7.648194
7.679529
7.710864
7.742198
7.773533
7.804867
7.836202
7.867537
7.898871
7.930206
7.961541
7.992876
8.031451
8.072158
8.112864
8.15357
8.194277
8.234983
8.275689
8.316396
8.357102
8.397809
8.438515
8.479221
8.519928
8.560634
8.60134
8.642047
8.682754
8.723459
8.764166
8.804873
8.845579
8.886285
8.926991
8.967698
9.010687
9.062448
9.114208
9.165969
9.21773
9.26949
9.321251
9.373012
9.424772
9.476534
9.528295
9.580055
9.631816
9.683577
9.735337
9.787098
9.838859
9.890619
9.94238
9.994141
10.05732
10.12195
10.18658
10.25121
10.31584
10.38047
10.4451
10.50973
10.57436
10.639
10.70363
10.76826
10.83289
10.89752
10.96215
11.03292
11.11238
11.19183
11.27128
11.35074
11.43019
11.50964
11.58909
11.66855
11.748
11.82745
11.9069
11.98636
12.07981
12.17617
12.27253
12.36889
12.46525
12.56161
12.65798
12.75434
12.8507
12.94706
13.05204
13.16753
13.28302
13.39851
13.51401
13.6295
13.74499
13.86048
13.97598
14.10849
14.24548
14.38246
14.51945
14.65644
14.79342
14.93041
15.0792
15.24018
15.40116
15.56214
15.72313
15.88411
16.05255
16.24017
16.42779
16.61541
16.80303
16.99065
17.20623
17.42327
17.64032
17.85736
18.08549
18.3349
18.5843
18.8337
19.0949
19.37973
19.66455
19.94937
20.26598
20.58946
20.91294
21.26713
21.63263
21.99813
22.40894
22.81998
23.2587
23.71896
24.19988
24.71318
25.25164
25.82197
26.43437
27.07271
27.76967
28.51342
29.30753
30.16301
31.09143
32.10499
33.21658
34.43983
35.78876
37.30001
38.99423
40.93456
43.17392
45.79627
48.92737
52.77342
57.64978
64.13336
73.41986
88.4707
120.4727
1000
