1
1.003748
1.007495
1.011243
1.014991
1.018738
1.022486
1.026233
1.029981
1.033729
1.037476
1.041224
1.044972
1.048719
1.052467
1.056214
1.059962
1.06371
1.067457
1.071205
1.074953
1.0787
1.082448
1.086195
1.089943
1.093691
1.097438
1.101186
1.104934
1.108681
1.112429
1.116176
1.119924
1.123672
1.127419
1.131167
1.134915
1.138662
1.14241
1.146158
1.149905
1.153653
1.1574
1.161148
1.164896
1.168643
1.172391
1.176139
1.179886
1.183634
1.187382
1.191129
1.194877
1.198624
1.202372
1.20612
1.209867
1.213615
1.217363
1.22111
1.224858
1.228605
1.232353
1.236101
1.239848
1.243596
1.247344
1.251091
1.254839
1.258586
1.262334
1.266082
1.269829
1.273577
1.277325
1.281072
1.28482
1.288568
1.292315
1.296063
1.29981
1.303558
1.307306
1.311053
1.314801
1.318549
1.322296
1.326044
1.329791
1.333539
1.337287
1.341034
1.344782
1.34853
1.352277
1.356025
1.359772
1.36352
1.367268
1.371015
1.374763
1.378511
1.382258
1.386006
1.389754
1.393501
1.397249
1.400996
1.404744
1.408492
1.412239
1.415987
1.419735
1.423482
1.42723
1.430977
1.434725
1.438473
1.44222
1.445968
1.449716
1.453463
1.457211
1.460958
1.464706
1.468454
1.472201
1.475949
1.479697
1.483444
1.487192
1.490939
1.494687
1.498435
1.502182
1.50593
1.509678
1.513425
1.517173
1.520921
1.524668
1.528416
1.532163
1.535911
1.539659
1.543406
1.547154
1.550902
1.554649
1.558397
1.562145
1.565892
1.56964
1.573387
1.577135
1.580883
1.58463
1.588378
1.592126
1.595873
1.599621
1.603369
1.607116
1.610864
1.614611
1.618359
1.622107
1.625854
1.629602
1.633349
1.637097
1.640845
1.644592
1.64834
1.652088
1.655835
1.659583
1.663331
1.667078
1.670826
1.674573
1.678321
1.682069
1.685816
1.689564
1.693312
1.697059
1.700807
1.704554
1.708302
1.71205
1.715797
1.719545
1.723293
1.72704
1.730788
1.734535
1.738283
1.742031
1.745778
1.749526
1.753274
1.757021
1.760769
1.764517
1.768264
1.772012
1.775759
1.779507
1.783255
1.787002
1.79075
1.794497
1.798245
1.801993
1.80574
1.809488
1.813236
1.816983
1.820731
1.824479
1.828226
1.831974
1.835721
1.839469
1.843217
1.846964
1.850712
1.85446
1.858207
1.861955
1.865703
1.86945
1.873198
1.876945
1.880693
1.884441
1.888188
1.891936
1.895684
1.899431
1.903179
1.906926
1.910674
1.914422
1.918169
1.921917
1.925665
1.929412
1.93316
1.936908
1.940655
1.944403
1.94815
1.951898
1.955646
1.959393
1.963141
1.966889
1.970636
1.974384
1.978132
1.981879
1.985627
1.989374
1.993122
1.99687
2.000891
2.006302
2.011713
2.017124
2.022536
2.027946
2.033358
2.038769
2.04418
2.049591
2.055002
2.060413
2.065824
2.071235
2.076646
2.082057
2.087468
2.09288
2.098291
2.103702
2.109113
2.114524
2.119935
2.125346
2.130757
2.136168
2.141579
2.14699
2.152401
2.157812
2.163224
2.168635
2.174046
2.179457
2.184868
2.190279
2.19569
2.201101
2.206512
2.211923
2.217334
2.222745
2.228156
2.233567
2.238979
2.24439
2.249801
2.255212
2.260623
2.266034
2.271445
2.276856
2.282267
2.287678
2.293089
2.2985
2.303911
2.309323
2.314734
2.320145
2.325556
2.330967
2.336378
2.341789
2.3472
2.352611
2.358022
2.363433
2.368845
2.374255
2.379667
2.385078
2.390489
2.3959
2.401311
2.406722
2.412133
2.417544
2.422955
2.428366
2.433777
2.439188
2.444599
2.450011
2.455422
2.460833
2.466244
2.471655
2.477066
2.482477
2.487888
2.493299
2.49871
2.504121
2.509532
2.514944
2.520355
2.525766
2.531177
2.536588
2.541999
2.54741
2.552821
2.558232
2.563643
2.569054
2.574465
2.579876
2.585288
2.590698
2.59611
2.601521
2.606932
2.612343
2.617754
2.623165
2.628576
2.633987
2.639398
2.644809
2.65022
2.655632
2.661042
2.666454
2.671865
2.677276
2.682687
2.688098
2.693509
2.69892
2.704331
2.709742
2.715153
2.720564
2.725976
2.731387
2.736798
2.742209
2.74762
2.753031
2.758442
2.763853
2.769264
2.774675
2.780086
2.785497
2.790908
2.796319
2.801731
2.807142
2.812553
2.817964
2.823375
2.828786
2.834197
2.839608
2.845019
2.85043
2.855841
2.861252
2.866663
2.872075
2.877486
2.882897
2.888308
2.893719
2.89913
2.904541
2.909952
2.915363
2.920774
2.926185
2.931596
2.937007
2.942419
2.94783
2.953241
2.958652
2.964063
2.969474
2.974885
2.980296
2.985707
2.991118
2.996529
3.002868
3.010866
3.018864
3.026862
3.03486
3.042859
3.050857
3.058855
3.066853
3.074851
3.082849
3.090847
3.098845
3.106843
3.114841
3.122839
3.130838
3.138836
3.146834
3.154832
3.16283
3.170828
3.178826
3.186824
3.194822
3.202821
3.210819
3.218817
3.226815
3.234813
3.242811
3.250809
3.258807
3.266805
3.274803
3.282801
3.2908
3.298798
3.306796
3.314794
3.322792
3.33079
3.338788
3.346786
3.354784
3.362782
3.37078
3.378779
3.386777
3.394775
3.402773
3.410771
3.418769
3.426767
3.434765
3.442764
3.450762
3.45876
3.466758
3.474756
3.482754
3.490752
3.49875
3.506748
3.514746
3.522744
3.530743
3.538741
3.546739
3.554737
3.562735
3.570733
3.578731
3.586729
3.594727
3.602726
3.610723
3.618722
3.62672
3.634718
3.642716
3.650714
3.658712
3.66671
3.674708
3.682706
3.690705
3.698703
3.706701
3.714699
3.722697
3.730695
3.738693
3.746691
3.754689
3.762687
3.770685
3.778684
3.786682
3.79468
3.802678
3.810676
3.818674
3.826672
3.83467
3.842669
3.850667
3.858665
3.866663
3.874661
3.882659
3.890657
3.898655
3.906653
3.914651
3.922649
3.930647
3.938646
3.946644
3.954642
3.96264
3.970638
3.978636
3.986634
3.994632
4.003773
4.015244
4.026716
4.038188
4.04966
4.061131
4.072603
4.084075
4.095547
4.107019
4.118491
4.129962
4.141434
4.152906
4.164378
4.175849
4.187321
4.198793
4.210265
4.221736
4.233208
4.24468
4.256152
4.267623
4.279095
4.290567
4.302039
4.313511
4.324983
4.336454
4.347926
4.359398
4.37087
4.382341
4.393813
4.405285
4.416757
4.428228
4.4397
4.451172
4.462644
4.474115
4.485587
4.497059
4.508531
4.520002
4.531474
4.542946
4.554418
4.56589
4.577362
4.588833
4.600305
4.611777
4.623249
4.63472
4.646192
4.657664
4.669136
4.680607
4.692079
4.703551
4.715023
4.726494
4.737967
4.749438
4.76091
4.772382
4.783854
4.795325
4.806797
4.818269
4.829741
4.841212
4.852684
4.864156
4.875628
4.887099
4.898571
4.910043
4.921515
4.932986
4.944458
4.95593
4.967402
4.978874
4.990345
5.002519
5.01842
5.034322
5.050224
5.066125
5.082027
5.097929
5.11383
5.129732
5.145634
5.161535
5.177437
5.193338
5.20924
5.225142
5.241043
5.256945
5.272847
5.288748
5.30465
5.320551
5.336453
5.352355
5.368257
5.384158
5.40006
5.415961
5.431863
5.447765
5.463666
5.479568
5.49547
5.511371
5.527273
5.543175
5.559076
5.574978
5.590879
5.606781
5.622683
5.638584
5.654486
5.670388
5.686289
5.702191
5.718092
5.733994
5.749896
5.765798
5.781699
5.797601
5.813502
5.829404
5.845305
5.861207
5.877109
5.893011
5.908912
5.924814
5.940715
5.956617
5.972519
5.98842
6.00581
6.027187
6.048563
6.069941
6.091317
6.112694
6.13407
6.155447
6.176824
6.198201
6.219578
6.240954
6.262331
6.283708
6.305085
6.326461
6.347838
6.369215
6.390592
6.411968
6.433345
6.454722
6.476099
6.497475
6.518852
6.540229
6.561605
6.582982
6.604359
6.625736
6.647112
6.668489
6.689866
6.711243
6.732619
6.753996
6.775373
6.79675
6.818126
6.839503
6.86088
6.882257
6.903633
6.92501
6.946387
6.967763
6.989141
7.013772
7.041763
7.069755
7.097747
7.125739
7.15373
7.181722
7.209714
7.237706
7.265697
7.293689
7.321681
7.349672
7.377664
7.405656
7.433648
7.461639
7.489631
7.517623
7.545615
7.573606
7.601598
7.62959
7.657582
7.685574
7.713565
7.741557
7.769549
7.797541
7.825532
7.853524
7.881516
7.909507
7.937499
7.965491
7.993483
8.027498
8.063342
8.099186
8.13503
8.170874
8.206717
8.242561
8.278405
8.314249
8.350093
8.385937
8.421781
8.457624
8.493468
8.529312
8.565156
8.601
8.636844
8.672688
8.708531
8.744375
8.780219
8.816063
8.851907
8.887751
8.923594
8.959438
8.995282
9.039104
9.084135
9.129167
9.174198
9.219229
9.26426
9.309291
9.354322
9.399353
9.444385
9.489416
9.534447
9.579478
9.62451
9.66954
9.714572
9.759603
9.804634
9.849665
9.894696
9.939728
9.984758
10.03682
10.09247
10.14812
10.20378
10.25943
10.31508
10.37074
10.42639
10.48204
10.5377
10.59335
10.649
10.70465
10.76031
10.81596
10.87161
10.92727
10.98292
11.047
11.11481
11.18262
11.25043
11.31824
11.38605
11.45386
11.52166
11.58947
11.65728
11.72509
11.7929
11.86071
11.92852
11.99633
12.07718
12.15878
12.24039
12.32199
12.40359
12.48519
12.56679
12.6484
12.73
12.8116
12.8932
12.9748
13.06714
13.16427
13.2614
13.35853
13.45566
13.55278
13.64991
13.74704
13.84417
13.9413
14.04531
14.1598
14.2743
14.3888
14.50329
14.61779
14.73229
14.84678
14.96128
15.08856
15.22236
15.35617
15.48998
15.62378
15.75759
15.8914
16.02923
16.18439
16.33955
16.49472
16.64988
16.80504
16.96021
17.13285
17.31152
17.49019
17.66886
17.84752
18.02997
18.23441
18.43884
18.64328
18.84772
19.05932
19.29189
19.52445
19.75701
19.98957
20.25136
20.51453
20.77769
21.04601
21.34235
21.63869
21.93504
22.25939
22.5916
22.92382
23.28584
23.65672
24.03069
24.44316
24.85563
25.2971
25.75418
26.23334
26.73817
27.26757
27.82342
28.41637
29.02913
29.69723
30.39894
31.14
31.93479
32.79295
33.7123
34.70259
35.77396
36.93725
38.21872
39.62702
41.18183
42.91934
44.88069
47.11327
49.69261
52.71138
56.32032
60.74359
66.35503
73.81676
84.49559
101.7931
138.5299
1000
