6111022||6111023||6111024||6111025||6111029||6111030||6111031||6111046||6111071||6111072||6111074
6112023||6112024||6112025||6112026
6113077||6113078||6113081
6114022||6114023||6114024||6114025||6114026
6115035||6115036||6115038||6115041||6115042||6115043||6115044||6115045
6116010||6116011||6116012||6116013||6116014||6116015||6116016||6116017||6116020||6116050||6116051||6116052||6116053||6116063
6119028
6120044||6120054||6120065
6126036
6130017||6130018||6130069||6130070||6130071
6134048
6135014
6138019||6138020
6139013
6140004||6140005
6141069
6142020||6142021||6142022||6142060||6142063||6142064
6143028||6143033
6144027||6144028||6144029||6144067
6145011||6145039||6145041
6147009||6147031
6148021||6148022||6148024||6148026||6148027||6148037||6148039||6148040||6148041
6149009||6149055||6149056||6149057
6151030
