***********************************************************
*
*  cross section fit parameter set PHOJET 1.10 
*
***********************************************************
********************* GRV *********************************
NEXTDATA
    2212  GRV94 LO     5     6     0
    2212  GRV94 LO     5     6     0
       1.100   0.250   6.387   6.387   1.161   1.161
       0.450   0.900  10.263  10.263   1.171   1.171
       0.156   0.500   0.612   0.300
     1.00000 0.00000 1.00000 0.00000
       3.500
       2.000
       0.600   0.600
       1.100   1.100   3.000
NEXTDATA
    2212  GRV94 LO     5     6     0
   -2212  GRV94 LO     5     6     0
       1.100   0.250   6.387   6.387   1.161   1.161
       0.450   0.900  15.174  15.174   1.540   1.540
       0.156   0.500   0.612   0.300
     1.00000 0.00000 1.00000 0.00000
       3.500
       2.000
       0.600   0.600
       1.100   1.100   3.000
NEXTDATA
   -2212  GRV94 LO     5     6     0
    2212  GRV94 LO     5     6     0
       1.100   0.250   6.387   6.387   1.161   1.161
       0.450   0.900  15.174  15.174   1.540   1.540
       0.156   0.500   0.612   0.300
     1.00000 0.00000 1.00000 0.00000
       3.500
       2.000
       0.600   0.600
       1.100   1.100   3.000
NEXTDATA
      22  GRV-G LO     5     3     0
    2212  GRV94 LO     5     6     0
       1.097    .250   2.745   6.827   1.225   1.136
        .500   1.000   4.721  11.740    .462    .428
        .170    .500    .612    .300
      .00431  .00008 1.00000  .00000
       3.200
       1.000
        .700    .600
       1.000   1.100   3.000
NEXTDATA
    2212  GRV94 LO     5     6     0
      22  GRV-G LO     5     3     0
       1.097    .250   6.827   2.745   1.136   1.225
        .500   1.000  11.740   4.721    .428    .462
        .170    .500    .612    .300
     1.00000  .00000  .00431  .00008
       3.200
       1.000
        .600    .700
       1.100   1.000   3.000
NEXTDATA
      22  GRV-G LO     5     3     0
      22  GRV-G LO     5     3     0
       1.097    .250   2.745   2.745   1.225   1.225
        .500   1.000   4.721   4.721    .462    .462
        .170    .500    .612    .300
      .00431  .00008  .00431  .00008
       3.200
       1.000
        .700    .700
       1.000   1.000   3.000
NEXTDATA
      22  GRS-G LO     5     4     4
    2212  GRV94 LO     5     6     0
       1.097    .250   2.745   6.827   1.225   1.136
        .500   1.000   4.721  11.740    .462    .428
        .170    .500    .612    .300
      .00431  .00008 1.00000  .00000
       3.200
       1.000
        .700    .600
       1.000   1.100   3.000
NEXTDATA
    2212  GRV94 LO     5     6     0
      22  GRS-G LO     5     4     4
       1.097    .250   6.827   2.745   1.136   1.225
        .500   1.000  11.740   4.721    .428    .462
        .170    .500    .612    .300
     1.00000  .00000  .00431  .00008
       3.200
       1.000
        .600    .700
       1.100   1.000   3.000
NEXTDATA
      22  GRS-G LO     5     4     4
      22  GRS-G LO     5     4     4
       1.097    .250   2.745   2.745   1.225   1.225
        .500   1.000   4.721   4.721    .462    .462
        .170    .500    .612    .300
      .00431  .00008  .00431  .00008
       3.200
       1.000
        .700    .700
       1.000   1.000   3.000
************************ SaS 1 ***************************
NEXTDATA
      22  SaS-1D       1     1     4
      22  SaS-1D       1     1     4
       1.097    .250   3.117   3.117   1.345   1.345
        .302   1.000   6.605   6.605    .175    .175
        .170    .500    .612    .300
      .00409  .00009  .00409  .00009
       3.200
       1.000
        .700    .700
       1.000   1.000   3.000
NEXTDATA
      22  SaS-1M       1     2     4
      22  SaS-1M       1     2     4
       1.097    .250   2.554   2.554   1.091   1.091
        .500   1.000   4.258   4.258    .490    .490
        .170    .500    .612    .300
      .00457  .00010  .00457  .00010
       3.200
       1.000
        .700    .700
       1.000   1.000   3.000
************************ SaS 2 ***************************
NEXTDATA
      22  SaS-2D       1     3     4
      22  SaS-2D       1     3     4
       1.097    .250   2.533   2.533   1.134   1.134
        .501   1.000   4.230   4.230    .493    .493
        .170    .500    .612    .300
      .00459  .00010  .00459  .00010
       3.200
       1.000
        .700    .700
       1.000   1.000   3.000
NEXTDATA
      22  SaS-2M       1     4     4
      22  SaS-2M       1     4     4
       1.097    .250   2.822   2.822   1.091   1.091
        .491   1.000   4.687   4.687    .458    .458
        .170    .500    .612    .300
      .00466  .00003  .00466  .00003
       3.200
       1.000
        .700    .700
       1.000   1.000   3.000
************************ LAC 1 *************************
NEXTDATA
      22  LAC          3     1     3
    2212  GRV94 LO     5     6     0
       1.097   0.250   3.305   6.827   0.945   1.136
       0.450   1.000   6.712  11.740   0.258   0.462
       0.170   0.500   0.612   0.300
     0.00334 0.00024 1.00000 0.00000
       2.000
       1.000
       0.700   0.600
       1.000   1.100   3.000
NEXTDATA
    2212  GRV94 LO     5     6     0
      22  LAC          3     1     3
       1.097   0.250   6.827   3.305   1.136   0.945
       0.450   1.000  11.740   6.712   0.462   0.258
       0.170   0.500   0.612   0.300
     1.00000 0.00000 0.00334 0.00024
       2.000
       1.000
       0.600   0.700
       1.100   1.000   3.000
NEXTDATA
      22  PDFLIB2      3     1     2
    2212  GRV94 LO     5     6     0
       1.097   0.250   3.305   6.827   0.945   1.136
       0.450   1.000   6.712  11.740   0.258   0.462
       0.170   0.500   0.612   0.300
     0.00334 0.00024 1.00000 0.00000
       2.000
       1.000
       0.700   0.600
       1.000   1.100   3.000
NEXTDATA
    2212  GRV94 LO     5     6     0
      22  PDFLIB2      3     1     2
       1.097   0.250   6.827   3.305   1.136   0.945
       0.450   1.000  11.740   6.712   0.462   0.258
       0.170   0.500   0.612   0.300
     1.00000 0.00000 0.00334 0.00024
       2.000
       1.000
       0.600   0.700
       1.100   1.000   3.000
NEXTDATA
      22  LAC          3     1     3
      22  LAC          3     1     3
       1.097   0.250   3.305   3.305   0.945   0.945
       0.450   1.000   6.712   6.712   0.258   0.258
       0.170   0.500   0.612   0.300
     0.00334 0.00024 0.00334 0.00024
       2.000
       1.000
       0.700   0.700
       1.000   1.000   3.000
NEXTDATA
      22  PDFLIB2      3     1     2
      22  PDFLIB2      3     1     2
       1.097   0.250   3.305   3.305   0.945   0.945
       0.450   1.000   6.712   6.712   0.258   0.258
       0.170   0.500   0.612   0.300
     0.00334 0.00024 0.00334 0.00024
       2.000
       1.000
       0.700   0.700
       1.000   1.000   3.000
********************** LAC 2 ***************************
NEXTDATA
      22  LAC          3     2     3
    2212  GRV94 LO     5     6     0
       1.097   0.250   3.145   6.827   1.049   1.136
       0.450   1.000   6.368  11.740   0.147   0.462
       0.170   0.500   0.612   0.300
     0.00387 0.00011 1.00000 0.00000
       2.000
       1.000
       0.700   0.600
       1.000   1.100   3.000
NEXTDATA
    2212  GRV94 LO     5     6     0
      22  LAC          3     2     3
       1.097   0.250   6.827   3.145   1.136   1.049
       0.450   1.000  11.740   6.368   0.462   0.147
       0.170   0.500   0.612   0.300
     1.00000 0.00000 0.00387 0.00011
       2.000
       1.000
       0.600   0.700
       1.100   1.000   3.000
NEXTDATA
      22  PDFLIB2      3     2     2
    2212  GRV94 LO     5     6     0
       1.097   0.250   3.145   6.827   1.049   1.136
       0.450   1.000   6.368  11.740   0.147   0.462
       0.170   0.500   0.612   0.300
     0.00387 0.00011 1.00000 0.00000
       2.000
       1.000
       0.700   0.600
       1.000   1.100   3.000
NEXTDATA
    2212  GRV94 LO     5     6     0
      22  PDFLIB2      3     2     2
       1.097   0.250   6.827   3.145   1.136   1.049
       0.450   1.000  11.740   6.368   0.462   0.147
       0.170   0.500   0.612   0.300
     1.00000 0.00000 0.00387 0.00011
       2.000
       1.000
       0.600   0.700
       1.100   1.000   3.000
NEXTDATA
      22  LAC          3     2     3
      22  LAC          3     2     3
       1.097   0.250   3.145   3.145   1.049   1.049
       0.450   1.000   6.368   6.368   0.147   0.147
       0.170   0.500   0.612   0.300
     0.00387 0.00011 0.00387 0.00010
       2.000
       1.000
       0.700   0.700
       1.000   1.000   3.000
NEXTDATA
      22  PDFLIB2      3     2     2
      22  PDFLIB2      3     2     2
       1.097   0.250   3.145   3.145   1.049   1.049
       0.450   1.000   6.368   6.368   0.147   0.147
       0.170   0.500   0.612   0.300
     0.00387 0.00011 0.00387 0.00010
       2.000
       1.000
       0.700   0.700
       1.000   1.000   3.000
************************ LAC 3 ****************************
NEXTDATA
      22  LAC          3     3     3
    2212  GRV94 LO     5     6     0
       1.097   0.250   3.051   6.827   1.050   1.136
       0.450   1.000   6.006  11.740   0.205   0.462
       0.170   0.500   0.612   0.300
     0.00402 0.00010 1.00000 0.00000
       2.000
       1.000
       0.700   0.600
       1.000   1.100   3.000
NEXTDATA
    2212  GRV94 LO     5     6     0
      22  LAC          3     3     3
       1.097   0.250   6.827   3.051   1.136   1.050
       0.450   1.000  11.740   6.006   0.462   0.205
       0.170   0.500   0.612   0.300
     1.00000 0.00000 0.00402 0.00010
       2.000
       1.000
       0.600   0.700
       1.100   1.000   3.000
NEXTDATA
      22  PDFLIB2      3     3     2
    2212  GRV94 LO     5     6     0
       1.097   0.250   3.051   6.827   1.050   1.136
       0.450   1.000   6.006  11.740   0.205   0.462
       0.170   0.500   0.612   0.300
     0.00402 0.00010 1.00000 0.00000
       2.000
       1.000
       0.700   0.600
       1.000   1.100   3.000
NEXTDATA
    2212  GRV94 LO     5     6     0
      22  PDFLIB2      3     3     2
       1.097   0.250   6.827   3.051   1.136   1.050
       0.450   1.000  11.740   6.006   0.462   0.205
       0.170   0.500   0.612   0.300
     1.00000 0.00000 0.00402 0.00010
       2.000
       1.000
       0.600   0.700
       1.100   1.000   3.000
NEXTDATA
      22  LAC          3     3     3
      22  LAC          3     3     3
       1.097   0.250   3.051   3.051   1.050   1.050
       0.450   1.000   6.006   6.006   0.205   0.205
       0.170   0.500   0.612   0.300
     0.00402 0.00010 0.00402 0.00010
       2.000
       1.000
       0.700   0.700
       1.000   1.000   3.000
NEXTDATA
      22  PDFLIB2      3     3     2
      22  PDFLIB2      3     3     2
       1.097   0.250   3.051   3.051   1.050   1.050
       0.450   1.000   6.006   6.006   0.205   0.205
       0.170   0.500   0.612   0.300
     0.00402 0.00010 0.00402 0.00010
       2.000
       1.000
       0.700   0.700
       1.000   1.000   3.000
************************************************************
STOP
