0 83.6379 4.5129
1 77.9632 6.9786
2 84.8279 6.5258
3 90.7934 5.5616
4 59.645 2.3692
5 76.7112 5.1704
6 90.9865 7.9587
7 104.018 8.1761
8 97.6686 6.8621
9 115.758 7.1749
10 96.7015 6.9097
11 132.243 10.38
12 102.848 8.5623
13 118.879 9.0211
14 102.503 6.7665
15 132.529 12.0544
16 111.832 10.3109
17 124.291 6.5572
18 115.888 5.1205
19 104.982 4.1181
20 109.434 4.4259
21 114.95 6.6084
22 106.338 3.7782
23 116.945 10.9857
24 129.427 8.9172
25 105.124 4.0941
26 108.748 5.0233
27 102.109 5.3065
28 107.271 6.1998
29 107.433 5.5093
30 106.802 6.6777
31 208.017 19.118
32 100.078 7.0802
33 91.8456 5.9555
34 84.4299 4.8146
35 98.13 5.6277
36 95.348 5.0224
37 95.4397 4.0198
38 115.201 5.8386
39 103.89 6.7156
40 103.824 3.8301
41 103.026 3.9224
42 116.524 7.8299
43 107.185 6.5197
44 104.523 5.6503
45 118.672 5.7892
46 96.4729 6.6942
47 72.0857 1.1747
48 101.347 4.8311
49 93.3732 6.4205
50 98.5887 6.4563
51 101.191 5.2725
52 107.682 6.5293
53 169.54 19.3601
54 191.344 20.2307
55 187.122 20.7317
56 110.721 6.5888
57 118.337 6.7092
58 114.033 3.228
59 118.714 8.1596
60 119.15 5.8713
61 126.843 5.3666
62 124.21 6.8131
63 105.438 8.6896
64 92.8927 4.3886
65 90.5853 3.5538
66 75.7642 2.568
67 77.7741 2.1383
68 84.7615 2.0254
69 127.446 11.8795
70 103.999 9.5471
71 83.4892 4.3076
72 87.675 3.155
73 93.0016 3.5213
74 99.8532 6.2049
75 93.8721 4.7928
76 93.7626 4.8064
77 92.6899 3.926
78 94.4273 2.928
79 91.1809 4.7995
80 116.877 6.0457
81 113.976 5.5012
82 116.264 7.8387
83 124.656 8.3027
84 100.465 4.6882
85 117.616 6.2326
86 116.238 6.3996
87 116.062 6.1789
88 186.66 19.3373
89 110.589 6.7044
90 109.032 6.2017
91 93.7016 6.5014
92 96.5235 7.029
93 106.724 5.9125
94 101.802 6.8183
95 106.684 9.9431
96 113.098 5.1673
97 108.988 4.8883
98 107.421 7.5372
99 107.816 8.2778
100 98.0542 6.6138
101 100.511 6.1864
102 104.052 7.6017
103 96.6164 6.6017
104 85.5319 5.7102
105 83.8563 5.9716
106 108.059 5.0587
107 130.585 7.4154
108 80.9804 3.8136
109 82.6461 4.2814
110 104.989 3.8783
111 87.6471 3.0182
112 88.1267 5.0832
113 92.4633 3.0407
114 113.382 7.9704
115 123.841 8.2234
116 106.461 5.8707
117 92.3838 4.8724
118 117.952 7.5736
119 105.121 5.3381
120 116.347 7.4009
121 106.873 7.0411
122 103.743 7.1161
123 96.873 5.0915
124 118.999 6.4069
125 113.877 7.2646
126 105.585 7.5478
127 113.881 7.1348
128 109.899 6.0762
129 108.705 7.2142
130 99.5781 5.4193
131 108.742 6.0223
132 109.737 6.5259
133 125.898 3.9154
134 123.082 5.1063
135 125.05 5.0852
136 116.695 7.8913
137 112.683 4.3134
138 135.874 8.09
139 111.41 5.4128
140 142.89 8.0013
141 202.368 14.1532
142 158.251 5.6483
143 155.696 3.4161
144 138.179 1.3816
145 107.748 4.3941
146 190.683 6.3595
147 167.615 8.5262
148 83.7471 3.0172
149 78.8605 3.346
150 85.3405 3.161
151 93.5964 5.1202
152 86.9762 4.6975
153 127.04 6.5771
154 120.622 8.3213
155 118.873 9.2522
156 116.29 6.619
157 91.1617 4.791
158 112.397 5.7252
159 102.483 5.0845
160 102.793 5.784
161 107.292 5.7407
162 115.718 9.4414
163 131.654 8.9179
164 96.6315 4.3666
165 111.127 5.8836
166 113.396 7.3994
167 116.375 7.4266
168 99.562 5.8016
169 115.404 5.5671
170 92.6256 7.3011
171 117.425 7.0762
172 106.67 8.0213
173 100.882 6.2827
174 107.62 7.6827
175 79.4622 0.7514
176 102.2 3.9989
177 109.564 9.2742
178 115.892 8.6419
179 91.2717 4.2258
180 79.8315 3.4297
181 89.1946 5.0374
182 108.354 5.6493
183 85.2032 3.438
184 76.8567 2.3935
185 120.823 7.4646
186 91.1301 6.0926
187 115.914 6.4715
188 106.278 6.0021
189 109.108 6.0454
190 103.235 6.9054
191 105.343 6.6717
192 97.2431 5.4014
193 103.727 7.1484
194 111.601 5.5076
195 99.3987 6.8484
196 101.892 4.8763
197 115.573 5.5216
198 123.602 8.5583
199 119.601 8.7596
200 112.421 7.9138
201 111.67 7.043
202 101.018 6.1268
203 105.169 7.0116
204 96.0592 6.1766
205 98.9332 7.1897
206 115.441 6.6956
207 77.5079 2.3019
208 77.4674 3.3197
209 116.707 6.7647
210 83.538 3.4
211 119.97 7.2962
212 112.974 4.2898
213 126.956 11.2695
214 125.697 8.9577
215 123.14 9.6595
216 111.065 7.3696
217 127.456 10.2131
218 115.224 5.7964
219 128.185 10.7426
220 116.844 10.5849
221 114.824 9.0737
222 114.566 9.8114
223 114.474 8.3424
224 119.135 8.4922
225 107.945 6.1112
226 94.6825 3.4796
227 91.8768 4.7718
228 133.245 10.7956
229 127.329 8.2304
230 124.335 9.9454
231 126.825 9.1647
232 111.551 7.2956
233 109.882 9.1751
234 107.626 8.5528
235 121.669 10.1576
236 108.339 8.6353
237 111.799 7.5772
238 121.62 11.2987
239 115.727 8.0822
240 117.788 9.4893
