0 85.2517 5.7415
1 80.1695 9.0603
2 87.5175 8.4474
3 91.782 7.416
4 60.5896 2.8733
5 77.5041 7.5807
6 94.2455 10.6256
7 108.479 11.6256
8 99.5672 9.9895
9 117.953 10.1736
10 98.9057 9.9249
11 135.925 16.2774
12 104.282 13.1102
13 121.016 12.3712
14 104.902 9.0946
15 136.495 18.1756
16 116.487 13.6919
17 125.4 8.85
18 116.661 6.3777
19 105.896 4.9772
20 110.513 5.3304
21 115.857 8.3776
22 107.437 4.1403
23 118.666 13.8335
24 130.105 12.6366
25 105.649 5.2137
26 110.158 6.223
27 102.676 7.5119
28 107.468 8.4556
29 109.168 6.853
30 108.772 8.686
31 214.255 31.8678
32 102.862 9.2159
33 94.1585 8.2631
34 84.8929 7.3135
35 99.0344 7.9262
36 96.4895 6.3478
37 96.7717 5.1217
38 117.386 8.0785
39 106.86 8.3426
40 105.118 5.9594
41 104.687 5.1721
42 119.493 12.151
43 109.69 8.8353
44 107.17 7.5752
45 122.724 7.7437
46 99.8353 9.5369
47 72.2044 1.4143
48 102.612 5.9327
49 94.2281 8.6613
50 100.108 8.1421
51 103.061 6.6649
52 109.669 9.0811
53 172.234 28.0713
54 193.318 33.8823
55 199.353 35.1349
56 111.902 8.8219
57 120.513 8.1377
58 114.944 3.9363
59 121.316 10.5002
60 121.179 7.6342
61 128.46 7.2933
62 125.997 9.026
63 107.606 12.7357
64 94.5336 6.1599
65 92.3819 3.9453
66 76.8109 3.1605
67 78.7115 2.7281
68 85.3501 2.5351
69 132.512 15.6278
70 106.32 13.5779
71 84.6707 5.1335
72 88.7871 3.976
73 94.022 4.6261
74 102.327 8.5871
75 94.5877 6.9659
76 95.0415 6.7351
77 94.2621 4.956
78 95.3097 3.6627
79 92.6301 6.5159
80 119.271 8.1414
81 115.278 7.9794
82 120.324 9.7904
83 126.524 11.9441
84 102.24 6.6412
85 121.185 8.0858
86 119.881 8.2982
87 119.082 8.0113
88 98.6833 2.0549
89 114.148 9.6527
90 112.004 8.5807
91 97.7986 8.7004
92 98.6979 10.0815
93 109.188 8.3292
94 103.895 9.9531
95 109.774 13.9748
96 115.382 6.0428
97 110.863 6.5963
98 110.295 11.5813
99 111.836 10.958
100 101.424 9.5062
101 103.677 8.1895
102 108.73 10.4286
103 98.7207 9.7292
104 88.0919 7.0429
105 86.2947 7.4049
106 110.248 7.2569
107 132.815 9.9151
108 83.3634 4.0979
109 85.6106 5.3407
110 107.123 5.0367
111 89.223 3.9217
112 91.7984 6.0932
113 94.4551 3.7695
114 117.639 9.9508
115 128.444 11.0078
116 112.053 8.5447
117 95.6083 7.0773
118 123.827 9.7389
119 108.315 7.3972
120 121.527 9.6953
121 111.675 10.2877
122 108.783 9.9835
123 99.5651 7.7403
124 122.608 7.8545
125 117.184 10.2615
126 109.546 10.3047
127 117.549 8.8523
128 112.441 8.0642
129 110.778 9.454
130 102.754 6.8359
131 110.937 8.3608
132 112.592 8.8573
133 127.035 4.6565
134 124.23 6.0901
135 127.154 6.1851
136 119.025 9.8377
137 113.981 5.202
138 138.467 9.822
139 112.89 7.1677
140 144.729 10.4014
141 85.3481 6.1828
142 85.056 5.5684
143 88.1717 3.2397
144 86.1175 3.5236
145 89.7754 4.3402
146 112.887 7.4608
147 116.886 8.6214
148 84.0972 3.8998
149 79.486 4.2294
150 86.5109 3.7369
151 95.1653 7.0269
152 88.5387 6.3224
153 129.471 8.8776
154 125.437 11.634
155 124.127 12.0639
156 117.496 8.501
157 91.5361 6.379
158 113.257 7.953
159 103.123 6.4102
160 103.281 7.4708
161 108.649 7.4653
162 118.709 12.6555
163 134.054 11.9362
164 97.5927 6.0278
165 113.742 6.7567
166 115.998 9.7032
167 118.559 10.446
168 101.951 7.8509
169 116.911 7.2933
170 95.8945 8.5062
171 119.232 8.8329
172 110.861 10.9255
173 103.107 8.5256
174 99.9218 10.4197
175 96.9229 7.9565
176 101.991 5.3732
177 126.295 12.8358
178 112.601 11.0994
179 92.4 5.0814
180 80.6511 4.2046
181 91.2184 6.3069
182 110.658 7.2761
183 86.262 4.4519
184 77.5994 2.9709
185 123.534 9.3857
186 93.1937 8.3329
187 119.392 8.3438
188 108.457 8.2127
189 111.799 8.0048
190 106.683 8.6576
191 108.39 9.3379
192 99.3051 6.7498
193 107.295 9.3801
194 113.141 7.5566
195 102.536 8.6217
196 103.632 6.524
197 117.838 6.9172
198 126.867 12.1427
199 122.329 12.4044
200 113.673 10.3276
201 113.52 9.1581
202 102.684 9.0165
203 107.01 9.0642
204 98.1469 8.4722
205 101.856 8.9879
206 116.316 9.0373
207 78.1979 2.6082
208 78.6714 4.1098
209 120.088 8.8973
210 84.843 4.419
211 122.897 9.5074
212 114.882 5.8458
213 132.163 16.6414
214 130.564 11.2244
215 126.35 12.4826
216 113.517 9.9834
217 130.106 14.0666
218 117.721 7.0726
219 131.004 13.832
220 119.358 13.0397
221 118.171 11.5671
222 117.234 12.7963
223 128.569 12.4104
224 124.963 8.9659
225 112.678 7.6295
226 96.865 4.444
227 95.1053 6.3825
228 140.332 13.5877
229 132.518 10.0385
230 131.036 13.0753
231 132.353 12.4038
232 119.672 14.1898
233 115.743 11.2768
234 113.363 11.699
235 128.732 13.2819
236 113.735 11.5055
237 117.62 9.5787
238 128.883 13.7871
239 120.437 11.283
240 121.982 12.6185
