0 83.258 4.1299
1 76.516 6.7837
2 83.3297 6.3454
3 89.8061 5.4735
4 59.3693 2.2972
5 75.9255 5.0407
6 89.3795 8.0465
7 102.337 7.8497
8 96.2886 6.8678
9 114.347 7.0864
10 94.8271 6.834
11 130.175 10.6636
12 101.376 8.0474
13 116.802 8.7195
14 100.937 6.5864
15 130.525 11.8256
16 109.561 10.6347
17 122.41 6.3364
18 114.211 4.8926
19 103.841 3.9625
20 108.36 4.2927
21 112.922 5.9981
22 105.181 3.6059
23 113.862 9.8029
24 126.533 8.0596
25 104.438 4.0073
26 108.346 4.9726
27 101.21 5.2685
28 106.09 5.9287
29 106.509 5.5772
30 105.579 6.5022
31 208.342 20.1776
32 97.8005 6.7199
33 90.5003 5.5248
34 83.0268 4.5619
35 96.4482 5.5286
36 93.8736 4.978
37 94.1453 3.7761
38 113.086 5.6031
39 101.772 6.4247
40 103.495 3.9153
41 102.358 3.8853
42 115.046 8.0209
43 105.86 6.3437
44 103.807 5.5352
45 118.486 6.0466
46 96.0206 6.6531
47 72.0152 1.1594
48 100.775 4.7949
49 92.2159 6.6663
50 97.6462 6.1979
51 100.642 5.1548
52 106.624 6.4612
53 166.298 20.3852
54 190.408 20.8004
55 185.827 21.13
56 109.137 6.53
57 116.707 6.2653
58 113.389 3.0141
59 116.593 7.8812
60 117.568 5.7549
61 125.564 5.5876
62 122.099 6.4487
63 102.95 8.5412
64 92.3373 4.3542
65 89.8733 3.2968
66 75.3196 2.4505
67 77.2644 2.0983
68 84.3819 2.0118
69 123.77 11.2805
70 101.786 9.1346
71 82.9244 4.0025
72 87.5041 3.2024
73 92.4502 3.3559
74 98.7159 5.912
75 92.7521 4.6626
76 92.315 4.8123
77 91.7409 3.8441
78 93.7708 2.8835
79 90.1055 4.7923
80 115.511 6.1099
81 112.283 5.5742
82 113.491 7.2123
83 122.303 7.6764
84 99.7703 4.6502
85 116.495 5.9036
86 115.321 6.5289
87 115.493 5.9602
88 186.169 19.863
89 109.392 7.0069
90 107.971 5.8098
91 92.4854 6.4572
92 94.9866 6.9693
93 105.493 5.9078
94 100.199 6.599
95 104.897 9.7064
96 112.125 5.1444
97 107.79 4.7283
98 105.821 7.6108
99 105.94 8.2647
100 96.2658 6.2473
101 99.146 5.9504
102 102.614 7.7186
103 94.8211 6.3337
104 84.2781 5.348
105 82.1584 5.5665
106 106.951 5.1427
107 129.067 7.1955
108 79.644 3.9107
109 81.4415 4.1577
110 104.201 3.7469
111 87.0327 3.0163
112 86.8962 4.6774
113 91.8297 2.9839
114 111.559 7.4938
115 121.258 8.0115
116 105.304 5.8945
117 91.3219 4.8808
118 116.267 7.5947
119 103.916 5.3089
120 114.795 6.7136
121 105.187 6.8456
122 101.61 6.9276
123 95.3551 4.9748
124 118.492 6.0186
125 111.62 7.0245
126 103.164 7.303
127 111.657 6.77
128 108.067 5.8279
129 106.515 6.7668
130 98.3303 5.2122
131 107.293 5.8432
132 108.107 6.3726
133 125.257 3.8305
134 122.345 4.9439
135 124.169 5.0159
136 115.585 7.4322
137 111.911 4.197
138 134.283 7.9335
139 110.118 5.3347
140 141.91 7.5238
141 202.032 15.8655
142 156.348 5.2522
143 154.093 3.2167
144 194.572 11.1795
145 106.274 4.1916
146 188.74 6.6015
147 164.164 7.9415
148 83.1076 2.9647
149 77.8071 3.1501
150 84.3841 3.1177
151 91.9881 4.9146
152 85.8827 4.5839
153 124.695 6.3307
154 118.434 8.0789
155 115.934 8.6967
156 114.528 6.4003
157 89.7444 4.4559
158 110.546 5.4673
159 100.522 4.8409
160 101.756 5.5606
161 105.77 5.4493
162 112.975 8.687
163 128.587 8.4222
164 95.5382 4.4297
165 110.001 5.6657
166 112.093 7.4466
167 114.638 7.1694
168 98.0222 5.5952
169 113.923 5.4352
170 90.8475 6.9377
171 115.683 6.8955
172 104.674 7.3116
173 99.26 6.3103
174 105.965 7.5295
175 79.452 0.7608
176 101.161 3.8632
177 107.503 9.0183
178 113.245 8.3873
179 90.9562 4.0169
180 79.6515 3.4578
181 88.5935 4.9525
182 107.948 5.6351
183 84.5925 3.3686
184 76.5461 2.3783
185 120.215 7.5765
186 90.9356 6.1686
187 115.716 6.6361
188 105.715 6.1322
189 108.305 5.7517
190 102.364 6.7066
191 104.688 6.6917
192 95.8513 5.1998
193 101.708 6.9602
194 109.899 5.3753
195 97.9116 6.5837
196 101.068 4.7903
197 114.051 5.5483
198 121.003 8.5016
199 117.263 8.2776
200 109.553 7.2184
201 109.081 6.497
202 98.9218 6.3054
203 103.154 6.7713
204 94.2858 5.7356
205 96.8434 6.7137
206 113.241 6.4765
207 76.9776 2.2656
208 76.8706 3.2804
209 114.455 6.4566
210 82.7787 3.3503
211 117.983 6.9077
212 111.721 4.1235
213 123.963 10.9043
214 123.594 8.1349
215 120.754 9.1518
216 109.782 7.5374
217 124.844 10.0473
218 113.954 5.5971
219 125.206 9.7523
220 114.17 10.5001
221 112.3 8.5034
222 112.217 9.8728
223 112.319 8.459
224 118.199 8.1197
225 106.712 5.794
226 94.0294 3.4915
227 90.825 4.7405
228 130.469 10.4217
229 125.27 8.0109
230 122.347 9.7088
231 124.741 8.9244
232 108.561 6.8125
233 107.653 8.7462
234 105.398 8.5461
235 118.761 9.8847
236 106.375 8.3914
237 109.378 7.4009
238 119.288 10.9411
239 113.918 7.8361
240 115.121 8.8819
