0 82.1404 4.1774
1 75.4684 6.4002
2 81.8814 5.9674
3 88.7266 5.1292
4 58.9197 2.1777
5 74.9516 4.6483
6 86.8083 7.226
7 100.421 7.6952
8 94.4787 6.4924
9 113.601 6.7162
10 94.3652 6.6077
11 128.633 10.2452
12 100.49 7.971
13 115.754 8.6649
14 100.106 6.2481
15 129.098 12.1584
16 108.933 9.5854
17 121.146 6.2835
18 113.711 4.7772
19 103.225 3.8358
20 107.995 4.1901
21 112.1 6.1005
22 104.691 3.5163
23 112.297 10.0948
24 125.834 8.1557
25 103.885 3.8694
26 107.509 4.7432
27 100.464 5.0808
28 105.071 5.7438
29 105.785 5.3544
30 104.687 6.2772
31 203.979 18.8816
32 97.5583 6.8801
33 90.1628 5.6499
34 82.7296 4.5179
35 96.0508 5.4604
36 93.6595 4.8255
37 93.9855 3.8656
38 112.818 5.5471
39 101.609 6.3953
40 102.439 3.8125
41 101.308 3.6005
42 113.268 7.2522
43 104.441 5.8257
44 102.288 5.3294
45 116.354 5.5448
46 93.9268 6.4569
47 72.004 1.1578
48 99.6354 4.605
49 91.3552 6.2024
50 96.4534 5.7566
51 99.4914 5.0626
52 105.422 6.1618
53 162.155 19.1784
54 187.217 20.2951
55 183.512 21.1922
56 107.837 6.1542
57 115.313 6.0355
58 112.738 2.8299
59 114.944 7.5808
60 116.14 5.3941
61 124.399 5.1377
62 121.027 6.3182
63 101.322 8.1741
64 91.284 4.0982
65 89.0911 3.2136
66 74.6888 2.3475
67 76.9064 2.0496
68 83.9483 1.9173
69 121.204 10.8047
70 99.5482 8.606
71 81.718 3.9332
72 86.5413 3.0718
73 91.5595 3.1503
74 97.3717 5.8799
75 91.5327 4.2693
76 91.3576 4.5351
77 90.9307 3.6956
78 93.0937 2.8018
79 89.0631 4.444
80 113.825 5.6508
81 111.095 5.0785
82 111.936 6.8363
83 119.931 7.6299
84 98.1845 4.5435
85 115.015 5.6408
86 113.617 6.2841
87 113.607 6.1412
88 185.78 21.0246
89 107.934 6.7696
90 106.914 5.5026
91 91.5518 6.0563
92 93.4689 6.7776
93 104.737 5.4929
94 99.3427 6.2369
95 104.271 9.2663
96 111.412 4.992
97 107.371 4.6243
98 104.503 7.4701
99 104.939 8.0314
100 95.6765 6.3477
101 98.5681 5.6565
102 101.752 7.286
103 93.8508 6.2476
104 83.8863 5.1858
105 81.4922 5.2992
106 106.65 4.8749
107 127.027 7.0928
108 78.3203 3.5844
109 80.3 3.7726
110 102.472 3.2987
111 85.8552 2.7841
112 85.0285 4.3832
113 90.5526 2.6699
114 108.223 7.1758
115 118.723 7.4689
116 104.481 5.8202
117 90.8675 4.5942
118 115.324 7.0243
119 103.414 5.2895
120 113.422 6.5118
121 104.175 6.5445
122 100.59 6.4582
123 94.843 4.5755
124 117.363 5.5715
125 110.159 6.9048
126 101.502 6.858
127 110.334 6.481
128 107.56 5.7766
129 104.777 6.6025
130 97.3882 4.9434
131 105.691 5.7866
132 106.862 5.944
133 125.086 3.7811
134 121.824 4.8159
135 123.699 5.0469
136 114.47 7.1742
137 111.726 4.1189
138 133.492 7.6159
139 109.662 4.9635
140 140.171 7.2564
141 200.374 15.1596
142 156.491 5.0594
143 153.856 3.0536
144 192.18 11.1299
145 105.924 3.9769
146 187.529 6.5676
147 162.914 7.7297
148 82.6669 2.7123
149 77.6182 2.9842
150 83.9853 2.9949
151 91.5538 4.8615
152 84.9144 4.4293
153 123.771 5.9717
154 117.206 7.6672
155 114.285 8.4399
156 113.372 6.1323
157 89.1169 4.3913
158 109.922 5.4793
159 99.7531 4.7108
160 100.816 5.6653
161 104.633 5.177
162 111.048 8.1974
163 126.72 7.9678
164 95.4543 4.1148
165 109.595 5.5422
166 111.559 6.9461
167 114.474 7.249
168 97.6808 5.3828
169 113.709 5.2631
170 90.7197 6.7958
171 115.129 6.5696
172 103.307 6.9036
173 98.0042 6.0289
174 104.911 7.2656
175 79.4576 0.7541
176 100.425 3.8441
177 106.036 8.7752
178 110.796 7.9408
179 89.3937 3.8133
180 78.4453 3.2301
181 87.0421 4.8488
182 105.61 5.4638
183 83.5211 3.1518
184 75.8348 2.3014
185 116.724 6.8291
186 88.0275 5.5821
187 113.225 6.4172
188 103.144 5.5888
189 106.1 5.5853
190 100.077 6.3521
191 102.635 5.9458
192 94.2372 4.9982
193 99.9521 6.4867
194 108.742 5.259
195 96.3326 6.4479
196 100.252 4.5658
197 112.958 5.0904
198 119.272 7.8819
199 115.823 8.3327
200 108.586 7.185
201 108.064 6.438
202 98.0533 5.7447
203 102.005 6.5557
204 93.2995 5.864
205 95.6166 6.2812
206 112.384 6.2738
207 76.5687 2.1629
208 76.223 3.1435
209 113.151 6.3769
210 82.0703 3.1943
211 116.573 6.7589
212 110.7 3.8984
213 121.822 10.4138
214 122.114 7.9985
215 118.985 9.0404
216 108.122 7.2969
217 122.763 9.5258
218 113.052 5.4639
219 122.873 9.6154
220 112.304 9.6853
221 110.853 8.4773
222 110.885 9.4128
223 111.129 7.5461
224 114.828 8.2908
225 104.473 5.4628
226 92.8597 3.3051
227 89.3892 4.4121
228 126.102 9.8665
229 122.204 7.4442
230 118.655 9.3196
231 121.665 8.4393
232 107.313 6.2689
233 106.348 8.9087
234 104.051 8.2731
235 116.808 9.583
236 104.53 7.7932
237 108.092 6.8077
238 117.41 10.704
239 113.229 7.4333
240 113.524 8.8379
