0 81.4561 4.3554
1 73.5747 6.3966
2 80.1299 6.2279
3 87.405 5.0179
4 58.7911 2.3216
5 73.8893 4.888
6 85.5744 7.3468
7 98.9225 7.718
8 93.0145 6.2231
9 110.661 6.5632
10 91.7436 6.5771
11 124.132 9.9668
12 97.1786 7.7351
13 113.275 8.4573
14 98.0887 6.5028
15 124.561 11.6567
16 104.622 9.7867
17 120.573 6.1542
18 113.236 4.5279
19 103.051 3.8426
20 107.754 4.0761
21 111.28 6.1056
22 104.518 3.4759
23 110.095 10.3919
24 124.487 8.0511
25 103.354 3.7949
26 106.878 4.686
27 99.6254 4.8705
28 104.508 5.7398
29 104.932 5.2587
30 103.355 6.1873
31 208.658 21.0547
32 96.0446 6.5122
33 88.5558 5.8309
34 81.186 4.7936
35 93.9467 5.253
36 92.0565 4.696
37 92.3885 3.8553
38 111.225 5.4049
39 99.0312 5.9314
40 101.948 3.8777
41 101.008 3.6784
42 112.362 7.4131
43 103.384 6.2741
44 101.971 5.1226
45 116.024 5.4669
46 94.1238 6.6122
47 71.8662 1.0693
48 98.0537 4.2988
49 89.9543 6.455
50 95.5319 6.1683
51 98.3054 4.9142
52 104.048 6.2953
53 158.779 19.9981
54 186.961 22.7477
55 179.944 21.9456
56 106.407 6.218
57 114.098 5.9771
58 111.994 3.0017
59 112.982 6.9882
60 115.143 5.3154
61 123.294 5.1985
62 119.906 6.2668
63 99.3264 8.1203
64 90.4551 3.9685
65 88.5872 3.0255
66 74.4658 2.3108
67 76.5119 1.9029
68 83.8326 1.8608
69 118.643 11.1037
70 98.3105 9.0927
71 80.7993 4.0081
72 86.0504 3.0046
73 91.0462 3.1779
74 96.6541 5.6442
75 90.8114 4.4117
76 90.8895 4.4187
77 90.5422 3.7909
78 93.1602 2.554
79 89.0148 4.5171
80 114.027 5.6412
81 110.816 5.151
82 111.292 6.8599
83 120.237 7.8629
84 98.0638 4.1553
85 114.373 5.2269
86 113.338 5.8016
87 112.822 5.3489
88 186.709 20.1126
89 107.478 6.3656
90 107.672 5.9655
91 90.1102 6.4058
92 92.3667 6.7134
93 102.865 5.3393
94 97.7979 6.4187
95 101.139 9.7531
96 110.852 5.0868
97 106.218 4.4353
98 103.269 7.2612
99 102.519 8.2579
100 94.6693 6.4138
101 96.8633 5.6577
102 100.11 7.6775
103 91.9379 6.0404
104 82.198 5.2831
105 80.2594 5.5797
106 105.429 4.7613
107 124.998 7.06
108 80.1443 2.972
109 81.9021 3.6026
110 103.882 3.2052
111 87.0552 2.555
112 86.5041 4.2263
113 91.7284 2.626
114 109.913 6.7042
115 119.059 6.807
116 105.427 5.3456
117 91.144 4.443
118 114.649 6.7187
119 103.481 4.8998
120 112.809 6.5147
121 104.137 6.7815
122 100.201 6.5456
123 94.7394 4.7335
124 116.141 5.7138
125 107.965 6.6443
126 99.523 6.6634
127 108.354 6.369
128 106.16 5.6688
129 103.033 6.5159
130 96.301 5.1863
131 104.682 5.4127
132 105.417 6.3612
133 124.825 3.8177
134 121.274 4.9451
135 123.41 4.7613
136 112.91 7.3897
137 111.248 3.9519
138 132.534 7.7315
139 109.146 5.3691
140 139.17 7.1102
141 194.899 14.3742
142 155.523 5.0894
143 153.668 3.3058
144 189.629 11.5585
145 105.475 4.1459
146 186.476 6.628
147 161.048 8.0804
148 81.6057 3.0543
149 76.4774 3.0705
150 83.0012 3.0002
151 89.9432 4.9771
152 83.5382 4.4148
153 122.345 6.407
154 115.168 7.792
155 111.615 8.4674
156 110.92 5.9913
157 87.1968 4.1544
158 107.297 5.1294
159 98.1497 4.848
160 99.7906 5.3183
161 102.663 5.1607
162 108.885 8.3741
163 124.652 8.3216
164 94.0396 4.1804
165 107.878 5.4541
166 109.365 7.5627
167 111.979 7.0363
168 95.9903 5.3851
169 112.022 5.0007
170 88.3441 6.6309
171 113.122 6.7214
172 101.66 7.4463
173 96.9929 5.8297
174 103.264 7.2628
175 79.6484 0.7665
176 99.9267 3.7469
177 103.881 8.3712
178 109.407 8.5974
179 88.3014 3.78
180 77.5633 3.2004
181 85.5311 4.6119
182 103.875 5.2232
183 82.4952 3.1702
184 75.2416 2.3091
185 114.596 6.9354
186 86.2646 5.4381
187 111.736 6.1897
188 101.848 5.6043
189 104.529 5.748
190 98.5004 6.3906
191 100.99 6.4395
192 92.8819 4.9037
193 97.9445 6.8389
194 107.277 5.13
195 93.6165 6.1212
196 98.7466 4.5398
197 111.622 4.828
198 116.934 8.0968
199 114.062 8.0224
200 107.087 7.0208
201 106.991 6.5165
202 97.2721 5.9317
203 100.505 6.072
204 93.2398 5.7125
205 95.1049 6.4873
206 111.276 6.0761
207 76.2679 2.163
208 75.4209 3.1966
209 111.543 6.2901
210 81.7223 3.2854
211 114.997 6.6244
212 110.242 4.117
213 119.008 10.3812
214 120.433 8.1751
215 116.679 9.1404
216 105.643 7.0055
217 120.074 9.1351
218 111.682 5.4082
219 119.449 9.1644
220 109.406 9.7373
221 108.404 8.6729
222 107.753 9.4742
223 109.536 8.2037
224 118.638 6.066
225 105.794 5.0841
226 93.575 3.1028
227 90.3329 4.2939
228 127.502 9.5038
229 123.343 7.4612
230 118.82 8.5964
231 122.681 8.1996
232 107.703 6.2479
233 107.252 7.6235
234 104.278 7.725
235 116.768 9.1801
236 104.454 7.7224
237 108.641 6.6842
238 116.547 10.921
239 112.228 7.6089
240 113.014 8.659
