0 80.9544 3.875
1 73.0187 6.3043
2 79.5133 6.1332
3 86.5359 5.0208
4 58.6656 2.2852
5 73.3651 4.8153
6 84.426 7.158
7 97.9606 7.4157
8 93.4296 6.5702
9 109.776 6.3808
10 91.2536 6.7136
11 123.473 9.9145
12 97.0114 7.7954
13 112.054 8.8216
14 97.4696 6.139
15 122.732 10.9416
16 104.233 10.3284
17 118.552 6.3388
18 111.321 4.6254
19 101.206 3.6664
20 105.672 3.9483
21 109.69 5.9601
22 102.781 3.2039
23 109.223 9.7486
24 123.353 8.0937
25 101.377 3.6672
26 104.714 4.4316
27 97.379 4.6759
28 101.801 5.491
29 102.866 5.0667
30 100.757 6.0316
31 200.321 18.7068
32 95.036 6.7761
33 88.4301 5.4882
34 81.3686 4.341
35 93.571 5.2446
36 91.7223 4.4645
37 92.5737 3.7073
38 110.675 5.5959
39 98.5996 6.1814
40 101.694 3.6048
41 100.325 3.5369
42 110.994 7.4254
43 102.954 5.906
44 100.852 5.4413
45 114.951 5.5482
46 92.6533 6.5683
47 71.5851 1.0641
48 97.7095 4.5509
49 89.4495 6.0934
50 94.6731 5.6727
51 98.1901 4.863
52 103.134 6.4862
53 158.572 21.0098
54 182.776 21.8575
55 179.521 23.0322
56 105.601 5.7729
57 113.199 6.1036
58 111.754 2.7797
59 112.676 7.6429
60 114.426 5.4444
61 122.575 5.3787
62 118.954 6.2377
63 99.3708 8.4055
64 90.0696 4.2556
65 88.3381 3.0908
66 74.4215 2.319
67 76.2639 2.0442
68 83.6135 1.9519
69 118.633 11.3557
70 98.2954 8.8292
71 80.8502 3.8194
72 85.8358 2.9645
73 90.9874 3.251
74 95.8685 5.735
75 90.1417 4.3571
76 90.5982 4.4818
77 89.9232 3.7112
78 93.1836 2.6377
79 88.6437 4.6395
80 113.008 5.7523
81 109.964 4.8487
82 110.47 6.5814
83 119.277 6.9068
84 97.8563 4.312
85 113.768 5.3025
86 113.296 6.1782
87 112.522 5.4662
88 185.699 20.0993
89 107.322 6.3743
90 107.424 5.7912
91 16.0358 17.1445
92 24.147 15.3881
93 45.893 10.4819
94 37.8474 14.1351
95 41.4051 20.5633
96 48.6282 9.2836
97 48.0102 8.7662
98 51.2041 15.5928
99 44.1038 17.3151
100 30.7511 16.2396
101 27.6294 14.4875
102 41.4252 16.8116
103 23.9641 16.2506
104 -11.7761 19.4728
105 15.7976 15.8011
106 49.9531 10.5375
107 124.846 7.5355
108 80.0945 2.9091
109 81.3969 3.4243
110 103.446 3.3028
111 86.5529 2.5709
112 85.9875 4.1308
113 91.7313 2.6
114 109.246 6.7849
115 118.412 6.7039
116 105.325 5.4247
117 91.3301 4.5251
118 114.601 6.7894
119 103.169 4.9882
120 112.221 5.9682
121 104.541 6.624
122 100.191 6.4843
123 94.4486 4.5767
124 116.179 5.5378
125 107.706 6.6099
126 98.9162 6.7606
127 108.206 6.5037
128 105.51 5.8081
129 102.271 6.3703
130 95.6478 5.1396
131 104.049 5.6201
132 105.086 6.0335
133 123.286 3.669
134 119.17 4.6497
135 121.448 4.8317
136 111.16 7.5129
137 109.78 3.9291
138 130.41 7.7237
139 107.308 5.1176
140 137.492 7.591
141 196.639 15.8264
142 154.218 5.1226
143 152.431 3.1352
144 189.165 11.9321
145 104.433 4.0849
146 185.192 6.5735
147 159.325 7.8062
148 81.8491 2.7747
149 76.3359 3.1654
150 82.9238 3.0987
151 89.3919 5.0247
152 83.4012 4.213
153 121.22 5.7431
154 114.62 7.8497
155 110.452 8.5514
156 110.966 6.305
157 87.5945 4.3086
158 107.717 5.1731
159 98.3659 4.7545
160 99.9485 5.737
161 103.001 5.2321
162 108.707 8.5072
163 125.584 8.0456
164 94.0453 4.15
165 108.053 5.2181
166 108.944 7.0777
167 111.927 7.1128
168 95.7484 5.3164
169 112.148 5.1666
170 88.5014 6.5736
171 113.263 6.5246
172 100.64 7.1723
173 95.9977 5.6818
174 103.191 7.7228
175 79.0452 0.7027
176 99.0025 3.6958
177 102.778 8.7337
178 108.293 8.3825
179 88.3954 3.6464
180 77.7012 3.2796
181 85.7887 4.7006
182 103.725 5.4237
183 82.6846 3.0145
184 75.9025 2.2282
185 114.677 6.8954
186 86.5926 5.7274
187 112.321 6.5649
188 102.246 5.7106
189 105.136 5.5075
190 99.0107 6.5807
191 101.769 6.4805
192 93.3148 4.9503
193 98.1746 6.6734
194 107.574 5.4457
195 94.0738 6.2126
196 99.0286 4.4823
197 111.892 4.8902
198 117.242 8.0019
199 114.442 7.6338
200 107.451 7.4168
201 108.398 6.9219
202 98.066 5.8557
203 101.534 6.229
204 93.4353 5.7219
205 95.9458 6.4255
206 112.136 6.6792
207 76.1679 2.165
208 75.4486 3.1982
209 110.771 6.1335
210 81.4472 3.1616
211 114.023 6.9389
212 109.583 4.0143
213 117.515 10.5025
214 118.859 8.0564
215 116.127 9.048
216 105.13 7.2254
217 119.205 9.3579
218 111.014 5.358
219 118.912 9.4543
220 108.215 9.3334
221 107.638 8.7234
222 106.851 9.1981
223 108.337 8.1681
224 116.063 8.2214
225 105.227 5.4333
226 93.0937 3.0735
227 89.3612 4.3337
228 126.903 9.6563
229 122.626 7.2953
230 118.546 9.0126
231 122.287 8.6078
232 107.457 5.8624
233 105.8 8.878
234 104.382 7.6352
235 116.173 9.4005
236 104.638 7.7068
237 108.57 6.6771
238 116.406 10.4757
239 111.655 7.5184
240 114.244 9.3241
