0 81.4459 4.0784
1 73.819 6.3291
2 79.9877 5.651
3 87.5696 4.9415
4 58.7324 2.2214
5 73.8849 4.6237
6 85.6767 7.1731
7 98.7102 7.3969
8 93.1307 6.2623
9 109.996 6.4756
10 90.9977 6.3253
11 123.308 9.248
12 96.6305 7.4469
13 112.124 7.9677
14 97.4778 5.9202
15 123.412 10.601
16 103.807 9.2283
17 120.736 6.1014
18 113.18 4.731
19 102.948 3.7435
20 107.576 4.1033
21 111.699 5.897
22 104.577 3.4605
23 110.31 9.3902
24 124.77 7.9641
25 103.544 3.7582
26 107.099 4.5931
27 99.8643 4.8819
28 104.603 5.6966
29 104.937 5.0872
30 103.489 6.1665
31 206.228 19.7734
32 95.5643 6.3306
33 88.1706 5.1008
34 81.1141 4.3586
35 93.5897 5.0486
36 92.0813 4.4727
37 92.3785 3.6064
38 111.05 5.365
39 98.5738 5.6839
40 102.083 3.7211
41 100.998 3.5261
42 112.157 7.3472
43 103.117 5.8818
44 101.743 5.2283
45 115.94 5.4095
46 93.655 6.1245
47 71.7805 1.0871
48 98.4512 4.132
49 90.017 6.3241
50 95.4804 5.492
51 98.5585 4.7971
52 104.203 5.8554
53 160.298 19.4988
54 185.72 21.2298
55 180.4 21.4247
56 106.641 6.1496
57 114.025 5.6893
58 112.146 2.7732
59 113.498 7.2421
60 114.926 5.4037
61 123.426 5.3242
62 119.788 6.0365
63 99.1761 7.8324
64 90.5162 3.9231
65 88.5056 3.0914
66 74.4543 2.2536
67 76.4674 1.9325
68 83.8442 1.8526
69 118.399 10.5985
70 98.2029 8.3367
71 80.7518 3.7996
72 85.9388 2.8993
73 90.8513 3.097
74 96.5038 5.5582
75 90.7664 4.2853
76 90.5771 4.3059
77 90.3326 3.4326
78 92.9262 2.6376
79 88.6279 4.4195
80 113.599 5.5429
81 110.268 4.7955
82 110.953 6.4115
83 119.423 6.846
84 98.1549 4.1029
85 114.515 5.4352
86 113.482 5.7841
87 113.108 5.3656
88 186.047 19.7559
89 107.394 6.1472
90 107.849 5.4836
91 90.1094 6.0751
92 92.2768 6.5007
93 102.987 5.4642
94 98.0351 6.1873
95 101.262 9.3984
96 110.713 4.8029
97 106.193 4.5042
98 102.873 7.233
99 102.472 7.6941
100 94.4835 6.1052
101 96.6785 5.4891
102 100.221 7.0235
103 91.935 5.9296
104 82.4509 5.0165
105 80.5814 5.1499
106 105.402 4.9181
107 125.268 6.7555
108 79.9502 3.0433
109 81.5345 3.6503
110 103.937 3.1597
111 87.0073 2.5864
112 86.5381 4.1165
113 91.8687 2.5114
114 110.325 6.6059
115 119.329 6.6809
116 105.528 5.2533
117 91.4111 4.3538
118 115.076 6.5068
119 103.579 4.779
120 113.378 6.194
121 104.472 6.2659
122 100.287 6.158
123 94.8059 4.501
124 116.692 5.5033
125 108.448 6.6643
126 99.6577 6.7206
127 108.652 6.3379
128 106.348 5.5465
129 103.254 6.5651
130 96.3999 4.6046
131 104.765 5.4298
132 105.848 5.906
133 124.282 3.7376
134 120.788 4.6416
135 122.801 4.7508
136 112.607 7.0232
137 110.789 3.8789
138 131.665 7.3133
139 108.384 4.9313
140 138.715 6.9765
141 197.552 15.856
142 155.257 4.8083
143 153.389 3.1173
144 188.846 11.1641
145 104.988 3.9042
146 186.13 6.5887
147 160.479 7.5772
148 81.5591 2.8095
149 76.2443 3.0055
150 82.7439 2.8389
151 89.3964 4.7386
152 83.4408 4.2354
153 120.982 5.609
154 114.27 7.3356
155 110.538 7.7107
156 111.207 5.9394
157 87.3843 4.172
158 107.462 4.949
159 98.1636 4.6537
160 100.038 5.5537
161 102.881 4.912
162 108.953 8.3271
163 124.871 7.4225
164 94.1556 3.9024
165 108.114 5.2291
166 109.304 6.9003
167 111.995 6.9628
168 95.8903 5.0236
169 111.852 5.0598
170 88.5094 6.6791
171 113.183 6.3736
172 101.531 7.1866
173 96.9329 5.6589
174 103.591 6.8186
175 79.4609 0.7663
176 99.9952 3.6151
177 104.161 8.6492
178 109.816 8.029
179 88.2248 3.8057
180 77.6323 3.2353
181 85.5672 4.4933
182 103.934 5.1207
183 82.5953 3.1251
184 75.2722 2.2677
185 114.664 6.5148
186 86.277 5.6556
187 112.183 6.3046
188 102.159 5.5369
189 104.986 5.3772
190 99.1527 6.446
191 101.861 6.0518
192 93.1007 4.8486
193 98.1136 6.3584
194 107.754 5.0974
195 94.2143 5.9514
196 98.936 4.3822
197 112.034 4.944
198 117.766 7.9159
199 114.795 7.8845
200 107.138 6.7069
201 106.944 6.0403
202 97.3109 5.7296
203 100.761 6.2978
204 92.8347 5.7124
205 95.0737 6.4052
206 111.27 5.8212
207 76.3152 2.1817
208 75.6444 3.0759
209 111.456 6.1483
210 81.6534 3.0844
211 115.305 6.5227
212 110.375 4.0034
213 118.766 10.2368
214 120.502 7.6898
215 116.537 8.5775
216 105.706 6.7657
217 120.214 8.9307
218 111.696 5.3143
219 119.774 9.2722
220 109.066 9.3002
221 108.353 8.333
222 107.603 8.9895
223 110.131 7.7234
224 119.094 6.4595
225 106.788 5.3989
226 94.1747 3.1506
227 90.766 4.2726
228 128.994 9.5016
229 124.857 7.4535
230 120.058 8.6655
231 124.031 8.2323
232 108.669 6.4075
233 108.004 7.5691
234 105.139 7.8387
235 117.067 9.2015
236 105.552 7.8105
237 109.038 6.7868
238 117.547 10.0872
239 113.071 7.5349
240 113.182 8.5198
