0 85.9461 4.6526
1 81.3938 7.396
2 87.9314 6.8516
3 93.1113 5.7526
4 60.8357 2.5507
5 79.1541 5.4332
6 94.9614 8.6402
7 108.603 8.8451
8 100.625 7.4542
9 120.139 7.7829
10 101.046 7.5398
11 139.092 11.4504
12 107.858 9.0385
13 123.573 9.744
14 106.473 7.2317
15 140.478 13.3186
16 117.999 11.4735
17 126.803 6.9712
18 117.567 5.2943
19 106.088 4.2712
20 110.484 4.5153
21 117.097 6.8678
22 107.202 3.8619
23 121.265 11.3717
24 132.38 9.06
25 106.586 4.2462
26 110.775 5.2433
27 104.154 5.5626
28 109.246 6.5007
29 110.021 5.8647
30 110.394 7.1255
31 207.721 17.6657
32 103.423 7.3775
33 94.8035 6.0775
34 86.9724 5.1235
35 100.882 6.032
36 97.3802 5.3361
37 97.1925 4.1711
38 118.418 6.2704
39 107.354 6.9327
40 105.58 4.1057
41 104.676 3.9971
42 120.68 8.5047
43 110.962 6.7954
44 107.217 5.9014
45 122.172 6.1778
46 100.077 7.089
47 72.3723 1.2024
48 103.136 4.9633
49 95.9054 6.8375
50 101.499 6.6699
51 103.988 5.5302
52 110.86 6.9691
53 175.327 19.787
54 194.937 19.418
55 191.94 20.5969
56 113.169 6.8995
57 121.54 6.9579
58 115.484 3.3484
59 122.286 8.3359
60 121.701 6.2715
61 129.421 5.8742
62 126.613 6.9427
63 109.52 9.0772
64 95.1901 4.513
65 92.4637 3.5682
66 77.2865 2.6659
67 78.7851 2.1859
68 85.6759 2.0727
69 133.294 12.4281
70 108.783 9.7788
71 85.5472 4.4251
72 89.4719 3.4309
73 94.8889 3.6052
74 103.86 6.4731
75 96.7305 5.1617
76 95.9538 4.8667
77 94.4638 4.0943
78 95.6115 2.9232
79 93.4613 4.8232
80 120.117 6.5278
81 116.116 5.5491
82 119.494 7.4314
83 128.371 8.3141
84 103.376 4.9999
85 121.729 6.5634
86 120.607 6.753
87 120.063 6.5937
88 191.299 19.4961
89 115.154 7.2375
90 113.297 6.4708
91 40.9178 14.6311
92 41.2647 15.8735
93 58.611 10.8018
94 53.2687 14.0205
95 64.4888 19.4974
96 58.0791 9.8736
97 59.471 9.4616
98 69.1627 15.5842
99 61.4398 17.0609
100 46.8863 14.7228
101 41.7613 14.2433
102 58.6668 16.5043
103 42.1074 15.1013
104 15.7614 16.3289
105 25.523 16.8781
106 59.0517 11.0208
107 133.174 7.7443
108 83.6538 3.1471
109 86.1271 4.1638
110 107.89 3.8501
111 89.6928 2.9395
112 91.9939 5.0677
113 94.9079 3.0658
114 118.208 7.8002
115 129.34 8.3158
116 112.214 6.1909
117 96.9109 5.1382
118 124.145 7.8752
119 109.234 5.4613
120 122.201 7.6187
121 112.246 7.7774
122 108.803 7.206
123 100.766 5.2776
124 122.81 6.5031
125 117.896 7.8899
126 110.734 8.1774
127 117.254 7.4592
128 113.408 6.4749
129 111.073 7.4405
130 102.72 5.9426
131 111.529 6.415
132 113.394 6.9734
133 128.083 4.1332
134 125.726 5.4731
135 128.305 5.4945
136 121.218 8.3928
137 115.079 4.5073
138 140.174 8.5498
139 114.2 5.7692
140 146.74 8.1047
141 209.534 15.5161
142 160.141 6.015
143 158.336 3.5491
144 200.674 11.0784
145 108.165 4.5138
146 193.413 6.5762
147 171.32 8.9032
148 84.9474 3.2275
149 80.6084 3.589
150 86.8817 3.4611
151 96.5762 5.6929
152 89.2638 5.1697
153 130.333 6.8082
154 126.764 9.0889
155 124.741 9.8733
156 118.471 6.7889
157 92.6016 4.8238
158 114.868 6.019
159 104.422 5.1388
160 104.48 5.7
161 109.711 5.8644
162 121.189 9.5645
163 135.566 9.3914
164 98.9113 4.6069
165 114.268 6.2271
166 117.544 8.019
167 120.685 8.2057
168 103.168 6.3312
169 118.564 5.8358
170 96.6 7.5484
171 120.631 7.5013
172 110.782 8.4603
173 103.855 6.6819
174 110.946 7.8934
175 79.5267 0.7567
176 103.842 4.3076
177 114.153 9.9223
178 120.073 9.306
179 92.9786 4.4001
180 81.4822 3.6119
181 91.9448 5.3364
182 111.779 6.0622
183 86.6944 3.5905
184 78.1463 2.6017
185 124.87 7.9068
186 94.5892 6.4412
187 118.879 6.9668
188 108.581 6.2371
189 111.533 6.1116
190 106.209 7.0764
191 109.057 7.0362
192 99.4203 5.4975
193 107.396 7.6495
194 113.78 5.8948
195 102.331 7.095
196 104.311 5.1529
197 118.275 5.825
198 127.448 8.8931
199 124.248 9.3293
200 114.649 8.0241
201 114.543 7.2102
202 104.252 6.8377
203 107.835 7.1397
204 99.2938 6.3576
205 102.548 7.4331
206 118.3 6.9793
207 78.0386 2.4373
208 78.4701 3.473
209 119.968 7.1825
210 84.7613 3.5053
211 122.632 7.6067
212 114.947 4.5644
213 132.649 12.4082
214 130.242 8.8587
215 127.11 9.9389
216 114.528 7.9745
217 132.051 10.7541
218 117.795 6.1161
219 132.068 10.6845
220 120.363 10.8076
221 118.987 9.5905
222 118.661 10.4564
223 119.103 9.151
224 125.35 7.6116
225 112.435 6.1278
226 97.1412 3.552
227 95.4342 4.8554
228 140.345 10.9371
229 132.26 8.4642
230 130.303 10.0573
231 133.809 9.5868
232 125.164 10.5994
233 117.858 9.0108
234 115.224 9.3418
235 129.619 10.7217
236 116.026 9.1882
237 118.842 7.9368
238 129.851 11.9999
239 122.796 8.5979
240 122.598 9.6413
