0 88.7023 4.9616
1 85.3079 7.9519
2 93.3743 7.7381
3 96.7633 6.2802
4 62.1491 2.7069
5 82.5995 5.8671
6 100.78 9.587
7 115.57 10.1354
8 106.94 8.2417
9 125.084 8.522
10 105.772 8.2046
11 145.969 12.4269
12 114.253 10.0457
13 129.083 10.5698
14 111.09 7.9495
15 149.052 14.9987
16 124.507 12.5859
17 130.637 7.9344
18 120.5 5.7175
19 108.238 4.6907
20 113.095 4.9014
21 120.406 7.7194
22 108.832 4.1031
23 126.526 12.5599
24 138.124 10.8367
25 108.875 4.5883
26 114.127 5.7542
27 107.413 6.239
28 113.884 7.2748
29 113.719 6.4
30 115.071 8.059
31 256.464 28.7383
32 108.614 8.1475
33 98.7169 7.1175
34 90.6394 5.7288
35 105.552 6.6025
36 101.87 6.138
37 100.623 4.9419
38 123.584 7.5055
39 113.32 8.1756
40 108.439 4.7505
41 107.067 4.5904
42 126.868 9.2959
43 114.886 7.4049
44 111.173 6.9046
45 125.9 6.8997
46 104.305 8.0889
47 72.9305 1.1803
48 105.452 5.4781
49 100.269 7.5812
50 105.166 7.2714
51 107.341 6.3456
52 115.233 7.9631
53 182.66 19.6174
54 195.552 19.1754
55 194.935 19.9551
56 117.924 8.0305
57 126.687 8.2581
58 117.306 3.7869
59 127.661 9.1908
60 125.757 6.9086
61 133.858 6.7134
62 133.358 8.1208
63 116.62 10.5362
64 97.9966 5.0566
65 94.4667 4.0672
66 78.4917 2.9279
67 79.9557 2.4059
68 86.5914 2.3105
69 140.428 13.7264
70 114.553 10.9884
71 88.0798 5.1795
72 91.5206 3.8814
73 96.8872 4.05
74 107.987 7.2747
75 99.8941 5.6568
76 98.962 5.3495
77 96.896 4.7412
78 96.9985 3.3612
79 95.6206 5.4475
80 123.807 7.13
81 119.406 6.2216
82 124.283 8.7569
83 134.448 9.9917
84 105.71 5.5435
85 124.782 7.1687
86 124.218 7.8276
87 123.222 7.4296
88 99.1363 1.9736
89 118.711 8.6544
90 115.686 7.4664
91 46.6388 14.8305
92 50.6196 16.1169
93 63.2551 11.9014
94 58.5192 14.5714
95 75.1229 19.5875
96 62.1913 10.9151
97 63.174 10.2726
98 76.7536 16.7534
99 69.3321 17.7862
100 52.4332 14.5906
101 47.0715 14.1267
102 65.7329 16.8489
103 48.6413 15.0898
104 23.6067 16.0869
105 32.4972 16.4731
106 62.282 11.6861
107 138.408 9.3554
108 84.8132 3.6675
109 87.6889 4.946
110 108.986 4.4283
111 90.8825 3.4228
112 93.8783 5.6563
113 95.863 3.5435
114 122.364 9.0896
115 133.319 9.5259
116 115.792 7.8063
117 98.777 5.7973
118 128.227 8.984
119 111.183 6.3078
120 126.5 8.7578
121 115.699 9.1545
122 112.947 8.7189
123 103.262 6.1081
124 125.606 7.2872
125 123.301 8.7014
126 116.839 8.6942
127 122.735 7.9753
128 117.679 6.8647
129 115.945 8.4253
130 106.077 6.2722
131 115.606 7.2361
132 117.892 7.9013
133 129.242 4.4223
134 127.395 5.8856
135 130.121 6.0181
136 124.526 9.1461
137 116.901 5.0191
138 144.481 9.6897
139 116.146 6.5359
140 150.778 9.1884
141 89.8915 5.7228
142 87.6545 5.4016
143 89.9313 3.241
144 87.9974 3.3935
145 92.1872 4.1963
146 117.235 6.9306
147 122.402 8.1257
148 86.6201 3.6109
149 82.4237 3.9526
150 88.7222 3.7186
151 99.7316 5.8774
152 92.2134 5.3448
153 134.596 7.3576
154 132.332 9.8095
155 132.146 10.9738
156 123.299 7.5704
157 96.2663 5.3054
158 118.663 6.8073
159 107.621 5.9325
160 108.171 6.0927
161 113.051 6.3138
162 126.493 11.0819
163 141.93 10.6561
164 101.345 5.2414
165 117.329 6.9733
166 122.115 9.0221
167 124.426 8.832
168 106.277 6.8845
169 121.379 6.5596
170 100.938 8.4088
171 124.135 8.6884
172 117.857 9.7733
173 107.536 7.582
174 106.901 9.6424
175 101.409 7.1778
176 105.256 4.8293
177 134.783 11.0885
178 118.768 9.9344
179 95.2722 4.7316
180 83.054 3.7973
181 94.0667 5.1847
182 115.139 6.7535
183 88.9516 4.1912
184 79.3827 2.8161
185 129.98 8.6984
186 99.2577 7.4131
187 124.871 7.8745
188 113.347 7.0473
189 116.609 6.913
190 111.701 7.7402
191 114.81 7.7988
192 102.877 5.975
193 112.737 8.4072
194 117.679 6.4771
195 106.599 7.7503
196 107.641 5.5785
197 121.591 6.2534
198 133.16 10.1724
199 129.294 10.3638
200 120.803 9.3422
201 119.243 8.2391
202 107.814 7.271
203 112.727 8.1016
204 102.696 7.3894
205 105.955 8.4557
206 121.314 8.0521
207 79.053 2.4956
208 80.8024 3.7508
209 125.215 8.0597
210 87.2772 3.9377
211 128.138 8.4045
212 117.607 4.9774
213 140.996 13.4569
214 135.962 10.3409
215 134.89 11.254
216 121.545 8.9588
217 141.291 12.6806
218 123.286 6.7977
219 141.47 12.8342
220 129.64 12.5755
221 127.355 11.2897
222 127.016 12.2025
223 136.24 10.6857
224 128.414 7.9921
225 116.088 6.9253
226 98.8381 3.9762
227 97.8114 5.3381
228 147.531 12.5106
229 137.201 9.6129
230 137.011 11.8136
231 139.147 10.5834
232 127.876 12.6337
233 121.703 9.9845
234 119.241 10.2617
235 135.368 12.2075
236 119.835 10.4578
237 122.8 9.09
238 135.578 13.428
239 127.385 9.8257
240 127.943 10.7807
