0 86.4079 4.8011
1 82.4672 7.5395
2 89.3295 6.9573
3 94.0942 5.8827
4 61.1337 2.6021
5 79.946 5.3637
6 96.4713 8.7468
7 111.328 9.0706
8 103.036 7.5492
9 121.012 7.7543
10 101.465 7.4893
11 140.354 11.6187
12 108.635 8.9935
13 124.603 9.5764
14 106.837 7.0928
15 141.631 13.5029
16 119.272 11.641
17 127.85 7.006
18 118.397 5.4038
19 106.96 4.3066
20 111.549 4.634
21 118.187 7.1605
22 107.693 3.8685
23 121.536 11.5584
24 134.511 9.8408
25 106.935 4.374
26 111.84 5.3466
27 104.918 5.6581
28 110.798 6.5638
29 111.045 6.116
30 111.583 7.3949
31 204.238 15.548
32 104.102 7.3121
33 95.6348 6.2662
34 87.3729 5.1441
35 101.9 6.0643
36 98.2704 5.4563
37 97.8556 4.2528
38 119.768 6.4634
39 108.374 7.0607
40 106.805 4.342
41 105.296 4.0928
42 122.457 8.4276
43 111.859 6.8822
44 108.323 6.1931
45 123.222 6.2969
46 101.332 7.444
47 72.329 1.1766
48 103.992 5.0885
49 97.0969 7.2595
50 102.774 6.6045
51 104.91 5.6626
52 111.942 7.2109
53 179.061 19.9015
54 196.736 19.7807
55 192.638 19.8708
56 114.843 7.0483
57 123.285 7.4825
58 116.088 3.4258
59 124.195 8.6462
60 122.939 6.5959
61 130.947 6.1576
62 129.731 7.3146
63 112.283 9.15
64 96.3989 4.6825
65 93.1709 3.6039
66 77.4483 2.7407
67 79.237 2.2489
68 85.9203 2.142
69 136.5 12.4889
70 111.364 10.1848
71 86.2857 4.4164
72 89.8154 3.4696
73 94.9565 3.6618
74 104.394 6.7076
75 97.1893 5.1311
76 97.0721 5.0182
77 95.3905 4.248
78 96.0838 3.1037
79 94.4425 5.062
80 121.247 6.5474
81 117.449 5.9606
82 120.926 7.974
83 130.802 8.924
84 104.056 5.017
85 122.738 6.4959
86 121.435 6.7969
87 120.473 6.7422
88 98.6384 1.7283
89 115.665 7.7092
90 113.803 6.7187
91 39.4352 15.0092
92 41.6318 16.0425
93 58.3358 11.2652
94 52.2855 14.2968
95 65.9808 19.9765
96 57.2041 10.4174
97 58.8638 9.907
98 69.3422 16.0237
99 62.3714 17.5024
100 47.3068 15.1367
101 42.2903 14.4806
102 59.1857 16.5963
103 42.4482 15.4095
104 10.653 17.7643
105 23.8902 17.449
106 58.0069 11.2718
107 134.65 7.9984
108 84.103 3.2781
109 87.059 4.3869
110 108.327 3.9431
111 90.5314 3.179
112 92.8034 5.1494
113 95.4167 3.1585
114 119.913 8.0485
115 130.935 8.7769
116 113.553 6.9174
117 97.5686 5.2475
118 125.342 8.2895
119 110.183 5.6532
120 123.764 7.4926
121 113.903 7.9569
122 110.558 7.663
123 101.763 5.5258
124 123.591 6.5489
125 119.54 7.9877
126 112.322 8.1049
127 119.011 7.4992
128 114.273 6.4682
129 112.068 7.5302
130 103.806 5.8903
131 112.717 6.6385
132 114.42 6.9844
133 127.804 4.1211
134 126.005 5.51
135 128.119 5.6029
136 121.364 8.3652
137 114.869 4.5615
138 140.825 8.635
139 114.157 5.8004
140 147.531 8.6102
141 86.9259 5.3725
142 86.2462 4.795
143 88.699 2.8497
144 86.9142 3.0919
145 90.3145 3.9964
146 113.978 6.2302
147 118.695 7.2041
148 85.2368 3.2583
149 80.6671 3.5421
150 87.0209 3.4863
151 97.2921 5.6498
152 89.9609 5.0221
153 130.752 6.9775
154 128.209 9.1347
155 125.821 9.7766
156 119.814 7.0496
157 93.5142 4.8428
158 115.715 6.1499
159 104.82 5.3703
160 105.511 6.1379
161 110.663 5.7876
162 122.05 9.8964
163 136.814 9.4505
164 99.426 4.8658
165 115.323 6.2286
166 117.992 8.1183
167 120.882 7.991
168 103.613 6.4067
169 119.104 6.2007
170 96.973 7.7562
171 120.845 7.4436
172 112.863 8.8885
173 104.745 6.8954
174 101.912 8.6958
175 99.3929 6.5928
176 103.527 4.1715
177 130.077 10.158
178 115.067 9.4276
179 93.3375 4.4001
180 82.326 3.7
181 31.4803 0.5588
182 112.827 6.1241
183 87.2089 3.6686
184 78.2125 2.5348
185 126.114 8.1287
186 95.5715 6.8365
187 120.5 7.1951
188 109.716 6.3398
189 113.351 6.549
190 107.573 7.3439
191 110.726 7.3245
192 100.353 5.5805
193 109.395 7.6878
194 114.789 6.0494
195 103.515 7.2587
196 105.098 5.0752
197 119.07 5.9135
198 129.098 9.0651
199 125.263 9.3025
200 116.623 8.2045
201 116.476 7.4375
202 105.984 6.8732
203 109.575 7.2591
204 101.05 6.8953
205 104.533 7.7598
206 119.482 7.0232
207 78.7056 2.4988
208 79.5063 3.5467
209 122.177 7.5222
210 86.2765 3.7296
211 125.165 7.7564
212 116.372 4.6291
213 136.905 12.6338
214 132.91 9.4197
215 128.233 10.089
216 115.84 8.2069
217 133.975 10.8075
218 118.919 6.2307
219 134.604 11.2909
220 122.513 11.0144
221 121.198 9.7296
222 120.803 10.9619
223 132.579 9.9643
224 127.29 7.5106
225 114.123 6.3487
226 97.8852 3.6396
227 96.2348 4.9646
228 142.362 11.3453
229 134.015 8.5725
230 132.548 10.2503
231 135.801 9.6811
232 126.452 10.807
233 119.354 9.205
234 117.32 9.523
235 131.911 11.2844
236 117.665 9.3925
237 120.313 8.3087
238 132.217 12.3883
239 124.489 9.1213
240 125.925 10.1082
