0 85.6347 4.6859
1 81.2431 7.2739
2 87.8935 7.1519
3 93.0625 5.8532
4 60.5502 2.6026
5 78.7614 5.1646
6 94.4406 8.3946
7 109.055 8.9877
8 100.942 7.4139
9 119.35 7.5819
10 99.7504 7.4435
11 138.01 11.3245
12 106.678 9.1331
13 122.398 9.639
14 105.541 7.151
15 138.796 13.3712
16 116.688 11.3785
17 125.929 7.0041
18 117.118 5.2835
19 105.665 4.2589
20 110.674 4.5168
21 116.475 6.7492
22 106.885 3.8617
23 119.783 11.6825
24 132.246 9.2234
25 106.18 4.3043
26 110.882 5.2926
27 103.894 5.48
28 109.158 6.5361
29 109.5 5.9197
30 109.62 7.2054
31 205.999 17.4747
32 102.748 7.3373
33 94.3328 6.2495
34 86.4058 5.0261
35 100.382 6.0003
36 97.136 5.1386
37 96.9053 4.1435
38 118.044 6.3581
39 106.56 7.1203
40 105.725 4.3405
41 104.296 4.1005
42 120.299 8.4589
43 110.267 6.8518
44 106.813 5.9011
45 121.668 6.2957
46 99.5592 7.3579
47 72.2773 1.2088
48 102.922 4.9666
49 95.4355 7.1957
50 101.032 6.5734
51 103.712 5.7852
52 110.691 7.0932
53 174.87 19.8376
54 194.939 20.3695
55 190.673 20.3609
56 112.856 6.9136
57 121.447 6.8697
58 115.055 3.2854
59 122.335 8.5729
60 121.135 6.3748
61 129.295 5.9948
62 127.057 7.0739
63 109.968 9.3323
64 95.2757 4.6491
65 92.2678 3.6883
66 77.0726 2.6506
67 78.6526 2.2034
68 85.3465 2.1096
69 132.666 12.6685
70 109.195 10.1304
71 85.2302 4.2916
72 89.4573 3.4597
73 94.3574 3.6765
74 103.25 6.4398
75 95.6011 5.1186
76 95.8553 4.947
77 94.1914 4.2893
78 95.4963 3.0633
79 93.1256 5.0143
80 120.018 6.7036
81 116.031 5.85
82 119.416 8.0306
83 128.342 8.9218
84 102.199 5.1232
85 120.15 6.7624
86 118.731 6.6959
87 118.151 6.4102
88 98.2549 1.7633
89 113.36 7.6683
90 111.008 6.3903
91 96.1446 6.9339
92 98.7713 7.327
93 108.435 6.326
94 103.428 6.9525
95 110.949 10.4648
96 113.925 5.5087
97 110.095 5.1745
98 109.599 8.2929
99 110.372 8.8431
100 100.183 6.9741
101 102.527 6.5067
102 106.917 8.3387
103 97.9969 6.8246
104 86.4901 5.8964
105 84.3266 6.022
106 109.146 5.552
107 132.964 8.0984
108 82.8287 3.5828
109 84.7058 4.5305
110 106.607 4.141
111 89.1602 3.2567
112 90.4824 5.2352
113 93.8355 3.2722
114 116.879 8.3627
115 127.899 8.7704
116 111.193 6.6632
117 95.6753 5.4057
118 122.931 8.5717
119 108.576 6.2105
120 121.911 8.0661
121 111.112 8.0902
122 108.155 7.8461
123 100.368 5.7411
124 122.017 6.619
125 117.518 7.7978
126 110.114 8.064
127 117.053 7.5254
128 112.848 6.3666
129 110.765 7.3873
130 102.44 5.8669
131 111.532 6.6202
132 112.7 6.8306
133 126.961 4.1458
134 124.794 5.3717
135 127.214 5.4846
136 119.527 8.0963
137 114.194 4.5492
138 138.817 8.431
139 113.064 5.9417
140 145.618 8.2659
141 86.1076 5.064
142 85.4577 4.8965
143 88.3892 2.8572
144 86.585 3.0461
145 89.7891 3.7038
146 113.287 6.0891
147 117.9 7.1309
148 84.6691 3.1596
149 80.2974 3.5356
150 86.4046 3.3667
151 95.8297 5.4166
152 88.9765 4.9987
153 128.959 6.981
154 125.148 8.882
155 123.342 9.697
156 119.115 6.9866
157 92.8718 4.9039
158 115.012 6.1543
159 104.201 5.3439
160 104.52 5.9674
161 109.8 6.0745
162 120.542 9.9838
163 135.436 9.3678
164 98.3306 4.6841
165 113.304 5.8869
166 116.516 8.1175
167 119.36 8.0191
168 102.042 6.3851
169 117.646 5.9283
170 95.2245 7.3818
171 119.175 7.4774
172 111.687 8.8099
173 104.013 7.1328
174 100.523 9.0521
175 97.801 6.5891
176 103.068 4.2526
177 129.122 9.9387
178 113.742 9.4197
179 92.836 4.3443
180 81.2362 3.4413
181 91.4668 5.3213
182 110.86 5.9894
183 86.3841 3.594
184 77.848 2.6376
185 124.429 7.9089
186 94.2346 6.4785
187 119.296 6.7676
188 109.118 6.1029
189 112.307 6.5791
190 106.346 7.2259
191 109.498 7.1463
192 99.1963 5.5857
193 107.519 7.7555
194 113.502 5.8748
195 102.102 7.3564
196 103.679 5.209
197 117.409 5.7563
198 127.469 9.2158
199 123.221 9.2799
200 114.273 8.1063
201 113.538 7.2853
202 103.276 6.8698
203 107.154 7.3489
204 98.3475 6.4942
205 101.166 7.5537
206 117.494 7.0876
207 78.1941 2.4163
208 78.8894 3.5168
209 120.253 7.305
210 85.3454 3.6242
211 123.386 7.6642
212 115.283 4.6613
213 133.184 12.3201
214 130.504 9.1511
215 126.368 9.9835
216 114.045 8.142
217 131.709 10.9312
218 117.289 6.2264
219 131.687 10.6963
220 119.755 10.7884
221 118.639 9.5696
222 118.032 10.6389
223 131.018 9.8891
224 122.372 7.8233
225 110.047 6.1385
226 95.7597 3.594
227 93.5341 5.0596
228 136.584 10.9555
229 129.754 8.6354
230 128.497 10.4472
231 130.113 9.7836
232 120.562 10.2487
233 113.889 10.2148
234 111.582 9.1759
235 126.331 11.2277
236 112.473 9.0582
237 115.86 7.6968
238 126.614 12.0988
239 119.727 8.9086
240 120.402 9.9054
