0 89.1206 5.2789
1 86.5419 8.0928
2 93.8224 7.3675
3 97.3721 6.4575
4 62.3042 2.7696
5 83.0515 5.9634
6 101.779 9.8404
7 115.731 10.1977
8 107.222 8.5909
9 125.17 8.6064
10 105.751 8.2566
11 145.709 12.4959
12 114.051 9.6679
13 129.83 10.5083
14 110.678 7.7271
15 148.435 15.686
16 123.427 12.6361
17 130.946 7.4105
18 120.945 5.8009
19 108.631 4.5082
20 113.394 4.95
21 120.681 7.4766
22 109.165 4.0307
23 126.39 12.4078
24 137.928 10.3719
25 108.787 4.6207
26 114.159 5.638
27 107.41 5.9824
28 113.982 7.118
29 113.665 6.3067
30 115.178 7.772
31 201.933 14.2346
32 108.357 8.4918
33 98.3873 6.9633
34 90.1648 5.5809
35 104.674 6.6293
36 101.53 5.9509
37 100.226 4.7977
38 123.015 7.0054
39 112.242 7.7495
40 109.334 4.8193
41 107.994 4.5594
42 128.563 9.407
43 116.453 7.6097
44 111.934 6.8708
45 127.243 7.1458
46 105.86 8.2947
47 72.9284 1.2358
48 106.113 5.7274
49 100.269 8.1256
50 105.411 7.7858
51 107.584 6.2984
52 116.189 7.8663
53 185.286 20.7132
54 197.775 19.2064
55 195.006 18.9891
56 118.485 8.2508
57 127.969 8.3264
58 117.52 3.8406
59 128.792 9.5167
60 126.797 7.2178
61 134.663 6.6834
62 134.159 8.4838
63 117.459 10.9353
64 98.3572 4.9986
65 94.8359 4.0914
66 78.6507 3.0062
67 80.137 2.4611
68 86.7089 2.2689
69 142.525 13.8275
70 115.634 11.0312
71 88.0301 4.9248
72 91.4967 3.8225
73 96.5303 4.0463
74 107.815 7.3906
75 98.8885 5.5644
76 98.6246 5.4824
77 96.7616 4.3874
78 97.2129 3.1964
79 95.7976 5.5306
80 123.303 7.1193
81 119.306 6.1916
82 124.275 8.8606
83 134.567 9.9346
84 105.477 5.4889
85 124.686 7.0831
86 123.376 7.9534
87 123.024 7.537
88 98.8796 2.0315
89 118.405 8.6344
90 115.147 7.5928
91 102.352 7.7092
92 106.692 8.1588
93 113.872 6.5989
94 110.087 7.8214
95 119.775 11.4641
96 119.144 6.288
97 115.962 5.6014
98 117.438 9.2515
99 118.031 9.6825
100 106.281 7.8818
101 107.801 7.0466
102 113.671 9.0814
103 104.276 7.868
104 91.7782 6.8278
105 89.9511 6.6576
106 113.868 6.1909
107 139.399 8.9219
108 84.4798 3.7015
109 87.4491 4.9345
110 108.687 4.3399
111 91.0761 3.3751
112 93.3456 5.7
113 95.6565 3.4573
114 122.155 9.0743
115 132.277 9.3875
116 114.968 7.6006
117 99.1474 5.6532
118 128.004 9.2524
119 111.959 6.3812
120 126.127 8.738
121 116.637 8.9551
122 113.355 8.3557
123 103.482 6.0573
124 125.569 6.8029
125 123.256 8.4381
126 117.267 8.7271
127 123.128 7.8554
128 117.521 7.101
129 116.573 8.4448
130 105.985 6.3738
131 115.939 7.2484
132 118.304 8.0139
133 129.107 4.2863
134 127.928 5.8252
135 130.587 5.7851
136 125.401 9.2134
137 116.976 5.2215
138 144.684 10.1808
139 116.387 6.8858
140 150.533 9.0581
141 89.7301 5.7312
142 88.2673 5.3792
143 90.0207 3.1128
144 87.9758 3.3506
145 92.2376 4.3891
146 117.119 6.8069
147 122.977 7.7798
148 86.862 3.6671
149 82.5634 3.9458
150 88.9993 3.6857
151 100.229 5.9903
152 92.646 5.4823
153 135.538 7.7058
154 133.056 9.8794
155 131.962 11.1815
156 123.376 7.7552
157 95.9433 5.1371
158 118.455 6.4155
159 106.951 5.8693
160 108.179 6.1452
161 112.507 6.6712
162 125.729 10.8125
163 141.39 10.6082
164 101.272 5.2384
165 117.301 6.7854
166 121.932 9.0992
167 124.447 8.7818
168 105.779 6.7195
169 121.184 6.6635
170 100.887 8.515
171 123.916 7.9305
172 118.259 9.7343
173 107.709 7.506
174 107.169 9.8113
175 102.557 6.8585
176 105.616 4.7145
177 136.17 10.9762
178 119.908 10.1138
179 95.5891 4.7084
180 83.529 3.8664
181 31.2919 0.2093
182 115.597 6.5157
183 88.9145 4.0843
184 79.1814 2.7169
185 129.451 8.5352
186 98.2938 7.236
187 124.73 7.8757
188 113.904 6.9683
189 117.547 7.2484
190 112.015 7.9244
191 114.278 7.9246
192 103.022 5.9338
193 113.03 8.3448
194 117.596 6.2433
195 107.195 7.9196
196 107.9 5.7016
197 121.587 6.4135
198 133.927 10.7676
199 129.044 10.1607
200 120.819 9.2507
201 119.777 8.4151
202 108.415 7.7908
203 113.195 8.1192
204 102.992 7.4991
205 106.981 8.4234
206 122.231 7.992
207 79.3948 2.5741
208 81.084 3.6584
209 125.692 7.9931
210 87.3675 3.8309
211 128.71 8.2404
212 118.231 5.1825
213 140.751 13.0394
214 136.827 10.2063
215 133.533 11.1806
216 120.369 8.7466
217 140.289 12.0155
218 122.501 6.896
219 139.526 12.5616
220 128.12 12.3102
221 126.277 10.8667
222 126.174 11.5497
223 136.386 10.8859
224 127.838 8.1816
225 115.757 6.995
226 98.7754 3.9963
227 97.7757 5.4816
228 146.336 12.4624
229 137.467 9.5917
230 137.355 11.6204
231 138.845 10.9839
232 127.268 12.4948
233 121.238 10.2594
234 118.96 10.3198
235 134.572 12.3155
236 118.979 10.4003
237 122.023 8.9214
238 134.354 13.4949
239 126.145 9.9233
240 128.692 11.2022
