0 88.7012 4.9603
1 85.9555 7.8905
2 93.0456 7.5851
3 96.784 6.2446
4 62.0842 2.7075
5 82.7094 5.789
6 100.815 9.2531
7 115.539 10.0056
8 106.222 8.1348
9 124.046 8.1363
10 104.875 7.9695
11 144.423 11.7536
12 113.211 9.7171
13 128.642 10.2427
14 110.238 7.6589
15 147.244 14.1013
16 122.828 11.9827
17 130.41 7.4592
18 120.088 5.5554
19 107.975 4.5044
20 112.923 4.8491
21 120.158 7.3541
22 108.847 3.9936
23 125.841 11.8078
24 137.242 10.0161
25 108.399 4.5831
26 113.43 5.5726
27 106.587 5.8884
28 112.791 6.8226
29 112.863 6.1893
30 113.923 7.6942
31 209.399 17.8715
32 107.26 7.8176
33 97.7433 6.6998
34 89.5822 5.5648
35 103.967 6.3049
36 101.154 5.8946
37 99.975 4.5381
38 122.283 6.7599
39 111.594 7.366
40 108.257 4.5217
41 107.009 4.4044
42 126.886 9.0229
43 115.415 7.3338
44 110.502 6.3936
45 125.511 6.8493
46 104.309 7.8165
47 72.9315 1.1915
48 105.609 5.3996
49 99.2933 7.3589
50 104.546 6.9942
51 106.649 6.0824
52 115.3 7.7851
53 181.358 19.485
54 195.478 18.4699
55 194.762 19.31
56 117.616 7.4781
57 126.822 7.7101
58 116.874 3.5938
59 127.999 9.1718
60 125.565 6.9086
61 133.372 6.5764
62 132.996 7.8909
63 116.022 10.1068
64 97.8506 4.967
65 93.9193 3.778
66 78.2631 2.7968
67 79.8875 2.4807
68 86.5511 2.1746
69 140.676 13.4595
70 114.037 10.4308
71 88.0785 4.7786
72 91.4978 3.7176
73 96.823 3.8855
74 107.992 6.9303
75 99.4027 5.3778
76 99.33 5.3817
77 97.156 4.4202
78 97.3731 3.2694
79 96.0176 5.3794
80 124.524 7.2654
81 119.954 6.329
82 125.051 8.5091
83 135.58 9.7711
84 105.983 5.426
85 125.645 7.1298
86 124.472 7.657
87 123.833 7.2752
88 99.2506 1.8219
89 119.279 8.2012
90 116.251 6.9797
91 102.01 7.3117
92 105.48 7.935
93 113.571 6.663
94 109.272 7.6473
95 118.878 10.9923
96 118.78 5.9237
97 115.095 5.5946
98 116.75 8.5934
99 116.776 9.4269
100 105.5 7.4933
101 107.262 6.9303
102 112.834 8.8005
103 103.421 7.3738
104 91.218 6.2653
105 89.0347 6.4668
106 113.261 5.8993
107 138.06 8.3523
108 84.5657 3.7071
109 87.3503 4.7068
110 108.74 4.2134
111 90.6629 3.2499
112 93.4051 5.5367
113 95.5477 3.4157
114 121.431 9.0369
115 132.1 9.0716
116 114.892 7.0762
117 98.4554 5.7636
118 127.151 8.8834
119 111.095 6.0087
120 125.953 8.3175
121 115.95 8.6359
122 112.999 8.2866
123 102.617 5.7941
124 125.175 6.8971
125 122.743 8.3812
126 116.455 8.6341
127 122.281 7.8979
128 117.308 6.966
129 115.671 7.943
130 105.567 6.0438
131 115.046 6.8755
132 117.605 7.4076
133 128.64 4.3362
134 127.301 5.6612
135 129.725 5.8163
136 124.346 9.0466
137 116.644 4.9372
138 143.837 9.3791
139 116.034 6.4107
140 149.877 8.9307
141 89.3327 5.5787
142 87.3431 4.8567
143 89.5845 2.9728
144 87.6145 3.2209
145 91.6741 3.9763
146 116.037 6.7034
147 121.769 7.6473
148 86.3319 3.4795
149 82.3207 3.8372
150 88.5616 3.6231
151 99.9306 5.9304
152 91.7329 5.3211
153 134.518 7.3956
154 131.959 9.6825
155 131.15 10.5822
156 123.232 7.2921
157 95.8519 5.2218
158 118.511 6.4612
159 107.328 5.6184
160 107.588 6.3243
161 112.653 6.2703
162 125.853 10.4713
163 141.43 10.2555
164 101.094 5.0081
165 117.243 6.4877
166 121.064 8.5544
167 124.119 8.7468
168 105.754 6.7979
169 120.942 6.4421
170 100.386 8.2024
171 123.482 7.8146
172 116.926 9.6534
173 106.768 7.2864
174 106.168 9.3992
175 101.31 6.8748
176 105.028 4.6205
177 134.612 10.6563
178 118.699 9.8283
179 94.9445 4.5934
180 83.0477 3.7606
181 31.2672 0.1754
182 114.828 6.3415
183 88.3924 3.8498
184 78.9415 2.7425
185 128.943 8.7379
186 98.1582 7.0531
187 123.878 7.4505
188 113.054 6.7899
189 116.646 6.8355
190 111.532 7.6951
191 113.771 7.4691
192 102.281 5.8054
193 111.831 8.0925
194 116.791 6.1514
195 106.051 7.5631
196 106.994 5.4596
197 120.701 6.0996
198 132.286 9.9357
199 127.628 9.7242
200 119.72 8.6431
201 118.456 8.0635
202 107.081 7.14
203 111.255 7.8561
204 102.233 6.897
205 106.011 7.9832
206 120.888 7.7337
207 79.2915 2.533
208 80.9787 3.7291
209 125.796 7.8849
210 87.7223 3.9786
211 129.087 8.4203
212 118.614 5.145
213 141.623 13.3734
214 137.054 10.0478
215 132.84 10.6699
216 119.705 8.7031
217 139.021 11.4842
218 121.739 6.6619
219 139.324 11.8615
220 127.459 11.4754
221 125.263 10.556
222 125.423 10.9922
223 135.655 10.4
224 127.447 8.0206
225 115.159 6.7064
226 98.3633 3.8507
227 96.9344 5.2916
228 145.489 11.7182
229 136.174 9.267
230 136.182 11.3949
231 137.694 10.3123
232 127.648 11.8525
233 120.018 10.0363
234 118.812 10.0448
235 133.866 11.7427
236 118.858 9.6701
237 122.09 8.8053
238 133.962 13.21
239 125.224 9.4097
240 126.861 10.4702
