0 89.0339 5.1184
1 86.0601 7.7024
2 93.8746 7.6391
3 97.1229 6.2663
4 62.2863 2.7082
5 83.2355 5.9266
6 101.812 9.5349
7 116.05 9.8706
8 107.481 8.3001
9 125.233 8.3518
10 105.805 8.027
11 145.651 12.4336
12 114.266 9.8778
13 129.592 10.3215
14 110.895 7.8632
15 148.777 14.5658
16 124.135 12.6362
17 131.754 7.77
18 121.72 5.8111
19 109.035 4.7044
20 113.911 5.0099
21 121.902 7.4767
22 109.809 4.08
23 128.226 12.4998
24 139.544 10.1324
25 108.714 4.6581
26 114.021 5.6936
27 107.371 6.0347
28 113.599 7.0467
29 113.492 6.3332
30 115.126 7.7704
31 207.657 16.6874
32 108.132 8.1677
33 98.3509 6.7063
34 90.3363 5.5928
35 104.783 6.48
36 101.53 5.8796
37 100.404 4.6115
38 122.881 6.9217
39 112.396 7.6928
40 109.178 4.8103
41 107.945 4.5109
42 128.477 9.3068
43 116.123 7.6192
44 112.16 6.7733
45 127.139 7.0286
46 105.721 7.9823
47 72.9257 1.2095
48 105.687 5.4744
49 100.11 7.3229
50 105.322 7.0872
51 107.578 6.2334
52 115.67 7.7941
53 182.854 19.6312
54 198.21 19.8685
55 195.193 19.2666
56 117.955 7.6225
57 126.66 7.9526
58 117.11 3.649
59 127.945 9.3089
60 125.982 7.0032
61 133.806 6.5087
62 133.221 7.7743
63 116.981 10.322
64 98.2772 5.1558
65 94.6764 3.9042
66 78.4815 2.823
67 79.9865 2.4666
68 86.7218 2.131
69 141.806 13.5177
70 115.25 10.6142
71 88.36 4.8644
72 91.7429 3.6233
73 96.9951 3.9961
74 108.459 7.1563
75 99.847 5.4504
76 99.401 5.237
77 96.9888 4.5097
78 97.3798 3.2472
79 96.0369 5.2174
80 124.434 6.8992
81 119.845 6.3024
82 124.756 8.5237
83 135.357 9.6797
84 107.396 5.557
85 127.172 7.2291
86 125.909 7.7004
87 125.334 6.9967
88 99.6837 1.8951
89 120.731 8.2013
90 118.202 7.1027
91 47.1246 14.986
92 51.0095 15.9412
93 63.2635 11.6516
94 58.988 14.6777
95 76.0453 20.0727
96 62.597 10.7298
97 63.9427 10.2845
98 76.947 16.4379
99 70.1553 17.7014
100 53.8803 15.0973
101 48.1955 14.3932
102 66.4438 16.77
103 49.5947 15.0627
104 21.5687 17.0618
105 34.5438 16.2769
106 63.1232 11.7198
107 138.357 8.4637
108 85.6703 3.5836
109 89.2596 4.6045
110 110.475 4.1293
111 91.9351 3.2392
112 95.7109 5.3386
113 96.8883 3.3568
114 124.898 8.6805
115 135.432 8.9585
116 117.215 7.1412
117 100.158 5.581
118 129.864 8.532
119 112.92 5.9576
120 128.004 8.2816
121 117.668 8.1434
122 114.28 8.0807
123 104.16 5.8763
124 127.621 6.9939
125 123.484 8.6656
126 117.092 8.648
127 122.821 7.9645
128 117.565 6.9494
129 116.454 8.238
130 106.106 6.0833
131 116.141 7.044
132 117.829 7.5675
133 129.052 4.3397
134 127.494 5.657
135 130.249 5.9639
136 124.367 9.1636
137 116.934 4.9352
138 144.464 9.3883
139 116.584 6.4093
140 150.769 9.1887
141 90.2823 5.6338
142 88.0153 5.0715
143 90.1097 3.1654
144 88.0761 3.2971
145 92.5317 4.2069
146 117.28 6.6236
147 122.97 7.8503
148 86.6967 3.4544
149 82.356 3.814
150 88.6926 3.5548
151 99.6024 5.911
152 92.3099 5.2141
153 134.585 7.1832
154 132.172 9.5537
155 131.481 10.3891
156 123.587 7.5677
157 96.0359 5.1148
158 118.681 6.3649
159 107.562 5.5807
160 108.46 6.1463
161 113.017 6.2923
162 127.353 10.5772
163 142.115 10.0705
164 101.995 5.2702
165 118.102 6.7196
166 123.035 8.7132
167 126.158 8.8766
168 107.241 6.798
169 122.462 6.5015
170 102.013 8.182
171 125.34 7.9994
172 119.454 9.8203
173 108.97 7.5242
174 108.637 9.7473
175 102.608 7.1743
176 106.092 4.5929
177 136.68 10.9509
178 120.66 10.2243
179 95.5014 4.5641
180 83.0965 3.8214
181 94.1796 5.1679
182 115.301 6.5656
183 88.9683 3.876
184 79.3563 2.7112
185 129.73 8.4461
186 98.9899 7.026
187 125.132 7.6691
188 113.4 6.678
189 116.997 6.9116
190 112.227 7.8366
191 114.849 7.6269
192 103.172 5.791
193 113.162 7.9793
194 118.029 6.3791
195 107.236 7.6506
196 108.14 5.5851
197 121.723 6.096
198 133.63 9.9242
199 129.637 10.0514
200 120.657 8.7616
201 119.394 7.8357
202 108.329 6.9719
203 112.879 7.6252
204 103.291 6.9354
205 106.643 7.9488
206 121.721 7.5667
207 79.2532 2.5561
208 80.9155 3.7295
209 125.739 7.8244
210 87.4034 3.8898
211 128.77 8.3771
212 118.102 5.0261
213 140.792 13.151
214 136.952 10.0574
215 133.999 11.0478
216 120.571 8.7262
217 139.747 11.5276
218 121.991 6.7541
219 140.486 11.9452
220 128.457 12.0452
221 126.571 11.0691
222 126.24 11.3135
223 138.09 10.9978
224 130.857 7.6113
225 118.203 6.7797
226 99.7355 3.8556
227 99.1597 5.196
228 149.964 12.0761
229 139.329 9.2877
230 139.289 11.0349
231 141.366 10.426
232 129.87 13.2796
233 123.682 9.6417
234 121.662 9.9407
235 137.532 12.072
236 121.945 9.9209
237 124.185 8.7725
238 138.006 13.0853
239 128.831 9.602
240 129.824 10.4712
