0 90.1041 5.1771
1 87.7561 8.0996
2 95.3135 7.7217
3 98.5084 6.4162
4 62.7681 2.8342
5 84.9385 5.8961
6 103.85 9.8439
7 118.401 10.0998
8 107.65 8.3554
9 126.648 8.2362
10 107.136 8.1763
11 146.663 12.0493
12 115.742 9.9444
13 131.677 10.6034
14 112.139 7.8
15 151.007 14.8099
16 125.541 12.3348
17 131.547 7.6686
18 121.542 5.6967
19 108.82 4.615
20 114.197 4.9597
21 121.635 7.5397
22 109.31 4.0632
23 127.444 11.9719
24 139.296 10.2641
25 110.123 4.7924
26 115.863 5.9496
27 108.845 6.1877
28 115.701 7.274
29 115.687 6.555
30 117.598 8.1665
31 214.588 17.8852
32 109.483 8.0489
33 99.2859 6.5934
34 90.9458 5.5038
35 105.14 6.5065
36 102.148 5.8786
37 100.94 4.6802
38 123.737 7.019
39 112.797 7.4957
40 109.517 4.6157
41 107.777 4.4122
42 128.118 9.1924
43 116.508 7.5409
44 112.046 6.4289
45 126.629 6.7962
46 105.527 7.8461
47 72.9327 1.2015
48 106.892 5.6206
49 101.597 7.828
50 107.336 7.5349
51 108.748 6.4389
52 117.512 8.0494
53 184.516 19.4994
54 198.143 18.7241
55 196.704 19.1334
56 119.659 7.5434
57 127.889 7.8625
58 117.696 3.5618
59 129.262 9.2817
60 127.078 6.9889
61 134.716 6.7311
62 133.848 7.8593
63 117.619 10.1149
64 98.6086 5.056
65 95.0202 3.9792
66 78.7093 2.9053
67 80.6308 2.4704
68 87.0359 2.3521
69 144.752 13.9766
70 116.658 10.7311
71 89.234 4.9107
72 92.1176 3.7956
73 97.5948 4.0367
74 109.847 7.251
75 100.801 5.5828
76 100.491 5.4817
77 98.3614 4.5942
78 98.1785 3.2277
79 97.7613 5.4404
80 126.136 7.2008
81 121.616 6.3621
82 127.057 8.6946
83 138.012 9.4609
84 107.56 5.5925
85 128.082 7.2939
86 127.069 7.7213
87 126.224 7.335
88 99.8968 1.8654
89 122.093 8.2986
90 119.604 7.4949
91 103.329 7.6967
92 107.302 8.1748
93 114.812 6.7873
94 111.249 7.8399
95 121.428 11.4573
96 120.559 6.0425
97 116.485 5.7749
98 117.782 9.0157
99 120.636 9.8781
100 108.362 7.6308
101 109.865 7.4133
102 116.554 9.3264
103 105.755 7.8417
104 93.4706 6.6536
105 91.9563 6.9682
106 115.414 6.376
107 140.01 8.9198
108 86.4529 3.6852
109 90.491 4.6843
110 111.787 4.1903
111 93.0719 3.3615
112 96.5912 5.5472
113 97.7956 3.382
114 126.657 8.7727
115 137.686 9.1759
116 119.448 8.2284
117 102.018 5.7765
118 133.106 8.849
119 114.743 6.1598
120 130.396 8.4733
121 120.432 8.9755
122 116.732 8.3071
123 106.036 6.0722
124 128.754 7.0371
125 124.863 8.6975
126 118.103 8.7975
127 124.221 8.112
128 119.035 7.0469
129 117.537 8.2479
130 107.461 6.3
131 116.978 7.0602
132 119.52 7.5841
133 129.784 4.4504
134 128.794 5.7201
135 131.223 5.902
136 126.278 9.1348
137 117.993 4.9683
138 145.737 9.4371
139 117.031 6.5305
140 151.582 9.1268
141 91.0152 6.0911
142 88.7937 5.3362
143 90.4116 3.2314
144 88.7883 3.3754
145 92.8926 4.2428
146 118.591 7.0945
147 124.05 7.985
148 87.0258 3.525
149 82.8006 3.8684
150 89.2997 3.7338
151 101.054 6.1238
152 93.0749 5.5199
153 136.042 7.5264
154 133.69 9.778
155 133.305 10.6039
156 124.72 7.7296
157 97.157 5.4184
158 119.979 6.6823
159 108.845 5.7384
160 109.073 5.9469
161 114.53 6.312
162 130.04 11.0824
163 144.577 10.559
164 102.263 5.2313
165 118.797 6.8574
166 124.16 9.0536
167 126.65 9.2565
168 108.002 6.8561
169 122.442 6.4975
170 103.031 8.4472
171 126.319 8.2828
172 119.583 10.0527
173 109.996 7.7079
174 108.734 9.7495
175 103.54 7.1798
176 106.488 4.7858
177 137.51 11.057
178 121.947 10.5511
179 95.6229 4.7247
180 83.5709 3.9168
181 95.0118 5.2713
182 116.158 6.6283
183 89.449 3.9903
184 79.5773 2.7802
185 130.865 8.7627
186 99.4693 7.1245
187 125.561 7.8156
188 113.66 7.0232
189 117.279 7.0544
190 112.675 8.0348
191 115.544 7.7928
192 103.353 5.9089
193 113.109 8.457
194 118.485 6.3474
195 107.671 7.431
196 108.076 5.5352
197 122.166 6.0848
198 133.867 9.9921
199 130.067 10.0813
200 121.851 9.1213
201 120.775 8.0012
202 109.742 7.3397
203 114.018 7.9031
204 104.921 7.1488
205 108.093 8.0225
206 123.692 7.4905
207 79.5722 2.5929
208 81.776 3.8218
209 127.75 8.0839
210 88.3523 3.9867
211 130.571 8.4482
212 119.337 5.1438
213 145.231 13.6424
214 140.241 10.0652
215 135.295 10.9099
216 121.507 8.8733
217 141.953 11.8961
218 122.94 6.802
219 142.467 12.096
220 130.102 11.9816
221 128.235 11.1263
222 127.864 11.5894
223 139.276 10.7617
224 132.852 7.361
225 119.682 6.7176
226 100.238 3.8755
227 99.6868 5.262
228 152.056 12.0831
229 141.165 9.3532
230 141.654 11.1991
231 143.865 10.5895
232 132.339 13.07
233 126.422 9.624
234 123.682 9.9107
235 140.498 12.1233
236 123.253 10.1595
237 125.541 8.7348
238 139.583 13.1473
239 130.049 9.4814
240 131.291 10.6015
