0 88.1174 5.0554
1 84.8595 8.0804
2 91.8859 7.285
3 96.0652 6.2317
4 61.9772 2.7382
5 81.9597 5.6368
6 99.1585 9.3142
7 114.263 9.921
8 105.772 8.1199
9 123.349 8.1471
10 104.249 8.0212
11 142.772 11.8856
12 111.797 9.8245
13 127.654 10.1683
14 109.554 7.8792
15 145.865 14.6215
16 120.886 12.0225
17 131.004 7.7454
18 120.611 5.659
19 108.27 4.6739
20 113.505 5.0824
21 120.104 7.7247
22 109.009 4.1128
23 126.58 12.4263
24 137.946 10.326
25 108.004 4.5999
26 113.074 5.812
27 106.008 5.9639
28 112.405 7.1117
29 112.677 6.2864
30 113.796 7.5335
31 221.93 21.6686
32 107.203 7.7379
33 97.8054 6.9591
34 89.6157 5.492
35 104.201 6.6292
36 100.886 5.9852
37 99.8975 4.7958
38 122.29 6.6649
39 111.645 7.6375
40 108.629 4.7124
41 107.158 4.5349
42 126.586 9.4039
43 114.871 7.3393
44 111.089 6.7009
45 126.159 7.0069
46 104.658 8.3106
47 72.6 1.2221
48 104.861 5.5319
49 98.6347 7.4786
50 103.942 7.4531
51 106.129 5.9172
52 114.438 7.3769
53 180.868 19.6394
54 202.239 22.0806
55 198.48 21.3592
56 116.571 8.0178
57 125.491 7.645
58 116.395 3.5922
59 126.397 9.4619
60 124.72 6.966
61 132.763 6.6884
62 131.971 7.8467
63 114.888 9.7598
64 97.3274 4.9737
65 93.9058 3.8853
66 77.9653 2.8174
67 79.6792 2.4413
68 86.4404 2.2174
69 138.924 13.6278
70 112.777 10.8688
71 87.6421 4.7971
72 91.2124 3.7014
73 96.1751 3.9917
74 106.465 6.9065
75 98.7649 5.4152
76 98.4366 5.3083
77 96.1711 4.4166
78 96.8169 3.3403
79 95.3092 5.394
80 123.262 6.971
81 118.786 6.3102
82 123.816 8.8815
83 133.837 9.1274
84 105.585 5.4151
85 125.105 6.9124
86 123.651 7.6227
87 123.3 7.0485
88 99.2511 1.8576
89 118.28 8.6035
90 115.532 7.1819
91 101.357 7.2283
92 104.654 7.9276
93 112.84 6.7479
94 108.42 7.3953
95 117.485 11.4816
96 118.047 5.8656
97 114.235 5.6132
98 115.428 9.09
99 116.992 10.0853
100 105.516 7.8696
101 107.224 7.3459
102 113.38 9.069
103 103.386 7.7374
104 91.9067 6.7883
105 89.8279 6.5987
106 113.679 6.3267
107 136.803 8.4954
108 84.2165 3.6471
109 87.0453 4.6966
110 108.406 4.3453
111 90.7061 3.2251
112 92.8525 5.6228
113 95.3455 3.3424
114 120.035 8.6673
115 130.898 9.1751
116 113.437 6.9988
117 97.7798 5.8061
118 125.776 9.0305
119 110.204 5.892
120 124.737 8.2292
121 114.635 8.9306
122 111.478 8.4025
123 101.984 6.0005
124 124.414 6.9252
125 121.785 8.54
126 114.901 8.7182
127 121.163 8.3362
128 115.867 6.8862
129 114.949 7.9959
130 104.908 6.25
131 114.25 6.6986
132 116.546 7.7065
133 128.695 4.3888
134 127.267 5.6609
135 129.21 5.8105
136 123.946 9.5394
137 115.86 4.8504
138 142.918 9.5008
139 115.724 6.3989
140 149.355 9.1504
141 88.4974 5.9401
142 86.7323 5.3303
143 89.2744 3.124
144 87.6584 3.391
145 91.258 4.0096
146 115.716 6.4744
147 120.687 7.424
148 86.3297 3.4387
149 81.5598 3.5525
150 87.9414 3.5593
151 98.2683 5.8963
152 91.2847 5.2839
153 133.039 7.5761
154 129.705 9.9293
155 128.348 10.0773
156 122.31 7.5898
157 95.1818 5.2343
158 118.024 6.4887
159 106.264 5.8194
160 107.435 6.4471
161 112.217 6.3532
162 124.71 10.6271
163 139.804 10.0407
164 100.563 5.1163
165 116.505 6.5981
166 120.01 8.9474
167 123.297 8.7002
168 104.832 6.8835
169 120.383 6.6674
170 99.137 8.2876
171 122.924 7.7909
172 116.306 9.8122
173 106.718 7.4522
174 105.344 9.6542
175 101.333 7.1463
176 104.863 4.5367
177 133.995 10.7988
178 117.613 9.9701
179 94.4868 4.5309
180 82.625 3.7984
181 31.4293 0.6294
182 113.624 6.2565
183 88.2692 3.9042
184 78.7164 2.7001
185 128.358 8.5517
186 97.3371 6.9803
187 123.194 7.4715
188 112.804 6.9824
189 115.77 7.0652
190 111.021 8.0976
191 113.059 7.6988
192 102.322 5.825
193 111.829 8.2967
194 116.929 6.4675
195 106.239 7.4477
196 107.159 5.6022
197 120.771 6.3629
198 132.352 9.6206
199 127.525 10.1521
200 119.012 8.9629
201 117.379 7.7671
202 106.328 7.0513
203 110.774 7.7317
204 101.973 6.7262
205 104.954 8.2558
206 120.206 7.9862
207 79.1463 2.5288
208 80.52 3.8005
209 124.771 7.6472
210 86.8187 3.7852
211 126.994 8.325
212 117.478 5.0949
213 138.018 13.2925
214 134.648 9.9801
215 131.898 11.2279
216 118.43 8.5523
217 136.893 11.9098
218 121.236 6.683
219 137.893 11.7847
220 125.92 12.0442
221 124.292 10.4833
222 123.795 11.53
223 134.75 10.7037
224 128.399 8.1021
225 115.592 6.8399
226 98.7253 3.7578
227 97.2027 5.3581
228 146.048 12.177
229 136.924 9.5637
230 136.641 11.667
231 138.267 11.1018
232 122.889 14.9155
233 119.031 9.6213
234 117.614 10.1293
235 132.881 11.651
236 117.792 9.9457
237 121.163 9.1403
238 132.501 13.0373
239 124.961 9.6586
240 125.202 10.6619
