0 88.4693 5.3224
1 86.3076 8.3782
2 93.2951 7.657
3 96.5358 6.2137
4 62.1488 2.7599
5 82.5568 5.8597
6 100.327 9.6412
7 115.991 10.1835
8 107.471 8.584
9 124.886 8.2803
10 105.425 8.1451
11 145.327 12.906
12 113.558 10.0365
13 128.943 10.3141
14 110.836 8.0417
15 147.676 14.6804
16 123.458 12.505
17 130.057 7.8735
18 119.754 5.7557
19 107.918 4.5671
20 112.518 4.8689
21 120.183 7.4073
22 108.317 4.0624
23 125.473 12.0998
24 137.023 10.6068
25 108.968 4.7239
26 114.282 5.9707
27 107.806 6.285
28 114.169 7.3115
29 113.722 6.8877
30 115.782 7.8657
31 238.82 23.8319
32 108.388 8.3586
33 98.4043 7.2643
34 90.4758 5.606
35 105.181 6.5952
36 101.689 5.8955
37 100.7 4.8605
38 123.338 7.2885
39 112.83 7.761
40 108.552 4.6606
41 106.87 4.4124
42 125.942 9.2987
43 115.565 7.3901
44 110.69 6.4548
45 125.737 6.9554
46 103.964 8.0845
47 72.6009 1.1842
48 105.716 5.4721
49 99.4965 7.84
50 104.632 7.4249
51 106.269 5.917
52 115.222 7.8802
53 181.935 20.3087
54 198.106 20.0323
55 196.855 20.9827
56 117.673 7.9808
57 126.321 8.3005
58 116.939 3.6143
59 128.008 9.0936
60 125.65 7.0405
61 133.765 6.7575
62 132.832 7.8545
63 116.177 10.2959
64 98.0525 5.0227
65 94.2189 3.9347
66 78.4899 2.91
67 80.0122 2.4722
68 86.554 2.2374
69 140.947 13.4512
70 114.597 10.913
71 88.4768 4.8912
72 91.7569 3.8382
73 96.8817 4.032
74 107.966 7.3927
75 100.075 5.4662
76 99.0727 5.2773
77 96.8048 4.5323
78 97.365 3.311
79 96.2136 5.391
80 124.029 7.1409
81 119.847 6.3143
82 124.612 8.8311
83 134.514 9.6736
84 106.772 5.6565
85 126.485 7.2252
86 124.954 7.9844
87 124.7 7.5067
88 99.3051 1.8732
89 120.2 8.5509
90 116.617 7.248
91 46.9456 14.9093
92 49.76 15.6066
93 62.6149 11.4617
94 58.2207 14.5066
95 74.5319 19.9172
96 61.6181 10.545
97 63.5194 10.4436
98 76.5215 16.2941
99 69.8976 17.6576
100 53.0975 15.1579
101 47.5959 14.1862
102 66.4758 16.6157
103 49.3397 15.2328
104 25.4501 15.1416
105 34.6192 15.7076
106 62.4662 11.4624
107 138.038 8.8177
108 84.934 3.5757
109 87.7783 4.8956
110 109.189 4.3035
111 91.0761 3.3074
112 93.9561 5.7268
113 95.9585 3.3501
114 121.914 9.0573
115 132.55 9.3404
116 115.014 7.8496
117 98.8128 5.8779
118 127.514 8.859
119 111.776 6.0259
120 126.172 8.2559
121 116.594 8.4423
122 113.153 8.7363
123 103.262 6.0025
124 126.101 7.1532
125 123.008 8.4985
126 116.324 8.9145
127 122.241 8.3409
128 117.066 6.9922
129 116.254 8.3894
130 105.711 6.1112
131 115.602 7.2949
132 117.365 7.654
133 129.365 4.4399
134 127.717 5.8371
135 130.203 5.9641
136 124.91 9.4903
137 116.967 4.9107
138 144.745 9.9312
139 117.062 6.9535
140 150.793 9.5016
141 89.5991 5.8493
142 87.978 5.204
143 89.9193 2.9705
144 88.1669 3.3551
145 91.848 4.3889
146 116.909 7.0025
147 122.324 7.7781
148 86.4614 3.4656
149 82.2551 3.8351
150 88.537 3.5524
151 100.015 5.9765
152 92.1521 5.2751
153 134.728 7.5856
154 131.473 9.835
155 130.666 10.8546
156 123.929 7.6196
157 95.9309 5.2516
158 118.862 6.3787
159 107.225 5.8351
160 108.182 6.1717
161 112.964 6.3254
162 126.343 10.8193
163 142.002 10.302
164 100.952 5.2392
165 117.264 6.8787
166 121.202 9.2207
167 124.247 8.6715
168 105.847 6.8343
169 121.031 6.5018
170 100.442 8.2845
171 123.415 7.7575
172 117.81 9.2012
173 107.187 7.5447
174 106.299 9.4791
175 102.31 7.1527
176 105.504 4.7862
177 135.255 11.0663
178 119.119 10.0432
179 95.6657 4.6359
180 83.7703 3.8938
181 31.3161 0.2611
182 115.717 6.6538
183 88.5424 4.0317
184 79.3876 2.7222
185 130.204 8.8593
186 98.7824 7.015
187 124.332 7.6684
188 113.519 6.9753
189 117.2 6.8989
190 111.526 7.7796
191 114.273 7.7306
192 102.701 5.8307
193 112.262 8.5263
194 117.249 6.5011
195 106.706 7.8487
196 107.589 5.6745
197 121.316 6.0715
198 132.603 10.2718
199 128.594 10.0091
200 120.015 8.87
201 118.392 8.2338
202 107.539 7.3224
203 111.919 7.753
204 102.709 7.1328
205 106.07 8.0309
206 120.994 7.9488
207 79.4271 2.6217
208 81.1359 3.8414
209 126.204 7.974
210 87.8757 3.9445
211 129.381 8.4952
212 118.585 5.002
213 140.883 14.135
214 136.837 10.3236
215 132.795 11.003
216 119.553 8.951
217 139.171 11.7655
218 121.885 6.6441
219 139.447 12.554
220 127.272 12.0351
221 125.413 10.6457
222 125.527 11.7336
223 135.492 10.778
224 128.405 7.9847
225 115.831 6.8442
226 98.7759 3.9045
227 97.7059 5.3826
228 145.892 12.076
229 136.965 9.2323
230 137.623 12.0179
231 138.745 10.5869
232 125.665 14.6519
233 121.024 10.4105
234 119.504 10.3783
235 133.99 12.1647
236 119.424 10.2812
237 122.337 8.7333
238 134.223 13.1228
239 126.004 9.7033
240 127.124 10.9775
