0 93.4142 5.5219
1 93.4414 8.7557
2 100.555 8.3587
3 103.42 6.9363
4 64.281 3.0016
5 88.7663 6.5675
6 110.402 10.5217
7 126.162 10.9555
8 114.305 8.734
9 134.462 9.0834
10 115.18 8.8548
11 159.24 13.151
12 126.907 10.9119
13 140.942 11.6852
14 118.92 8.6711
15 163.472 15.8436
16 137.136 14.13
17 137.841 8.5532
18 125.685 6.227
19 111.983 5.0001
20 116.886 5.3155
21 127.643 8.3448
22 111.723 4.4236
23 136.964 13.7276
24 147.432 11.4299
25 112.407 5.1673
26 118.8 6.3274
27 112.59 6.6632
28 120.247 7.8896
29 119.67 7.1307
30 122.341 8.612
31 218.022 17.2959
32 116.857 9.0076
33 104.229 7.6029
34 95.4661 6.0124
35 110.596 7.0559
36 107.349 6.4776
37 104.925 5.0835
38 130.484 7.5848
39 120.142 8.4678
40 114.426 5.3037
41 113.058 5.0876
42 138.851 10.6453
43 124.571 8.6092
44 118.92 7.5705
45 134.44 7.916
46 112.59 9.125
47 73.4798 1.2258
48 110.568 5.9242
49 107.051 8.4751
50 112.3 8.1049
51 112.755 6.6611
52 122.794 8.9569
53 190.152 18.6121
54 199.164 17.565
55 198.139 18.2856
56 126.391 8.3966
57 134.437 8.5961
58 120.702 3.9897
59 137.882 10.2259
60 133.383 7.6707
61 140.648 7.1257
62 141.343 8.8007
63 128.043 11.3703
64 102.692 5.4795
65 97.7863 4.3873
66 80.4002 3.1186
67 82.5513 2.7088
68 88.5042 2.4826
69 157.687 14.9901
70 126.641 12.094
71 93.2582 5.3264
72 95.019 4.0548
73 100.741 4.4327
74 115.315 7.8861
75 104.731 6.0693
76 104.493 5.8848
77 101.741 5.0244
78 100.58 3.6468
79 101.302 5.8462
80 132.417 8.1161
81 126.228 7.0742
82 133.96 9.9121
83 145.66 10.9767
84 110.664 6.114
85 131.465 7.9604
86 131.696 8.7309
87 129.294 8.2149
88 195.027 17.7988
89 126.041 9.3195
90 123.187 8.3872
91 124.011 8.2693
92 130.487 9.3174
93 132.448 7.6381
94 135.006 8.992
95 143.909 12.4391
96 115.027 6.8339
97 124.302 6.4013
98 141.355 10.1326
99 144.749 11.1466
100 130.988 9.5955
101 123.602 8.5217
102 138.888 10.4391
103 124.889 8.82
104 124.023 7.4998
105 116.04 8.0922
106 125.057 7.6656
107 146.314 9.4919
108 88.5428 4.4652
109 92.8541 5.2368
110 113.22 4.7331
111 94.1306 3.7199
112 99.5735 6.2943
113 99.4703 3.8716
114 131.771 9.9183
115 142.771 10.4956
116 122.927 8.9409
117 104.371 6.3972
118 136.563 10.1911
119 117.703 7.02
120 135.149 9.5613
121 124.917 9.5291
122 120.872 9.0976
123 108.605 6.6678
124 132.952 8.0738
125 133.218 9.4382
126 127.386 9.5477
127 132.221 8.8522
128 125.431 7.6443
129 124.69 8.8642
130 112.727 6.8316
131 123.053 7.6089
132 126.652 8.7445
133 132.668 4.8279
134 132.798 6.333
135 135.633 6.4693
136 133.451 10.1789
137 120.933 5.2816
138 152.421 10.4776
139 121.099 7.2002
140 158.639 10.0576
141 95.627 6.5933
142 93.0966 5.7973
143 92.6369 3.3904
144 91.3496 3.6886
145 96.1012 4.6034
146 124.665 7.6117
147 130.921 8.6689
148 90.2452 4.029
149 86.172 4.3409
150 92.9456 4.0925
151 107.497 6.7993
152 99.2205 5.9332
153 144.541 8.5468
154 145.224 11.124
155 146.874 12.3977
156 132.397 8.2231
157 101.756 5.7908
158 126.763 7.4158
159 113.479 6.2885
160 113.804 6.442
161 120.528 7.1795
162 138.21 11.8947
163 152.058 11.2406
164 105.647 5.7057
165 123.987 7.3479
166 130.541 9.7335
167 131.9 9.4494
168 112.238 7.5572
169 127.381 7.1614
170 108.911 9.1915
171 132.15 8.8845
172 127.003 10.8101
173 115.67 8.4596
174 116.717 10.4908
175 109.418 7.684
176 109.587 5.1676
177 146.41 11.828
178 132.048 11.5278
179 99.5984 5.1859
180 86.797 4.2871
181 99.7622 5.8675
182 122.577 7.3986
183 92.8587 4.4155
184 81.9249 2.995
185 138.57 9.4437
186 106.977 7.8348
187 133.642 8.4395
188 120.729 7.4975
189 124.264 7.6365
190 120.273 8.4455
191 123.016 8.6703
192 109.432 6.6597
193 122.062 9.2651
194 125.717 7.1864
195 159.875 3.0099
196 112.833 6.2717
197 127.631 7.0568
198 143.171 11.1633
199 139.071 11.1196
200 130.465 10.1529
201 127.599 8.8816
202 115.648 8.2287
203 120.546 9.0142
204 110.199 7.7357
205 114.631 9.2597
206 129.891 8.9563
207 102.551 3.0347
208 113.655 4.5714
209 148.689 10.542
210 120.176 4.865
211 162.115 10.6359
212 146.239 6.3619
213 182.797 15.1084
214 168.556 13.2333
215 150.837 13.0879
216 161.404 10.1691
217 154.403 14.0945
218 131.422 8.0424
219 156.284 14.2788
220 151.582 14.2779
221 156.069 12.7364
222 148.167 13.7071
223 147.82 11.8584
224 136.609 8.2596
225 123.404 7.5717
226 102.624 4.3947
227 102.676 5.923
228 159.046 13.4055
229 148.6 10.7123
230 150.833 13.0328
231 152.2 12.0488
232 141.175 13.233
233 131.856 10.7016
234 130.341 11.3055
235 148.738 13.5651
236 130.506 11.1448
237 131.26 9.8206
238 147.671 14.4351
239 135.448 10.694
240 139.631 12.1923
