0 93.8634 5.5154
1 94.0934 8.6139
2 101.626 8.2311
3 103.995 6.9951
4 64.3955 2.9565
5 88.6783 6.4364
6 110.73 10.3176
7 126.777 10.8999
8 117.051 9.2577
9 134.501 9.0456
10 114.983 8.7356
11 157.891 12.8021
12 126.122 10.7424
13 140.301 11.5678
14 118.771 8.4688
15 161.95 15.3554
16 136.258 13.9169
17 137.802 8.3568
18 125.763 6.201
19 112.044 4.961
20 116.771 5.3006
21 127.77 8.1351
22 111.834 4.4073
23 136.676 13.6368
24 147.441 11.234
25 112.46 5.0873
26 118.365 6.2311
27 112.409 6.7673
28 120.669 7.8138
29 119.808 7.0914
30 122.747 8.6355
31 216.44 16.6474
32 117.827 9.1488
33 105.097 7.4204
34 96.3072 6.1396
35 111.877 7.1859
36 108.17 6.5511
37 105.961 5.2668
38 131.682 7.7908
39 121.259 8.3581
40 113.947 5.0657
41 112.81 4.83
42 138.453 10.2548
43 124.621 8.2607
44 118.621 7.1973
45 134.365 7.635
46 110.741 8.5272
47 84.1052 3.0405
48 110.979 5.9
49 107.974 8.5891
50 113.634 8.2639
51 113.266 6.7431
52 123.891 8.9435
53 192.613 18.4654
54 201.066 17.8085
55 197.112 17.1006
56 128.479 8.7831
57 136.597 8.7669
58 121.487 4.1555
59 140.041 10.5277
60 135.169 8.0177
61 142.831 7.5634
62 143.122 9.0649
63 128.944 11.062
64 103.601 5.6268
65 98.1408 4.2287
66 81.1557 3.0786
67 82.1428 2.6518
68 88.7815 2.4541
69 158.567 14.9485
70 128.055 11.9704
71 93.5086 5.1707
72 95.2663 4.046
73 101.095 4.3861
74 115.576 7.4792
75 105.644 6.1105
76 105.277 6.0378
77 102.409 5.0823
78 101.209 3.6405
79 102.518 5.937
80 133.863 8.1163
81 127.299 7.0035
82 135.051 9.7945
83 147.842 10.6869
84 111.333 5.9799
85 132.706 7.7861
86 133.245 8.5298
87 131.116 7.8852
88 195.549 17.1246
89 127.91 9.0654
90 125.776 8.446
91 124.682 8.4039
92 131.311 9.3362
93 132.675 7.5027
94 135.439 9.1218
95 145.293 12.4296
96 115.702 7.0238
97 125.023 6.4267
98 141.846 10.0201
99 145.387 11.1967
100 130.953 9.3171
101 124.26 8.5544
102 140.395 10.5645
103 125.347 8.7074
104 124.74 7.546
105 115.921 7.8694
106 125.229 7.3814
107 147.733 9.6728
108 89.5324 4.4522
109 94.407 5.1715
110 114.847 4.6571
111 94.8757 3.6406
112 102.426 6.3737
113 100.404 3.7881
114 134.014 9.6668
115 144.953 9.7789
116 125.211 8.9777
117 106.042 6.2133
118 139.263 9.8471
119 119.379 6.6509
120 137.359 9.1011
121 127.57 9.5503
122 122.721 9.0086
123 110.366 6.5702
124 134.172 7.8089
125 135.981 9.6539
126 129.964 9.8571
127 134.931 9.2559
128 127.729 8.0227
129 126.82 9.2199
130 113.814 7.0153
131 124.945 7.8841
132 128.663 8.8413
133 133.043 4.8697
134 132.974 6.2115
135 135.769 6.4677
136 133.94 10.0041
137 121.191 5.4025
138 152.287 10.4617
139 121.847 7.0329
140 159.275 10.147
141 95.8433 6.3779
142 93.6636 5.6851
143 92.9803 3.3593
144 91.6389 3.5855
145 96.4259 4.522
146 124.617 7.1706
147 131.663 8.5734
148 90.2534 3.9352
149 86.1788 4.1608
150 92.9789 4.1181
151 107.074 6.5073
152 98.8259 5.831
153 143.507 8.293
154 143.948 10.7699
155 144.464 11.5885
156 132.74 8.4934
157 101.841 5.654
158 127.394 7.3498
159 114.403 6.3362
160 114.07 6.4367
161 120.801 7.16
162 139.722 11.7166
163 154.279 11.0561
164 106.516 5.7255
165 124.837 7.4347
166 131.105 9.6872
167 133.784 9.8078
168 112.653 7.3732
169 128.668 7.3097
170 109.67 9.284
171 132.892 8.7739
172 128.431 10.8069
173 116.262 8.3962
174 117.553 10.7446
175 110.005 7.8189
176 109.828 5.1185
177 147.236 11.9892
178 132.813 11.5421
179 100.286 5.1343
180 87.0705 4.1898
181 100.238 5.7779
182 123.393 7.34
183 93.3222 4.3333
184 82.3676 3.0309
185 138.824 9.7318
186 107.519 7.9499
187 134.01 8.5095
188 120.928 7.4953
189 124.599 7.6337
190 120.258 8.5164
191 123.19 8.4545
192 109.227 6.3415
193 122.414 8.9216
194 124.671 6.9693
195 111.31 8.0312
196 113.448 6.1431
197 128.155 6.8697
198 143.384 10.9307
199 140.624 10.983
200 130.724 10.0869
201 129.297 9.2095
202 117.207 8.4605
203 121.72 8.9174
204 111.81 7.8556
205 116.302 9.1533
206 130.873 8.4176
207 102.605 3.0074
208 113.704 4.6046
209 149.385 10.3515
210 120.422 4.9012
211 163.124 10.4923
212 146.231 6.335
213 183.711 15.2055
214 168.703 13.2657
215 151.696 12.9361
216 162.267 10.0631
217 155.669 14.3902
218 132.193 8.0307
219 156.742 14.0994
220 152.272 14.1786
221 157.001 12.6973
222 148.066 13.7039
223 148.777 11.9422
224 139.881 7.8279
225 127.516 7.7729
226 104.338 4.3229
227 104.805 5.9504
228 164.952 13.4027
229 152.683 10.7435
230 155.748 13.0033
231 157.266 12.1128
232 144.786 12.5827
233 135.373 10.3937
234 134.365 11.1324
235 151.698 13.3779
236 134.142 11.0666
237 134.398 9.7878
238 151.545 14.6096
239 138.203 10.6597
240 142.903 12.1145
