0 94.604 5.6824
1 94.9529 8.8195
2 102.037 8.4231
3 104.394 6.999
4 64.6126 2.9781
5 89.1221 6.4086
6 111.203 10.39
7 127.542 10.9882
8 117.095 9.3603
9 136.462 9.1191
10 117.189 8.8229
11 161.825 13.3565
12 127.836 10.9247
13 142.811 11.7721
14 120.647 8.7039
15 165.4 15.7608
16 139.015 14.0116
17 138.89 8.4927
18 126.163 6.307
19 112.344 4.9888
20 117.005 5.3773
21 129.21 8.5245
22 112.254 4.4392
23 138.068 13.338
24 148.207 11.2975
25 112.834 5.0842
26 118.702 6.2586
27 113.317 6.6398
28 121.411 7.9436
29 120.605 7.0199
30 123.826 8.6374
31 214.408 16.0433
32 118.702 9.0801
33 105.92 7.5086
34 96.6343 6.0847
35 112.27 7.1663
36 108.798 6.5172
37 106.353 5.2398
38 132.461 7.7082
39 121.556 8.5372
40 114.284 4.9559
41 112.785 4.8621
42 139.073 10.3898
43 124.937 8.458
44 119.222 7.2075
45 134.539 7.7486
46 110.06 8.6749
47 78.4953 2.0937
48 111.393 6.2074
49 109.062 8.6141
50 113.69 8.0258
51 113.551 6.7018
52 124.714 8.963
53 192.826 18.1707
54 200.411 17.1404
55 199.604 18.0488
56 128.926 8.7473
57 137.358 8.9658
58 121.631 4.2245
59 140.691 10.5777
60 135.907 7.8972
61 143.192 7.4918
62 143.943 8.951
63 130.392 11.1113
64 104.449 5.5806
65 98.8837 4.3527
66 81.3318 3.1481
67 82.5756 2.7049
68 89.0437 2.5221
69 160.91 15.3603
70 129.75 11.9559
71 93.699 5.3684
72 95.4881 4.1185
73 101.393 4.3999
74 116.098 7.9837
75 105.88 6.2406
76 105.97 6.0433
77 102.752 5.0335
78 101.553 3.728
79 102.941 5.9045
80 133.91 8.0007
81 127.638 7.0451
82 135.728 9.8736
83 147.556 11.1431
84 112.038 6.3121
85 133.071 8.1743
86 133.464 8.6841
87 131.04 8.3398
88 196.668 17.2456
89 128.314 9.4378
90 124.873 8.5276
91 125.624 8.5721
92 132.758 9.3009
93 133.827 7.637
94 136.729 9.1902
95 146.963 12.8122
96 116.543 6.9047
97 125.948 6.6233
98 143.347 10.2334
99 145.642 11.2262
100 131.418 9.2248
101 124.688 8.6341
102 140.617 10.4833
103 125.318 8.8326
104 125.227 7.4799
105 116.175 7.8275
106 125.303 7.2454
107 148.109 9.6224
108 88.892 4.5348
109 93.724 5.3191
110 114.189 4.8393
111 94.9146 3.754
112 101.097 6.3698
113 100.061 3.8975
114 132.767 10.0548
115 144.145 10.3264
116 123.728 9.0547
117 105.465 6.3632
118 138.375 10.0143
119 118.596 6.8524
120 136.377 9.3603
121 126.36 9.7725
122 121.982 9.1107
123 110.049 6.6779
124 134.046 8.0828
125 134.86 9.4961
126 129.061 9.5519
127 133.467 8.7881
128 126.621 7.6634
129 126.108 9.0555
130 113.477 6.8762
131 124.297 7.551
132 127.33 8.6038
133 133.311 4.7918
134 133.215 6.3619
135 136.315 6.4609
136 134.669 9.999
137 121.565 5.4161
138 153.637 10.1919
139 122.306 7.1593
140 159.893 10.102
141 96.1634 6.4953
142 93.8252 5.7907
143 92.7785 3.371
144 91.1372 3.6199
145 96.8271 4.6041
146 125.065 7.5336
147 132.244 8.6292
148 90.4283 3.9829
149 86.3809 4.2756
150 93.0303 4.0935
151 107.233 6.6285
152 99.4929 5.9148
153 144.724 8.546
154 144.998 10.7614
155 145.697 11.8448
156 133.76 8.5515
157 102.477 5.7597
158 127.639 7.2891
159 114.43 6.4093
160 114.906 6.5983
161 121.103 6.9537
162 139.96 11.9811
163 154.453 11.3834
164 106.742 5.8126
165 125.008 7.4303
166 131.329 9.8801
167 134.173 9.6626
168 112.645 7.5316
169 128.559 7.2673
170 110.262 9.381
171 133.307 8.8285
172 128.812 10.9423
173 116.737 8.3304
174 118.204 10.7952
175 110.311 7.9013
176 110.264 5.1293
177 148.212 12.1015
178 133.403 11.5301
179 100.7 5.2368
180 87.3651 4.3213
181 100.623 5.9119
182 124.101 7.5153
183 93.528 4.3791
184 82.4496 3.0432
185 140.531 9.5375
186 108.35 7.91
187 135.188 8.5777
188 121.909 7.6867
189 125.413 7.6577
190 121.762 8.4888
191 123.435 8.4878
192 110.235 6.545
193 123.912 9.2169
194 126.182 7.2458
195 112.539 8.1748
196 114.402 6.2044
197 129.406 6.9737
198 145.345 11.0208
199 142.318 11.325
200 130.401 9.807
201 128.667 9.0092
202 116.64 8.0801
203 121.785 8.8503
204 111.516 8.0626
205 115.347 8.9847
206 130.099 8.6397
207 102.917 3.026
208 114.352 4.6403
209 151.022 10.6836
210 121.204 4.9386
211 165.064 10.6508
212 147.493 6.5283
213 186.174 15.2671
214 170.773 13.4289
215 152.76 13.0507
216 162.69 10.2082
217 156.154 14.3458
218 132.483 8.0326
219 158.023 14.4683
220 153.187 14.3084
221 157.564 12.6278
222 149.561 13.6543
223 149.998 12.3087
224 137.725 8.1301
225 124.544 7.7231
226 103.127 4.3824
227 103.479 5.9515
228 162.036 13.5939
229 150.199 10.7323
230 152.588 12.6646
231 154.484 12.2871
232 143.117 13.11
233 134.333 10.6388
234 132.848 11.3648
235 151.193 13.3561
236 132.979 10.9601
237 133.208 9.8773
238 151.231 14.6549
239 137.39 10.7005
240 140.784 12.0853
