0 92.8196 5.4597
1 92.3876 8.7497
2 99.3105 8.159
3 102.476 6.8125
4 64.2247 2.9687
5 87.8985 6.3906
6 109.003 10.2754
7 125.113 10.8165
8 113.627 8.8331
9 132.271 8.9702
10 113.284 8.6008
11 156.556 13.0446
12 123.631 10.9005
13 137.815 11.198
14 117.451 8.6302
15 161.479 15.579
16 134.393 13.3826
17 136.203 8.2967
18 124.832 6.1878
19 111.086 4.8855
20 116.227 5.2904
21 126.379 8.132
22 111.001 4.2964
23 134.347 12.9963
24 145.42 11.4943
25 111.257 4.9573
26 117.567 6.2092
27 111.383 6.5135
28 118.491 7.6709
29 117.987 6.9271
30 120.101 8.3652
31 214.009 16.784
32 115.16 8.7975
33 103.756 7.4771
34 94.609 5.9202
35 110.101 6.9589
36 106.466 6.5158
37 104.425 5.1988
38 129.225 7.5382
39 118.574 8.0212
40 112.491 4.9315
41 110.988 4.7935
42 135.189 9.8065
43 122.142 8.0307
44 116.466 6.933
45 131.801 7.4766
46 109.737 8.2218
47 73.1811 1.1895
48 109.625 5.9263
49 105.595 8.4245
50 110.826 7.9001
51 111.85 6.7187
52 121.439 8.466
53 187.726 18.2891
54 200.377 18.5217
55 197.397 18.4128
56 125.144 8.6818
57 134.374 8.7948
58 120.229 4.0685
59 136.985 10.2432
60 132.39 7.7132
61 140.267 7.4651
62 140.688 8.8362
63 124.666 10.954
64 101.794 5.4637
65 97.1967 4.2043
66 80.4607 3.1096
67 81.826 2.6592
68 88.1389 2.4632
69 154.088 14.742
70 124.069 11.6027
71 91.7524 5.1554
72 94.0735 4.0457
73 99.6219 4.2594
74 113.765 7.7802
75 103.874 5.9167
76 103.953 5.8355
77 101.29 4.9605
78 100.135 3.5619
79 101.146 5.8053
80 131.794 7.9262
81 125.77 6.7125
82 133.516 9.5653
83 145.299 10.5879
84 111.06 5.964
85 131.799 7.7715
86 131.837 8.435
87 129.456 7.7333
88 196.434 17.1489
89 126.649 8.7796
90 124.608 7.8874
91 121.941 8.1319
92 128.141 8.8849
93 130.85 7.4225
94 133.34 8.7213
95 140.713 12.0659
96 113.445 6.6135
97 122.651 6.2579
98 139.425 10.0086
99 141.781 10.8047
100 129.055 9.3703
101 121.939 8.4245
102 137.136 10.3044
103 123.067 8.5964
104 122.199 7.4064
105 114.299 8.0472
106 123.492 7.4977
107 146.443 9.6804
108 89.8541 4.3418
109 94.6739 5.0362
110 115.847 4.5795
111 95.6657 3.4812
112 102.357 6.1165
113 100.798 3.6708
114 134.959 9.6066
115 145.495 9.963
116 123.811 8.158
117 105.572 6.0051
118 137.16 9.1225
119 118.19 6.6317
120 135.405 8.8691
121 125.766 9.412
122 121.07 8.6339
123 109.288 6.4187
124 132.38 7.4887
125 131.539 9.2835
126 124.938 9.3
127 129.975 8.6813
128 123.772 7.5996
129 123.159 8.5627
130 111.375 6.7594
131 121.783 7.5629
132 124.627 8.5826
133 131.652 4.7322
134 131.702 6.1643
135 134.528 6.2866
136 131.43 9.6877
137 119.782 5.2987
138 150.139 10.167
139 119.783 6.8981
140 156.353 9.5637
141 94.351 6.2552
142 91.9698 5.7593
143 91.9997 3.2962
144 90.6533 3.5846
145 95.1318 4.3754
146 122.946 7.4755
147 129.048 8.2905
148 89.2209 3.8707
149 85.0576 4.15
150 91.5529 3.9395
151 105.218 6.5152
152 96.9757 5.7103
153 141.977 8.3122
154 141.544 10.7097
155 141.151 11.5343
156 130.403 8.1841
157 100.199 5.6089
158 124.514 7.2066
159 112.512 6.1477
160 112.171 6.4128
161 118.802 6.8689
162 136.259 11.6906
163 150.881 11.1651
164 105.343 5.6631
165 123.014 7.3993
166 129.8 9.9102
167 131.891 9.5506
168 112.331 7.2931
169 127.216 7.1228
170 109.111 9.1325
171 130.938 8.831
172 125.089 10.4542
173 113.617 8.175
174 113.793 10.5525
175 107.192 7.5343
176 108.737 4.9978
177 143.888 11.4646
178 128.747 10.9791
179 99.8077 5.1691
180 86.3277 4.2108
181 99.2584 5.7542
182 121.965 7.2633
183 92.4223 4.4268
184 81.4484 2.9871
185 137.596 9.4374
186 105.674 7.9657
187 130.874 8.3914
188 118.658 7.4178
189 122.127 7.6028
190 118.571 8.4748
191 120.227 8.3759
192 107.532 6.3172
193 120.061 8.8097
194 123.846 6.9091
195 114.188 8.426
196 112.153 6.0327
197 127.184 6.7214
198 142.428 10.9818
199 138.452 10.7783
200 127.266 9.3605
201 125.646 8.7175
202 114.298 8.0603
203 118.45 8.2126
204 109.304 7.6175
205 113.504 8.8772
206 127.801 8.0358
207 102.14 2.9777
208 112.556 4.5338
209 146.178 10.2137
210 119.283 4.8999
211 160.492 10.4715
212 144.823 6.2588
213 179.798 15.2136
214 166.033 13.1718
215 148.361 12.6354
216 159.702 10.0575
217 151.715 13.9871
218 130.132 7.693
219 153.518 13.8501
220 148.18 13.7548
221 152.913 12.232
222 146.414 13.5844
223 144.968 11.6291
224 139.448 7.5286
225 125.364 7.4118
226 103.649 4.2284
227 103.684 5.6986
228 162.68 13.0918
229 150.484 10.2424
230 151.906 12.2357
231 154.302 11.824
232 141.606 11.2671
233 133.379 10.0796
234 131.349 10.7133
235 149.478 12.961
236 131.69 10.6069
237 131.958 9.3736
238 148.495 13.89
239 135.736 10.2214
240 138.68 11.6256
