0 92.2176 5.5525
1 91.9393 8.7006
2 98.559 8.0544
3 102.06 6.8565
4 64.1658 2.9632
5 87.1786 6.3671
6 108.186 10.3444
7 123.816 10.7914
8 113.009 9.0053
9 132.21 8.8934
10 113.692 9.0297
11 156.567 13.7092
12 123.348 11.0999
13 138.223 11.8777
14 117.501 8.8054
15 161.123 16.075
16 134.186 14.4488
17 135.903 8.437
18 124.605 6.2845
19 111.143 5.0342
20 116.05 5.3323
21 125.662 8.4023
22 111.16 4.4653
23 134.774 14.0833
24 145.136 11.5904
25 111.621 5.0378
26 117.708 6.3372
27 111.733 6.6242
28 119.206 7.8606
29 118.586 7.2275
30 120.475 8.3758
31 227.757 21.1035
32 115.301 9.0237
33 103.733 7.828
34 94.6164 6.1166
35 109.935 7.1414
36 106.276 6.4615
37 104.634 5.2173
38 129.002 7.5052
39 118.474 8.2839
40 112.528 5.0188
41 111.386 4.957
42 136.004 10.1948
43 122.738 8.4876
44 116.639 7.4737
45 132.478 7.7601
46 110.14 8.5184
47 73.4313 1.2312
48 110.443 6.4961
49 105.948 8.6989
50 111.689 8.3077
51 112.336 6.6998
52 121.984 8.9843
53 191.108 19.7294
54 199.439 18.1702
55 197.596 17.4101
56 125.613 8.8736
57 133.865 8.8878
58 120.368 4.1372
59 136.084 10.2619
60 132.499 8.118
61 139.803 7.5658
62 140.124 8.819
63 124.108 11.2271
64 101.909 5.5534
65 97.1864 4.3412
66 80.5313 3.0879
67 81.8259 2.7013
68 88.2113 2.4835
69 153.509 15.0119
70 123.724 11.627
71 92.2734 5.3075
72 94.3975 4.0535
73 100.009 4.3443
74 113.899 7.6977
75 104.316 6.16
76 103.633 5.9043
77 100.95 4.9975
78 100.178 3.6622
79 101.073 5.9597
80 131.5 8.169
81 125.339 7.1054
82 133.078 9.936
83 143.423 11.2386
84 110.26 6.0914
85 131.043 8.11
86 130.451 8.4632
87 129.106 8.2659
88 100.227 2.1979
89 125.123 9.5325
90 122.042 8.5595
91 58.4472 14.6322
92 63.8045 15.7335
93 73.3545 12.5039
94 71.8226 14.7039
95 92.3257 20.6558
96 70.2739 11.8153
97 72.2576 11.0714
98 90.4069 17.3365
99 84.7082 18.3558
100 65.2153 15.1031
101 60.6315 14.0281
102 79.144 17.2991
103 59.9733 14.8033
104 35.984 16.1414
105 47.9931 15.3011
106 72.8528 12.8194
107 146.145 9.9487
108 87.766 4.3903
109 91.9475 5.3344
110 112.56 4.7591
111 93.7237 3.6949
112 98.3498 6.2256
113 98.7753 3.8272
114 129.611 10.0869
115 140.989 10.5231
116 120.717 9.1551
117 103.889 6.4423
118 135.442 10.2508
119 116.931 6.9822
120 133.326 9.4129
121 124.029 9.6466
122 120.231 9.4217
123 108.354 6.6513
124 131.332 7.9198
125 133.682 9.6647
126 127.557 9.704
127 132.354 9.1305
128 125.721 8.1591
129 124.26 9.2515
130 112.91 7.2765
131 123.474 8.041
132 126.63 9.0033
133 131.921 4.786
134 132.014 6.3092
135 134.601 6.5422
136 131.757 10.2384
137 120.146 5.4188
138 150.63 10.6451
139 119.954 7.3056
140 156.769 9.9023
141 94.2862 6.3432
142 92.2555 5.951
143 92.4286 3.5614
144 91.0757 3.7223
145 95.1252 4.6117
146 122.867 7.7581
147 129.38 8.6508
148 89.3826 4.0141
149 84.9744 4.1232
150 91.7516 3.9587
151 105.357 6.5465
152 96.718 5.7393
153 142.126 8.0636
154 140.812 10.6703
155 140.573 11.7463
156 130.521 8.6157
157 100.787 5.7066
158 124.842 7.314
159 113.026 6.2628
160 112.527 6.5181
161 118.665 7.1266
162 135.693 11.9876
163 150.767 11.2089
164 104.581 5.7054
165 122.082 7.4096
166 129.056 10.0523
167 130.37 9.6256
168 111.051 7.4177
169 125.575 7.2021
170 107.545 9.287
171 129.462 8.7224
172 125.24 10.8401
173 114.558 8.6051
174 113.698 10.2995
175 107.628 7.9326
176 109 5.0741
177 143.931 11.9149
178 129.132 11.1128
179 99.3998 5.3295
180 85.8698 4.3516
181 98.4078 5.8294
182 120.893 7.189
183 92.1103 4.3392
184 81.5994 2.8925
185 136.88 9.5139
186 105.786 8.0565
187 131.421 8.41
188 119.154 7.643
189 122.895 7.5136
190 118.999 8.7153
191 120.796 8.2141
192 107.738 6.5242
193 119.649 9.2416
194 123.066 6.8755
195 114.356 8.6387
196 112.039 6.0945
197 126.376 6.779
198 141.556 11.7157
199 137.371 11.109
200 128.009 10.3134
201 125.896 8.8882
202 114.245 8.2778
203 118.764 9.0725
204 109.135 8.0633
205 113.062 8.9836
206 127.982 9.026
207 80.6108 2.6735
208 83.8757 4.0071
209 133.018 8.7224
210 90.2639 4.2403
211 135.385 8.9713
212 121.331 5.6361
213 152.642 14.6275
214 145.334 11.1206
215 143.379 12.1871
216 126.938 9.5947
217 149.276 13.134
218 127.474 7.3921
219 150.248 13.3567
220 136.855 13.1369
221 134.735 12.3434
222 135.506 12.8093
223 145.678 12.0968
224 136.3 7.8358
225 123.314 7.7435
226 103.02 4.5156
227 102.656 6.0351
228 159.447 13.6121
229 148.346 10.5575
230 150.086 12.9927
231 150.734 12.4892
232 138.546 13.809
233 129.995 10.7418
234 128.609 11.0806
235 146.497 13.3856
236 129.107 11.2292
237 129.515 10.0097
238 145.734 14.8117
239 134.503 10.9188
240 136.696 12.3663
