0 92.9773 5.5189
1 92.6002 8.6626
2 99.859 8.1851
3 102.429 6.8187
4 64.3594 2.953
5 87.8318 6.437
6 109.369 10.2378
7 125.222 10.968
8 113.876 8.9657
9 133.514 9.07
10 114.33 8.7683
11 156.973 13.0033
12 124.863 10.9248
13 139.53 11.6746
14 117.973 8.5703
15 162.366 15.4904
16 135.58 14.1437
17 136.828 8.1936
18 124.873 6.0635
19 111.32 4.9526
20 116.33 5.2773
21 127.065 8.3467
22 111.267 4.3269
23 135.358 13.3811
24 145.956 11.0762
25 112.001 5.0197
26 118.557 6.2811
27 112.111 6.6597
28 119.324 7.8943
29 119.159 7.0719
30 121.071 8.5194
31 212.64 16.4534
32 116.105 8.8975
33 103.826 7.5536
34 95.0663 6.0838
35 110.332 7.0585
36 107.063 6.5434
37 104.777 5.2217
38 129.47 7.752
39 119.385 8.3355
40 113.846 5.294
41 112.37 5.1244
42 137.585 10.2902
43 123.307 8.4997
44 118.059 7.4513
45 134.195 7.6849
46 111.425 9.1763
47 73.3639 1.2303
48 110.091 5.994
49 106.501 8.6226
50 111.772 7.9519
51 112.307 6.7351
52 122.457 8.5349
53 189.264 18.5027
54 199.821 18.0399
55 198.113 18.5334
56 125.315 8.4666
57 133.199 8.5493
58 120.325 3.9189
59 136.836 10.0318
60 132.047 7.6216
61 139.88 7.3017
62 140.158 8.5821
63 127.104 11.4484
64 102.764 5.5663
65 98.0068 4.3972
66 80.6156 3.2535
67 82.3119 2.6536
68 88.4226 2.5539
69 156.892 15.0971
70 126.088 11.9672
71 92.2538 5.305
72 94.3068 4.1396
73 100.011 4.2747
74 113.758 7.7793
75 104.137 5.968
76 104.034 5.8442
77 101.099 5.0414
78 100.14 3.6589
79 100.4 5.9311
80 131.46 8.1331
81 125.315 7.0082
82 133.464 9.9757
83 144.331 11.0221
84 110.436 6.2135
85 131.037 8.0569
86 130.587 8.6739
87 128.523 8.1983
88 195.026 17.8627
89 124.949 9.5788
90 122.425 8.2352
91 123.85 8.4518
92 129.763 9.2432
93 132.457 7.733
94 135.285 8.9397
95 142.957 12.6682
96 115.098 7.0323
97 124.197 6.5433
98 141.935 10.3167
99 143.098 10.9497
100 129.669 9.5132
101 122.234 8.4473
102 137.474 10.0813
103 123.913 8.7498
104 122.937 7.4645
105 114.857 7.8847
106 124.226 7.5282
107 145.378 9.2451
108 87.8155 4.2969
109 92.0028 5.1488
110 112.614 4.7481
111 93.5613 3.6168
112 98.8126 6.3047
113 98.6881 3.7689
114 129.792 9.9704
115 141.157 10.2499
116 121.808 9.5165
117 103.528 6.2986
118 135.31 9.9327
119 116.781 6.9123
120 133.686 9.3364
121 123.8 9.7052
122 119.305 9.1894
123 107.767 6.3998
124 132.976 7.8537
125 131.91 9.4242
126 125.455 9.3743
127 130.888 8.6895
128 124.446 7.5576
129 123.97 8.7618
130 111.856 6.7292
131 122.062 7.6846
132 125.382 8.462
133 132.065 4.7203
134 132.009 6.2305
135 135.194 6.4467
136 132.069 9.8933
137 120.786 5.3188
138 151.228 10.3452
139 120.595 6.9575
140 156.804 9.8204
141 94.8157 6.5153
142 92.1229 5.5978
143 92.1184 3.3225
144 90.5044 3.6903
145 95.4686 4.6733
146 123.657 7.472
147 129.789 8.6597
148 89.4152 3.987
149 85.5979 4.267
150 92.0519 4.0431
151 106.309 6.4802
152 97.8849 5.8965
153 143.326 8.379
154 142.795 10.7418
155 144.359 11.963
156 131.197 8.3137
157 101.011 5.6628
158 125.282 7.3102
159 112.88 6.137
160 112.971 6.3998
161 119.375 7.0405
162 136.643 11.6739
163 150.688 11.183
164 105.092 5.6775
165 122.686 7.4635
166 129.098 9.9355
167 130.847 9.433
168 111.359 7.437
169 126.084 7.2753
170 107.769 8.9272
171 130.892 8.7512
172 125.39 10.4949
173 114.476 8.3176
174 114.8 10.5075
175 108.138 7.6348
176 109.237 4.9803
177 144.912 11.7792
178 130.626 11.2645
179 99.2027 5.138
180 86.1947 4.1361
181 98.8561 5.7209
182 121.49 7.278
183 92.3268 4.3703
184 81.5315 2.8946
185 137.329 9.2065
186 106.07 7.7575
187 132.758 8.5106
188 120.376 7.4587
189 123.519 7.6205
190 119.503 8.3178
191 121.433 8.2965
192 108.674 6.5364
193 121.341 9.1933
194 125.446 7.0855
195 162.903 2.9304
196 112.544 6.1645
197 127.323 6.8939
198 142.933 11.3644
199 138.868 10.9163
200 127.629 9.6895
201 125.384 8.8577
202 113.624 7.9387
203 118.699 8.8698
204 108.554 7.6617
205 112.261 9.137
206 127.744 8.6885
207 102.271 3.0447
208 112.926 4.5534
209 147.013 10.3376
210 119.612 4.9151
211 160.752 10.5479
212 145.294 6.2639
213 180.118 14.8775
214 166.276 13.238
215 149.561 13.1548
216 160.465 10.1071
217 152.536 13.7984
218 130.726 8.0049
219 154.724 14.2532
220 149.345 14
221 154.611 12.5384
222 146.728 13.6684
223 146.435 11.6507
224 134.71 8.3403
225 121.341 7.5806
226 101.801 4.3093
227 101.045 5.7445
228 156.984 13.3209
229 146.013 10.4577
230 148.172 12.7303
231 148.837 11.6266
232 138.448 13.593
233 130.36 10.5828
234 129.105 11.0927
235 146.607 13.4341
236 128.585 11.0201
237 129.414 9.3965
238 145.35 14.7006
239 133.847 10.289
240 136.236 11.7349
