0 92.2475 5.7556
1 91.3531 8.8205
2 98.4781 8.5094
3 101.729 6.9375
4 63.8801 3.0358
5 87.0263 6.656
6 107.764 10.5181
7 124.164 10.8075
8 114.444 9.2289
9 131.502 8.9536
10 112.285 8.7056
11 154.542 13.2696
12 122.396 11.0055
13 136.771 11.3102
14 116.598 8.5633
15 159.429 15.8339
16 132.953 13.5829
17 135.423 8.497
18 124.208 6.1145
19 110.961 5.0803
20 115.464 5.1516
21 125.96 8.4
22 110.906 4.3821
23 134.642 13.4242
24 144.94 11.5365
25 111.096 5.0521
26 117.549 6.1609
27 111.642 7.0505
28 118.573 7.7954
29 118.047 7.0913
30 120.356 8.6909
31 285.211 31.2273
32 115.498 9.4499
33 104.373 7.8896
34 94.6571 6.3665
35 110.625 7.3487
36 106.523 6.8167
37 104.969 5.2965
38 129.826 8.0656
39 119.042 8.6833
40 112.343 5.1457
41 111.317 5.0069
42 135.287 10.1468
43 122.291 8.348
44 116.152 7.1066
45 131.739 7.6512
46 109.404 8.5733
47 73.2995 1.204
48 109.917 6.2407
49 105.634 8.7319
50 111.081 8.2881
51 112.334 6.9461
52 121.462 8.8796
53 189.404 19.6523
54 200.297 18.8297
55 195.532 17.0449
56 124.349 8.5582
57 132.99 8.673
58 119.649 4.0691
59 135.082 10.1635
60 131.474 7.6011
61 139.387 7.1626
62 139.707 8.8471
63 124.302 10.9509
64 101.982 5.7319
65 97.0867 4.414
66 80.5366 3.1073
67 81.7897 2.7616
68 88.296 2.4723
69 154.024 15.085
70 123.869 11.6482
71 91.8501 5.1861
72 94.2909 4.1964
73 99.5997 4.3225
74 114.002 7.7019
75 103.99 6.1466
76 103.463 5.8593
77 100.75 4.9561
78 99.9857 3.6013
79 100.603 5.7845
80 131.194 8.0164
81 125.041 6.7711
82 133.02 9.9643
83 143.969 11.0216
84 110.72 6.3767
85 131.862 7.7895
86 131.346 8.8572
87 129.66 8.2232
88 197.994 18.7005
89 126.35 9.5092
90 124.537 8.4359
91 123.75 8.6655
92 129.396 9.5665
93 132.227 7.9716
94 135.369 9.3348
95 142.245 12.9493
96 114.398 7.1712
97 123.84 6.5754
98 142.286 10.7929
99 140.929 11.2251
100 128.267 10.0452
101 121.384 8.5247
102 136.566 10.5992
103 122.825 8.9159
104 121.914 7.7158
105 113.732 7.8957
106 122.645 7.4826
107 145.707 9.7877
108 89.6181 3.9969
109 93.916 4.9922
110 114.626 4.5809
111 94.7498 3.5413
112 100.654 5.9776
113 99.8501 3.7039
114 132.282 9.5121
115 143.106 9.9537
116 123.223 8.7792
117 105.342 6.2612
118 137.04 9.2901
119 118.372 6.9156
120 135.37 9.2914
121 125.722 9.7689
122 121.469 9.5666
123 109.49 6.4081
124 132.564 8.0291
125 132.759 9.7689
126 126.557 10.0136
127 131.434 9.1203
128 124.678 7.9086
129 123.663 9.198
130 112.339 7.1633
131 123.137 8.0474
132 125.94 8.7199
133 131.349 4.7373
134 131.054 5.9878
135 134.349 6.5002
136 130.891 10.1857
137 119.855 5.3288
138 149.537 9.9169
139 120.42 7.0312
140 156.589 9.8201
141 94.7278 6.4406
142 92.3023 5.889
143 92.2482 3.51
144 90.7944 3.7001
145 95.7463 4.6653
146 123.143 7.585
147 128.591 8.691
148 89.3014 3.8796
149 85.274 4.2133
150 91.5829 4.0559
151 104.954 6.5376
152 96.7228 5.7612
153 142.044 8.5051
154 140.997 10.907
155 140.786 11.693
156 130.674 8.4391
157 100.484 5.7518
158 124.798 7.4064
159 113.079 6.3983
160 112.42 6.3573
161 118.373 7.121
162 136.579 12.3035
163 151.404 11.2719
164 105.383 5.9192
165 122.69 7.4616
166 129.822 10.0695
167 132.168 10.0454
168 112.599 7.4217
169 127.783 7.1516
170 109.337 9.5934
171 130.956 8.8947
172 125.438 10.72
173 114.159 8.2876
174 114.357 10.6229
175 107.186 7.8065
176 109.026 5.1178
177 142.983 12.0876
178 128.115 11.2681
179 99.9619 5.2732
180 86.3094 4.31
181 98.7281 5.9097
182 121.719 7.3078
183 92.5008 4.3769
184 81.5706 3.0358
185 137.338 9.6422
186 105.804 7.8973
187 131.285 8.4733
188 118.658 7.556
189 122.309 7.7113
190 118.65 8.6364
191 121.012 8.5934
192 107.886 6.506
193 119.886 9.1626
194 123.832 6.9393
195 114.829 8.6916
196 112.579 6.3342
197 126.946 6.6668
198 142.921 11.3219
199 138.597 11.3099
200 127.621 9.9585
201 125.425 8.6003
202 114.277 8.2455
203 118.057 8.8502
204 109.216 7.8407
205 112.49 8.6878
206 126.701 8.1884
207 101.92 2.9421
208 111.905 4.4956
209 144.637 10.1531
210 117.981 4.9876
211 158.02 10.4999
212 143.264 6.2484
213 176.56 15.3245
214 162.379 12.9416
215 148.786 13.0885
216 160.643 10.3834
217 151.991 14.4756
218 130.624 7.8019
219 154.102 14.5417
220 148.175 14.4392
221 154.881 13.1653
222 146.936 14.1327
223 144.636 11.6794
224 138.297 7.6999
225 124.521 7.5004
226 103.168 4.3263
227 102.772 5.7396
228 160.142 13.1068
229 148.6 10.6723
230 149.903 12.7594
231 152.005 11.4377
232 142.972 11.8838
233 133.643 10.5177
234 131.943 11.2616
235 150.13 13.8495
236 131.684 11.1926
237 132.125 9.7691
238 148.644 15.2062
239 137.203 10.9082
240 137.583 11.6329
