0 96.2551 5.7926
1 97.3139 9.0514
2 104.59 8.6574
3 106.394 7.2443
4 65.1861 3.0282
5 91.3975 6.7405
6 115.005 10.932
7 131.74 11.1677
8 118.809 9.2843
9 137.138 9.2268
10 118.14 9.0803
11 163.883 13.4203
12 130.095 11.1562
13 144.156 11.8399
14 122.049 8.9133
15 167.652 15.6489
16 140.684 14.2251
17 140.008 8.6432
18 126.737 6.3561
19 113.226 5.0919
20 117.819 5.4633
21 130.304 8.5456
22 112.536 4.4913
23 140.238 13.6157
24 150.094 11.4735
25 114.41 5.3628
26 121.342 6.6394
27 115.31 7.0264
28 124.425 8.2381
29 122.717 7.4737
30 126.598 9.0628
31 210.409 14.2126
32 120.25 9.3251
33 107.393 7.7289
34 97.6972 6.1767
35 113.637 7.1962
36 109.941 6.6556
37 107.226 5.3524
38 133.915 7.8865
39 123.467 8.5754
40 115.079 5.1738
41 113.759 5.0383
42 141.564 10.6155
43 127.09 8.4683
44 120.936 7.5314
45 136.515 7.8969
46 104.995 9.1435
47 76.3937 1.6352
48 112.248 6.2489
49 109.777 8.7223
50 115.162 8.2242
51 114.56 6.8769
52 126.243 9.0348
53 195.412 18.2501
54 201.561 17.5051
55 198.645 17.6501
56 129.801 9.0007
57 137.943 9.2135
58 122.087 4.1941
59 141.746 10.5916
60 136.868 7.9593
61 143.768 7.6488
62 145.35 9.1541
63 132.076 11.5844
64 105.695 5.7763
65 99.8612 4.39
66 82.2171 3.1776
67 82.9648 2.7987
68 89.522 2.5469
69 165.284 15.3295
70 132.408 12.4259
71 95.1743 5.3871
72 96.612 4.2774
73 103.108 4.5745
74 118.668 8.287
75 108.022 6.2885
76 106.279 5.9816
77 103.449 5.1688
78 101.764 3.6929
79 103.592 5.9393
80 134.745 8.1344
81 128.279 7.0743
82 136.752 9.864
83 148.781 10.843
84 114.059 6.3074
85 135.976 8.2464
86 136.02 8.7731
87 133.475 8.4355
88 197.8 17.2393
89 130.356 9.5027
90 126.809 8.4581
91 128.095 8.7927
92 134.904 9.4914
93 135.567 7.8431
94 138.989 9.3445
95 149.487 13.0398
96 117.698 7.1218
97 127.664 6.7826
98 145.71 10.4318
99 148.534 11.6056
100 133.74 9.7915
101 126.725 8.7302
102 142.91 10.869
103 127.399 8.9565
104 127.269 7.8311
105 118.079 8.2206
106 126.851 7.7065
107 149.897 9.7667
108 90.0123 4.8333
109 95.2821 5.4861
110 115.287 4.9026
111 95.8608 3.8003
112 102.778 6.4868
113 101.164 3.9513
114 135.391 10.133
115 146.269 10.5648
116 126.392 9.0575
117 106.994 6.6325
118 139.916 10.0446
119 120.216 6.9635
120 138.533 9.6522
121 129.557 10.0872
122 124.67 9.4142
123 111.489 6.9236
124 135.566 7.9857
125 138.201 9.7511
126 132.456 9.8122
127 136.057 9.0952
128 129.711 7.8856
129 129.058 9.3361
130 115.442 6.9173
131 126.972 8.0951
132 130.371 8.9644
133 134.303 4.9964
134 135.077 6.5473
135 137.723 6.7538
136 137.101 10.3038
137 122.979 5.4529
138 156.637 10.9528
139 123.615 7.2819
140 162.147 10.4965
141 98.1071 6.6161
142 95.2816 5.9068
143 93.5891 3.6062
144 92.5266 3.8737
145 98.0893 4.8312
146 127.578 7.8026
147 135.085 9.0199
148 91.7922 4.2344
149 87.5527 4.4047
150 94.0571 4.2382
151 109.138 6.8878
152 100.866 6.267
153 148.033 8.8179
154 148.494 11.3332
155 150.396 12.3195
156 135.612 8.7937
157 104.081 5.8973
158 129.875 7.4256
159 116.26 6.5283
160 115.439 6.4273
161 122.647 7.2183
162 142.374 12.2097
163 156.344 11.5902
164 107.509 5.914
165 126.81 7.8031
166 134.589 10.4316
167 136.309 10.116
168 115.068 7.7316
169 130.488 7.4253
170 112.37 9.5871
171 135.594 9.4242
172 130.796 10.8293
173 118.597 8.6479
174 120.413 10.8241
175 111.295 7.9741
176 111.323 5.2184
177 150.433 12.1338
178 136.132 11.6462
179 101.361 5.2646
180 88.63 4.3909
181 102.028 6.0131
182 126.016 7.6145
183 94.6203 4.5204
184 82.9074 3.0649
185 142.502 9.7833
186 110.129 8.1657
187 136.279 8.7004
188 123.333 7.8165
189 127.017 7.8599
190 123.538 8.7834
191 125.644 8.8934
192 112.174 6.7414
193 125.66 9.6973
194 128.206 7.4794
195 114.516 8.4066
196 115.914 6.4452
197 130.767 7.1881
198 147.957 11.4352
199 144.636 11.7225
200 132.461 10.1876
201 130.193 8.9058
202 119.053 8.6577
203 123.1 8.9655
204 113.005 8.1287
205 117.245 9.1758
206 131.225 8.6036
207 103.256 3.0811
208 115.28 4.723
209 153.009 11.0405
210 122.349 5.0543
211 167.032 10.8676
212 149.019 6.6485
213 189.133 15.1052
214 172.993 13.1924
215 155.018 13.3188
216 164.923 10.4912
217 160.267 14.6642
218 134.108 8.1573
219 160.433 14.44
220 154.682 14.6499
221 159.768 12.9657
222 152.649 13.8848
223 151.142 12.2792
224 140.268 8.095
225 126.957 7.916
226 103.961 4.4257
227 105.295 5.9869
228 165.084 13.6697
229 152.778 10.7363
230 155.899 13.116
231 157.498 12.4648
232 147.498 13.7296
233 136.207 10.7956
234 135.695 11.4813
235 154.328 13.8649
236 135.132 11.4401
237 136.035 9.9103
238 153.922 14.8849
239 140.611 10.7754
240 143.442 12.4529
