0 96.7409 6.032
1 99.2815 9.29
2 105.952 8.7576
3 107.972 7.5804
4 65.7869 3.2137
5 92.344 7.3269
6 117.518 11.401
7 134.09 12.2569
8 120.492 9.8223
9 141.611 9.5191
10 121.619 9.5252
11 169.32 14.5097
12 135.548 12.1081
13 148.24 12.7145
14 125.32 9.9578
15 173.719 16.9716
16 146.553 15.7118
17 141.85 9.1086
18 127.99 6.6818
19 114.122 5.2482
20 119.382 5.7652
21 132.081 9.1645
22 113.938 4.688
23 143.558 15.2129
24 152.602 12.6175
25 114.895 5.293
26 122.339 7.1192
27 115.941 7.2
28 125.129 8.3435
29 123.84 7.8509
30 127.703 9.5331
31 379.781 41.5885
32 124.175 9.9218
33 109.933 8.3928
34 99.8278 6.5717
35 116.271 7.9454
36 111.958 7.0044
37 109.047 5.6723
38 136.399 8.3945
39 126.127 9.1248
40 116.819 5.5625
41 115.355 5.2795
42 144.801 11.2531
43 129.51 9.1183
44 123.223 7.8507
45 138.559 8.4198
46 107.667 9.4801
47 76.1612 1.5968
48 114.053 6.6254
49 111.915 9.5115
50 117.856 8.8444
51 117.324 7.6148
52 128.59 9.3553
53 195.744 17.8055
54 200.768 17.1579
55 202.272 18.4193
56 132.375 9.2049
57 141.436 9.8571
58 123.261 4.469
59 144.819 11.4538
60 139.667 7.981
61 146.761 8.1968
62 148.82 9.734
63 137.279 12.4056
64 107.586 6.1399
65 101.733 4.8309
66 82.7971 3.4142
67 84.0836 2.9122
68 90.2202 2.7583
69 170.225 16.184
70 137.363 12.9548
71 96.6273 5.6513
72 97.7532 4.4339
73 104.292 4.7991
74 121.159 8.5852
75 109.266 6.6081
76 109.312 6.4004
77 105.242 5.4674
78 102.888 4.1624
79 106.391 6.5302
80 138.409 8.9079
81 131.209 7.963
82 141.186 10.7358
83 153.571 12.1366
84 115.369 6.775
85 137.144 8.723
86 137.443 9.5094
87 134.839 8.6621
88 196.99 16.9762
89 132.576 9.8873
90 128.343 8.9348
91 132.219 9.4244
92 139.399 10.2038
93 139.71 8.4552
94 142.951 10.0089
95 154.759 13.7433
96 120.484 7.5521
97 130.551 7.1611
98 150.443 11.3537
99 153.908 12.2475
100 138.51 10.4883
101 129.824 9.5007
102 146.744 11.0369
103 131.423 10.0816
104 129.098 8.5083
105 122.121 9.0156
106 130.27 8.2504
107 153.426 10.5121
108 92.0335 4.8078
109 96.9228 5.7016
110 116.914 5.2073
111 96.7038 3.9768
112 104.491 6.8321
113 102.21 4.0807
114 138.941 10.7804
115 149.464 11.0692
116 128.557 9.222
117 109.301 6.8496
118 144.643 10.5349
119 122.772 7.5627
120 141.645 10.129
121 132.412 11.0726
122 127.966 10.3006
123 114.065 7.1609
124 138.085 8.5862
125 141.017 10.2296
126 135.614 10.4014
127 138.423 9.6523
128 131.404 8.4123
129 131.055 9.8109
130 117.876 7.4165
131 128.92 8.4672
132 132.469 9.4423
133 135.691 5.1048
134 136.557 6.7175
135 139.907 7.2295
136 138.977 11.0903
137 124.784 6.0487
138 159.714 11.7759
139 125.354 7.5835
140 166.137 11.1879
141 99.9044 7.1423
142 96.6137 6.2764
143 94.5736 3.6152
144 93.3034 3.9328
145 99.3343 4.9833
146 129.662 8.3042
147 137.318 9.4399
148 92.7523 4.3853
149 88.737 4.6762
150 95.0018 4.2667
151 111.337 7.125
152 102.495 6.4312
153 149.926 9.0162
154 151.078 11.8274
155 154.814 13.3061
156 139.66 9.1537
157 105.965 6.1403
158 132.283 7.9701
159 118.767 7.0326
160 117.919 6.7908
161 124.757 7.7424
162 146.057 12.9138
163 160.814 12.2499
164 109.325 5.9839
165 129.318 8.0183
166 137.483 10.6685
167 139.453 10.6825
168 117.709 8.0665
169 132.723 7.861
170 115.484 9.7876
171 137.924 9.9528
172 133.733 11.9301
173 121.36 9.1409
174 122.452 11.554
175 113.664 8.4499
176 112.913 5.6026
177 154.038 13.024
178 139.471 12.6296
179 102.979 5.6408
180 89.7927 4.5053
181 104.693 6.4192
182 128.183 7.9099
183 96.0648 4.7672
184 83.8561 3.2266
185 146.832 10.105
186 112.717 8.363
187 139.357 9.0583
188 126.492 8.3727
189 129.79 8.145
190 127.132 9.0864
191 128.607 9.3108
192 113.513 6.9341
193 127.781 10.1658
194 129.527 7.5514
195 115.994 8.4491
196 116.682 6.5686
197 131.937 7.3564
198 150.163 12.1432
199 146.693 12.4989
200 136.252 11.0413
201 133.307 9.7776
202 121.46 9.1626
203 126.97 9.7862
204 115.549 8.4866
205 120.3 9.9671
206 134.049 9.3986
207 104.032 3.1758
208 116.536 4.9248
209 156.737 11.3279
210 123.571 5.2971
211 170.141 11.2489
212 150.478 6.9682
213 192.074 14.8996
214 176.059 13.9089
215 160.551 14.48
216 170.012 11.2681
217 165.614 15.1277
218 137.567 8.7256
219 166.532 15.1492
220 160.871 15.5161
221 165.61 13.8203
222 157.411 15.4199
223 155.516 13.008
224 143.365 8.6962
225 129.778 8.4445
226 105.68 4.6453
227 107.257 6.2598
228 170.401 14.078
229 157.47 11.8018
230 160.783 13.6019
231 161.991 12.793
232 153.508 14.356
233 139.839 11.2817
234 139.853 12.0589
235 158.887 14.891
236 139.776 11.8794
237 139.084 10.7074
238 154.68 14.9011
239 143.801 11.6438
240 148.102 12.945
