0 97.3186 5.9508
1 100.76 9.3378
2 107.315 8.9979
3 108.215 7.3758
4 66.0204 3.1028
5 93.4548 6.9447
6 118.502 11.1222
7 134.602 11.9111
8 121.491 9.5981
9 143.32 9.9246
10 123.459 9.4919
11 173.02 14.173
12 137.534 12.1397
13 151.368 12.6038
14 127.257 9.5397
15 177.47 16.2705
16 150.189 15.5298
17 144.656 9.3175
18 130.341 6.8047
19 115.532 5.4381
20 121.038 5.8928
21 133.819 9.2122
22 114.847 4.8259
23 146.769 15.312
24 156.04 12.5739
25 114.805 5.3889
26 122.57 6.7599
27 116.736 7.1792
28 126.429 8.6028
29 124.37 7.5863
30 129.059 9.3475
31 217.451 15.7185
32 125.124 9.5883
33 110.149 8.2037
34 100.244 6.5158
35 116.634 7.5837
36 112.977 7.0512
37 109.826 5.5381
38 137.44 8.2444
39 127.346 8.9697
40 117.838 5.5212
41 116.704 5.4265
42 147.327 11.221
43 132.21 9.2107
44 125.028 7.976
45 140.617 8.5005
46 111.205 9.685
47 76.1829 1.55
48 115.184 6.7198
49 113.678 9.189
50 119.091 8.8448
51 117.914 7.3962
52 129.691 9.4752
53 198.958 18.2443
54 205.546 17.9677
55 201.02 17.5893
56 133.866 9.3576
57 142.327 9.5402
58 123.432 4.2599
59 146.203 11.1929
60 140.056 8.291
61 147.174 8.0584
62 149.515 9.3128
63 136.157 11.8609
64 107.057 5.9442
65 101.531 4.6274
66 82.8791 3.3109
67 84.1917 2.9107
68 90.386 2.574
69 170.735 15.5964
70 137.791 13.0183
71 97.258 5.6856
72 98.2591 4.3017
73 104.747 4.7961
74 122.445 8.5709
75 110.529 6.5531
76 109.271 6.3456
77 105.527 5.256
78 102.927 3.7733
79 106.316 6.1739
80 138.482 8.669
81 131.691 7.5881
82 141.775 10.4448
83 154.372 11.5483
84 116.506 6.6274
85 138.443 8.5882
86 139.273 9.0617
87 135.892 8.5552
88 198.288 17.005
89 134.194 9.8185
90 130.757 8.9256
91 131.117 9.0986
92 138.195 9.9402
93 138.378 8.0705
94 142.183 9.5115
95 154.71 13.2842
96 120.023 7.3914
97 129.537 7.0087
98 149.142 10.8453
99 153.192 12.0914
100 138.417 10.1893
101 130.518 9.2459
102 147.506 10.9464
103 131.414 9.5283
104 129.323 8.0856
105 121.918 8.635
106 129.867 7.9137
107 153.457 10.2016
108 92.5493 4.9288
109 97.6388 5.5611
110 117.859 5.0471
111 97.2666 3.8821
112 105.272 6.6948
113 102.618 4.0868
114 139.939 10.4888
115 150.542 10.7413
116 130.782 9.0828
117 110.485 6.9363
118 146.196 10.8396
119 123.929 7.4255
120 142.854 10.1063
121 134.763 10.5405
122 128.696 9.9773
123 115.366 7.222
124 138.954 8.5799
125 142.909 10.0874
126 136.668 10.2285
127 140.417 9.529
128 132.941 8.3802
129 132.525 9.6398
130 118.694 7.4349
131 129.778 8.331
132 133.918 9.3244
133 136.018 5.1585
134 136.965 6.7688
135 140.172 6.973
136 139.911 10.7437
137 124.803 5.9039
138 160.503 11.3146
139 125.572 7.6508
140 166.382 10.8631
141 101.109 7.1032
142 97.5534 6.2743
143 95.1107 3.7017
144 94.0328 3.993
145 99.9147 5.0508
146 130.411 7.9415
147 138.814 9.4284
148 93.2033 4.2704
149 88.6592 4.4707
150 95.2372 4.2331
151 111.557 7.1315
152 103.303 6.4204
153 150.342 9.0167
154 152.315 11.442
155 155.553 12.6678
156 140.606 9.0921
157 106.565 6.2324
158 132.904 7.8725
159 119.482 6.9095
160 118.271 6.6519
161 125.579 7.5767
162 148.419 12.9558
163 162.437 12.2113
164 110.094 6.1776
165 130.09 8.2547
166 138.445 10.9857
167 140.453 10.5018
168 118.261 8.2085
169 133.135 7.7683
170 116.561 10.1232
171 139.377 9.5538
172 135.307 11.5283
173 122.604 9.1461
174 123.472 11.4228
175 114.822 8.4637
176 113.024 5.4918
177 156.171 12.8476
178 141.572 12.341
179 103.451 5.497
180 90.009 4.5568
181 105.044 6.3196
182 128.81 7.989
183 96.378 4.776
184 83.8896 3.184
185 146.774 10.1369
186 113.474 8.6035
187 140.655 9.1578
188 127.376 8.1419
189 130.699 8.2795
190 127.681 9.3358
191 130.499 9.1796
192 113.962 6.8611
193 129.177 9.7229
194 130.323 7.5772
195 116.739 8.5979
196 117.426 6.5139
197 132.65 7.2512
198 150.477 11.8503
199 147.666 11.7592
200 137.573 10.7855
201 134.344 9.4247
202 122.846 8.9075
203 127.685 9.53
204 116.778 8.4409
205 121.736 9.589
206 135.261 9.0519
207 104.211 3.1554
208 116.856 4.8628
209 157.885 11.3712
210 123.763 5.1843
211 171.973 11.1647
212 151.153 6.8184
213 193.195 14.5041
214 177.862 13.6802
215 160.244 13.9818
216 169.466 10.8949
217 165.64 15.0734
218 136.709 8.5383
219 167.085 15.123
220 161.785 15.1895
221 164.957 13.4713
222 157.338 14.5793
223 155.989 12.8596
224 144.228 8.6454
225 130.449 8.1448
226 106.194 4.666
227 107.994 6.3138
228 171.347 13.9423
229 158.449 11.2596
230 161.851 13.4448
231 164.113 12.7938
232 154.306 14.0652
233 141.83 11.2976
234 141.583 12.1195
235 160.816 14.3712
236 141.333 12.0214
237 140.87 10.6501
238 156.276 14.6562
239 145.719 11.4929
240 150.375 13.1615
