0 96.9328 5.8658
1 99.8244 9.254
2 105.951 8.8939
3 107.687 7.3912
4 65.8014 3.1304
5 92.6158 7.0538
6 118.003 11.1399
7 134.161 11.738
8 122.478 9.9212
9 141.236 9.8109
10 121.467 9.417
11 169.222 14.0529
12 135.512 11.9939
13 148.369 12.4244
14 125.153 9.3985
15 173.772 16.2103
16 146.551 14.6224
17 142.459 8.8079
18 128.473 6.4539
19 114.461 5.3121
20 119.811 5.7149
21 132.715 9.0605
22 113.875 4.6933
23 143.634 14.4768
24 153.452 12.2757
25 114.742 5.3603
26 122.139 6.8093
27 115.96 7.1497
28 125.528 8.4474
29 123.782 7.6294
30 128.249 9.4131
31 211.8 14.5089
32 124.478 9.6299
33 109.973 7.9876
34 99.9548 6.3828
35 116.475 7.5911
36 112.871 7.0846
37 109.471 5.664
38 137.083 8.3335
39 127.002 9.0131
40 116.997 5.4256
41 115.922 5.3034
42 145.148 10.8684
43 130.602 9.1373
44 123.118 7.8926
45 138.958 8.2706
46 108.755 9.4204
47 76.1855 1.5737
48 114.846 6.7746
49 113.305 9.1377
50 118.771 8.9453
51 118.089 7.5234
52 129.686 9.4623
53 197.924 17.6737
54 204.987 17.6844
55 200.793 17.1276
56 132.957 9.2278
57 141.271 9.1692
58 123.291 4.2662
59 145.093 10.8859
60 139.983 8.3966
61 146.9 8.0246
62 148.732 9.3825
63 135.805 12.0001
64 106.814 5.7751
65 101.177 4.5884
66 82.9485 3.2726
67 83.7334 2.9047
68 90.0178 2.6418
69 169.52 15.3982
70 136.801 12.6534
71 96.8559 5.6737
72 97.7359 4.4114
73 104.368 4.7865
74 121.676 8.5268
75 109.835 6.5073
76 109.097 6.2429
77 105.173 5.3313
78 102.775 3.894
79 106.417 6.3121
80 138.028 8.446
81 130.972 7.4474
82 141.068 10.4669
83 153.81 11.4178
84 115.986 6.5879
85 137.887 8.536
86 138.281 9.1092
87 135.145 8.5519
88 198.783 17.0474
89 132.815 10.0745
90 129.228 8.8638
91 131.511 9.1848
92 138.469 9.9285
93 139.077 8.1872
94 142.17 9.7832
95 154.502 13.6271
96 120.125 7.5059
97 129.944 7.1867
98 149.807 11.1317
99 152.421 11.9239
100 137.275 10.2879
101 129.364 9.2873
102 146.062 11.3633
103 131.249 9.4944
104 128.522 8.0003
105 121.477 8.7725
106 129.255 7.9911
107 152.922 10.3081
108 91.4481 5.0628
109 96.7852 5.5608
110 117.002 5.0887
111 96.9932 3.9488
112 104.573 6.7105
113 102.223 4.1083
114 139.037 10.6103
115 149.552 10.8397
116 128.119 9.158
117 108.623 6.7685
118 143.508 10.3386
119 122.2 7.2878
120 140.342 9.9987
121 132.509 10.3367
122 126.733 9.8599
123 113.497 7.1256
124 138.085 8.4325
125 143.768 10.3514
126 137.631 10.4684
127 141.123 9.6363
128 133.943 8.546
129 133.304 9.9755
130 119.48 7.5682
131 130.816 8.5377
132 134.898 9.5621
133 135.535 5.0786
134 136.513 6.7476
135 139.639 6.9687
136 139.389 10.5869
137 124.195 5.8456
138 160.253 11.4034
139 124.828 7.4517
140 165.403 10.85
141 100.166 7.1155
142 96.7504 6.1025
143 94.7962 3.6964
144 93.4979 3.9261
145 99.5138 5.0092
146 130.042 8.0975
147 137.763 9.3858
148 92.8839 4.2795
149 88.6202 4.5555
150 95.3145 4.3725
151 111.548 7.0261
152 102.619 6.352
153 150.022 8.9984
154 151.202 11.2966
155 154.998 12.9037
156 139.756 9.0569
157 106.217 6.0998
158 132.134 7.883
159 119.103 6.9237
160 117.506 6.725
161 125.071 7.5922
162 146.427 12.8524
163 160.847 12.1944
164 109.374 6.0059
165 128.871 8.0804
166 137.688 10.7385
167 139.431 10.5391
168 117.454 8.1003
169 132.741 7.8238
170 115.275 10.0244
171 138.344 9.7432
172 134.054 11.6877
173 121.723 9.0405
174 122.846 11.2449
175 114.002 8.2749
176 112.708 5.4619
177 154.777 12.7957
178 140.799 12.2644
179 102.99 5.5257
180 89.7381 4.6149
181 104.783 6.2934
182 128.131 7.8316
183 96.0894 4.696
184 83.812 3.1525
185 146.216 10.1087
186 112.685 8.554
187 139.842 9.1876
188 126.854 8.2926
189 130.35 8.2172
190 127.33 9.347
191 129.346 9.309
192 114.408 6.9904
193 128.844 9.7959
194 130.597 7.6264
195 117.229 8.7192
196 117.488 6.4687
197 132.96 7.4231
198 150.975 11.7845
199 148.202 12.1184
200 136.443 10.8947
201 132.651 9.3952
202 121.374 8.607
203 126.517 9.5128
204 114.965 8.3092
205 120.212 9.7681
206 133.627 8.8639
207 103.794 3.1453
208 116.097 4.8928
209 156.378 11.1584
210 123.001 5.1618
211 169.652 11.1604
212 149.674 6.7914
213 192.722 15.3714
214 175.693 13.5162
215 160.903 13.9864
216 170.062 11.004
217 166.659 15.2876
218 137.747 8.6214
219 167.389 15.1003
220 162.09 15.1846
221 165.731 13.6597
222 158.298 14.6966
223 155.667 12.8641
224 144.252 8.93
225 130.767 8.2844
226 106.343 4.7254
227 107.897 6.3539
228 171.614 14.1982
229 158.975 11.6224
230 162.043 13.7221
231 163.629 13.0648
232 151.873 14.2263
233 139.218 11.3385
234 139.048 12.0946
235 158.346 14.3092
236 139.2 12.041
237 138.904 10.7637
238 155.189 14.8622
239 143.577 11.4631
240 146.931 12.6468
