0 100.148 6.1188
1 105.142 9.7307
2 111.882 9.388
3 111.713 7.5931
4 67.2794 3.2718
5 96.8612 7.2343
6 124.707 11.7355
7 140.582 12.1822
8 125.625 9.8145
9 149.199 10.1968
10 129.211 9.8278
11 180.749 14.0405
12 145.412 12.6541
13 157.789 12.9655
14 130.744 9.8118
15 183.396 15.6964
16 157.304 15.9487
17 147.78 9.5115
18 132.092 6.9328
19 117.382 5.5046
20 122.93 5.9321
21 136.949 9.2387
22 115.921 4.8593
23 150.436 15.0357
24 159.281 12.4356
25 117.146 5.5687
26 125.531 6.9171
27 120.371 7.5233
28 130.836 8.9067
29 128.987 8.1334
30 134.157 9.7579
31 216.097 14.4183
32 130.793 10.2906
33 114.59 8.3146
34 103.835 6.7284
35 120.873 7.7273
36 116.626 7.2735
37 113.228 5.8461
38 142.365 8.6168
39 133.27 9.2372
40 120.631 5.5896
41 118.69 5.3947
42 152.527 11.3105
43 137.027 9.3689
44 128.996 8.1606
45 144.106 8.6229
46 115.432 9.5446
47 73.9331 1.1435
48 117.504 6.9312
49 117.268 9.4503
50 123.147 9.1978
51 121.219 7.5515
52 134.484 9.7613
53 200.261 16.6413
54 202.917 15.9574
55 200.139 16.0826
56 140.254 9.9992
57 149.076 10.1056
58 126.214 4.6177
59 154.039 11.761
60 146.309 8.8953
61 152.864 8.4001
62 155.918 9.9941
63 143.727 12.5104
64 110.765 6.1758
65 103.98 4.8309
66 84.5477 3.4161
67 85.1501 2.9781
68 91.4364 2.7378
69 180.139 15.7637
70 145.777 13.5104
71 99.9173 5.8349
72 100.21 4.5043
73 106.715 4.8532
74 126.766 8.7859
75 113.461 6.7383
76 113.687 6.6632
77 109.628 5.5592
78 105.531 4.0089
79 110.715 6.5977
80 144.844 8.9597
81 137.717 7.9223
82 149.003 10.9539
83 163.526 12.0942
84 120.204 6.8565
85 142.741 8.7862
86 143.913 9.4322
87 140.999 8.8779
88 199.38 15.3455
89 138.252 9.878
90 136.066 9.3173
91 135.603 9.2817
92 144.435 10.3392
93 143.403 8.4908
94 146.422 9.7905
95 162.01 13.8813
96 124 7.6223
97 133.788 7.2607
98 154.679 11.1139
99 159.835 12.5221
100 143.298 10.2924
101 134.933 9.5164
102 153.346 11.6703
103 135.939 9.7744
104 133.933 8.4173
105 125.779 8.9342
106 134.155 8.297
107 159.55 10.8898
108 96.8254 4.3741
109 102.299 5.5403
110 122.132 5.058
111 99.8493 3.8397
112 111.624 6.6173
113 105.978 4.0274
114 149.268 10.7099
115 159.6 10.7256
116 138.169 8.9451
117 116.128 7.0982
118 155.079 10.8449
119 129.622 7.5387
120 150.687 10.3745
121 142.064 10.8911
122 136.767 10.2898
123 120.12 7.4139
124 144.077 8.7772
125 148.411 10.5356
126 143.736 10.5929
127 146.419 9.8866
128 137.777 8.7324
129 137.822 10.1644
130 121.904 7.6529
131 134.249 8.7019
132 138.198 9.5138
133 138.164 5.2887
134 140.396 7.0006
135 143.846 7.2885
136 145.809 11.375
137 127.066 5.9738
138 165.568 11.6211
139 128.73 8.1353
140 170.158 11.1867
141 103.658 7.1944
142 100.975 6.5966
143 96.3899 3.827
144 93.3718 3.483
145 101.855 5.1319
146 135.171 8.4705
147 143.679 9.8348
148 95.8422 4.5516
149 91.9181 4.7559
150 98.2314 4.6046
151 116.793 7.4849
152 107.284 6.7032
153 157.473 9.6019
154 161.19 12.2638
155 164.729 13.4238
156 145.684 9.5001
157 109.792 6.3989
158 137.405 8.0204
159 123.937 7.2273
160 121.042 6.9628
161 130.925 7.8535
162 155.742 13.2532
163 169.721 12.4323
164 112.601 6.4892
165 133.574 8.6753
166 142.247 11.1071
167 145.578 10.9262
168 122.623 8.5404
169 137.381 8.1419
170 121.09 10.305
171 143.522 9.9814
172 142.31 12.1953
173 127.963 9.4664
174 128.972 11.6808
175 119.677 8.7478
176 115.904 5.6402
177 162.808 13.3265
178 148.053 12.6755
179 106.01 5.6075
180 92.1596 4.8002
181 108.842 6.6625
182 133.48 8.2338
183 98.7347 4.8795
184 85.3674 3.3349
185 152.474 10.6411
186 117.636 8.9204
187 145.265 9.6205
188 131.432 8.4191
189 134.906 8.5983
190 132.406 9.673
191 135.242 9.4489
192 118.297 7.2618
193 134.348 10.1381
194 134.909 7.8065
195 122.797 9.0869
196 121.549 6.7731
197 137.312 7.6292
198 158.031 12.1421
199 155.383 12.1148
200 143.865 11.2694
201 140.174 9.8664
202 127.845 9.239
203 133.124 9.9814
204 121.569 8.8536
205 127.324 10.1348
206 140.453 9.2821
207 105.69 3.2604
208 119.622 5.0995
209 165.733 11.8756
210 126.586 5.3698
211 178.559 11.5821
212 155.444 7.0693
213 202.784 14.7465
214 186.46 13.6186
215 168.084 14.1903
216 175.057 11.184
217 173.79 15.1284
218 141.292 8.9321
219 173.945 15.2048
220 167.764 15.2129
221 171.38 13.6056
222 166.245 15.1114
223 162.084 13.184
224 152.031 9.2288
225 137.087 8.1628
226 109.357 4.6647
227 112.349 6.1039
228 182.27 13.472
229 166.726 11.4772
230 172.98 13.2495
231 174.866 12.8166
232 166.741 13.6907
233 153.285 11.8678
234 152.786 12.4851
235 172.59 14.281
236 151.965 12.4572
237 149.658 11.0122
238 160.75 14.0575
239 154.485 12.1403
240 159.221 13.3393
