0 99.1697 6.1598
1 103.871 9.8525
2 109.959 9.3409
3 110.71 7.7121
4 66.6767 3.2657
5 95.4269 7.3348
6 122.866 11.8467
7 138.492 12.2626
8 123.203 9.8706
9 143.48 9.8061
10 124.291 9.5875
11 173.413 13.8959
12 139.108 12.1564
13 151.895 12.5291
14 126.887 9.5871
15 177.748 16.3016
16 151.096 15.3035
17 144.714 9.2449
18 129.941 6.7202
19 115.724 5.4101
20 121.007 5.8264
21 134.511 9.2845
22 114.561 4.7321
23 147.459 15.0615
24 156.726 12.5104
25 115.659 5.5312
26 123.8 7.0006
27 118.173 7.2946
28 128.202 8.8831
29 126.08 7.7555
30 131.355 9.585
31 214.396 14.4168
32 127.767 10.1463
33 112.811 8.2454
34 102.017 6.7011
35 119.048 7.7822
36 114.536 7.1924
37 111.236 5.7605
38 139.46 8.5435
39 129.923 9.3108
40 118.513 5.4455
41 117.012 5.3566
42 147.555 11.225
43 132.91 9.261
44 125.543 7.9734
45 140.249 8.5259
46 111.878 9.4311
47 74.0368 1.249
48 115.745 6.7814
49 114.906 9.4123
50 120.523 9.0839
51 118.537 7.3587
52 130.943 9.3437
53 199.186 17.4294
54 202.221 16.6531
55 200.848 17.092
56 135.059 9.3278
57 143.05 9.3205
58 124.008 4.2758
59 148.024 11.1646
60 141.581 8.4982
61 148.383 8.0718
62 150.338 9.4389
63 139.313 12.3476
64 109.178 5.9879
65 102.719 4.79
66 83.9003 3.4231
67 84.4681 2.9878
68 90.7832 2.7536
69 174.829 15.9708
70 141.555 13.2288
71 97.944 5.7766
72 98.816 4.4674
73 105.315 4.8475
74 123.414 8.7024
75 110.886 6.6436
76 109.953 6.3595
77 106.641 5.4198
78 103.569 3.9403
79 107.376 6.3863
80 139.163 8.6717
81 132.305 7.6331
82 142.447 10.7083
83 155.473 11.3965
84 116.383 6.542
85 138.424 8.8
86 139.708 9.2553
87 136.284 8.5914
88 198.597 16.8426
89 134.857 9.6408
90 131.954 9.1136
91 134.791 9.6393
92 142.402 10.3127
93 142.02 8.4939
94 145.521 9.9668
95 158.889 13.9293
96 122.652 7.781
97 132.619 7.3472
98 153.616 11.4218
99 156.906 12.3606
100 140.337 10.3937
101 132.581 9.5925
102 150.52 11.5459
103 133.827 9.8453
104 131.525 8.2846
105 124.259 8.9028
106 132.147 8.1136
107 153.89 10.1555
108 93.7789 4.9325
109 99.4048 5.5852
110 119.521 5.0747
111 98.1156 3.88
112 107.915 6.7431
113 104.006 4.1114
114 143.895 10.6542
115 154.762 10.7095
116 132.994 8.7105
117 112.153 6.6466
118 149.044 10.5831
119 125.97 7.4373
120 145.157 10.0399
121 136.409 10.3695
122 131.05 9.7802
123 116.296 7.2203
124 140.527 8.3484
125 145.15 10.4668
126 139.558 10.454
127 142.562 9.8579
128 135.249 8.6491
129 135.136 9.9999
130 120.288 7.6381
131 131.984 8.6591
132 135.621 9.622
133 136.929 5.2618
134 138.717 6.9376
135 141.98 7.1736
136 142.505 11.1599
137 126.08 6.1332
138 162.71 11.6293
139 127.351 7.8472
140 168.491 11.1755
141 101.837 7.3421
142 98.6357 6.2941
143 95.7967 3.6389
144 92.4378 3.5297
145 100.597 5.0058
146 132.53 8.2964
147 140.386 9.6646
148 94.2206 4.3512
149 89.6509 4.6099
150 96.0773 4.3689
151 113.664 7.2986
152 104.6 6.437
153 153.161 9.188
154 155.605 11.6994
155 158.401 12.9918
156 142.004 9.3376
157 107.309 6.1783
158 133.911 7.8622
159 120.325 6.9456
160 118.638 6.608
161 127.464 7.704
162 150.423 13.2045
163 163.572 12.2552
164 110.36 6.1636
165 130.999 8.2674
166 139.364 10.8047
167 142.216 10.5647
168 119.483 8.3493
169 134.717 7.972
170 117.824 10.0862
171 140.312 9.7783
172 137.177 11.7641
173 124.587 9.183
174 125.413 11.3172
175 115.954 8.3942
176 113.988 5.5993
177 158.993 13.2131
178 143.882 12.4786
179 104.719 5.5585
180 90.7174 4.6582
181 106.762 6.5207
182 129.915 8.069
183 97.2848 4.8692
184 84.4696 3.2391
185 148.941 10.6031
186 114.797 8.5346
187 142.295 9.2351
188 129.209 8.369
189 132.222 8.3737
190 129.77 9.4606
191 131.635 9.2635
192 115.81 7.1304
193 131.733 10.2086
194 132.746 7.6833
195 120.086 8.8646
196 119.166 6.717
197 134.681 7.5277
198 154.409 12.1178
199 151.718 12.1237
200 139.461 10.8161
201 136.044 9.4348
202 124.352 9.1589
203 129.689 9.7109
204 118.039 8.5343
205 122.822 9.6946
206 136.145 9.0397
207 104.658 3.1919
208 117.806 4.9931
209 160.222 11.4836
210 124.733 5.3649
211 173.361 11.3539
212 152.127 7.0016
213 196.773 15.0197
214 180.156 13.563
215 163.314 14.2724
216 171.662 11.0505
217 168.496 15.0369
218 138.582 8.8223
219 168.72 15.0201
220 164.321 15.4191
221 167.782 13.5261
222 161.475 14.9005
223 159.417 13.1926
224 148.11 9.0031
225 133.796 8.1515
226 107.878 4.6623
227 110.335 6.2588
228 176.219 13.5953
229 162.337 11.4297
230 166.838 13.417
231 169.103 13.0422
232 158.54 13.633
233 144.723 10.9218
234 144.777 11.9986
235 164.283 14.1294
236 144.165 11.8816
237 143.202 10.6025
238 156.484 14.1788
239 147.06 11.5528
240 152.882 13.2179
