0 99.1287 6.0994
1 103.297 9.5727
2 110.008 9.2398
3 110.396 7.5786
4 66.6188 3.2613
5 95.4576 7.3037
6 122.716 11.6842
7 138.502 12.1725
8 123.904 9.8186
9 145.81 10.0511
10 125.573 9.5887
11 175.454 13.9695
12 141.103 12.4401
13 153.871 12.8113
14 127.997 9.6376
15 179.435 16.3626
16 152.269 15.579
17 145.205 9.2541
18 130.315 6.668
19 116.056 5.4383
20 120.951 5.7242
21 134.812 9.1132
22 114.671 4.7396
23 147.98 14.9542
24 156.64 12.3915
25 115.39 5.455
26 123.33 6.8781
27 117.638 7.2021
28 127.815 8.7121
29 125.667 7.7563
30 130.42 9.6409
31 210.488 13.7668
32 127.466 10.2193
33 112.697 8.2185
34 101.996 6.6094
35 118.997 7.805
36 114.807 7.1425
37 111.545 5.8255
38 140.07 8.6557
39 130.614 9.3472
40 119.736 5.7054
41 118.158 5.5308
42 149.662 11.644
43 134.196 9.5992
44 127.615 8.4512
45 142.552 8.759
46 113.985 9.9541
47 73.8667 1.2204
48 116.31 6.5774
49 115.547 9.5192
50 121.359 9.1102
51 119.607 7.3754
52 132.251 9.6101
53 200.668 17.6499
54 204.648 17.099
55 201.712 17.0045
56 135.924 9.5778
57 144.378 9.7077
58 124.438 4.356
59 148.413 11.389
60 142.119 8.5051
61 148.823 8.1722
62 150.784 9.5541
63 139.568 12.0476
64 109.098 6.0961
65 102.684 4.8174
66 83.8779 3.4559
67 84.6407 2.993
68 90.8542 2.7165
69 175.077 15.6699
70 140.87 13.2091
71 98.5911 5.857
72 99.249 4.5897
73 106.036 4.9332
74 124.349 8.7748
75 111.933 6.7758
76 110.567 6.6035
77 106.89 5.5585
78 103.894 4.0486
79 107.467 6.4945
80 140.664 8.9615
81 133.594 8.0027
82 144.4 11.2677
83 157.167 12.3374
84 116.416 6.812
85 138.264 8.8043
86 138.757 9.4198
87 135.764 8.8986
88 197.2 17.3367
89 133.659 10.2884
90 129.922 8.9838
91 133.388 9.2626
92 141.411 10.0368
93 140.795 8.3349
94 144.474 9.7504
95 157.701 13.7839
96 121.667 7.5039
97 131.575 7.1162
98 152.241 11.067
99 156.016 12.1362
100 139.53 10.2919
101 131.806 9.2952
102 149.883 11.6149
103 133.026 9.5837
104 131.393 8.1961
105 123.522 8.7087
106 131.417 8.1385
107 154.916 10.323
108 92.1748 5.1737
109 98.2025 5.6834
110 118.54 5.2945
111 97.5376 4.006
112 106.191 6.9303
113 103.007 4.2031
114 141.856 10.8679
115 153.083 11.4769
116 131.01 9.2707
117 110.607 6.9389
118 146.634 10.8489
119 124.19 7.6593
120 142.695 10.2026
121 133.771 10.5881
122 128.642 9.9741
123 114.88 7.1732
124 139.814 8.5691
125 145.256 10.2487
126 139.872 10.5422
127 142.712 9.7453
128 135.174 8.5848
129 135.453 9.8478
130 120.209 7.5853
131 132.133 8.3777
132 135.765 9.3587
133 136.831 5.2652
134 138.954 6.9003
135 141.951 7.2047
136 143.217 11.0619
137 125.857 6.0015
138 162.439 11.4162
139 127.009 7.6282
140 168.232 11.0877
141 101.808 7.0362
142 99.0583 6.4667
143 95.7961 3.786
144 92.5301 3.5764
145 100.691 5.1384
146 132.932 8.313
147 140.807 9.5786
148 94.328 4.4412
149 89.7618 4.5655
150 96.2521 4.3088
151 113.363 7.2288
152 104.767 6.3673
153 152.975 9.0386
154 155.609 11.7429
155 159.019 13.1615
156 142.089 9.3064
157 107.606 6.2266
158 133.973 7.9081
159 120.388 7.0377
160 118.711 6.677
161 127.305 7.7651
162 149.9 13.1446
163 163.711 12.5489
164 111.584 6.3527
165 132.264 8.3632
166 141.053 11.0137
167 143.985 10.9153
168 121.255 8.4054
169 136.311 8.2794
170 119.54 10.3601
171 142.255 9.9141
172 138.207 11.8304
173 124.635 9.2256
174 125.737 11.5457
175 116.51 8.3377
176 114.11 5.5806
177 159.39 13.0994
178 144.07 12.4322
179 104.808 5.6183
180 90.8953 4.6701
181 107.038 6.4839
182 130.799 8.1001
183 97.8083 4.9119
184 84.6435 3.255
185 150.344 10.6463
186 115.926 8.6381
187 143.634 9.5239
188 129.685 8.4121
189 133.065 8.4107
190 130.059 9.43
191 132.755 9.4891
192 116.612 7.2707
193 131.941 10.278
194 133.096 7.9303
195 120.301 8.9791
196 119.56 6.8368
197 135.091 7.6426
198 155.491 12.5071
199 152.101 12.2752
200 139.762 11.1703
201 136.106 9.885
202 123.443 8.9829
203 128.998 9.7908
204 117.214 8.5558
205 122.354 10.1512
206 136.601 9.3777
207 104.785 3.1572
208 117.966 4.9472
209 161.743 11.5193
210 124.745 5.2824
211 174.128 11.372
212 152.663 6.9588
213 197.228 14.8252
214 180.711 13.719
215 164.206 14.0967
216 171.825 11.1411
217 170.305 15.2599
218 139.4 8.7501
219 169.648 15.0128
220 164.354 15.1493
221 168.497 13.5991
222 161.554 15.0455
223 158.818 12.9519
224 145.524 9.036
225 131.524 8.3469
226 106.93 4.7737
227 108.655 6.3815
228 172.989 14.1308
229 160.083 11.7542
230 164.421 13.6872
231 166.011 13.1091
232 156.734 14.3917
233 143.495 11.7819
234 143.684 12.6262
235 163.961 14.8828
236 143.516 12.5786
237 143.128 11.0112
238 157.656 14.9563
239 147.398 11.7588
240 150.454 13.4757
