0 98.1384 5.919
1 102.424 9.4426
2 108.875 9.054
3 109.66 7.2833
4 66.5114 3.1228
5 94.7881 7.1122
6 121.556 11.307
7 136.945 11.6777
8 123.048 9.7711
9 144.434 9.7392
10 125.027 9.606
11 174.461 13.9735
12 139.867 12.2074
13 152.879 12.8341
14 127.343 9.2669
15 178.316 15.9411
16 151.839 15.2974
17 144.498 9.0546
18 129.908 6.7957
19 115.713 5.4052
20 120.888 5.7304
21 134.21 8.9432
22 114.243 4.6697
23 147.036 14.7471
24 156.016 12.321
25 115.556 5.4362
26 123.432 6.813
27 117.945 7.3323
28 127.993 8.6104
29 126.042 7.8655
30 130.433 9.4248
31 216.654 15.0583
32 127.14 10.2008
33 112.271 8.4017
34 101.695 6.5458
35 118.776 7.6348
36 114.276 7.2507
37 110.99 5.6739
38 139.416 8.5148
39 129.628 9.1692
40 118.794 5.5892
41 117.088 5.4243
42 147.975 11.3845
43 133.074 9.3181
44 125.758 8.115
45 140.811 8.313
46 111.627 9.9001
47 73.9823 1.2295
48 115.888 6.6986
49 114.59 9.1854
50 120.748 8.9404
51 118.681 7.2778
52 131.258 9.6312
53 200.717 17.829
54 201.508 16.0981
55 200.574 16.9291
56 136.622 9.7233
57 145.694 9.9123
58 124.378 4.4323
59 149.566 11.5147
60 142.77 8.7075
61 149.675 8.3866
62 151.957 9.9495
63 138.616 12.216
64 108.305 5.9888
65 101.989 4.7326
66 83.4161 3.333
67 84.2028 2.9266
68 90.4461 2.7095
69 172.773 15.7532
70 139.74 13.1442
71 97.7108 5.5297
72 98.4693 4.4546
73 104.862 4.8215
74 122.382 8.58
75 110.349 6.6536
76 109.696 6.443
77 106.395 5.5176
78 103.299 3.9591
79 106.573 6.545
80 139.094 8.8381
81 132.45 7.9165
82 142.654 11.3534
83 155.326 12.3396
84 116.099 6.9976
85 138.367 9.0584
86 138.398 9.7013
87 136.019 8.9292
88 198.089 17.0442
89 133.817 10.0868
90 130.471 9.2437
91 134.437 9.5919
92 142.831 10.2606
93 141.918 8.5413
94 145.814 9.8504
95 159.292 13.7698
96 122.636 7.6333
97 132.509 7.309
98 153.322 11.4777
99 154.875 12.2204
100 138.75 10.1386
101 131.309 9.1334
102 149.168 11.3321
103 132.611 9.4116
104 130.914 8.209
105 122.997 8.6689
106 131.087 7.9747
107 156.341 10.5695
108 92.8443 5.0978
109 98.0945 5.8171
110 118.91 5.3043
111 97.8025 4.0165
112 107.121 6.9298
113 103.471 4.1121
114 142.61 11.1209
115 154.292 11.4439
116 130.556 8.9243
117 110.283 6.8903
118 146.767 10.8189
119 123.961 7.4511
120 142.973 10.0994
121 133.92 10.5342
122 129.17 9.9366
123 114.803 7.3581
124 140.463 8.6095
125 144.356 10.2013
126 138.637 10.2912
127 142.13 9.5409
128 134.237 8.4701
129 134.79 9.8408
130 119.508 7.4838
131 131.151 8.3112
132 134.984 9.1096
133 137.789 5.2038
134 139.749 6.9769
135 142.897 7.2007
136 143.8 11.1554
137 126.712 5.9797
138 163.607 11.9374
139 127.86 7.9835
140 168.954 11.2838
141 102.232 7.3687
142 99.3279 6.4159
143 95.9696 3.8175
144 92.7754 3.5525
145 100.954 5.1681
146 133.219 8.3808
147 141.883 9.5965
148 94.225 4.394
149 89.5804 4.5644
150 96.2155 4.3772
151 113.474 7.1649
152 104.291 6.3667
153 152.74 9.1971
154 154.986 11.8208
155 158.205 13.1596
156 142.569 9.41
157 107.484 6.3023
158 134.369 8.1541
159 120.477 7.0977
160 118.639 6.7684
161 127.3 7.753
162 150.224 13.1303
163 163.82 12.3644
164 110.572 6.2952
165 130.877 8.3953
166 139.002 10.7281
167 142.15 10.5471
168 119.455 8.129
169 134.568 8.0537
170 117.766 10.2162
171 140.79 9.7801
172 137.532 11.6354
173 123.716 9.0407
174 124.979 11.5192
175 115.375 8.3032
176 113.922 5.4769
177 158.071 12.9383
178 143.13 12.354
179 104.397 5.5907
180 90.5406 4.5861
181 106.302 6.4663
182 129.489 8.0569
183 97.0855 4.8522
184 84.1792 3.2257
185 149.081 10.5602
186 114.765 8.5892
187 142.344 9.4252
188 129.248 8.4537
189 132.406 8.403
190 129.345 9.4745
191 131.812 9.4425
192 115.422 7.1386
193 130.581 9.9542
194 131.627 7.6901
195 119.534 8.9435
196 118.616 6.6848
197 133.895 7.4877
198 154.092 12.1433
199 150.737 12.0811
200 139.2 11.1381
201 135.198 9.5621
202 123.395 8.9945
203 129.069 9.6377
204 116.643 8.5989
205 121.626 9.7028
206 135.416 9.1726
207 104.737 3.2268
208 117.607 4.9817
209 160.833 11.5477
210 124.547 5.3643
211 174.137 11.425
212 152.57 6.8544
213 197.684 14.5742
214 181.303 13.76
215 163.399 14.0295
216 170.975 11.1067
217 169.346 15.2628
218 138.465 8.6928
219 168.898 15.1295
220 163.514 15.0213
221 167.558 13.5016
222 160.898 14.7897
223 157.769 13.0379
224 145.188 9.004
225 130.652 8.2793
226 106.595 4.5054
227 107.807 6.3074
228 171.405 13.9611
229 158.812 11.499
230 163.335 13.4573
231 164.737 13.0997
232 154.23 14.1419
233 141.409 11.213
234 141.5 12.0668
235 161.604 14.3915
236 141.872 12.0668
237 141.405 10.5818
238 155.875 14.5745
239 145.079 11.4533
240 150.445 13.04
