0 98.1689 5.9663
1 102.579 9.5208
2 109.129 9.2324
3 109.582 7.5806
4 66.1274 3.1877
5 94.2545 7.0104
6 121.157 11.262
7 136.466 11.6679
8 122.633 9.5529
9 143.67 9.8073
10 124.726 9.5792
11 173.602 13.9428
12 138.154 11.8483
13 150.174 12.1331
14 126.727 9.3451
15 177.636 16.0787
16 151.406 15.2835
17 144.406 9.0571
18 129.497 6.6387
19 115.277 5.3051
20 120.431 5.7703
21 134.374 9.1437
22 114.161 4.6783
23 146.787 14.5533
24 155.774 12.1319
25 115.872 5.4808
26 123.712 6.8208
27 118.587 7.341
28 128.75 8.8156
29 126.373 7.7931
30 131.558 9.4426
31 214.675 14.1958
32 128.045 10.1579
33 112.541 8.3036
34 102.031 6.6924
35 119.215 7.8419
36 114.869 7.0506
37 111.436 5.6774
38 140.251 8.5226
39 130.568 9.3105
40 118.532 5.504
41 117.023 5.3564
42 147.751 11.1571
43 133.493 9.1792
44 125.223 7.9227
45 140.354 8.4214
46 111.773 9.5017
47 75.9502 1.4732
48 116.316 6.7142
49 115.583 9.3447
50 121.238 9.0587
51 119.538 7.4741
52 132.226 9.7429
53 199.893 16.8928
54 202.248 15.8512
55 200.938 16.5629
56 136.73 9.6384
57 145.578 9.8002
58 124.501 4.4234
59 149.639 11.4517
60 142.654 8.6541
61 149.686 8.2073
62 151.759 9.7222
63 139.131 12.08
64 109.046 6.0387
65 102.422 4.719
66 83.597 3.3564
67 84.4514 2.9451
68 90.6916 2.686
69 174.557 15.8216
70 140.802 12.9747
71 97.9845 5.6967
72 98.7176 4.3841
73 105.412 4.79
74 123.302 8.527
75 110.995 6.5656
76 110.371 6.4118
77 106.636 5.4019
78 103.754 3.8756
79 107.327 6.3249
80 139.713 8.5283
81 132.866 7.6328
82 142.946 10.4875
83 156.273 11.917
84 117.201 6.7128
85 139.274 8.6796
86 139.835 9.2552
87 137.032 8.6696
88 196.443 16.0688
89 134.991 10.0971
90 131.593 9.0515
91 133.091 9.2367
92 140.477 10.0929
93 140.384 8.2712
94 142.911 9.6645
95 158.112 13.6464
96 121.335 7.4745
97 131.605 7.1065
98 151.684 11.1769
99 155.494 12.2705
100 139.165 10.1437
101 131.562 9.3937
102 149.308 11.5205
103 132.787 9.4045
104 131.102 8.1964
105 123.071 8.7098
106 131.494 8.0975
107 156.115 10.4857
108 93.2885 4.9262
109 98.8388 5.5628
110 118.984 5.1012
111 97.9934 3.932
112 106.813 6.8221
113 103.622 4.1467
114 142.557 10.8562
115 153.347 11.0701
116 131.669 9.0944
117 111.046 6.823
118 147.906 10.5613
119 125.071 7.3378
120 143.867 9.9455
121 134.885 10.193
122 130.007 9.7795
123 115.524 7.2163
124 140.433 8.4277
125 144.628 10.2863
126 139.501 10.3012
127 142.671 9.57
128 134.66 8.5477
129 134.725 9.8737
130 119.772 7.425
131 131.842 8.4329
132 135.513 9.3415
133 136.782 5.1811
134 138.399 6.7904
135 141.607 6.9719
136 142.42 10.8942
137 125.649 6.0614
138 161.703 11.2754
139 126.9 7.7141
140 167.954 10.8104
141 102.017 7.1669
142 98.7242 6.3578
143 95.7676 3.7546
144 71.804 0.8036
145 100.777 4.9666
146 132.318 8.3548
147 140.797 9.548
148 94.2837 4.3932
149 89.813 4.5487
150 96.2341 4.3825
151 113.691 7.1224
152 104.391 6.378
153 153.222 9.2134
154 155.372 11.6291
155 158.363 12.8309
156 142.712 9.2508
157 107.572 6.1398
158 134.614 7.9518
159 120.936 6.9586
160 118.713 6.7905
161 127.868 7.7104
162 150.105 13.1302
163 164.405 12.1183
164 110.721 6.219
165 131.679 8.1796
166 139.853 10.5469
167 142.194 10.6783
168 119.706 8.2805
169 135.126 7.7701
170 118.377 9.9644
171 140.636 9.5531
172 137.414 11.6156
173 124.861 9.163
174 125.814 11.5695
175 116.38 8.2984
176 114.042 5.5014
177 159.051 12.989
178 143.88 12.4742
179 104.356 5.5492
180 90.7032 4.6649
181 106.789 6.4267
182 130.167 7.9771
183 97.2936 4.7775
184 84.3585 3.2356
185 148.987 10.4053
186 114.809 8.5229
187 142.739 9.2773
188 128.86 8.1681
189 132.43 8.2938
190 129.73 9.3716
191 132.447 9.3691
192 116.026 6.9638
193 131.928 10.0345
194 132.513 7.7603
195 119.592 8.7441
196 119.231 6.5889
197 134.805 7.4148
198 154.193 12.0689
199 151.201 12.0473
200 138.38 10.3481
201 135.644 9.5086
202 123.327 8.8162
203 128.654 9.2625
204 117.342 8.5256
205 122.237 9.6393
206 135.145 9.0908
207 104.321 3.0863
208 117.403 4.9211
209 160.047 11.1698
210 124.524 5.0795
211 173.13 11.1858
212 151.554 6.9426
213 196.179 15.0514
214 179.813 13.4465
215 162.677 13.9302
216 171.156 10.9349
217 168.205 15.0199
218 138.144 8.463
219 168.811 15.1284
220 163.536 15.1956
221 166.753 13.4561
222 160.998 14.7844
223 159.048 13.0549
224 147.907 9.2711
225 133.707 8.4572
226 108.167 4.7602
227 110.379 6.3992
228 176.7 14.1036
229 163.131 11.665
230 167.372 13.8352
231 169.455 13.201
232 157.316 13.9518
233 143.897 11.3832
234 143.469 12.1158
235 163.245 14.2658
236 143.935 12.0775
237 142.598 10.5638
238 156.451 14.3919
239 146.789 11.6276
240 151.938 12.9217
