0 96.2912 5.848
1 99.3281 9.3861
2 105.665 8.9438
3 107.172 7.4249
4 65.7176 3.1614
5 91.9332 6.9051
6 117.343 11.2823
7 133.236 11.8942
8 119.625 9.5058
9 140.095 9.7413
10 121.089 9.5381
11 169.302 14.0862
12 134.318 11.9169
13 147.377 12.3968
14 124.133 9.4066
15 171.994 16.4089
16 146.319 15.448
17 141.699 8.9695
18 127.758 6.5221
19 114.096 5.3118
20 119.148 5.7219
21 132.056 8.8635
22 113.166 4.6791
23 143.707 14.9441
24 153.299 12.6577
25 114.186 5.4935
26 121.376 6.826
27 115.515 7.1153
28 124.425 8.5444
29 123.045 7.6091
30 127.205 9.4021
31 217.758 16.5319
32 124.434 10.3485
33 109.367 8.2981
34 99.3956 6.6515
35 116.461 7.9901
36 111.799 7.2309
37 109.12 5.7663
38 136.537 8.4982
39 126.826 9.4126
40 116.325 5.4638
41 114.836 5.2462
42 142.496 10.8885
43 129.076 9.1657
44 121.913 7.8414
45 136.871 8.3568
46 107.357 9.5624
47 75.5667 1.551
48 113.669 6.3588
49 111.662 9.3152
50 116.952 8.8198
51 116.15 7.2897
52 127.753 9.5145
53 195.8 18.3698
54 200.296 16.9039
55 199.896 18.1059
56 132.555 9.8252
57 141.446 9.7031
58 122.664 4.3893
59 143.908 11.3387
60 139.762 8.7189
61 146.278 8.1591
62 148.083 9.6433
63 135.768 12.5036
64 107.119 6.1738
65 101.016 4.8528
66 82.8741 3.4243
67 83.8988 3.026
68 89.9203 2.7447
69 167.862 16.1357
70 135.541 13.292
71 96.0153 5.7401
72 97.5779 4.526
73 103.958 4.8681
74 120.659 8.808
75 108.647 6.6846
76 108.216 6.5941
77 104.882 5.6325
78 102.587 4.0283
79 104.821 6.5306
80 136.788 8.8429
81 130.265 7.8995
82 140.057 11.2676
83 152.632 12.3939
84 114.526 7.0222
85 136.375 9.1064
86 137.038 9.7932
87 134.591 9.0012
88 198.261 18.0412
89 132.705 10.3365
90 129.108 9.279
91 131.378 9.1688
92 138.456 10.1621
93 138.686 8.408
94 142.171 9.8665
95 155.295 14.012
96 120.383 7.6948
97 129.631 7.2468
98 150.511 11.3202
99 151.061 11.9369
100 136.43 10.3227
101 128.387 9.473
102 145.328 11.3508
103 129.972 9.6409
104 128.214 7.9632
105 120.954 8.8488
106 129.247 8.0179
107 153.563 10.4968
108 91.757 5.1461
109 97.1765 5.6726
110 117.678 5.1879
111 96.9524 3.9206
112 104.822 6.8835
113 102.526 4.1459
114 140.575 11.0908
115 151.256 11.0252
116 130.101 9.1877
117 109.976 7.0351
118 145.803 11.0486
119 123.789 7.5481
120 142.061 10.2183
121 132.477 10.6032
122 128.167 10.3031
123 113.646 7.2135
124 139.565 9.0112
125 140.193 10.0251
126 134.849 10.162
127 138.527 9.5952
128 131.328 8.4247
129 130.89 9.8124
130 116.967 7.3261
131 128.934 8.2621
132 131.926 9.3562
133 134.857 5.1325
134 136.31 6.8497
135 139.273 7.0385
136 138.816 10.881
137 123.81 5.9064
138 159.433 11.5435
139 125.312 7.8019
140 166.335 11.2219
141 99.8672 7.236
142 97.0829 6.2423
143 94.8238 3.7712
144 71.747 0.8425
145 99.4924 5.0871
146 129.719 8.3332
147 136.394 9.1591
148 92.9453 4.4758
149 88.5486 4.6013
150 95.0755 4.3956
151 110.978 7.1817
152 102.426 6.5723
153 150.378 9.5204
154 150.545 11.751
155 154.175 13.2324
156 138.595 9.2313
157 104.959 6.2247
158 131.326 7.9933
159 117.955 6.9277
160 116.778 6.8801
161 124.246 7.6796
162 144.7 12.8112
163 160.277 12.3248
164 108.932 6.1123
165 128.946 8.1709
166 136.312 10.7709
167 139.461 10.4454
168 117.241 8.1368
169 132.716 7.6951
170 115.014 9.981
171 137.665 9.3637
172 133.41 11.5189
173 121.213 9.0477
174 122.165 11.1064
175 113.939 8.4089
176 112.705 5.4339
177 153.551 12.7878
178 139.185 12.3761
179 102.895 5.5204
180 89.3676 4.5914
181 104.05 6.4057
182 126.556 7.9252
183 95.4995 4.7547
184 83.5172 3.2498
185 144.882 10.3847
186 111.859 8.457
187 138.352 9.2029
188 126.007 8.2672
189 128.672 8.1805
190 125.564 9.3553
191 128.393 9.257
192 112.933 6.8655
193 127.339 9.8264
194 128.842 7.6761
195 115.932 8.7963
196 116.931 6.4932
197 131.317 7.3476
198 149.847 11.6314
199 145.89 11.743
200 135.113 10.7909
201 132.077 9.6365
202 120.433 8.8507
203 126.627 9.6375
204 114.801 8.3581
205 119.267 9.5847
206 133.494 9.2798
207 103.975 3.2043
208 116.037 4.9451
209 155.895 11.4455
210 123.157 5.2727
211 169.233 11.2817
212 149.926 6.8116
213 190.492 15.2227
214 175.424 13.7622
215 157.567 13.9644
216 166.854 10.855
217 162.697 15.0551
218 135.469 8.4786
219 163.994 15.0154
220 158.098 15.0828
221 162.525 13.5716
222 155.374 14.9348
223 154.604 12.6505
224 143.311 8.6138
225 128.702 8.2721
226 105.299 4.6676
227 106.556 6.2389
228 167.823 14.0046
229 155.432 11.0912
230 159.388 13.4266
231 160.828 12.9347
232 152.372 14.4092
233 139.387 11.3032
234 138.373 12.1294
235 158.686 14.5295
236 139.168 11.9924
237 138.254 10.3487
238 154.83 15.3435
239 142.37 11.4373
240 147.388 12.8574
