0 104.509 6.515
1 113.078 10.5001
2 119.034 10.0879
3 118.172 8.3542
4 69.7284 3.5577
5 102.481 7.9568
6 136.427 13.0073
7 151.967 13.2878
8 135.123 10.7458
9 156.176 10.8516
10 137.027 10.408
11 190.569 14.0127
12 153.993 13.4988
13 165.83 13.7073
14 137.604 10.6002
15 191.376 15.8247
16 165.88 16.2458
17 154.016 10.1223
18 136.051 7.2999
19 120.695 5.9126
20 126.131 6.3125
21 142.518 9.9914
22 118.743 5.3252
23 160.3 16.1356
24 167.49 13.5834
25 120.633 6.0546
26 129.86 7.5799
27 125.121 8.0324
28 137.165 9.5797
29 134.516 8.6678
30 142.378 10.5831
31 240.12 18.9052
32 140.372 11.1353
33 121.455 9.1713
34 109.358 7.1095
35 128.21 8.5666
36 122.524 7.8455
37 118.052 6.2934
38 150.829 9.4581
39 141.241 10.1305
40 125.464 6.1619
41 123.4 5.9533
42 161.364 12.3619
43 144.877 10.1589
44 136.625 8.8161
45 150.664 9.1809
46 123.522 10.4052
47 73.8795 1.1072
48 122.54 7.358
49 125.633 10.5237
50 130.714 10.1405
51 127.676 8.4414
52 142.71 10.8771
53 203.612 16.4992
54 204.988 15.6032
55 203.822 16.0691
56 147.575 10.5453
57 155.842 10.4604
58 129.561 4.8526
59 161.376 12.3942
60 153.01 9.4666
61 159.028 8.9936
62 162.57 10.4423
63 155.173 13.5523
64 115.662 6.6555
65 107.269 5.2005
66 86.7632 3.731
67 87.366 3.2412
68 93.1593 2.9466
69 192.496 15.5692
70 157.471 14.5527
71 104.246 6.3328
72 103.502 4.958
73 110.896 5.2632
74 134.099 9.5562
75 118.964 7.313
76 117.892 7.0954
77 113.529 5.8851
78 108.224 4.2421
79 115.259 6.951
80 151.203 9.3882
81 143.212 8.5614
82 156.546 11.4985
83 171.325 12.3846
84 125.179 7.2546
85 148.97 9.2958
86 150.847 10.0138
87 146.872 9.3455
88 199.563 14.7582
89 145.497 10.4652
90 142.767 9.7385
91 143.98 10.2866
92 154.783 11.2518
93 150.953 9.1252
94 156.762 10.9156
95 173.901 14.5466
96 130.569 8.4185
97 140.418 7.9083
98 165.938 12.3984
99 170.233 13.3088
100 153.778 11.6523
101 143.599 10.7032
102 163.548 12.8289
103 145.198 10.9989
104 141.532 9.3568
105 134.675 9.8401
106 141.285 9.1762
107 166.15 11.5197
108 99.9303 3.6316
109 106.921 5.8303
110 126.098 5.279
111 102.791 4.0598
112 117.52 7.1591
113 109.085 4.2531
114 159.322 11.4536
115 169.822 11.295
116 143.985 9.2576
117 120.03 7.196
118 162.134 11.293
119 134.191 7.9393
120 157.868 10.8229
121 148.787 11.4167
122 143.011 10.7498
123 124.763 7.9229
124 149.91 9.1632
125 159.321 11.4809
126 155.369 11.597
127 157.49 10.7553
128 146.577 9.7018
129 147.413 11.0249
130 129.472 8.4742
131 142.672 9.6533
132 147.512 10.6335
133 141.499 5.6321
134 144.969 7.5897
135 149.025 7.94
136 154.305 12.224
137 131.426 6.576
138 173.322 12.5322
139 134.971 8.7312
140 178.551 11.446
141 109.863 7.897
142 106.376 7.1477
143 99.7672 4.2046
144 96.5126 3.9167
145 106.092 5.6093
146 143.052 9.4528
147 153.432 10.7045
148 99.3601 4.8717
149 94.9079 4.9622
150 101.464 4.8203
151 122.198 8.0865
152 112.711 7.0498
153 164.035 10.0233
154 170.794 12.7882
155 174.999 13.8313
156 155.583 10.4688
157 116.037 7.0343
158 145.606 8.9893
159 130.53 7.8364
160 127.112 7.2917
161 138.777 8.6789
162 169.826 14.2479
163 180.094 12.8523
164 117.971 7.1689
165 140.106 9.0921
166 150.854 12.0099
167 155.656 11.9469
168 129.469 9.0751
169 144.223 8.8925
170 130.225 11.1757
171 152.205 10.7763
172 152.023 13.0034
173 136.194 10.2583
174 138.096 12.7267
175 126.757 9.3857
176 120.48 6.2842
177 173.943 13.825
178 159.797 13.8212
179 112.103 6.2614
180 96.5857 5.1972
181 115.747 7.2854
182 141.973 9.1385
183 103.34 5.4412
184 88.4688 3.727
185 164.768 11.9119
186 126.937 9.7086
187 153.748 10.2269
188 138.79 9.1313
189 142.572 9.1049
190 141.354 10.3279
191 144.015 10.3863
192 124.016 7.7552
193 143.178 10.7907
194 142.143 8.4991
195 129.045 9.4504
196 126.338 7.0854
197 142.672 8.0247
198 166.753 13.0313
199 163.952 12.9739
200 151.01 11.5553
201 146.648 10.4777
202 133.876 9.8708
203 139.635 10.2615
204 127.597 9.2811
205 133.595 10.8449
206 146.739 9.9091
207 107.889 3.465
208 123.69 5.5904
209 175.414 12.5021
210 131.167 5.8927
211 187.575 11.6047
212 161.07 7.8679
213 209.184 13.8677
214 196.273 13.4189
215 178.769 14.7252
216 184.915 11.7172
217 185.562 15.6184
218 150.264 9.8523
219 185.887 15.1678
220 181.043 15.8552
221 183.887 14.0721
222 178.247 15.6939
223 172.142 13.9884
224 161.778 10.1908
225 146.356 8.8731
226 114.158 5.0774
227 118.835 6.7692
228 195.16 13.5626
229 178.819 12.0981
230 187.458 13.7672
231 189.259 13.2299
232 175.806 14.4215
233 161.321 12.4103
234 161.182 13.1657
235 181.973 14.3774
236 160.233 13.0297
237 156.31 11.3313
238 163.698 13.4833
239 161.758 12.5903
240 167.987 13.9136
