0 102.555 6.2662
1 108.654 9.9764
2 115.522 9.503
3 115.016 7.9597
4 68.3889 3.3889
5 99.1753 7.3307
6 129.974 12.0884
7 146.108 12.6339
8 130.963 10.2969
9 153.708 10.5456
10 133.415 10.0712
11 186.246 14.02
12 149.474 13.0594
13 162.911 13.0435
14 134.411 9.982
15 190.017 16.086
16 162.27 15.965
17 150.782 9.7929
18 133.665 7.0238
19 119.136 5.75
20 124.437 6.1627
21 139.713 9.6653
22 117.35 5.0629
23 155.103 15.4465
24 163.019 12.887
25 118.783 5.75
26 127.238 7.4022
27 122.656 7.7756
28 133.941 9.0927
29 131.81 8.2275
30 137.977 10.2578
31 222.603 14.7933
32 134.378 10.623
33 117.973 8.5953
34 106.611 6.8453
35 124.622 8.0694
36 119.154 7.4854
37 115.584 6.0875
38 145.773 8.877
39 136.768 9.6325
40 123.027 5.7394
41 121.387 5.6412
42 157.085 11.7076
43 140.763 9.6595
44 132.511 8.5502
45 147.488 8.8878
46 120.081 10.1166
47 73.9481 1.1304
48 120.118 6.9631
49 121.513 9.9431
50 127.006 9.4607
51 124.016 7.8354
52 138.146 10.078
53 202.502 16.7656
54 205.813 16.0714
55 202.106 16.0562
56 142.921 10.0505
57 150.535 10.0469
58 127.083 4.6918
59 156.318 11.802
60 148.913 8.9141
61 154.295 8.5726
62 157.902 10.2069
63 149.313 13.0629
64 112.924 6.374
65 105.549 4.9769
66 85.7126 3.5653
67 86.1977 3.0507
68 92.1879 2.8599
69 186.732 15.7512
70 151.495 13.9118
71 102.533 6.1303
72 102.151 4.7616
73 109.089 5.0959
74 130.727 9.0839
75 116.396 7.0317
76 116.237 6.9718
77 111.825 5.6958
78 107.237 4.1959
79 113.547 6.8282
80 148.683 9.2661
81 140.4 8.4905
82 153.531 11.4903
83 167.876 12.4321
84 122.187 7.0272
85 145.406 9.1656
86 147.621 10.0031
87 143.415 9.1587
88 198.718 15.2481
89 141.172 10.3175
90 138.889 9.7312
91 139.819 9.7513
92 149.181 10.6538
93 147.002 8.7351
94 151.106 10.1526
95 168.342 14.337
96 126.802 7.8544
97 137.318 7.4788
98 160.234 11.569
99 164.427 12.6642
100 146.96 10.8339
101 138.448 9.8784
102 157.903 12.074
103 139.913 10.1685
104 137.006 8.7621
105 129.154 9.1835
106 137.246 8.5697
107 161.724 10.8742
108 99.347 3.8059
109 105.215 5.8724
110 125.179 5.3298
111 102.19 4.1245
112 115.257 7.0226
113 107.949 4.2868
114 155.209 11.4435
115 166.086 11.5376
116 141.261 9.2171
117 118.366 7.2285
118 158.826 11.2235
119 132.15 7.9859
120 154.964 11.0038
121 145.355 11.278
122 139.746 10.7351
123 122.497 7.8203
124 146.704 9.0321
125 153.774 10.9537
126 149.022 10.9692
127 151.537 10.1438
128 140.901 8.9546
129 142.44 10.3387
130 125.186 7.9281
131 137.863 8.9234
132 141.884 10.0765
133 139.953 5.3581
134 143.147 7.2515
135 146.2 7.4048
136 150.221 11.8073
137 129.577 6.3463
138 169.361 12.264
139 131.219 8.2262
140 174.551 11.43
141 105.807 7.5305
142 103.152 6.8291
143 97.5397 3.9572
144 94.3312 3.7378
145 103.317 5.3503
146 137.574 8.7453
147 147.356 10.1587
148 97.2274 4.6117
149 93.0616 4.8511
150 99.3496 4.6809
151 119.075 7.6976
152 109.16 6.8067
153 160.093 9.7716
154 164.554 12.4981
155 167.754 13.5479
156 149.036 9.8101
157 112.123 6.612
158 140.405 8.4768
159 126.226 7.415
160 123.701 7.0516
161 133.795 8.2787
162 161.518 13.7537
163 173.426 12.5144
164 115.507 6.8201
165 137.796 8.9485
166 147.22 11.6032
167 151.501 11.7569
168 126.429 8.8087
169 141.176 8.6966
170 126.763 10.9548
171 148.387 10.5379
172 147.475 12.7658
173 132.304 9.9121
174 133.808 12.1503
175 123.06 9.1795
176 118.596 6.0147
177 169.869 13.7349
178 154.013 13.4924
179 108.068 5.792
180 93.7028 4.8885
181 111.269 6.8452
182 136.116 8.4034
183 100.279 5.1071
184 86.2582 3.4845
185 156.277 11.1007
186 120.822 9.0574
187 148.25 9.8005
188 133.646 8.7354
189 137.094 8.6977
190 135.139 9.8369
191 138.904 10.0055
192 120.91 7.5239
193 138.715 10.5819
194 138.26 8.2487
195 125.389 9.4357
196 123.646 7.0435
197 140.106 7.9707
198 162.651 12.8251
199 159.342 12.397
200 146.346 11.3835
201 142.865 10.2308
202 129.949 9.5438
203 134.915 10.0365
204 123.411 8.9109
205 129.398 10.2574
206 142.854 9.5134
207 106.797 3.3413
208 121.377 5.2369
209 170.912 12.0994
210 128.342 5.5446
211 182.89 11.5694
212 157.94 7.3579
213 206.805 14.5288
214 191.006 13.5517
215 172.648 14.373
216 179.309 11.269
217 178.678 15.2175
218 145.055 9.2517
219 179.476 15.0602
220 172.962 15.3814
221 176.472 13.7763
222 171.843 15.345
223 168.454 13.8334
224 155.939 9.5348
225 140.703 8.4758
226 111.164 4.8974
227 114.927 6.4941
228 188.097 13.6917
229 172.307 11.8078
230 179.564 13.5111
231 180.297 13.1097
232 170.947 14.1195
233 158.068 12.3921
234 157.496 13.1027
235 177.359 14.3612
236 155.82 12.8154
237 152.956 11.1908
238 162.632 13.7664
239 158.551 12.4421
240 162.175 13.7252
