0 104.95 6.4423
1 113.645 10.3398
2 119.736 9.948
3 118.397 8.3419
4 69.8282 3.4494
5 102.608 7.9047
6 136.266 12.9088
7 152.26 13.2296
8 134.651 10.5952
9 158.955 10.7864
10 139.726 10.4131
11 194.71 14.6004
12 155.208 13.4425
13 167.676 13.7323
14 139.683 10.7003
15 196.473 16.7335
16 168.498 16.1379
17 154.349 10.2424
18 136.017 7.28
19 120.712 5.89
20 125.961 6.2483
21 143.567 10.0016
22 118.501 5.2055
23 158.996 15.6035
24 167.544 13.4372
25 120.648 5.9583
26 129.844 7.5458
27 125.456 8.141
28 137.41 9.3824
29 134.891 8.6579
30 142.488 10.8256
31 211.733 11.8651
32 140.546 11.0139
33 121.682 9.1415
34 109.948 7.2091
35 128.403 8.5845
36 123.104 7.78
37 118.639 6.2028
38 151.353 9.5031
39 141.56 9.9251
40 125.603 6.1098
41 123.84 5.7569
42 162.109 12.3302
43 145.683 10.0227
44 136.826 9.1208
45 151.408 9.1778
46 123.968 10.1548
47 73.8957 1.0803
48 122.642 7.3968
49 125.951 10.437
50 131.09 9.881
51 127.838 8.2799
52 143.178 10.4932
53 205.265 16.3917
54 205.078 15.6089
55 209.528 17.1149
56 148.039 10.6386
57 157.217 10.7813
58 129.776 4.7145
59 162.956 12.3992
60 154.049 9.5918
61 159.386 9.0637
62 163.641 10.8311
63 156.857 13.5556
64 116.516 6.4647
65 107.821 5.0831
66 87.1569 3.6425
67 87.2649 3.2379
68 93.3874 2.9315
69 195.284 15.3241
70 159.87 14.3755
71 104.516 6.4014
72 103.744 4.8644
73 110.73 5.1617
74 134.279 9.6738
75 119.02 7.2647
76 119.29 7.3516
77 114.301 6.021
78 108.826 4.2959
79 116.502 7.1673
80 152.571 9.8142
81 144.422 8.8478
82 157.741 11.8488
83 172.312 12.5346
84 124.857 7.27
85 148.214 9.4429
86 150.021 10.2735
87 145.334 9.6408
88 199.453 15.0345
89 144.272 10.8208
90 141.353 10.1571
91 143.195 9.7795
92 154.345 10.9609
93 150.596 8.9876
94 155.748 10.6296
95 174.049 14.2304
96 130.477 8.394
97 140.151 7.8456
98 165.783 12.2722
99 169.963 13.2112
100 152.235 11.4623
101 143.387 10.3856
102 162.894 12.2405
103 144.572 10.6323
104 141.342 9.1344
105 133.662 9.9245
106 140.44 8.9828
107 166.78 11.2841
108 99.3483 3.889
109 104.749 6.1123
110 124.414 5.3282
111 101.944 4.2402
112 114.887 7.2987
113 107.676 4.4474
114 154.677 11.9289
115 165.191 11.6879
116 140.904 9.6501
117 118.314 7.4241
118 159.615 11.8099
119 132.608 7.9434
120 155.479 11.1287
121 147.063 11.3967
122 142.007 11.1287
123 124.035 8.3439
124 148.648 9.3891
125 159.571 11.2803
126 155.065 11.3186
127 158.452 10.7743
128 146.811 9.6845
129 147.934 10.9632
130 129.542 8.3515
131 142.475 9.4353
132 147.824 10.8249
133 141.833 5.5086
134 145.87 7.6251
135 149.359 7.8052
136 156.203 12.2643
137 131.521 6.563
138 172.892 12.5537
139 135.418 8.967
140 179.77 12.0374
141 110.414 8.1858
142 107.164 7.1575
143 100.264 4.2217
144 96.4456 3.8528
145 106.713 5.4782
146 143.053 9.0149
147 153.419 10.6691
148 99.7029 4.8005
149 95.4198 5.0501
150 101.975 4.7222
151 122.823 7.7663
152 113.066 7.1233
153 165.6 9.8371
154 172.392 12.4223
155 176.852 13.793
156 154.716 9.9477
157 115.881 6.9277
158 144.905 8.7464
159 129.987 7.7392
160 126.537 7.1207
161 138.071 8.6849
162 168.342 14.4664
163 178.397 12.5835
164 118.597 7.1143
165 141.006 9.3103
166 151.49 11.7465
167 156.275 11.9069
168 129.698 9.2262
169 145.03 8.9267
170 131.186 11.4343
171 152.746 10.8224
172 152.524 12.5716
173 136.221 10.2555
174 138.128 12.3276
175 126.036 9.0095
176 120.545 6.1235
177 174.133 14.0041
178 159.319 13.5479
179 111.358 6.1569
180 95.7787 5.1019
181 114.975 7.0029
182 140.704 8.9095
183 102.861 5.2058
184 88.0507 3.5206
185 163.437 11.476
186 126.192 9.483
187 155.695 10.5963
188 140.619 9.1335
189 144.269 9.1772
190 142.862 10.3442
191 145.75 10.5107
192 124.27 7.7689
193 143.811 10.9405
194 142.043 8.4969
195 129.763 9.615
196 126.32 7.0215
197 142.966 8.0782
198 167.303 12.8711
199 164.607 13.2116
200 150.787 11.7803
201 146.741 10.6596
202 133.678 9.8847
203 139.958 10.8528
204 127.236 9.6042
205 133.358 10.8171
206 146.191 9.9505
207 107.61 3.4039
208 123.446 5.4081
209 175.813 12.46
210 130.276 5.6778
211 188.037 11.333
212 160.186 7.5842
213 216.319 15.7409
214 196.204 13.3141
215 179.006 14.4656
216 183.053 11.3595
217 184.426 15.2237
218 148.938 9.6792
219 185.408 15.1768
220 179.522 15.712
221 183.392 14.3542
222 178.501 15.8356
223 173.069 13.9023
224 155.86 10.5016
225 141.868 8.9138
226 112.089 5.0555
227 116.555 6.7893
228 190.91 13.3963
229 174.483 12.2895
230 182.308 13.7197
231 184.611 13.6274
232 172.968 16.6582
233 158.396 12.2668
234 159.069 13.3401
235 179.727 14.5908
236 158.534 13.5222
237 154.987 11.741
238 162.785 13.8184
239 160.26 13.1074
240 165.826 14.2164
