0 106.156 6.4974
1 116.146 10.4311
2 121.832 10.0419
3 120.649 8.2889
4 70.1147 3.5012
5 104.297 7.8836
6 139.427 12.8514
7 155.506 12.969
8 136.39 10.4182
9 162.729 11.0958
10 143.313 10.8324
11 197.964 13.8367
12 159.799 13.5397
13 171.829 13.4897
14 142.972 10.8598
15 199.656 15.8037
16 172.827 16.356
17 156.529 10.2447
18 137.554 7.2822
19 121.902 5.9214
20 127.04 6.3203
21 145.629 10.1245
22 119.599 5.198
23 162.066 15.6538
24 169.837 13.1763
25 120.882 5.8869
26 130.4 7.5501
27 125.968 7.9536
28 138.19 9.4244
29 135.752 8.4555
30 143.518 10.4598
31 223.843 14.7277
32 142.706 11.0422
33 122.9 8.8919
34 110.814 7.2137
35 129.707 8.3029
36 123.952 7.7226
37 119.513 6.274
38 151.814 9.24
39 143.23 9.8731
40 126.799 6.0767
41 124.833 5.9047
42 164.612 12.2226
43 147.306 10.3606
44 138.158 9.0037
45 152.941 9.4448
46 125.938 10.3653
47 73.8206 1.0715
48 124.696 7.3288
49 128.255 10.5885
50 133.165 9.9528
51 130.093 8.4096
52 145.798 10.7577
53 204.287 15.9369
54 206.049 15.1268
55 203.59 15.2331
56 150.33 10.6051
57 158.654 10.5526
58 130.512 4.8211
59 165.301 12.3653
60 155.955 9.5193
61 161.225 8.9108
62 165.432 10.4897
63 160.005 13.5402
64 117.454 6.5181
65 108.294 5.1328
66 87.5269 3.6068
67 87.7143 3.2353
68 93.744 2.9282
69 197.922 15.3526
70 161.66 14.4971
71 106.196 6.3769
72 105.071 4.9107
73 112.027 5.3935
74 137.016 9.6213
75 121.025 7.3973
76 119.535 7.1596
77 114.414 5.9381
78 109.119 4.2871
79 116.288 7.0296
80 152.65 9.5937
81 144.062 8.5216
82 158.275 11.7592
83 172.358 12.4546
84 125.083 7.3589
85 149.769 9.5607
86 150.841 10.1881
87 147.238 9.8187
88 199.073 15.0808
89 146.311 11.0621
90 141.72 10.3394
91 145.145 9.8163
92 156.553 11.1302
93 152.49 9.1167
94 157.226 10.6184
95 177.269 14.2886
96 132.109 8.2768
97 142.198 7.819
98 167.857 12.0558
99 173.766 13.0097
100 155.305 11.3607
101 145.082 10.4128
102 166.044 12.5626
103 147.181 10.6857
104 143.678 9.2904
105 136.324 9.8107
106 143.663 9.1238
107 168.808 11.1909
108 99.529 3.9929
109 105.229 6.0982
110 125.134 5.606
111 102.397 4.3305
112 115.266 7.3912
113 107.992 4.5115
114 155.76 11.8057
115 166.447 11.7354
116 141.473 9.5389
117 118.924 7.4272
118 160.384 11.8485
119 133.483 8.1047
120 156.641 10.9539
121 147.814 11.5531
122 142.155 11.0876
123 124.578 8.0435
124 149.937 9.3813
125 162.673 11.3136
126 157.542 11.2872
127 160.784 10.6854
128 148.895 9.4097
129 150.218 10.8644
130 131.745 8.4224
131 144.72 9.3096
132 150.051 10.5138
133 142.238 5.5906
134 146.722 7.5314
135 150.205 7.8942
136 157.543 12.297
137 132.582 6.5688
138 174.776 12.107
139 136.516 8.7944
140 181.261 11.6395
141 111.481 7.926
142 108.603 7.0184
143 100.845 4.1343
144 97.1052 3.8214
145 107.386 5.5974
146 144.757 9.1574
147 155.998 10.6441
148 100.556 4.8701
149 95.8484 4.9477
150 102.214 4.8417
151 124.012 8.0725
152 114.475 7.0068
153 167.469 10.0938
154 174.893 12.6307
155 178.967 13.4466
156 156.939 10.1758
157 116.942 6.9832
158 147.226 8.9273
159 131.198 7.6787
160 127.732 7.1069
161 139.741 8.6251
162 171.216 14.1281
163 180.981 12.8062
164 119.611 7.0488
165 142.744 9.2189
166 154.036 11.9626
167 158.44 11.8799
168 131.708 9.2583
169 146.7 8.9017
170 132.791 11.2315
171 155.165 10.9586
172 155.087 12.9624
173 138.456 10.3836
174 141.575 12.7336
175 128.973 9.5205
176 121.751 6.0956
177 178.047 13.4753
178 163.054 13.7445
179 112.218 6.1291
180 96.7428 5.038
181 116.353 7.0711
182 142.902 8.9071
183 104.021 5.2424
184 88.6298 3.5417
185 165.763 11.5958
186 128.372 9.4387
187 157.156 10.2592
188 141.624 9.1362
189 145.037 9.0937
190 143.453 10.4103
191 147.865 10.3038
192 126.628 7.835
193 146.287 11.0323
194 144.59 8.7772
195 132.072 9.7444
196 128.086 7.2235
197 145.29 8.2481
198 170.568 12.9301
199 167.866 13.213
200 154.792 12.0661
201 150.405 10.7014
202 136.639 10.1075
203 143.651 10.6453
204 129.683 9.6196
205 136.363 11.1365
206 148.444 10.1067
207 107.729 3.3718
208 124.135 5.3982
209 177.139 11.9442
210 131.325 5.6601
211 190.156 11.4217
212 161.58 7.5269
213 210.951 14.1754
214 199.135 13.0576
215 184.548 14.1293
216 31.4919 0.5993
217 190.513 14.9053
218 152.326 9.7216
219 189.825 14.7411
220 184.028 15.4802
221 186.522 13.6651
222 181.842 15.2908
223 175.659 13.7885
224 157.373 10.0719
225 142.973 9.0046
226 112.754 5.1069
227 117.151 6.8038
228 192.097 13.802
229 176.329 12.1567
230 183.814 13.8701
231 186.252 13.3371
232 174.325 14.5377
233 160.049 12.7
234 160.57 13.4711
235 181.697 14.7681
236 159.721 13.2688
237 156.684 11.6977
238 163.866 13.7351
239 162.526 12.8118
240 169.267 14.1828
