0 105.701 6.6129
1 115.489 10.583
2 121.512 10.186
3 120.375 8.3184
4 70.2112 3.574
5 104.073 7.9411
6 138.746 12.8519
7 155.228 13.2746
8 138.903 11.2218
9 159.927 10.8135
10 140.64 10.6201
11 194.033 13.7168
12 157.151 13.6847
13 168.64 13.4939
14 140.643 10.7529
15 195.561 15.2785
16 169.763 16.4347
17 158.824 10.5622
18 139.265 7.6811
19 122.938 6.1566
20 128.244 6.5157
21 147.008 10.3539
22 120.804 5.4581
23 164.72 16.3395
24 171.569 13.4647
25 120.788 6.0286
26 130.116 7.4946
27 125.696 8.3791
28 137.89 9.616
29 135.12 8.7298
30 142.747 10.6378
31 202.033 9.6626
32 142.364 11.456
33 122.836 9.3326
34 110.781 7.2585
35 129.575 8.3897
36 123.908 7.8612
37 119.125 6.3026
38 151.887 9.2285
39 143.232 10.1443
40 126.115 6.1727
41 123.874 5.8757
42 163.133 12.145
43 146.122 10.0653
44 137.285 8.844
45 151.708 9.2846
46 125.076 10.3566
47 73.8161 1.073
48 123.472 7.3334
49 126.383 10.4203
50 131.702 9.9475
51 128.776 8.3416
52 143.706 10.3719
53 201.255 15.6227
54 206.114 15.7616
55 203.066 15.3012
56 149.44 10.4854
57 158.626 10.7927
58 130.251 4.9421
59 164.571 12.395
60 155.203 9.6211
61 160.236 9.1413
62 164.536 10.6661
63 158.845 13.3616
64 117.137 6.742
65 108.193 5.1739
66 87.6643 3.677
67 87.4878 3.236
68 93.7729 3.0084
69 196.663 15.3209
70 160.936 14.3946
71 105.306 6.2377
72 104.353 4.8984
73 111.378 5.2906
74 135.783 9.7408
75 119.88 7.1469
76 119.764 7.4059
77 114.938 5.8869
78 109.424 4.2831
79 117.451 7.0469
80 153.602 9.8094
81 144.668 8.9324
82 158.99 12.091
83 172.991 12.9044
84 125.503 7.5659
85 149.789 9.7032
86 151.566 10.5481
87 147.325 9.9161
88 198.498 14.7916
89 146.83 11.4001
90 142.014 10.3627
91 144.311 9.9805
92 155.873 11.1225
93 151.904 8.9116
94 157.291 10.6641
95 175.86 14.2181
96 131.8 8.3776
97 141.43 7.8108
98 167.864 12.2293
99 171.835 13.2491
100 154.398 11.542
101 144.115 10.2094
102 163.971 12.5324
103 145.714 10.3948
104 142.438 9.2227
105 135.094 9.73
106 141.899 8.984
107 168.587 11.3431
108 99.5424 4.0029
109 105.352 6.1873
110 124.741 5.593
111 102.437 4.3409
112 114.781 7.4245
113 107.874 4.4744
114 154.889 11.8432
115 165.428 11.869
116 140.515 9.4125
117 117.779 7.6067
118 159.177 11.6836
119 132.712 8.1768
120 155.372 11.2561
121 146.902 11.5902
122 141.238 11.3527
123 123.726 7.8864
124 149.741 9.5253
125 161.486 11.4232
126 156.448 11.5122
127 159.468 10.6195
128 147.829 9.6077
129 148.901 11.0093
130 130.826 8.3504
131 143.551 9.2488
132 148.888 10.4395
133 142.203 5.648
134 146.6 7.5389
135 150.125 8.1388
136 156.942 12.6698
137 132.578 6.7159
138 174.272 12.3544
139 135.611 8.6931
140 180.73 11.4736
141 110.862 8.191
142 107.894 7.1961
143 100.655 4.2811
144 96.7496 3.829
145 107.149 5.6345
146 143.946 9.4919
147 155.096 10.7223
148 100.288 4.8945
149 95.7065 4.9604
150 102.035 4.9562
151 123.813 8.0342
152 113.901 6.8807
153 166.42 10.2498
154 173.819 12.8997
155 177.828 13.5177
156 155.912 10.4403
157 116.21 7.0711
158 146.222 8.7881
159 130.544 7.7617
160 127.325 7.1058
161 139.245 8.6063
162 170.397 14.5767
163 180.366 12.855
164 119.139 7.1101
165 141.833 9.4569
166 152.843 12.0994
167 157.179 12.0317
168 130.699 9.3428
169 145.912 9.0942
170 131.579 11.4406
171 154.318 11.004
172 154.215 13.3769
173 137.612 9.9904
174 140.628 12.6582
175 128.645 9.6227
176 121.571 6.1722
177 177.14 14.0115
178 162.547 13.9457
179 112.235 6.0621
180 96.3806 5.121
181 115.703 7.0335
182 141.72 8.6764
183 103.551 5.3002
184 88.5128 3.4922
185 164.404 11.7518
186 126.969 9.5611
187 157.241 10.4764
188 141.822 9.2604
189 145.603 9.3848
190 144.072 10.4451
191 147.283 10.5416
192 126.239 7.9351
193 145.771 11.0049
194 144.327 8.838
195 131.817 10.0347
196 127.924 7.216
197 144.791 8.1291
198 169.937 13.4081
199 167.364 13.1991
200 152.21 11.7455
201 148.222 10.4816
202 134.736 10.2268
203 141.714 10.7884
204 128.082 9.3068
205 134.262 11.0843
206 146.394 10.0333
207 107.578 3.3832
208 123.743 5.4671
209 176.138 12.0496
210 130.905 5.667
211 189.566 11.4162
212 161.128 7.555
213 211.86 14.8436
214 196.131 12.2383
215 181.723 14.0031
216 29.8958 1.5974
217 188.429 15.5173
218 150.373 9.5448
219 187.772 15.471
220 181.823 15.3565
221 184.145 13.8321
222 179.369 15.3007
223 174.367 14.1829
224 155.466 11.5143
225 142.278 9.0647
226 112.529 5.1101
227 116.556 6.7285
228 191.373 13.6327
229 175.538 12.3342
230 182.847 13.9854
231 185.115 13.6346
232 174.266 16.2599
233 159.169 12.8667
234 159.159 13.5267
235 181.711 14.9134
236 158.788 13.2417
237 156.214 11.806
238 163.558 13.9407
239 161.333 13.2295
240 166.95 14.2701
