0 104.533 6.4169
1 112.121 10.4592
2 118.514 9.9483
3 117.81 8.3224
4 69.6392 3.4953
5 102.074 7.8752
6 135.1 12.6755
7 150.966 13.1223
8 135.104 10.9316
9 156.014 10.6582
10 136.302 10.4362
11 189.464 14.0195
12 153.181 13.4925
13 166.336 13.4988
14 137.199 10.2904
15 192.088 16.0142
16 165.431 16.3158
17 153.468 10.1261
18 135.746 7.3723
19 120.228 5.8
20 125.815 6.3333
21 141.985 10.0088
22 118.459 5.2031
23 158.726 15.7547
24 165.917 13.2759
25 120.225 5.806
26 128.977 7.4506
27 124.318 7.8628
28 136.332 9.4413
29 133.788 8.3645
30 140.97 10.4105
31 214.215 13.0495
32 138.958 10.9583
33 120.297 8.8124
34 108.602 7.0591
35 127.241 8.3482
36 121.92 7.7156
37 117.455 6.2024
38 149.809 9.2406
39 140.125 9.8781
40 124.755 5.9864
41 122.722 5.8147
42 160.049 12.17
43 143.46 9.7329
44 134.992 8.6635
45 149.911 9.0815
46 122.136 9.9086
47 73.8371 1.0966
48 122.229 7.3133
49 124.583 10.182
50 129.865 9.9052
51 127.066 8.2153
52 141.821 10.514
53 202.784 15.9322
54 204.494 15.1954
55 202.989 15.7628
56 146.013 10.4688
57 154.897 10.3212
58 128.779 4.8023
59 160.395 12.1818
60 152.391 9.3437
61 157.828 8.7366
62 161.624 10.4529
63 154.034 13.2604
64 115.326 6.4985
65 106.977 5.1023
66 86.6236 3.6368
67 86.9791 3.2067
68 92.9532 2.885
69 191.907 15.9044
70 155.872 14.3466
71 103.758 6.1911
72 103.181 4.8218
73 110.314 5.2371
74 132.992 9.4122
75 118.372 7.1335
76 117.578 7.0306
77 112.787 5.8719
78 107.591 4.2004
79 114.193 6.8464
80 150.303 9.3194
81 142.213 8.3573
82 154.798 11.3594
83 169.773 12.3708
84 124.61 7.1576
85 149.029 9.3222
86 150.951 10.0002
87 146.62 9.2763
88 200.594 14.8249
89 145.309 10.4775
90 142.639 9.8747
91 142.332 10.0181
92 153.199 11.0215
93 149.549 9.0072
94 154.438 10.4722
95 171.606 14.2812
96 129.335 8.1
97 139.669 7.7989
98 164.079 12.1077
99 166.797 12.9281
100 150.8 11.1312
101 141.412 10.2616
102 161.541 12.2806
103 142.479 10.4903
104 139.491 8.9289
105 131.931 9.5093
106 138.832 8.8262
107 165.215 11.2424
108 99.5809 3.5871
109 105.936 5.7014
110 125.237 5.1643
111 102.401 4.0151
112 115.912 6.9205
113 108.337 4.2305
114 157.044 11.1644
115 168.194 11.2188
116 142.814 9.0499
117 119.41 7.2402
118 161.061 11.1647
119 133.381 7.8736
120 156.654 10.6484
121 147.403 11.0993
122 141.955 10.7473
123 123.926 7.8192
124 150.112 9.3823
125 159.612 11.5275
126 155.824 11.5409
127 157.517 10.7106
128 146.386 9.659
129 147.403 11.1405
130 129.301 8.4864
131 142.693 9.4651
132 147.81 10.5038
133 140.814 5.5541
134 144.383 7.3639
135 147.985 7.716
136 152.856 12.121
137 130.512 6.42
138 171.571 12.1562
139 133.207 8.5591
140 176.71 11.6158
141 108.149 7.7495
142 105.35 7.074
143 98.8072 4.0517
144 95.4288 3.7909
145 105.265 5.4927
146 141.13 9.1409
147 151.133 10.6043
148 98.92 4.8653
149 94.8443 4.9811
150 101.289 4.8799
151 122.499 7.9427
152 112.413 7.1305
153 164.929 10.1666
154 171.134 12.9499
155 175.945 14.0048
156 152.331 10.0805
157 114.224 6.744
158 143.079 8.6447
159 128.765 7.572
160 125.525 7.1467
161 136.702 8.3005
162 165.71 14.2066
163 176.453 12.6136
164 116.643 6.9445
165 139.048 8.9925
166 149.504 11.8197
167 153.651 11.6429
168 127.873 8.8921
169 143.002 8.6169
170 128.931 11.1195
171 150.227 10.6127
172 150.456 12.8533
173 134.885 10.1718
174 137.396 12.5361
175 125.454 9.1735
176 119.813 6.1031
177 172.227 13.7537
178 157.962 13.6185
179 109.717 6.009
180 94.9033 4.9287
181 113.752 7.0102
182 139.069 8.7647
183 101.962 5.2801
184 87.3597 3.5667
185 160.313 11.5229
186 123.305 9.3028
187 151.866 10.1637
188 137.2 9.0468
189 140.53 9.0532
190 139.148 10.1429
191 143.101 10.4174
192 122.963 7.8243
193 141.352 10.8963
194 140.786 8.4946
195 128.056 9.5844
196 125.143 7.0926
197 141.887 8.1267
198 165.789 12.9545
199 162.793 12.9596
200 148.889 11.5084
201 145.052 10.4457
202 132.466 9.6199
203 138.175 10.1612
204 125.577 9.2477
205 131.963 10.5446
206 144.609 9.6817
207 107.27 3.3417
208 122.451 5.3477
209 173.572 12.2174
210 129.71 5.5987
211 185.753 11.4333
212 159.526 7.4744
213 207.023 13.5739
214 193.944 13.2807
215 176.102 14.473
216 181.595 11.3599
217 181.987 15.4347
218 147.43 9.3878
219 182.553 15.3645
220 176.437 15.3208
221 179.837 14.1304
222 174.892 15.4102
223 171.567 13.7198
224 161.026 10.0075
225 145.394 8.8582
226 113.381 5.0447
227 117.782 6.6316
228 194.954 13.8293
229 177.948 11.9307
230 185.938 13.4472
231 187.066 13.209
232 173.9 14.1783
233 159.996 12.1834
234 159.014 12.9664
235 179.187 14.173
236 158.109 12.8004
237 154.555 11.3318
238 163.129 13.3542
239 160.169 12.3497
240 166.254 13.7958
