0 110.336 7.0503
1 121.532 11.0772
2 127.094 10.5571
3 125.346 8.8802
4 71.9083 3.7635
5 109.09 8.3433
6 146.803 13.5835
7 163.148 13.7135
8 143.427 11.5082
9 166.881 11.4806
10 147.087 11.1027
11 200.009 13.7717
12 164.311 13.621
13 176.34 13.8254
14 145.942 11.0201
15 202.894 15.7538
16 177.324 16.5516
17 160.891 10.6152
18 139.905 7.6138
19 124.114 6.2938
20 129.378 6.6386
21 149.383 10.608
22 121.541 5.5401
23 168.466 15.8547
24 175.617 13.5257
25 123.279 6.2473
26 133.293 7.7093
27 129.047 8.464
28 142.335 9.9091
29 139.109 8.9675
30 147.183 11.0722
31 216.659 12.6679
32 149.72 12.1707
33 128.643 9.7378
34 114.933 7.6459
35 135.564 9.1258
36 128.937 8.3735
37 123.344 6.705
38 158.734 10.0424
39 150.752 10.7818
40 129.723 6.4562
41 127.109 6.1162
42 171.293 12.5929
43 152.089 10.5324
44 141.66 9.2523
45 156.867 9.6043
46 131.283 10.9998
47 73.8085 1.0488
48 127.51 7.8275
49 133.217 11.0703
50 137.553 10.5548
51 132.839 8.5159
52 149.456 11.1708
53 204.757 15.6383
54 204.837 14.4884
55 204.138 15.2606
56 155.159 11.0761
57 163.564 11.0734
58 132.825 5.0714
59 170.198 12.7178
60 159.645 9.9566
61 164.628 9.354
62 171.091 11.0988
63 166.626 13.8805
64 121.076 7.156
65 110.868 5.4508
66 89.5308 3.9059
67 89.212 3.3782
68 95.0608 3.102
69 204.454 15.4612
70 169.045 14.7777
71 108.538 6.5659
72 107.089 5.1143
73 114.308 5.5646
74 141.025 9.9883
75 123.702 7.6547
76 123.712 7.6242
77 118.341 6.22
78 111.569 4.5018
79 120.674 7.4379
80 158.231 10.2294
81 148.769 8.9503
82 165.147 12.1133
83 180.034 12.9255
84 129.281 7.6636
85 154.975 9.9452
86 157.059 11.091
87 151.82 10.1724
88 202.056 15.3236
89 151.893 11.5481
90 146.472 10.6692
91 150.883 10.4985
92 163.17 11.67
93 158.413 9.784
94 164.682 11.0354
95 185.91 14.5799
96 136.878 8.8043
97 147.085 8.3643
98 174.695 12.5283
99 179.883 13.3968
100 161.266 12.048
101 150.5 10.9776
102 171.404 12.7681
103 152.445 11.133
104 147.735 9.781
105 140.647 10.1797
106 147.614 9.5821
107 174.091 11.5106
108 100.831 4.2544
109 108.175 6.4137
110 127.918 5.8603
111 104.34 4.4501
112 118.786 7.7394
113 109.9 4.6899
114 160.601 12.3048
115 172.046 12.1214
116 145.276 10.0005
117 123.491 8.0099
118 165.937 12.2601
119 137.908 8.7287
120 162.27 12.0068
121 152.922 12.1881
122 147.185 11.242
123 128.251 8.4229
124 154.631 9.9921
125 171.788 12.0923
126 166.262 12.1733
127 167.336 11.3541
128 155.705 10.1246
129 157.98 11.6956
130 137.038 8.9882
131 151.555 10.2636
132 157.033 11.4288
133 144.606 5.7927
134 150.257 7.9496
135 153.196 8.1144
136 162.827 12.9638
137 135.208 6.8147
138 179.784 12.5826
139 139.079 9.1965
140 184.692 11.781
141 113.93 8.2783
142 110.79 7.4273
143 102.173 4.3673
144 98.3602 4.064
145 109.4 5.8638
146 148.066 9.724
147 161.219 11.1942
148 103.109 5.1954
149 98.7113 5.336
150 105.001 5.1784
151 129.177 8.6459
152 118.713 7.5259
153 174.267 10.7638
154 182.997 13.0317
155 187.544 14.1339
156 161.794 10.6932
157 120.969 7.3966
158 150.583 9.2254
159 134.649 8.0756
160 131.089 7.3036
161 143.751 9.0748
162 177.051 14.4787
163 186.108 12.7544
164 121.832 7.4132
165 146.816 9.7229
166 158.679 12.6821
167 162.407 12.4719
168 134.878 9.7183
169 149.526 9.3927
170 137.348 11.7869
171 158.904 11.3543
172 159.683 13.7842
173 142.26 10.8834
174 146.433 13.4504
175 133.595 9.8702
176 124.243 6.4395
177 182.613 13.7674
178 169.322 14.1186
179 114.692 6.4167
180 98.5556 5.2605
181 120.012 7.4645
182 146.504 9.3181
183 106.339 5.4741
184 90.1299 3.7794
185 170.408 11.8904
186 132.319 9.8164
187 160.945 10.7804
188 146.404 9.6775
189 149.527 9.8361
190 149.35 10.847
191 152.516 11.0135
192 130.641 8.4145
193 151.947 11.7492
194 149.87 9.4417
195 137.079 10.5366
196 132.044 7.7106
197 149.699 8.7554
198 177.001 13.3796
199 174.133 13.7553
200 158.586 12.5708
201 153.825 11.2608
202 139.449 10.3025
203 145.977 11.2391
204 132.062 9.7827
205 138.687 11.6985
206 151.881 10.806
207 109.01 3.5093
208 126.691 5.6638
209 183.116 12.408
210 133.921 5.9104
211 194.936 11.3365
212 164.946 8.0116
213 209.889 12.2555
214 204.276 12.8594
215 189.457 14.5497
216 192.537 11.3169
217 195.994 14.9847
218 157.479 10.253
219 195.02 14.8666
220 190.236 15.4246
221 192.681 13.884
222 188.258 15.3025
223 181.891 14.0795
224 161.736 10.8539
225 146.762 9.2443
226 115.356 5.4134
227 120.185 7.0574
228 194.759 13.5929
229 182.544 12.4482
230 186.735 13.6724
231 189.998 13.4045
232 181.773 15.9071
233 165.632 13.2042
234 166.433 13.8919
235 186.914 14.5837
236 165.235 13.7195
237 161.037 12.2061
238 165.437 13.8554
239 167.98 13.4934
240 173.09 14.5515
