0 106.967 6.663
1 116.859 10.6424
2 123.42 10.4693
3 121.66 8.3133
4 70.4864 3.5311
5 105.286 8.0685
6 140.417 13.215
7 156.452 13.9564
8 136.85 10.6436
9 162.75 11.1791
10 143.496 10.5493
11 196.917 13.3573
12 159.996 13.3718
13 171.756 13.4899
14 142.959 10.746
15 201.864 16.5248
16 172.254 16.4199
17 156.772 9.9511
18 136.919 7.4072
19 122.192 5.9395
20 126.782 6.3228
21 146.542 10.0379
22 119.585 5.2267
23 161.805 15.428
24 170.671 13.3811
25 122.067 5.9802
26 131.717 7.6793
27 127.541 8.4283
28 139.257 9.7113
29 137.494 8.7362
30 144.71 10.6656
31 196.401 5.7192
32 143.922 11.3891
33 123.74 9.212
34 111.337 7.2353
35 130.436 8.5976
36 125.254 7.8377
37 120.04 6.1948
38 152.895 9.3811
39 143.967 10.3472
40 127.494 6.0638
41 125.269 5.9715
42 166.629 12.2505
43 148.119 10.2094
44 139.716 8.9478
45 153.924 9.1779
46 127.258 10.4973
47 73.745 1.0719
48 124.672 7.424
49 128.934 10.9432
50 134.082 9.8483
51 129.981 8.0985
52 145.39 10.9766
53 198.816 13.2176
54 199.933 12.8267
55 203.589 15.4963
56 151.181 10.84
57 159.355 10.7711
58 131.141 4.8334
59 165.472 12.6497
60 156.493 9.3158
61 160.959 8.7414
62 166.29 10.7893
63 160.13 13.5942
64 118.063 6.7777
65 108.652 5.2663
66 87.5833 3.6507
67 88.3281 3.2038
68 94.012 2.9629
69 197.514 15.1246
70 163.106 14.7025
71 106.681 6.2366
72 105.366 4.7913
73 111.806 5.154
74 137.539 9.4688
75 121.807 7.3373
76 120.624 7.3729
77 115.562 5.9385
78 110.04 4.2965
79 118.379 7.1447
80 155.221 9.6843
81 146.18 8.3999
82 161.652 11.7333
83 175.926 12.5741
84 127.177 7.1662
85 151.944 9.4369
86 153.739 10.3085
87 148.894 9.3962
88 199.301 14.5005
89 148.581 10.9912
90 144.639 10.4735
91 147.362 10.2276
92 159.342 11.2922
93 155.588 9.5703
94 159.89 10.9325
95 179.825 14.59
96 133.881 8.5331
97 143.698 7.8623
98 170.845 12.4365
99 174.661 13.1751
100 156.279 11.439
101 145.758 10.3404
102 166.719 12.2726
103 148.165 10.9642
104 144.442 9.4878
105 137.151 9.7708
106 143.996 9.0143
107 170.674 11.5637
108 100.323 4.011
109 107.001 6.2717
110 126.62 5.7849
111 103.408 4.3404
112 117.068 7.618
113 109.04 4.4708
114 157.978 12.027
115 168.953 12.0813
116 143.103 9.596
117 120.899 7.6174
118 162.531 11.793
119 135.446 8.4832
120 158.64 11.4681
121 150.067 11.997
122 144.45 11.0608
123 126.507 8.1701
124 151.566 9.4741
125 164.127 11.678
126 158.914 11.6198
127 161.228 10.6233
128 149.6 9.484
129 151.521 11.1146
130 132.664 8.6161
131 145.825 9.6835
132 150.499 10.7468
133 143.311 5.5524
134 147.837 7.5675
135 151.322 7.8302
136 158.992 12.1035
137 133.921 6.7436
138 176.585 12.3995
139 138.219 9.0614
140 182.638 11.4539
141 112.466 7.9483
142 109.123 7.1938
143 101.605 4.3306
144 97.4741 3.9836
145 108.126 5.6374
146 145.313 9.5357
147 157.384 10.7824
148 101.243 5.0094
149 96.741 4.993
150 103.032 4.8929
151 124.505 8.1771
152 115.214 7.0526
153 168.251 10.0066
154 176.119 12.9824
155 179.255 13.674
156 158.323 10.1926
157 117.774 6.9443
158 147.599 8.9404
159 132.031 7.6661
160 129.408 6.9136
161 141.191 8.7792
162 173.135 14.0136
163 183.086 12.7585
164 120.775 7.4428
165 144.82 9.5197
166 155.979 12.3049
167 160.403 12.2417
168 133.657 9.4707
169 148.323 9.2478
170 135.224 11.4699
171 157.822 11.2901
172 158.011 13.7082
173 140.931 10.7158
174 143.348 12.7855
175 131.607 9.7987
176 123.119 6.1683
177 179.355 13.759
178 166.446 14.0374
179 113.363 6.0202
180 97.7217 5.1842
181 117.404 7.2517
182 144.108 8.7586
183 104.583 5.39
184 89.3677 3.6639
185 167.628 11.85
186 129.852 9.5808
187 157.59 10.3749
188 142.531 9.425
189 145.998 9.342
190 145.091 10.7011
191 148.329 10.7151
192 126.257 7.967
193 145.86 11.0999
194 144.278 8.6134
195 131.398 9.8537
196 128.024 7.3769
197 145.483 8.2074
198 169.928 13.1481
199 167.467 13.3011
200 154.422 12.022
201 151.268 10.8013
202 136.883 10.0371
203 143.599 10.9727
204 130.051 9.6907
205 136.896 11.0819
206 149.161 10.2109
207 108.323 3.4211
208 125.029 5.5848
209 179.448 12.1072
210 131.887 5.6882
211 192.773 11.814
212 162.782 7.6068
213 220.111 16.1892
214 203.557 14.3646
215 185.45 14.0071
216 189.099 11.3067
217 192.42 15.8132
218 153.777 9.7725
219 192.65 14.6868
220 187.13 15.9114
221 188.543 13.7481
222 183.884 15.739
223 179.081 13.7692
224 158.852 10.8965
225 143.807 8.9943
226 113.779 5.1793
227 117.905 6.6377
228 192.988 13.8413
229 178.494 12.3366
230 185.034 13.506
231 188.11 13.5773
232 178.001 15.3228
233 162.213 13.1494
234 162.771 13.4762
235 183.949 14.7561
236 162.202 13.2395
237 159.179 12.113
238 164.39 13.9048
239 164.618 13.07
240 170.555 14.4363
