0 106.917 6.5441
1 117.384 10.3388
2 123.237 9.904
3 121.663 8.396
4 70.4548 3.4967
5 105.39 7.8649
6 140.772 12.7867
7 156.438 13.1587
8 137.889 10.5533
9 165.249 11.3301
10 145.426 10.8133
11 201.035 14.1353
12 161.77 13.6774
13 174.362 13.4026
14 144.716 10.8145
15 200.715 15.1677
16 175.645 16.3561
17 157.675 10.1149
18 138.008 7.267
19 122.43 5.9767
20 127.548 6.2883
21 146.521 10.0878
22 119.828 5.2591
23 163.305 15.4941
24 171.255 13.1796
25 121.781 5.9609
26 131.651 7.4907
27 127.201 7.9986
28 139.546 9.4329
29 137.238 8.7138
30 144.204 10.503
31 206.317 10.0561
32 145.156 11.2459
33 124.702 8.9133
34 112.282 7.2813
35 131.463 8.4779
36 125.799 7.741
37 120.761 6.3254
38 153.957 9.2824
39 145.65 10.0351
40 127.757 6.1574
41 125.756 5.9031
42 167.821 12.2593
43 149.521 10.3211
44 140.061 8.7567
45 154.742 9.317
46 127.677 10.3606
47 73.8171 1.0585
48 125.07 7.1848
49 129.278 10.4237
50 133.856 9.9221
51 130.102 8.3527
52 145.672 10.6037
53 203.077 15.7437
54 202.919 14.4816
55 201.092 14.4604
56 151.956 10.6035
57 159.81 10.5744
58 131.043 4.8187
59 166.671 12.2979
60 157.001 9.3934
61 161.863 8.9485
62 167.074 10.5077
63 161.211 13.5755
64 118.165 6.7071
65 108.738 5.0597
66 87.7321 3.6522
67 87.8655 3.1452
68 93.9753 2.9017
69 199.997 15.4189
70 163.915 14.3025
71 107.135 6.3801
72 105.654 4.8803
73 112.79 5.2593
74 138.399 9.6117
75 122.175 7.2616
76 121.858 7.2906
77 116.507 6.0724
78 110.248 4.322
79 118.902 7.169
80 156.359 9.7183
81 147.07 8.6583
82 162.416 11.7637
83 176.927 12.4759
84 127.292 7.2918
85 152.255 9.3952
86 154.33 10.1126
87 149.309 9.2491
88 199.257 14.5996
89 148.147 10.6166
90 144.85 10.1231
91 146.912 10.0905
92 159.284 11.2192
93 154.7 9.2469
94 159.707 10.6841
95 179.888 14.029
96 133.848 8.4456
97 143.589 7.9372
98 170.79 12.0907
99 175.875 13.0939
100 157.73 11.3711
101 146.675 10.4974
102 168.483 12.4827
103 148.958 10.7404
104 145.336 9.3757
105 138.11 9.8969
106 144.678 9.1154
107 169.973 11.2336
108 100.429 4.1356
109 107.023 6.2975
110 127.115 5.773
111 103.819 4.4097
112 118.151 7.6784
113 109.642 4.654
114 159.678 12.0695
115 170.719 12.0718
116 142.316 9.5271
117 119.852 7.3158
118 161.694 11.6393
119 134.456 8.0657
120 158.185 11.0144
121 149.607 11.4278
122 143.891 10.9245
123 125.586 7.9807
124 151.558 9.4661
125 165.681 11.5258
126 159.64 11.4043
127 162.745 10.7813
128 150.268 9.4846
129 152.926 11.0689
130 133.516 8.463
131 146.441 9.4721
132 152.24 10.6455
133 143.034 5.6554
134 147.449 7.6592
135 151.329 7.9205
136 158.92 12.3255
137 133.821 6.6558
138 176.616 12.0894
139 137.626 8.8708
140 182.75 11.6538
141 112.539 8.0868
142 109.345 7.2108
143 101.554 4.2755
144 97.5452 3.879
145 108.175 5.5318
146 146.128 9.3868
147 157.321 10.6273
148 101.456 4.8817
149 96.8851 5.0308
150 103.149 4.8618
151 125.706 7.9135
152 115.743 7.1434
153 169.727 10.1306
154 178.148 12.847
155 181.294 13.4268
156 157.846 10.1961
157 118.029 7.0285
158 148.104 8.9154
159 132.251 7.7972
160 128.765 7.0917
161 141.108 8.5701
162 173.438 13.9333
163 182.21 12.5608
164 120.78 7.1468
165 144.685 9.4936
166 156.363 12.3256
167 160.799 12.2408
168 133.256 9.3781
169 148.215 8.9189
170 135.407 11.4864
171 157.359 11.2748
172 158.148 13.6233
173 140.602 10.4413
174 144.006 13.0352
175 131.654 9.6153
176 123.406 6.2877
177 181.389 13.9504
178 166.779 13.8103
179 112.853 5.992
180 97.3302 4.9909
181 117.279 7.0627
182 144.434 8.9537
183 104.703 5.2966
184 88.9111 3.6098
185 167.663 11.7426
186 129.863 9.5592
187 158.219 10.2746
188 142.594 9.1822
189 146.004 9.1134
190 144.608 10.4158
191 148.882 10.5239
192 127.207 7.8678
193 147.455 11.0841
194 145.932 8.6246
195 133.083 9.8617
196 129.005 7.208
197 146.735 8.288
198 171.615 13.055
199 169.66 13.0018
200 156.485 12.0364
201 151.814 10.6679
202 138.076 10.1835
203 145.284 10.9364
204 131.191 9.738
205 138.439 11.1002
206 150.285 10.1459
207 107.994 3.3897
208 124.961 5.3854
209 178.859 11.9556
210 132.202 5.7419
211 191.988 11.2437
212 162.683 7.5757
213 211.94 13.6654
214 202.294 13.1932
215 185.258 14.0189
216 28.6708 1.6759
217 190.91 14.5329
218 152.522 9.6249
219 190.636 14.7517
220 183.804 15.1173
221 187.282 13.6286
222 182.077 15.0279
223 179.358 13.9011
224 157.597 10.4024
225 143.297 8.8811
226 113.068 5.1383
227 117.312 6.7225
228 192.511 13.6165
229 177.539 12.1412
230 185.065 13.6526
231 187.253 13.2953
232 177.685 14.9514
233 162.903 12.989
234 163.647 13.3437
235 184.446 14.4419
236 162.89 13.2489
237 159.002 11.5662
238 165.177 13.4992
239 164.47 12.8066
240 172.448 14.0283
