0 111.212 7.0158
1 123.575 11.0873
2 128.614 10.5119
3 126.707 8.8831
4 72.3843 3.6771
5 109.523 8.2665
6 148.032 13.4568
7 164.907 13.8898
8 143.895 11.1524
9 173.537 11.8624
10 152.805 11.3707
11 203.73 13.4592
12 170.781 14.3035
13 183.232 13.7165
14 151.125 11.4913
15 205.607 15.406
16 183.752 16.3068
17 163.634 10.6337
18 141.543 7.8333
19 125.216 6.3134
20 130.844 6.6834
21 151.417 10.6292
22 122.66 5.6304
23 171.822 16.0809
24 178.04 13.5177
25 125.314 6.4018
26 136.419 8.0936
27 132.759 8.7148
28 146.979 10.1443
29 143.268 9.4119
30 152.431 11.3722
31 214.141 11.1664
32 152.259 12.0583
33 130.366 9.772
34 116.67 7.7253
35 137.36 9.1063
36 130.473 8.4088
37 124.799 6.6298
38 160.448 10.0023
39 152.12 10.8748
40 131.653 6.5217
41 128.393 6.2183
42 174.795 12.8023
43 155.037 10.7501
44 144.374 9.4418
45 159.082 9.8384
46 133.723 11.0285
47 73.7371 1.0372
48 128.983 7.7824
49 135.348 11.1769
50 139.719 10.6927
51 134.407 8.6377
52 152.04 11.3454
53 202.417 14.7015
54 208.167 15.4463
55 204.419 15.2049
56 158.754 11.471
57 167.061 11.31
58 134.2 5.2495
59 173.69 13.0029
60 162.516 10.118
61 167.544 9.6458
62 173.877 11.151
63 169.516 14.1318
64 122.259 7.173
65 111.524 5.507
66 89.9485 3.9528
67 90.2736 3.4394
68 95.4838 3.1455
69 205.678 15.1801
70 172.46 14.9145
71 110.462 6.5753
72 107.94 5.1226
73 115.787 5.624
74 142.811 10.0136
75 125.418 7.6732
76 125.342 7.6228
77 119.168 6.2846
78 112.325 4.4771
79 121.6 7.4713
80 159.498 10.0403
81 150.524 8.9237
82 167.281 12.44
83 180.517 12.8048
84 131.278 7.9853
85 158.636 10.5956
86 160.082 11.2657
87 154.558 10.5744
88 201.548 14.3066
89 154.98 11.9126
90 149.639 11.0315
91 155.308 10.8696
92 168.017 11.8826
93 162.754 9.9631
94 169.338 11.5644
95 191.561 14.3405
96 140.444 9.0945
97 150.993 8.7206
98 179.833 12.5809
99 182.687 13.2011
100 163.306 12.0166
101 152.887 11.0332
102 174.319 12.683
103 154.547 11.3533
104 149.266 9.7041
105 141.761 10.1506
106 149.318 9.5437
107 177.343 11.6976
108 101.612 4.2972
109 109.897 6.4581
110 129.754 5.9779
111 105.346 4.4748
112 120.823 7.8298
113 111.14 4.7478
114 164.197 12.3369
115 175.406 12.1927
116 147.873 10.0495
117 124.835 8.0858
118 168.53 12.3885
119 139.592 8.7546
120 164.044 11.6974
121 155.223 12.1679
122 149.907 11.5401
123 130.131 8.482
124 158.266 10.0329
125 172.168 11.8406
126 166.875 12.0246
127 167.983 11.2353
128 156.206 10.0459
129 158.904 11.6188
130 137.493 8.9615
131 151.715 10.0247
132 157.858 11.2014
133 146.449 5.9122
134 152.633 8.1293
135 155.87 8.4093
136 166.887 13.0519
137 137.448 7.1082
138 183.227 12.6257
139 142.008 9.2861
140 187.992 11.8581
141 117.009 8.581
142 113.792 7.734
143 103.455 4.5231
144 99.6944 4.1514
145 111.288 5.9653
146 151.144 9.9342
147 165.509 11.6099
148 104.188 5.2002
149 99.393 5.2592
150 105.84 5.159
151 130.432 8.5393
152 120.216 7.5699
153 175.78 10.5462
154 185.34 12.877
155 189.07 13.5968
156 165.25 10.9245
157 123.053 7.5587
158 153.754 9.4098
159 137.16 8.1744
160 133.236 7.3602
161 146.489 9.1987
162 180.447 14.3199
163 189.244 12.8202
164 123.884 7.5766
165 149.58 10.0231
166 162.225 12.7872
167 165.589 12.628
168 137.255 9.6228
169 152.026 9.6736
170 140.577 11.9034
171 162 11.3653
172 164.135 13.9589
173 145.718 10.9311
174 150.186 13.6265
175 136.223 10.154
176 126.182 6.6754
177 187.109 13.8428
178 173.415 14.3451
179 116.56 6.5013
180 99.8013 5.3724
181 122.276 7.6477
182 149.169 9.4344
183 107.526 5.6065
184 91.0015 3.8472
185 174.126 12.2838
186 135.064 10.1071
187 164.709 11.0319
188 149.784 9.858
189 153.139 9.9212
190 153.43 11.2241
191 156.269 11.2722
192 131.394 8.3435
193 152.866 11.6228
194 150.61 9.284
195 138.094 10.3827
196 133.576 7.6844
197 150.053 8.6507
198 177.919 13.1578
199 175.639 13.6011
200 163.902 12.9089
201 158.344 11.5754
202 144.098 10.8032
203 150.722 11.6952
204 135.905 10.1831
205 143.792 12.019
206 155.993 11.1388
207 109.909 3.5768
208 128.441 5.693
209 187.327 12.3349
210 135.487 6.0937
211 198.53 11.1607
212 167.54 8.1685
213 216.327 13.0629
214 211.394 13.6847
215 191.173 14.3715
216 194.758 11.1483
217 198.38 15.0421
218 158.415 10.2794
219 198.955 15.2362
220 192.651 15.3865
221 194.311 13.6782
222 191.747 15.2733
223 185.458 13.8867
224 166.856 10.7807
225 151.314 9.7466
226 117.958 5.6484
227 123.415 7.4084
228 199.316 13.4731
229 188.372 12.6669
230 189.037 13.5186
231 192.681 13.3626
232 185.573 16.2417
233 169.636 13.5762
234 170.508 14.0336
235 188.293 14.5416
236 170.169 13.9739
237 164.685 12.3504
238 167.243 13.4436
239 171.574 13.4824
240 179.903 14.5585
