0 107.186 6.5987
1 117.682 10.5081
2 123.77 9.8967
3 121.917 8.3854
4 70.8961 3.5443
5 105.69 7.8208
6 141.27 12.8505
7 156.775 13.1513
8 137.834 10.6289
9 164.807 11.3588
10 145.372 10.9861
11 198.603 13.5173
12 161.809 13.8809
13 173.872 13.5653
14 144.506 10.8164
15 200.987 15.2577
16 175.178 16.181
17 157.84 10.3693
18 138.374 7.3546
19 122.703 6.0023
20 127.671 6.3617
21 146.729 10.2698
22 119.977 5.3328
23 163.389 15.5136
24 171.828 13.3474
25 123.25 6.1203
26 132.795 7.7968
27 128.801 8.3908
28 141.155 9.779
29 138.88 8.9872
30 146.457 10.9079
31 215.951 12.3838
32 144.978 11.1853
33 124.994 9.2739
34 112.405 7.399
35 131.362 8.5813
36 125.83 7.9968
37 120.866 6.4124
38 153.862 9.5704
39 145.92 10.217
40 127.882 6.2172
41 125.736 5.9732
42 167.994 12.3623
43 149.328 10.323
44 139.804 9.1825
45 154.939 9.4236
46 127.498 10.4169
47 73.9424 1.0497
48 124.869 7.415
49 129.373 10.5582
50 133.511 9.9973
51 129.971 8.3399
52 145.328 10.7401
53 202.358 15.7727
54 205.119 15.0533
55 203.075 15.5809
56 151.636 10.6537
57 159.477 10.6859
58 131.18 4.9097
59 166.495 12.3901
60 157.014 9.7752
61 161.596 9.0724
62 166.775 10.6472
63 162.023 13.8554
64 118.704 6.8377
65 109.235 5.2603
66 88.131 3.7391
67 88.4542 3.2664
68 94.2757 2.974
69 200.23 15.2207
70 164.954 14.5118
71 107.146 6.3462
72 105.469 4.9094
73 112.648 5.2718
74 138.059 9.5579
75 122.211 7.3069
76 121.867 7.2924
77 116.507 6.0149
78 110.274 4.2691
79 118.89 7.2076
80 156.197 9.7771
81 146.897 8.609
82 162.735 11.7506
83 177.331 12.5081
84 127.635 7.3244
85 152.541 9.5371
86 154.912 10.2581
87 149.497 9.529
88 199.745 14.5784
89 148.899 10.7963
90 144.589 10.1755
91 148.147 10.3066
92 160.098 11.393
93 155.771 9.4264
94 160.861 10.9713
95 180.916 14.2902
96 134.501 8.4889
97 144.477 8.096
98 171.816 12.2977
99 174.473 13.0204
100 156.635 11.4114
101 145.86 10.4164
102 166.686 12.3712
103 148.012 10.7648
104 144.258 9.3498
105 136.949 9.8985
106 143.774 8.9934
107 170.709 11.3726
108 100.202 4.0045
109 106.582 6.2205
110 126.367 5.6768
111 103.187 4.3583
112 116.97 7.494
113 108.919 4.5314
114 157.356 11.8907
115 168.927 11.8146
116 144.097 9.8596
117 121.487 7.8852
118 163.752 12.0709
119 136.154 8.363
120 160.016 11.3666
121 151.579 11.8405
122 145.786 11.212
123 127.077 8.3422
124 151.788 9.5208
125 164.524 11.4741
126 158.943 11.4722
127 161.781 10.766
128 150.186 9.6017
129 152.147 11.015
130 132.974 8.555
131 145.801 9.6279
132 151.328 10.6021
133 143.646 5.6724
134 148.033 7.6701
135 151.745 7.9928
136 159.635 12.5072
137 134.327 6.8006
138 176.872 12.2333
139 137.916 8.9006
140 182.792 11.717
141 112.206 7.9678
142 108.921 7.1948
143 101.494 4.2949
144 97.4159 3.9537
145 108.034 5.632
146 145.67 9.3359
147 157.04 10.8403
148 101.263 5.004
149 96.87 5.128
150 103.244 4.9472
151 125.611 8.1458
152 115.568 7.1571
153 169.262 10.1924
154 177.824 12.9728
155 181.066 13.7545
156 157.767 10.3509
157 117.967 7.1404
158 147.956 8.8477
159 132.064 7.8108
160 129.327 7.19
161 140.712 8.652
162 173.54 14.201
163 182.381 12.5632
164 120.139 7.1787
165 143.51 9.363
166 154.862 12.0276
167 159.236 12.2032
168 131.877 9.3406
169 146.691 8.8433
170 133.796 11.4242
171 156.364 11.1239
172 157.633 13.5371
173 140.893 10.697
174 143.844 13.1103
175 131.758 9.6976
176 123.37 6.3363
177 180.422 13.9825
178 166.521 13.9239
179 112.79 6.2019
180 97.4276 5.068
181 116.961 7.0866
182 143.918 9.0838
183 104.588 5.323
184 88.9053 3.6603
185 167.46 12.0403
186 129.786 9.6482
187 158.222 10.5387
188 142.893 9.4235
189 146.073 9.2672
190 145.374 10.6616
191 148.947 10.8442
192 127.263 7.9729
193 147.624 11.1002
194 145.982 8.6901
195 133.047 9.816
196 129.107 7.1595
197 146.772 8.3985
198 171.745 13.1078
199 169.939 13.4906
200 155.93 11.8894
201 151.555 10.9762
202 137.968 10.0341
203 144.595 11.0748
204 131.251 9.7276
205 138.884 11.2357
206 150.328 10.257
207 108.932 3.5136
208 125.797 5.554
209 180.54 12.3216
210 132.936 5.9502
211 193.38 11.2741
212 164.009 7.7687
213 214.9 13.882
214 203.312 13.4109
215 184.444 14.2036
216 188.322 11.047
217 190.588 14.8179
218 152.093 9.6399
219 190.77 15.1714
220 184.112 15.1948
221 187.386 13.766
222 182.322 15.1645
223 179.546 14.119
224 159.079 10.5148
225 143.801 9.0973
226 113.819 5.2274
227 117.948 6.8814
228 193.329 13.6074
229 178.907 12.2422
230 186.422 13.6134
231 188.285 13.3572
232 177.256 15.026
233 162.425 12.8726
234 163.335 13.2983
235 183.801 14.389
236 162.163 13.129
237 158.717 11.7357
238 164.544 13.6301
239 165.022 12.8087
240 172.633 14.3367
