0 107.927 6.6963
1 118.248 10.6811
2 124.835 10.1789
3 122.602 8.55
4 70.7321 3.5894
5 106.411 8.0499
6 142.503 13.0451
7 158.549 13.3984
8 138.495 10.6798
9 162.839 10.8937
10 143.328 10.6587
11 196.158 13.209
12 159.523 13.3438
13 172.136 13.431
14 142.842 10.6518
15 199.815 15.6379
16 172.912 16.0355
17 157.313 10.1658
18 137.423 7.3274
19 122.474 5.9515
20 127.279 6.2699
21 146.753 9.9698
22 119.886 5.2502
23 163.118 15.4217
24 171.256 13.3826
25 122.056 5.9875
26 131.412 7.5307
27 127.321 8.0896
28 139.512 9.2856
29 137.063 8.563
30 144.129 10.5549
31 213.263 12.3957
32 144.2 11.043
33 123.954 8.99
34 111.575 7.2174
35 131.077 8.51
36 125.431 7.8145
37 120.328 6.2522
38 153.397 9.3575
39 144.439 10.0416
40 127.335 5.9948
41 125.163 5.7539
42 166.705 12.1547
43 148.042 10.0169
44 139.391 8.9642
45 153.768 9.0498
46 126.927 10.1509
47 73.7563 1.0373
48 125.076 7.5377
49 129.392 10.4381
50 134.116 10.0766
51 130.32 8.361
52 145.356 10.7186
53 202.231 15.2109
54 205.309 15.1374
55 203.701 15.5246
56 151.17 10.5994
57 159.15 10.7085
58 130.975 4.8672
59 165.5 12.4716
60 156.317 9.4949
61 161.255 8.9772
62 166.614 10.6064
63 161.587 13.7876
64 118.696 6.7731
65 109.042 5.2293
66 87.8399 3.7479
67 88.3167 3.2333
68 94.108 2.9651
69 199.191 15.0109
70 164.37 14.6275
71 106.739 6.2936
72 105.409 4.7986
73 111.882 5.2324
74 137.665 9.4695
75 121.575 7.2868
76 120.808 7.1498
77 115.144 5.7837
78 109.998 4.2817
79 118.139 6.9821
80 154.984 9.3574
81 146.174 8.4543
82 160.904 11.5835
83 175.634 12.373
84 127.099 7.1731
85 151.895 9.2352
86 154.033 10.1103
87 148.737 9.4244
88 199.458 14.7553
89 148.895 10.7718
90 144.902 10.1524
91 146.848 9.9037
92 158.391 11.0585
93 154.997 9.1239
94 158.9 10.605
95 179.714 14.3112
96 133.666 8.3211
97 143.508 7.9566
98 169.848 12.1614
99 173.39 12.8407
100 156.064 11.3087
101 145.538 10.1565
102 166.282 12.213
103 147.656 10.5928
104 143.918 9.108
105 136.447 9.7007
106 143.337 8.9564
107 170.649 11.2952
108 100.397 3.9579
109 106.803 6.1768
110 126.727 5.6976
111 103.271 4.3389
112 117.501 7.5193
113 109.135 4.5532
114 157.615 11.9515
115 168.935 11.7899
116 142.779 9.5141
117 120.577 7.5717
118 161.892 11.6369
119 135.018 8.1876
120 158.251 11.2042
121 149.929 11.829
122 143.963 10.8935
123 126.154 8.0988
124 151.609 9.4953
125 163.662 11.3078
126 158.568 11.341
127 160.803 10.6645
128 149.167 9.5493
129 152.244 11.0343
130 132.359 8.5143
131 145.603 9.4054
132 150.564 10.4794
133 143.107 5.5509
134 147.532 7.6035
135 151.216 7.8574
136 158.453 12.1448
137 133.79 6.6532
138 176.336 12.2137
139 137.82 8.7962
140 182.207 11.5147
141 112.045 7.9812
142 108.753 7.1429
143 101.238 4.3183
144 97.3606 3.9083
145 107.686 5.6136
146 145.043 9.2482
147 157.236 10.7703
148 101.032 4.8451
149 96.416 5.0088
150 102.839 4.837
151 124.319 7.9762
152 115.071 6.9028
153 167.946 10.0412
154 176.253 12.5909
155 178.962 13.4735
156 157.134 10.1265
157 117.285 6.8873
158 147.52 8.92
159 131.775 7.728
160 128.897 6.9519
161 140.34 8.5691
162 172.742 13.9572
163 181.928 12.5945
164 120.082 7.1289
165 143.707 9.4239
166 154.649 11.9519
167 158.915 11.8853
168 132.271 9.2067
169 146.496 8.8818
170 133.988 11.3239
171 156.243 10.9842
172 156.185 13.2104
173 139.144 10.2996
174 141.641 12.6464
175 129.802 9.3743
176 122.209 6.1314
177 177.897 13.6875
178 163.891 13.6763
179 112.69 6.1155
180 97.0811 4.9566
181 116.871 7.1314
182 143.175 8.8333
183 103.889 5.2021
184 88.8468 3.5545
185 166.523 11.5153
186 129.197 9.431
187 157.807 10.4555
188 142.61 9.1233
189 145.765 9.1982
190 145.638 10.4733
191 148.298 10.6438
192 126.758 7.8403
193 146.879 11.0925
194 145.128 8.7586
195 132.496 9.7455
196 128.611 7.2555
197 146.19 8.2685
198 171.512 12.9681
199 168.913 13.268
200 155.804 11.9724
201 151.828 10.9818
202 138.084 10.1782
203 144.577 10.9421
204 130.994 9.639
205 138.15 11.3219
206 150.292 10.1989
207 108.434 3.4304
208 125.216 5.488
209 179.674 12.0737
210 132.401 5.7798
211 192.255 11.3581
212 163.148 7.681
213 212.057 13.4742
214 201.81 13.2539
215 183.139 14.2117
216 187.531 11.1818
217 189.469 14.8681
218 152.16 9.5744
219 190.393 14.9575
220 184.053 15.0601
221 186.928 13.606
222 182.026 15.2268
223 176.998 13.6598
224 159.467 10.1651
225 144.14 9.0831
226 113.881 5.1628
227 118.277 6.8357
228 193.162 13.4062
229 179.232 12.2207
230 186.235 13.581
231 187.687 13.1004
232 177.096 15.1935
233 162.577 12.7594
234 163.463 13.4013
235 184.171 14.2925
236 162.521 13.1116
237 159.14 11.5198
238 164.596 13.5337
239 164.603 12.9014
240 172.377 14.2318
