0 110.449 6.9452
1 122.468 10.9358
2 127.739 10.5006
3 126.068 8.7114
4 72.1108 3.7482
5 109.019 8.0822
6 146.847 13.5338
7 163.983 13.961
8 143.969 11.3108
9 168.705 11.7543
10 148.523 10.9515
11 198.833 12.3833
12 166.348 13.7695
13 178.959 14.0815
14 147.265 11.0801
15 201.698 14.5773
16 179.913 16.2217
17 162.161 10.81
18 141.263 7.689
19 124.641 6.3563
20 130.007 6.7451
21 150.473 10.6726
22 122.134 5.7231
23 170.473 16.1996
24 176.489 13.6625
25 123.95 6.2729
26 134.486 7.9784
27 130.539 8.4793
28 144.13 9.9437
29 140.609 9.2744
30 149.382 11.447
31 200.112 5.3345
32 150.725 11.6114
33 129.071 9.5863
34 115.602 7.6479
35 135.771 9.0383
36 129.403 8.3255
37 123.833 6.706
38 158.73 9.7546
39 150.794 10.6338
40 130.994 6.5499
41 128.163 6.2533
42 173.943 12.8486
43 154.323 10.7063
44 143.366 9.3373
45 158.606 9.9593
46 132.958 11.0498
47 73.9327 1.047
48 128.019 7.8717
49 134.159 11.064
50 138.215 10.42
51 133.236 8.8819
52 150.607 11.2876
53 202.765 14.936
54 206.059 14.8993
55 204.312 15.336
56 157.755 11.3609
57 165.523 11.3916
58 133.475 5.1432
59 171.741 12.9134
60 161.423 10.2202
61 166.389 9.6029
62 172.653 10.868
63 168.32 14.5858
64 121.874 7.1932
65 111.324 5.5635
66 89.7595 3.9542
67 89.5303 3.3862
68 95.3475 3.0988
69 206.715 15.6374
70 171.405 15.1028
71 109.443 6.5268
72 107.488 5.079
73 115.073 5.5176
74 142.067 10.106
75 124.467 7.7161
76 123.979 7.5171
77 118.397 6.2379
78 111.638 4.5001
79 121.196 7.236
80 158.531 9.91
81 149.663 8.8927
82 165.642 12.1299
83 180.608 12.8351
84 129.413 7.6151
85 155.346 10.0601
86 157.59 10.816
87 151.78 10.1292
88 201.744 14.9507
89 153.125 11.4952
90 147.669 10.7913
91 151.203 10.6651
92 163.38 11.7671
93 158.656 9.8846
94 164.818 11.2527
95 187.165 14.5856
96 137.156 8.8769
97 147.347 8.4801
98 175.113 12.3771
99 180.78 13.37
100 161.705 11.8629
101 151.095 11.1131
102 172.061 12.8334
103 153.05 11.5143
104 147.636 9.7471
105 140.869 10.0971
106 147.921 9.5578
107 175.922 11.5913
108 101.785 4.3769
109 109.884 6.6236
110 130.159 6.0506
111 105.887 4.5733
112 121.587 8.074
113 111.711 4.8107
114 166.208 12.773
115 176.935 12.5631
116 147.892 9.8256
117 124.606 8.0444
118 168.094 11.784
119 138.726 8.6737
120 164.053 11.8816
121 155.216 12.3738
122 149.186 11.6633
123 129.671 8.298
124 156.058 9.9374
125 170.37 11.747
126 164.406 11.9619
127 166.104 11.2011
128 154.854 10.043
129 158.085 11.8692
130 135.992 8.9312
131 150.276 9.9457
132 155.986 11.4776
133 145.096 5.6864
134 150.96 8.067
135 153.884 8.3004
136 164.454 13.2547
137 136.253 6.7736
138 181.084 12.3959
139 140.545 9.3997
140 186.269 12.0913
141 115.701 8.2826
142 112.19 7.5681
143 102.74 4.3894
144 98.9497 4.1678
145 110.3 6.1333
146 149.997 9.9465
147 163.309 11.7236
148 103.533 5.0813
149 98.8798 5.2949
150 105.449 5.0648
151 129.557 8.5407
152 119.289 7.3572
153 174.283 10.461
154 183.496 13.1196
155 188.017 13.9169
156 163.726 10.6775
157 121.851 7.4068
158 152.376 9.3192
159 136.378 8.1818
160 131.918 7.4011
161 145.412 8.9823
162 179.472 14.5107
163 188.374 12.7981
164 122.864 7.6612
165 148.257 10.0283
166 160.223 12.7603
167 164.307 12.6894
168 136 9.6026
169 151.091 9.4147
170 138.805 11.9567
171 160.149 11.4611
172 161.725 13.856
173 143.905 11.0946
174 148.487 13.4403
175 134.923 9.999
176 125.255 6.2378
177 184.393 13.7884
178 171.783 14.4768
179 115.68 6.3508
180 99.1893 5.2152
181 121.109 7.5068
182 147.938 9.4071
183 106.681 5.5495
184 90.3618 3.8049
185 172.318 12.2281
186 133.87 10.0894
187 162.332 10.4761
188 146.667 9.5727
189 150.387 9.8051
190 150.048 11.0488
191 153.955 11.0039
192 131.148 8.5208
193 152.251 11.7627
194 150.013 9.3047
195 137.821 10.417
196 132.839 7.6651
197 150.004 8.575
198 178.102 13.515
199 175.076 13.5424
200 161.169 12.5649
201 157.337 11.7527
202 142.594 10.4901
203 149.524 11.7428
204 134.779 9.9576
205 142.859 11.9435
206 154.464 10.891
207 109.549 3.5549
208 127.763 5.6756
209 185.924 12.4768
210 135.136 6.1142
211 197.228 10.9707
212 166.6 8.2412
213 218.412 13.0924
214 208.829 13.2247
215 190.54 14.7175
216 192.664 11.4133
217 195.748 15.1263
218 156.88 9.9712
219 195.456 14.4613
220 190.691 15.2585
221 191.976 13.6905
222 189.18 15.3912
223 183.851 13.9535
224 164.339 10.8981
225 149.79 9.5467
226 117.093 5.5356
227 122.401 7.2635
228 200.399 13.9444
229 186.347 12.4719
230 189.751 13.8816
231 192.923 13.7073
232 186.704 16.9853
233 168.321 13.2931
234 169.095 13.9584
235 187.413 14.4544
236 168.247 13.6817
237 163.684 12.2795
238 166.645 13.5084
239 170.162 13.5305
240 177.733 14.391
