0 107.917 6.7922
1 118.39 10.8208
2 123.967 10.3432
3 122.829 8.6322
4 70.6744 3.6677
5 106.081 8.137
6 142.066 13.2024
7 159.248 13.6868
8 138.622 10.8219
9 163.213 11.1881
10 142.844 10.8266
11 196.761 13.8123
12 160.223 13.8876
13 172.549 13.7532
14 142.525 10.7276
15 200.998 16.3162
16 173.087 16.4697
17 158.009 10.4849
18 137.712 7.4546
19 122.301 6.0445
20 127.805 6.4746
21 146.959 10.3119
22 120.59 5.4516
23 164.299 15.9671
24 172.548 13.5468
25 121.626 6.1121
26 131.503 7.6861
27 126.878 8.1159
28 139.2 9.7902
29 136.715 8.7772
30 145.259 10.999
31 208.487 10.706
32 145.093 11.541
33 124.494 9.3267
34 112.033 7.352
35 132.244 8.7314
36 125.579 8.0134
37 120.49 6.4494
38 154.358 9.5583
39 145.602 10.4087
40 128.141 6.2556
41 125.64 5.8754
42 167.847 12.2114
43 149.144 10.3442
44 139.248 9.1211
45 154.213 9.4377
46 128.289 10.3516
47 73.8626 1.0349
48 124.817 7.4602
49 128.677 10.607
50 133.694 10.0547
51 129.742 8.3191
52 146.474 10.7488
53 201.812 15.4804
54 205.511 15.2976
55 201.636 15.0526
56 151.859 10.8069
57 160.142 10.7799
58 130.857 4.9239
59 165.474 12.5054
60 156.488 9.72
61 161.623 9.166
62 167.071 10.9011
63 160.895 13.7632
64 118.103 6.7807
65 108.685 5.2071
66 88.3182 3.7816
67 88.0605 3.264
68 94.0971 2.9764
69 199.071 15.4013
70 163.6 14.5068
71 106.581 6.4232
72 105.216 4.9798
73 112.839 5.3899
74 138.064 9.6027
75 121.305 7.3911
76 120.597 7.2373
77 114.872 5.8527
78 110.088 4.3283
79 117.597 6.9905
80 153.679 9.4529
81 145.808 8.6624
82 160.446 11.8363
83 174.843 12.51
84 126.485 7.3509
85 151.548 9.5095
86 153.699 10.1301
87 148.599 9.4022
88 199.534 14.5795
89 148.485 10.8687
90 144.239 10.2069
91 147.247 10.0773
92 158.539 11.4749
93 155.013 9.3696
94 159.964 10.9194
95 180.666 14.4775
96 133.791 8.4039
97 143.712 8.1133
98 170.536 12.2333
99 174.983 13.3913
100 156.411 11.5153
101 146.745 10.5936
102 168.097 12.7868
103 148.205 10.8603
104 143.899 9.1985
105 136.632 9.8064
106 143.477 9.0418
107 170.76 11.3578
108 100.027 3.9927
109 106.165 6.075
110 126.31 5.6195
111 102.824 4.2506
112 116.449 7.2893
113 108.619 4.3834
114 157.622 11.7073
115 169.999 11.8155
116 143.344 9.5966
117 121.323 7.6376
118 162.228 11.6918
119 135.214 8.1638
120 158.549 11.2602
121 150.913 11.7046
122 145.038 11.2739
123 126.87 8.089
124 152.482 9.502
125 163.79 11.5013
126 158.79 11.5137
127 160.579 10.8906
128 150.051 9.6623
129 151.807 11.1476
130 131.989 8.5739
131 145.708 9.4442
132 151.403 10.8362
133 142.696 5.552
134 147.683 7.6584
135 150.972 8.0675
136 159.857 12.1979
137 133.583 6.7795
138 177.186 12.3277
139 136.867 8.8987
140 181.94 11.7611
141 112.513 8.1661
142 109.298 7.3727
143 101.078 4.2853
144 97.394 3.8889
145 108.075 5.7084
146 144.967 9.4697
147 157.866 10.9903
148 101.39 5.029
149 96.7715 5.0936
150 103.443 4.978
151 125.25 8.0576
152 115.527 7.1619
153 168.913 10.2343
154 177.327 12.8804
155 180.794 13.509
156 158.575 10.4138
157 118.368 7.1783
158 148.127 8.8653
159 132.715 7.7644
160 128.678 7.3212
161 140.801 8.6561
162 172.836 14.2688
163 182.447 12.7946
164 120.261 7.2059
165 144.294 9.6548
166 155.516 12.217
167 158.859 12.0324
168 132.208 9.2925
169 146.807 9.0628
170 133.914 11.7118
171 155.768 11.0302
172 156.616 13.4075
173 138.866 10.4305
174 142.162 13.0001
175 129.952 9.6311
176 122.24 6.246
177 178.159 13.9142
178 164.743 13.8741
179 113.083 6.1746
180 97.3918 5.1081
181 117.604 7.2718
182 143.847 9.1242
183 104.36 5.3626
184 89.0483 3.6544
185 167.543 11.7758
186 129.2 9.6226
187 159.493 10.7544
188 145.292 9.6726
189 148.553 9.6012
190 148.575 10.8505
191 151.48 10.9615
192 127.799 8.1479
193 148.231 11.1633
194 147.145 8.9632
195 134.057 9.9329
196 130.291 7.4724
197 147.229 8.4219
198 173.487 13.2018
199 170.555 13.2667
200 156.353 12.1098
201 152.637 11.0683
202 138.684 10.2146
203 144.061 10.9312
204 130.576 9.6953
205 138.127 11.5221
206 149.795 10.3021
207 108.006 3.412
208 125.033 5.4685
209 180.379 12.4211
210 131.939 5.7356
211 191.582 11.4796
212 162.803 7.7169
213 215.656 14.6533
214 201.051 13.5419
215 183.608 14.4939
216 188.79 11.4935
217 191.129 15.3004
218 152.348 9.7431
219 189.988 15.0352
220 184.369 15.4999
221 186.988 13.9353
222 183.513 15.5212
223 177.819 14.1634
224 159.362 10.3024
225 144.58 9.1169
226 114.227 5.2187
227 119.165 6.9996
228 193.096 13.4339
229 178.859 12.0812
230 186.547 13.8766
231 188.132 13.3166
232 178.817 15.5111
233 163.559 13.0365
234 163.783 13.4222
235 185.122 14.6859
236 162.283 13.3567
237 158.582 11.9551
238 164.639 13.7425
239 165.394 13.1459
240 172.211 14.7387
