0 110.853 6.8319
1 122.877 11.5811
2 127.7 10.7511
3 126.124 9.2466
4 72.4766 3.6628
5 108.986 8.5502
6 147.035 13.8419
7 164.2 14.5049
8 144.452 11.4984
9 169.924 11.9755
10 149.439 11.4957
11 202.275 14.6751
12 166.211 14.4148
13 179.964 14.4691
14 147.928 11.4472
15 204.401 16.9253
16 178.946 16.4297
17 162.633 11.0149
18 140.951 7.9735
19 124.867 6.4884
20 130.88 6.6276
21 150.965 11.1095
22 123.101 5.7467
23 171.468 16.6046
24 178.125 13.622
25 124.616 6.3622
26 135.194 8.1988
27 130.911 8.7822
28 144.152 10.3466
29 140.816 9.2336
30 150.049 11.7893
31 234.933 15.7061
32 150.978 12.3454
33 129.031 9.9445
34 115.365 7.8556
35 136.226 9.5122
36 129.632 8.668
37 123.917 6.9449
38 159.63 10.3771
39 151.045 10.9967
40 131.752 6.9637
41 128.798 6.453
42 174.247 12.8461
43 155.259 10.7785
44 145.092 9.705
45 159.739 10.1229
46 135.016 11.259
47 73.8749 1.0481
48 128.6 8.3219
49 134.366 11.6274
50 138.149 10.8825
51 133.756 9.0918
52 150.539 11.4563
53 201.872 14.4191
54 202.141 12.7427
55 203.242 15.1558
56 157.818 11.734
57 166.106 11.6882
58 133.771 5.2684
59 172.181 12.957
60 161.479 10.4064
61 166.346 9.7706
62 172.754 11.2023
63 167.036 14.3003
64 121.694 7.2392
65 111.458 5.6187
66 90.2857 3.9667
67 89.9533 3.4675
68 95.6628 3.1986
69 209.765 16.7516
70 170.793 14.9664
71 110.872 6.6552
72 108.44 5.2826
73 116.217 5.6783
74 144.228 10.2674
75 126.891 7.8545
76 125.499 7.739
77 119.408 6.3532
78 112.692 4.5343
79 122.301 7.6006
80 160.116 10.1362
81 151.072 8.9351
82 168.44 12.4602
83 181.216 12.625
84 131.883 7.7439
85 159.324 10.3246
86 160.598 11.3064
87 154.493 10.3001
88 199 13.1963
89 155.177 11.3447
90 150.74 10.7825
91 153.958 11.0298
92 165.601 12.0826
93 160.776 9.8106
94 167.309 11.7824
95 189.825 14.5905
96 138.638 9.0541
97 149.268 8.4917
98 177.315 12.8924
99 182.221 13.3871
100 163.27 12.2691
101 152.633 11.204
102 174.457 13.2145
103 154.518 11.9285
104 149.446 10.0077
105 142.384 10.6793
106 148.794 9.799
107 176.9 12.0368
108 102.686 4.4403
109 112.013 6.3807
110 132.032 5.9762
111 106.425 4.4828
112 123.501 7.7939
113 112.567 4.7666
114 168.122 12.909
115 179.697 11.8869
116 153.115 10.4786
117 128.094 8.2112
118 173.284 12.248
119 142.868 8.5344
120 168.981 12.1504
121 160.732 12.2175
122 154.426 12.0789
123 133.088 9.1398
124 159.037 9.9085
125 171.207 12.2524
126 166.865 12.2568
127 167.743 11.5528
128 156.158 10.52
129 157.876 11.5618
130 137.434 9.5039
131 151.598 10.3383
132 157.336 11.2693
133 146.019 5.9475
134 152.011 8.3932
135 155.182 8.6828
136 166.085 13.298
137 137.177 7.0438
138 184.281 12.9436
139 142.998 9.5524
140 189.464 11.7482
141 117.948 8.675
142 115.006 7.9525
143 104.342 4.4668
144 100.19 4.0827
145 112.482 6.0488
146 152.575 10.3144
147 166.537 11.566
148 105.651 5.381
149 100.875 5.3879
150 107.433 5.2864
151 132.532 8.8429
152 121.329 7.7158
153 177.747 11.1101
154 186.981 13.2212
155 192.086 14.0048
156 164.925 11.0477
157 123.618 7.4965
158 154.259 9.6542
159 137.493 8.2859
160 133.564 7.4526
161 146.53 9.5674
162 180.191 14.4902
163 188.754 13.0477
164 124.62 7.6317
165 150.25 9.7107
166 163.596 12.8401
167 167.133 12.5521
168 138.812 9.7903
169 153.616 9.7204
170 142.737 11.7539
171 163.946 11.5343
172 165.875 13.4814
173 146.958 10.8371
174 153.21 13.7223
175 137.603 10.1563
176 127.177 6.5861
177 188.34 13.3909
178 174.923 14.394
179 118.524 6.8015
180 101.443 5.3896
181 123.554 7.6555
182 150.857 10.0733
183 108.183 5.7125
184 91.6706 3.8837
185 175.984 12.3891
186 136.902 10.3844
187 164.901 11.2002
188 150.352 10.0544
189 153.368 10.2179
190 153.57 11.1887
191 157.288 11.6104
192 132.117 8.3079
193 153.956 11.9717
194 151.077 9.439
195 139.831 10.8243
196 134.675 7.8069
197 151.646 8.8185
198 180.729 13.6449
199 177.999 13.7436
200 163.404 12.7339
201 158.196 11.468
202 143.809 10.5763
203 150.378 11.6701
204 135.687 10.2881
205 143.776 12.1812
206 154.918 11.1164
207 110.099 3.7056
208 128.62 5.7995
209 187.455 12.7472
210 135.772 6.3222
211 197.203 11.4191
212 167.784 8.3307
213 202.472 9.8933
214 201.618 11.0558
215 188.79 13.2083
216 194.957 11.3089
217 199.031 15.6773
218 157.931 10.4557
219 197.71 14.711
220 192.83 15.144
221 196.361 14.7873
222 191.521 16.0598
223 186.545 13.9404
224 166.923 10.5058
225 151.036 9.2189
226 117.69 5.456
227 123.027 7.2567
228 196.158 13.2521
229 186.494 11.7814
230 185.452 13.1517
231 188.699 12.9393
232 185.742 14.6286
233 172.053 14.2495
234 171.764 13.6633
235 188.332 14.4624
236 170.936 13.8943
237 166.805 12.4829
238 168.044 13.4738
239 172.985 13.4832
240 180.415 15.0039
