0 106.667 6.5766
1 115.56 10.5125
2 122.141 10.0017
3 121.436 8.3967
4 70.1924 3.521
5 104.698 7.8559
6 139.035 12.6836
7 156.532 13.3222
8 138.421 10.835
9 161.193 10.9927
10 142.142 10.4667
11 196.281 13.9083
12 157.95 13.5146
13 170.454 13.3676
14 141.201 10.5893
15 198.729 16.2351
16 171.273 16.1011
17 156.511 9.9075
18 136.488 7.2515
19 121.472 5.911
20 126.665 6.37
21 145.746 10.1596
22 119.433 5.2069
23 161.738 15.6844
24 170.403 13.1689
25 121.89 5.9807
26 131.525 7.7149
27 126.953 8.2974
28 139.711 9.7379
29 137.524 8.8274
30 145.321 10.8905
31 209.748 11.0441
32 142.772 11.2905
33 122.739 8.9846
34 110.653 7.2261
35 130.478 8.546
36 124.156 7.8725
37 119.806 6.2916
38 152.419 9.2813
39 143.242 10.0269
40 127.783 6.1512
41 125.234 5.8876
42 167.202 12.3872
43 148.797 10.2401
44 138.905 8.9737
45 153.862 9.266
46 127.838 10.4819
47 73.7929 1.0434
48 124.816 7.4413
49 128.87 10.615
50 133.517 9.9684
51 129.752 8.3038
52 145.802 10.8441
53 201.58 15.0341
54 205.89 15.238
55 202.437 15.3979
56 151.903 10.9436
57 160.353 10.9226
58 130.883 5.0428
59 166.072 12.6606
60 156.477 9.7431
61 162.367 9.1956
62 167.268 10.8856
63 159.971 13.7213
64 118.056 6.8288
65 108.613 5.2575
66 88.0026 3.6977
67 87.9307 3.2325
68 93.9445 2.9608
69 198.575 15.4771
70 162.378 14.6337
71 105.747 6.2175
72 104.658 4.881
73 111.976 5.2257
74 136.225 9.5444
75 120.589 7.2829
76 120.287 7.1881
77 114.935 5.8754
78 109.73 4.207
79 117.649 6.9958
80 152.857 9.451
81 145.163 8.4555
82 159.623 11.4881
83 174.104 12.3345
84 125.956 7.0864
85 151.161 9.1525
86 152.8 10.0468
87 147.302 9.2439
88 199.671 14.8201
89 147.434 10.6811
90 143.174 9.9689
91 145.699 9.9546
92 156.928 11.1814
93 153.654 9.1892
94 158.764 10.6971
95 178.32 14.235
96 132.647 8.2312
97 142.609 7.8746
98 169.042 12.2287
99 172.689 12.9794
100 154.235 11.2742
101 144.54 10.1481
102 165.218 12.1467
103 146.657 10.5187
104 142.812 9.1357
105 135.319 9.6341
106 142.004 8.9306
107 170.985 11.4939
108 99.7542 3.8827
109 105.634 6.0967
110 125.724 5.5324
111 102.323 4.211
112 115.293 7.147
113 108.235 4.4468
114 155.864 11.6101
115 168.119 11.5036
116 141.548 9.3712
117 119.689 7.4536
118 160.031 11.5752
119 133.549 8.0654
120 156.595 10.9876
121 147.966 11.4286
122 142.33 10.7258
123 125.469 7.9163
124 150.597 9.3654
125 164.793 11.6675
126 159.568 11.6645
127 161.966 10.9361
128 151.431 9.9478
129 152.629 11.2787
130 132.197 8.6439
131 146.716 9.5377
132 152.328 10.9308
133 142.051 5.6759
134 147.174 7.5622
135 150.309 7.94
136 158.334 12.4346
137 133.395 6.7354
138 175.245 12.2639
139 136.415 8.8916
140 181.484 11.5811
141 111.491 8.074
142 108.113 7.1773
143 100.746 4.2601
144 97.1175 3.9125
145 107.616 5.6139
146 143.991 9.3348
147 156.388 10.8982
148 101.072 4.9416
149 96.2326 4.974
150 102.975 4.8794
151 124.284 7.9681
152 114.884 7.0652
153 167.576 10.1165
154 175.413 12.6657
155 178.557 13.6275
156 157.389 10.3068
157 117.537 7.0851
158 146.887 8.8629
159 131.876 7.8671
160 127.993 7.2922
161 139.625 8.6619
162 171.244 14.1176
163 180.769 12.6796
164 119.483 7.0052
165 143.273 9.3502
166 154.19 12.0386
167 157.121 11.8285
168 130.78 9.1125
169 145.443 8.7328
170 131.898 11.1299
171 153.704 10.7832
172 155.099 13.1424
173 137.948 10.1975
174 141.332 12.7307
175 129.001 9.5161
176 121.675 6.1206
177 177.255 13.819
178 162.959 13.6314
179 113.047 6.2379
180 97.4329 5.1298
181 117.534 7.296
182 144.308 9.1085
183 104.406 5.3514
184 89.0209 3.6102
185 167.747 11.9645
186 129.374 9.5752
187 156.314 10.2837
188 142.703 9.2318
189 145.677 9.3102
190 145.24 10.5435
191 148.145 10.7564
192 125.981 7.8874
193 146.228 10.7738
194 144.714 8.6778
195 131.925 9.7447
196 128.744 7.2807
197 145.054 8.2957
198 170.711 13.0339
199 167.246 13.0782
200 153.765 12.0001
201 151.146 10.969
202 136.723 10.0789
203 143.196 10.9811
204 129.293 9.6256
205 136.823 10.9852
206 148.553 10.0892
207 107.665 3.403
208 124.733 5.4119
209 179.25 12.1975
210 131.56 5.7689
211 190.054 11.3735
212 162.089 7.6151
213 213.57 14.3851
214 199.682 13.1552
215 183.32 14.4192
216 187.948 11.3488
217 190.755 15.1982
218 152.597 9.7373
219 189.985 14.7953
220 183.836 15.3616
221 186.379 13.7567
222 182.033 15.0958
223 176.992 13.8706
224 156.437 10.0762
225 142.208 8.88
226 112.723 5.0853
227 116.824 6.6767
228 191.284 13.7521
229 175.628 12.1937
230 183.484 13.7165
231 185.559 13.2855
232 175.372 15.142
233 161.256 12.7668
234 161.105 13.4582
235 182.984 14.7012
236 160.52 13.1947
237 156.494 11.6978
238 163.756 13.7547
239 163.71 13.0809
240 170.473 14.3973
