0 107.193 6.7285
1 117.008 10.4607
2 123.043 10.0881
3 122.146 8.4798
4 70.4103 3.5849
5 105.376 7.9555
6 140.599 12.8843
7 157.91 13.6139
8 137.084 10.5738
9 164.331 11.2895
10 144.527 10.7966
11 198.628 13.9224
12 161.396 13.6963
13 173.658 13.5537
14 143.7 10.6181
15 201.971 15.7314
16 175.023 16.318
17 158.248 10.3712
18 137.716 7.4075
19 122.191 6.0973
20 127.579 6.461
21 146.828 10.1816
22 120.269 5.3826
23 164.069 15.7651
24 171.915 13.3468
25 121.61 6.0144
26 131.286 7.6457
27 127.095 8.1825
28 139.331 9.6166
29 137.041 8.6636
30 145.176 10.7869
31 207.075 10.874
32 144.865 11.2365
33 124.259 9.145
34 111.859 7.3358
35 131.773 8.6845
36 125.635 8.0323
37 120.751 6.3822
38 154.055 9.4822
39 144.961 9.9626
40 127.9 6.1311
41 124.838 5.8355
42 167.126 12.2427
43 148.638 10.2069
44 139.146 8.9427
45 153.913 9.2741
46 127.758 10.3007
47 73.7366 1.0362
48 125.231 7.5118
49 129.558 10.5511
50 134.026 10.1477
51 130.533 8.3585
52 146.819 10.8168
53 202.218 15.4075
54 206.31 15.4037
55 201.179 14.565
56 151.714 10.5115
57 160.029 10.7265
58 130.755 4.8808
59 165.725 12.6245
60 156.434 9.5968
61 161.794 9.1087
62 167.184 10.7342
63 162.249 13.7878
64 118.886 6.8317
65 109.17 5.2266
66 88.3203 3.7362
67 88.3845 3.2531
68 94.2368 2.9678
69 200.674 14.824
70 165.105 14.6024
71 106.737 6.3594
72 105.447 4.9925
73 112.904 5.3189
74 138.406 9.5858
75 121.836 7.3432
76 121.945 7.4135
77 116.172 6.0912
78 110.623 4.4824
79 118.813 7.1791
80 155.36 9.8475
81 147.304 8.8363
82 162.416 11.8192
83 177.165 12.5691
84 127.357 7.3687
85 152.823 9.5114
86 154.976 10.3807
87 149.659 9.5338
88 201.755 14.9791
89 150.365 11.0423
90 145.023 10.1365
91 147.104 10.028
92 158.386 11.206
93 154.735 9.2257
94 159.892 10.835
95 180.494 14.2824
96 133.523 8.4581
97 143.503 7.9967
98 170.145 12.3093
99 174.546 13.0683
100 155.685 11.4793
101 146.144 10.4515
102 166.874 12.1356
103 147.985 10.7688
104 143.811 9.3411
105 136.293 9.6916
106 143.134 8.8659
107 170.418 11.2784
108 99.6861 3.8968
109 105.777 6.1183
110 125.735 5.5753
111 102.491 4.2481
112 115.752 7.3505
113 108.076 4.4126
114 156.112 11.6893
115 168.672 11.7859
116 142.375 9.4682
117 120.497 7.6168
118 161.312 11.7471
119 134.352 8.221
120 157.995 11.1534
121 150.096 11.7484
122 144.273 10.8631
123 126.391 8.1634
124 152.676 9.5446
125 163.705 11.4282
126 158.758 11.2631
127 160.631 10.7339
128 150.326 9.6695
129 151.952 11.1715
130 132.099 8.3829
131 145.859 9.4861
132 151.035 10.6259
133 142.676 5.6107
134 147.709 7.6116
135 150.652 7.8332
136 159.342 12.3071
137 133.723 6.6767
138 176.223 12.2144
139 136.966 8.7815
140 182.006 11.4112
141 113.51 8.206
142 110.193 7.4731
143 101.719 4.2644
144 97.8715 3.9685
145 108.705 5.8041
146 146.322 9.5429
147 159.606 11.1681
148 101.792 5.0617
149 97.1687 5.1402
150 103.928 4.9995
151 125.984 8.2264
152 116.485 7.2911
153 170.392 10.3933
154 178.841 12.8434
155 182.516 13.8126
156 159.027 10.3893
157 118.251 7.1598
158 147.843 8.8862
159 132.363 7.7463
160 129.033 7.2702
161 140.465 8.6759
162 172.369 14.1847
163 181.81 12.8587
164 120.36 7.1716
165 144.587 9.4796
166 155.435 12.1459
167 158.869 12.0407
168 131.988 9.3137
169 146.466 9.0779
170 133.641 11.3972
171 155.432 10.5988
172 156.324 13.3991
173 138.414 10.2881
174 141.985 12.6343
175 129.824 9.452
176 121.94 6.2288
177 178.276 13.8453
178 164.443 13.6541
179 113.856 6.2318
180 97.8683 5.1611
181 118.409 7.27
182 144.819 9.212
183 104.648 5.4252
184 89.2368 3.6996
185 169.334 11.9607
186 130.667 9.8455
187 157.443 10.3655
188 143.385 9.3753
189 146.505 9.2715
190 146.477 10.5666
191 149.143 10.7403
192 127.092 7.9396
193 147.389 11.0274
194 145.989 8.7584
195 133.539 9.8432
196 129.75 7.2936
197 146.318 8.3411
198 172.145 12.9755
199 169.438 13.1553
200 154.185 11.8545
201 151.029 10.7712
202 137.086 9.927
203 142.71 10.7536
204 128.969 9.4076
205 136.189 10.8474
206 147.883 10.3328
207 107.733 3.3657
208 124.853 5.4283
209 179.747 12.1295
210 131.83 5.8009
211 191.4 11.3296
212 162.474 7.6404
213 212.273 13.7861
214 200.298 13.1511
215 183.473 14.293
216 187.709 11.5423
217 190.143 15.1856
218 151.865 9.6505
219 189.608 14.7288
220 183.327 15.1646
221 186.696 13.8991
222 182.899 15.2235
223 177.538 13.6754
224 158.842 10.1763
225 144.578 9.17
226 114.443 5.2665
227 119.209 6.8955
228 193.8 13.6601
229 179.369 12.3474
230 186.702 13.7713
231 189.099 13.5751
232 176.128 15.1128
233 161.484 12.7916
234 161.777 13.4717
235 183.817 14.4845
236 160.862 13.2714
237 157.157 11.7678
238 163.963 13.634
239 163.915 12.9768
240 169.858 14.3165
