0 107.102 6.6081
1 116.417 10.5602
2 122.527 10.084
3 121.866 8.3925
4 70.3104 3.5185
5 104.741 7.8647
6 139.41 12.6924
7 157.227 13.3626
8 136.587 10.4335
9 163.427 11.2751
10 143.693 10.7063
11 197.818 13.8072
12 160.312 13.5779
13 172.606 13.5221
14 143.273 10.4918
15 199.556 15.4008
16 173.284 16.2028
17 157.391 10.1698
18 137.016 7.2681
19 121.954 5.9536
20 127.357 6.2969
21 146.318 10.0246
22 119.842 5.25
23 163.014 15.5033
24 171.737 13.1397
25 121.503 5.9566
26 131.41 7.5776
27 126.865 8.1896
28 139.042 9.5426
29 136.379 8.7156
30 144.258 10.5428
31 210.773 11.8107
32 143.718 11.2098
33 123.774 9.2609
34 111.12 7.2474
35 131.233 8.5935
36 124.772 7.8397
37 120.48 6.3016
38 153.213 9.2487
39 144.24 10.0311
40 127.793 6.1336
41 125.004 5.7216
42 167.078 12.2882
43 148.732 10.2419
44 139.017 8.8548
45 153.682 9.134
46 127.321 10.3205
47 73.7987 1.0325
48 124.673 7.3478
49 129.125 10.5927
50 133.652 10.0348
51 129.678 8.319
52 146.113 10.686
53 203.772 15.971
54 205.384 15.3161
55 202.645 15.5002
56 151.497 10.4642
57 159.933 10.5599
58 130.83 4.9001
59 165.135 12.3592
60 156.296 9.6398
61 161.581 9.0894
62 166.442 10.6272
63 158.412 13.4925
64 117.098 6.5886
65 107.728 5.054
66 87.8741 3.6548
67 87.6544 3.1631
68 93.6639 2.9088
69 196.792 15.2011
70 161.087 14.184
71 106.318 6.2487
72 104.947 4.8669
73 112.32 5.2121
74 136.951 9.413
75 120.912 7.2733
76 120.531 7.1072
77 114.507 5.8901
78 109.827 4.2764
79 117.404 6.9769
80 153.247 9.3626
81 145.191 8.3835
82 159.437 11.5579
83 173.417 12.4435
84 126.16 7.2589
85 151.134 9.4322
86 152.636 10.2382
87 147.429 9.4579
88 200.371 14.8977
89 147.899 10.9131
90 142.865 10.0681
91 147.075 10.0557
92 158.378 11.2077
93 154.96 9.311
94 160.008 10.733
95 179.929 14.3058
96 133.727 8.373
97 143.48 7.9804
98 170.731 12.2081
99 173.408 12.9333
100 155.554 11.279
101 145.092 10.1978
102 166.456 12.4148
103 147.478 10.6527
104 143.404 9.1633
105 136.114 9.6361
106 142.696 8.9522
107 170.406 11.3265
108 99.7246 3.903
109 105.932 6.0789
110 125.874 5.6009
111 102.683 4.2358
112 115.452 7.2449
113 108.244 4.3165
114 156.073 11.5631
115 168.374 11.8112
116 143.356 9.7021
117 121.077 7.5815
118 162.227 11.7637
119 135.278 8.2528
120 158.879 10.9921
121 150.432 11.6755
122 144.651 11.0092
123 127.307 8.3668
124 151.872 9.4088
125 163.111 11.4455
126 157.771 11.377
127 160.384 10.6439
128 150.074 9.651
129 151.04 11.017
130 131.46 8.4314
131 145.083 9.4052
132 150.927 10.6977
133 142.579 5.5696
134 147.435 7.6632
135 150.375 7.7852
136 158.667 12.1386
137 133.165 6.5978
138 175.463 12.3215
139 136.653 8.7325
140 181.636 11.7105
141 112.107 7.9411
142 108.801 7.1832
143 101.048 4.2471
144 97.3186 3.9516
145 108.04 5.6669
146 144.639 9.1912
147 157.468 11.0277
148 101.723 4.9403
149 97.067 5.1095
150 103.761 4.9657
151 125.61 8.1401
152 115.895 7.22
153 169.587 10.2847
154 178.16 12.9447
155 181.457 13.8825
156 158.018 10.2169
157 118.138 6.9666
158 147.441 8.929
159 132.437 7.7325
160 128.219 7.2312
161 140.133 8.5633
162 171.398 14.1001
163 181.571 12.7764
164 121.037 7.2965
165 145.102 9.4539
166 156.602 12.4711
167 159.877 12.3804
168 132.886 9.3862
169 147.964 9.2742
170 134.967 11.5777
171 156.645 11.1539
172 155.757 13.0632
173 137.927 10.1906
174 141.697 12.776
175 129.057 9.4733
176 121.966 6.2538
177 177.202 13.7444
178 163.382 13.6944
179 112.549 6.0819
180 97.0631 5.0567
181 117.127 7.1346
182 143.624 8.9421
183 104.184 5.179
184 88.7453 3.5792
185 166.912 11.8652
186 128.693 9.5232
187 156.806 10.3251
188 143.132 9.3197
189 146.161 9.2346
190 145.973 10.6208
191 148.92 10.6885
192 126.155 7.8281
193 145.898 10.9615
194 144.771 8.7811
195 131.886 9.7231
196 128.77 7.1799
197 145.178 8.2352
198 170.775 12.9294
199 167.916 13.0899
200 153.36 11.6759
201 150.838 10.8246
202 136.631 9.9906
203 142.444 10.6897
204 128.507 9.4738
205 136.046 11.0496
206 147.289 9.94
207 107.633 3.3852
208 124.707 5.4088
209 178.906 12.1622
210 131.677 5.7075
211 190.541 11.3053
212 162.328 7.6041
213 212.223 13.7105
214 200.832 13.5424
215 183.107 14.1994
216 187.698 11.452
217 189.881 14.9198
218 152.21 9.6821
219 189.741 15.0912
220 182.596 15.2411
221 185.883 13.7667
222 181.415 15.2546
223 177.041 13.6755
224 157.373 10.2388
225 143.13 8.9515
226 113.197 5.1295
227 117.682 6.7669
228 192.223 13.7946
229 177.652 12.2627
230 185.133 13.7792
231 187.212 13.4028
232 174.679 14.4207
233 160.704 12.5245
234 160.989 13.2498
235 182.772 14.4891
236 160.116 13.1423
237 156.044 11.5497
238 163.162 13.6094
239 163.044 12.934
240 168.767 14.04
