0 106.951 6.5956
1 116.467 10.6372
2 122.536 10.0296
3 121.879 8.4093
4 70.3366 3.5288
5 104.842 7.8951
6 139.898 12.5024
7 157.287 13.2279
8 136.825 10.5611
9 162.868 11.1852
10 143.049 10.7439
11 197.318 13.8996
12 159.867 13.5117
13 172.199 13.4252
14 142.643 10.5941
15 200.237 15.5694
16 173.354 16.0829
17 158.022 10.3595
18 137.625 7.4286
19 122.303 6.0273
20 127.51 6.388
21 146.866 10.3408
22 120.15 5.2753
23 163.654 15.517
24 172.16 13.3789
25 121.608 6.0133
26 131.435 7.6274
27 126.982 8.1324
28 139.41 9.6194
29 136.848 8.8277
30 144.896 10.5632
31 222.314 14.8162
32 144.048 11.2077
33 123.801 9.1123
34 111.658 7.4094
35 131.329 8.6563
36 125.15 7.9062
37 120.329 6.3745
38 153.724 9.3069
39 144.332 10.1184
40 127.868 6.1646
41 124.963 5.8998
42 167.263 12.0507
43 148.439 10.1844
44 139.144 8.9354
45 153.748 9.2603
46 127.424 10.3639
47 73.7049 1.0342
48 125.13 7.4461
49 129.288 10.3411
50 133.873 10.0737
51 130.251 8.3107
52 146.322 10.8443
53 202.457 15.4757
54 205.102 14.93
55 203.599 15.5364
56 152.82 11.0468
57 161.233 11.0008
58 131.327 5.0107
59 166.789 12.7045
60 157.343 9.7013
61 162.97 9.3829
62 168.492 10.8653
63 161.36 13.6969
64 118.364 6.7391
65 108.774 5.1966
66 88.2298 3.6523
67 88.1022 3.1995
68 94.0728 2.9651
69 200.14 15.3025
70 164.026 14.4805
71 106.316 6.2781
72 105.132 4.8632
73 112.591 5.3135
74 137.863 9.609
75 121.279 7.2763
76 121.691 7.3459
77 115.874 6.0578
78 110.559 4.3429
79 118.606 7.1785
80 154.854 9.7482
81 146.624 8.6115
82 161.783 11.9167
83 176.632 12.7264
84 126.382 7.23
85 151.216 9.3358
86 153.173 10.1611
87 148.081 9.4749
88 199.651 14.6788
89 148.9 10.7776
90 143.376 10.1009
91 146.747 10.0041
92 158.32 11.2216
93 154.61 9.2085
94 159.847 10.8692
95 179.831 14.2645
96 133.335 8.387
97 143.409 8.0398
98 169.936 12.1308
99 173.654 13.0941
100 155.495 11.4279
101 145.671 10.4155
102 166.037 12.454
103 147.515 10.6557
104 143.569 9.088
105 135.991 9.6896
106 142.795 8.9579
107 172.195 11.5605
108 100.179 3.947
109 106.741 6.3151
110 127.194 5.8015
111 103.509 4.3941
112 117.224 7.4913
113 109.047 4.5234
114 158.633 12.0554
115 170.744 12.0262
116 143.07 9.6735
117 120.864 7.7427
118 162.144 11.7914
119 134.847 8.2198
120 158.887 11.2099
121 150.643 11.8912
122 144.877 11.2954
123 126.759 8.3386
124 151.225 9.2172
125 163.843 11.4503
126 158.593 11.4724
127 160.438 10.9126
128 150.404 9.6256
129 151.82 11.0257
130 132.003 8.2511
131 145.717 9.3744
132 151.209 10.5972
133 142.748 5.5885
134 147.806 7.6156
135 150.712 7.8535
136 159.217 12.3312
137 133.598 6.6276
138 176.414 12.1855
139 137.128 8.867
140 181.951 11.8618
141 113.325 8.2666
142 110 7.3821
143 101.66 4.2586
144 97.8457 3.9842
145 108.611 5.7919
146 146.001 9.5531
147 159.333 11.1033
148 101.261 4.9129
149 96.487 5.0135
150 103.274 4.9054
151 124.715 8.0681
152 115.768 7.0493
153 168.689 10.1504
154 177 12.7333
155 180.023 13.758
156 158.365 10.3304
157 117.708 6.9885
158 147.363 8.8689
159 131.991 7.9004
160 128.552 7.2683
161 139.832 8.5959
162 171.5 14.1982
163 180.89 12.5788
164 120.352 6.9465
165 144.282 9.5622
166 155.434 11.844
167 158.703 11.9981
168 131.764 9.2163
169 146.283 8.9924
170 133.18 11.4438
171 155.238 11.0585
172 155.801 13.3748
173 138.184 10.3485
174 141.81 12.7801
175 129.77 9.567
176 121.833 6.1865
177 177.77 13.7037
178 164.03 13.7926
179 112.881 6.1433
180 97.0257 5.0574
181 117.423 7.0655
182 143.483 8.986
183 104.111 5.2879
184 88.9037 3.6516
185 166.893 11.6437
186 128.759 9.635
187 157.743 10.3838
188 143.816 9.3527
189 146.991 9.3765
190 146.777 10.7131
191 149.474 10.7543
192 126.75 7.8863
193 146.848 11.0277
194 145.834 8.943
195 132.879 9.8664
196 129.473 7.2519
197 146.163 8.3676
198 171.788 13.0397
199 168.971 13.0789
200 155.367 12.1373
201 152.116 10.9041
202 138.044 10.1477
203 144.007 10.8822
204 129.853 9.7501
205 137.487 11.2612
206 149.278 10.393
207 108.015 3.4033
208 125.114 5.469
209 180.322 12.2133
210 132.061 5.7352
211 191.595 11.5437
212 163.015 7.7375
213 209.37 12.567
214 201.182 13.1629
215 183.673 14.3665
216 187.827 11.3138
217 190.132 15.0818
218 152.177 9.6462
219 190.308 15.1362
220 183.667 15.3405
221 186.453 13.6914
222 182.863 15.2759
223 177.844 13.8055
224 157.776 10.2172
225 143.387 9.0235
226 113.758 5.1717
227 118.279 6.8445
228 192.583 13.5841
229 178.134 12.2505
230 185.435 13.7596
231 187.204 13.3587
232 175.55 14.9715
233 160.875 12.5274
234 160.91 13.4633
235 183.271 14.769
236 160.412 13.1578
237 156.688 11.8334
238 163.622 13.7537
239 163.615 13.0995
240 171.341 14.373
