0 106.949 6.4843
1 116.281 10.4801
2 122.088 9.9967
3 121.721 8.4038
4 70.379 3.456
5 104.735 7.7862
6 139.203 12.6769
7 156.669 13.325
8 136.281 10.4846
9 161.875 10.9028
10 142.077 10.5316
11 196.153 13.5527
12 158.999 13.4415
13 171.103 13.357
14 141.94 10.3959
15 199.34 15.4832
16 172.158 16.104
17 157.054 10.226
18 136.909 7.3166
19 121.938 5.9429
20 127.059 6.3521
21 146.271 10.1518
22 119.658 5.219
23 162.996 15.477
24 171.104 13.1178
25 121.232 5.9138
26 131.298 7.5723
27 126.479 8.0893
28 138.707 9.5385
29 136.109 8.671
30 144.214 10.6406
31 249.465 19.5803
32 143.782 11.304
33 124.061 9.0731
34 111.479 7.3932
35 131.525 8.6524
36 124.872 7.9186
37 120.456 6.3443
38 153.242 9.3422
39 144.631 10.1716
40 127.55 6.1488
41 124.76 5.8344
42 166.947 12.0797
43 148.574 10.1284
44 138.458 8.8891
45 153.347 9.0576
46 127.127 10.4403
47 73.7824 1.026
48 124.969 7.4212
49 129.441 10.5015
50 133.822 10.0214
51 130.089 8.4216
52 146.207 10.6647
53 203.344 15.6401
54 203.17 14.1203
55 201.136 14.6334
56 151.072 10.5638
57 159.415 10.7586
58 130.518 4.8658
59 164.52 12.2912
60 155.779 9.393
61 161.111 9.0078
62 166.212 10.6001
63 160.796 13.8111
64 118.189 6.7584
65 108.737 5.2276
66 87.9365 3.7704
67 88.1012 3.238
68 94.0329 2.9795
69 199.436 15.28
70 163.548 14.5386
71 105.95 6.1921
72 104.688 4.8488
73 111.972 5.2312
74 136.555 9.2966
75 120.511 7.0808
76 120.564 7.177
77 114.827 5.8226
78 109.963 4.2634
79 117.539 6.9481
80 153.362 9.5733
81 145.166 8.6127
82 159.708 11.2547
83 174.143 12.3307
84 125.823 7.066
85 150.938 9.4826
86 152.806 10.0819
87 147.473 9.4015
88 198.577 14.4692
89 147.999 10.6855
90 143.048 10.0332
91 146.978 10.1938
92 158.633 11.1733
93 155.066 9.2104
94 160.317 10.7532
95 180.28 14.2523
96 133.606 8.4643
97 143.581 7.989
98 170.868 12.2472
99 174.713 13.041
100 156.999 11.386
101 145.893 10.3404
102 167.182 12.3729
103 148.281 10.7904
104 144.229 9.2505
105 136.955 9.7418
106 143.828 9.0322
107 170.202 11.3996
108 99.9562 3.7068
109 105.948 5.9836
110 126.187 5.5002
111 102.555 4.2038
112 115.83 7.2241
113 108.42 4.4398
114 156.271 11.6411
115 169.064 11.5021
116 141.866 9.4166
117 119.848 7.4531
118 160.538 11.4965
119 133.791 7.8652
120 157.051 10.8683
121 148.39 11.2307
122 142.992 10.6438
123 125.864 7.9755
124 151.119 9.2923
125 163.182 11.3981
126 157.604 11.3307
127 160.35 10.5216
128 149.613 9.6008
129 151.152 10.9117
130 131.186 8.3833
131 145.354 9.3359
132 150.642 10.7511
133 142.279 5.5858
134 146.929 7.5702
135 149.797 7.8152
136 158.024 12.3534
137 133.117 6.5862
138 175.274 12.2314
139 136.416 8.7945
140 181.684 11.7036
141 112.208 8.1203
142 108.923 7.2531
143 101.035 4.2471
144 97.2149 3.9271
145 107.927 5.7243
146 144.643 9.389
147 157.73 10.9526
148 101.62 4.9913
149 97.077 5.1091
150 103.655 4.9422
151 125.594 8.1824
152 115.857 7.1254
153 169.956 10.3436
154 178.278 12.8344
155 181.355 13.726
156 158.266 10.2859
157 118.016 7.0348
158 147.563 8.7922
159 132.437 7.7226
160 128.366 7.2637
161 140.092 8.5867
162 171.962 14.1868
163 182.031 12.6658
164 120.153 7.1022
165 144.064 9.3655
166 155.222 11.9675
167 158.081 11.8398
168 131.773 9.0907
169 146.222 8.8775
170 132.946 11.2044
171 154.757 10.897
172 155.966 13.0915
173 137.868 10.0481
174 141.179 12.8056
175 128.689 9.4126
176 121.857 6.1621
177 177.28 13.7826
178 163.526 13.7061
179 113.955 6.2872
180 98.0263 5.1706
181 118.633 7.3477
182 145.283 9.2032
183 104.754 5.4079
184 89.2207 3.6626
185 169.64 12.0341
186 130.762 9.5914
187 156.307 10.1032
188 142.537 9.1794
189 145.57 9.0356
190 145.215 10.4261
191 148.112 10.5205
192 125.623 7.647
193 145.615 10.8989
194 144.388 8.6135
195 131.647 9.6883
196 128.414 7.1508
197 144.807 8.11
198 170.325 13.0624
199 167.014 13.0396
200 152.88 11.7406
201 150.268 10.5727
202 136.095 9.8661
203 141.902 10.6104
204 128.524 9.327
205 135.717 10.8035
206 147.383 10.0188
207 107.435 3.313
208 124.276 5.4075
209 179.074 11.9888
210 131.459 5.6464
211 190.523 11.3408
212 161.946 7.4248
213 207.545 12.2723
214 199.456 12.8411
215 184.664 14.1991
216 188.554 11.2249
217 191.042 14.9147
218 153.147 9.7209
219 191.229 15.0728
220 184.6 15.2658
221 187.614 13.8297
222 183.066 15.1396
223 176.577 13.746
224 159.665 10.7509
225 144.82 9.1376
226 114.287 5.2189
227 118.769 6.9271
228 193.948 13.692
229 179.636 12.4524
230 187.158 13.9146
231 189.133 13.3478
232 175.333 14.6819
233 161.137 12.5041
234 161.238 13.081
235 182.889 14.5544
236 160.166 13.1612
237 156.347 11.5626
238 163.1 13.6029
239 163.282 12.8456
240 169.056 14.0033
