0 107.607 6.5973
1 117.147 10.3475
2 122.876 9.9061
3 122.079 8.3321
4 70.7588 3.5208
5 105.419 7.8731
6 139.656 12.4662
7 157.737 13.2184
8 138.89 10.7336
9 162.798 11.1146
10 143.113 10.5725
11 196.33 13.5232
12 159.339 13.524
13 172.202 13.6512
14 142.619 10.6417
15 199.227 15.5344
16 172.839 16.1672
17 157.474 10.1073
18 137.128 7.2462
19 121.926 5.8597
20 127.296 6.2524
21 146.556 10.1057
22 119.851 5.2094
23 163.015 15.5462
24 171.673 13.1738
25 121.625 5.9235
26 131.418 7.5894
27 126.803 8.1788
28 138.944 9.5072
29 136.709 8.7834
30 144.455 10.7451
31 221.668 14.0168
32 144.07 11.322
33 124.138 9.2133
34 111.852 7.3052
35 131.845 8.4771
36 125.366 7.7787
37 120.574 6.3433
38 153.966 9.3535
39 144.924 9.904
40 127.929 6.2067
41 125.269 5.8576
42 167.65 12.3363
43 148.954 10.2197
44 139.162 8.8611
45 154.03 9.2014
46 127.952 10.3385
47 73.8244 1.0274
48 125.073 7.4488
49 129.228 10.3624
50 133.758 10.1517
51 129.884 8.2747
52 146.242 10.6706
53 202.903 15.9291
54 205.957 15.3318
55 201.478 15.1526
56 151.389 10.6569
57 159.815 10.7461
58 130.715 4.938
59 164.939 12.3974
60 156.167 9.6455
61 161.574 9.1403
62 166.501 10.6193
63 159.883 13.6607
64 117.945 6.732
65 108.479 5.1983
66 87.9896 3.6825
67 88.07 3.1583
68 93.926 2.8928
69 199.466 15.5609
70 162.979 14.2992
71 106.505 6.3131
72 105.365 4.8085
73 112.607 5.2693
74 137.719 9.5064
75 121.527 7.3082
76 121.793 7.2542
77 115.999 6.002
78 110.609 4.3438
79 118.905 7.0851
80 155.18 9.6824
81 147.07 8.6783
82 162.316 11.7341
83 176.69 12.5367
84 126.701 7.2241
85 151.94 9.3067
86 153.544 10.0271
87 148.791 9.3101
88 199.193 14.3827
89 148.936 10.5514
90 144.26 9.9174
91 146.883 9.9885
92 158.337 11.1323
93 154.738 9.2174
94 159.782 10.748
95 179.679 14.3209
96 133.307 8.3172
97 143.401 7.9809
98 170.129 12.2435
99 174.055 12.9345
100 156.216 11.2218
101 145.369 10.2377
102 166.649 12.3254
103 147.804 10.6567
104 143.642 9.005
105 136.289 9.6035
106 143.247 8.8839
107 170.702 11.3267
108 100.097 3.8722
109 106.378 6.1296
110 126.669 5.5431
111 103.065 4.2444
112 116.507 7.3273
113 108.828 4.4457
114 157.309 11.7516
115 170.151 11.776
116 142.685 9.5369
117 121.047 7.557
118 161.994 11.613
119 134.917 8.1498
120 158.26 10.8737
121 149.753 11.5568
122 144.067 10.9242
123 126.553 8.0784
124 151.905 9.3866
125 163.434 11.3694
126 158.161 11.3158
127 160.542 10.7161
128 149.783 9.5721
129 151.755 11.0321
130 131.488 8.3746
131 145.642 9.3164
132 150.784 10.5974
133 142.828 5.5306
134 147.502 7.5353
135 150.628 7.776
136 159.014 12.1881
137 133.687 6.6833
138 176.267 12.0792
139 137.172 8.8731
140 182.121 11.702
141 112.363 7.9815
142 108.974 7.3078
143 101.026 4.285
144 97.3115 3.872
145 108.169 5.6885
146 144.508 9.2662
147 157.589 10.8853
148 101.787 5.031
149 97.2405 5.0958
150 103.828 4.9704
151 125.553 8.2333
152 115.822 7.1862
153 170.095 10.42
154 178.083 12.9912
155 181.529 13.7054
156 158.579 10.3735
157 118.186 7.0205
158 147.817 8.9012
159 132.759 7.718
160 128.693 7.1181
161 140.702 8.5865
162 172.126 14.1956
163 182.323 12.5126
164 120.476 7.1515
165 144.271 9.4456
166 155.03 12.2291
167 158.276 12.1712
168 131.902 9.2587
169 146.533 9.0732
170 133.626 11.4562
171 155 10.8487
172 157.943 13.3359
173 139.713 10.3878
174 143.662 12.9298
175 130.629 9.5675
176 123.35 6.3106
177 179.691 13.8012
178 166.205 14.0003
179 113.065 6.1493
180 97.327 5.0071
181 117.678 7.075
182 144.092 8.8327
183 104.242 5.3092
184 89.0548 3.602
185 167.38 11.7417
186 129.258 9.6497
187 159.1 10.4757
188 145.078 9.5662
189 148.055 9.4975
190 147.922 10.7652
191 151.254 10.9963
192 126.661 7.9086
193 147.069 11.1436
194 145.926 8.8807
195 132.77 9.7695
196 129.445 7.2143
197 146.048 8.2614
198 171.85 12.959
199 168.935 13.2606
200 155.239 12.0437
201 152.096 10.9306
202 138.032 10.1246
203 144.305 11.1081
204 130.318 9.5574
205 137.835 11.2092
206 149.412 10.2669
207 107.772 3.3402
208 124.795 5.3997
209 179.593 12.0133
210 131.818 5.6909
211 191.076 11.3619
212 162.397 7.5493
213 208.381 12.783
214 201.104 13.2541
215 183.302 14.1258
216 187.62 11.2999
217 190.628 15.2699
218 152.27 9.4973
219 189.778 14.7078
220 183.438 15.0267
221 186.256 13.655
222 181.951 15.0618
223 179.381 13.7962
224 158.791 10.0969
225 143.979 9.0389
226 113.978 5.133
227 118.62 6.837
228 192.715 13.4373
229 178.696 12.3031
230 185.831 13.6181
231 187.855 13.3475
232 179.522 15.515
233 164.223 13.0906
234 163.679 13.7057
235 185.665 14.5929
236 163.233 13.4307
237 159.077 11.845
238 165.671 13.7043
239 166.137 13.1361
240 171.645 14.4718
