0 106.787 6.5424
1 115.93 10.4786
2 122.354 10.0243
3 121.534 8.4335
4 70.3377 3.535
5 104.879 7.8878
6 139.161 12.6417
7 156.86 13.4194
8 138.968 10.8901
9 161.188 10.9921
10 141.375 10.587
11 195.404 13.7809
12 157.844 13.4965
13 170.242 13.4093
14 141.229 10.7045
15 197.145 15.5139
16 171.145 16.3128
17 156.713 9.9964
18 136.584 7.3039
19 121.577 5.8942
20 126.569 6.3098
21 146.011 9.9944
22 119.417 5.2564
23 161.915 15.6213
24 170.594 13.5095
25 121.139 5.9923
26 130.907 7.6505
27 126.151 8.0131
28 138.374 9.4897
29 136.193 8.6613
30 143.841 10.4895
31 212.467 12.9357
32 143.485 11.3413
33 123.543 9.0441
34 111.203 7.3491
35 131.417 8.6266
36 124.853 7.8932
37 120.303 6.2078
38 153.37 9.3171
39 144.371 9.9931
40 127.51 6.1869
41 125.147 5.8747
42 166.688 12.4071
43 148.368 10.1443
44 138.375 8.9504
45 153.488 9.2151
46 127.101 10.3456
47 73.8523 1.0331
48 124.878 7.3255
49 128.975 10.441
50 133.549 10.0659
51 129.8 8.2391
52 145.914 10.8785
53 202.814 15.5359
54 204.819 14.8958
55 202.998 15.5998
56 150.821 10.699
57 159.155 10.4641
58 130.459 4.8681
59 164.621 12.4864
60 155.85 9.5989
61 161.305 9.1514
62 166.397 10.5374
63 160.455 13.7648
64 118.192 6.8043
65 108.824 5.2211
66 88.1678 3.746
67 88.3297 3.2525
68 94.1339 2.9922
69 199.627 15.5074
70 163.544 14.6113
71 106.736 6.3808
72 105.528 4.9058
73 113 5.3783
74 138.341 9.6874
75 121.976 7.2793
76 121.287 7.3588
77 115.534 5.9062
78 110.337 4.3405
79 118.174 7.1066
80 154.818 9.7316
81 146.345 8.6545
82 161.247 11.6702
83 175.784 12.4851
84 126.194 7.2138
85 151.13 9.4411
86 153.066 10.2543
87 147.457 9.2872
88 199.398 14.803
89 147.807 10.6507
90 143.207 9.8549
91 147.723 10.2227
92 158.805 11.4337
93 155.556 9.415
94 161.112 10.9902
95 180.832 14.6874
96 134.063 8.5593
97 144.066 8.0598
98 171.508 12.4812
99 172.948 12.9574
100 154.957 11.2788
101 144.83 10.3193
102 165.751 12.4106
103 147.125 10.6792
104 143.081 9.0606
105 135.675 9.6435
106 142.216 8.9073
107 169.7 11.1828
108 99.7505 3.9653
109 105.623 6.1278
110 125.802 5.5873
111 102.613 4.2598
112 115.269 7.3376
113 108.29 4.4877
114 155.699 11.6642
115 168.446 11.7085
116 141.074 9.4726
117 119.335 7.5186
118 159.871 11.3335
119 133.456 8.0545
120 156.327 11.1003
121 147.908 11.3052
122 141.958 10.8442
123 125.158 8.0063
124 150.423 9.3314
125 165.056 11.5178
126 159.714 11.68
127 162.435 11.0473
128 151.742 9.8846
129 153.052 11.3691
130 132.565 8.4793
131 146.961 9.7276
132 152.681 10.9246
133 142.358 5.583
134 147.351 7.5891
135 150.641 7.7955
136 158.875 12.476
137 133.436 6.6742
138 175.345 12.1444
139 136.303 8.7632
140 181.762 11.7196
141 111.48 8.1243
142 108.284 7.188
143 100.698 4.2475
144 97.1522 3.8934
145 107.432 5.6248
146 143.864 9.2601
147 156.419 10.9175
148 101.213 4.9454
149 96.4313 5.048
150 103.046 4.9146
151 124.55 8.0398
152 114.962 7.1121
153 167.895 10.2407
154 175.968 12.8559
155 178.954 13.7091
156 157.172 10.2657
157 117.376 7.0706
158 146.692 8.9268
159 131.911 7.777
160 127.95 7.2871
161 139.467 8.5709
162 170.925 14.2051
163 180.593 12.6751
164 120.223 7.2049
165 144.648 9.664
166 155.458 12.1249
167 158.592 12.0532
168 131.966 9.3237
169 146.459 8.9815
170 133.534 11.612
171 155.324 11.0632
172 155.035 13.0341
173 137.65 10.3589
174 141.285 12.7854
175 128.677 9.4924
176 121.942 6.2573
177 177.146 13.794
178 162.714 13.688
179 112.407 6.1719
180 97.1489 5.0801
181 117.119 7.0368
182 143.756 8.9387
183 103.971 5.259
184 88.7972 3.585
185 166.325 11.8202
186 128.263 9.5525
187 156.214 10.4327
188 142.521 9.2899
189 145.428 9.2603
190 144.982 10.5726
191 148.208 10.6732
192 125.359 7.8172
193 145.372 10.932
194 144.125 8.7828
195 131.165 9.7017
196 128.045 7.1946
197 144.586 8.21
198 169.876 12.9407
199 166.692 13.2315
200 153.55 12.1259
201 150.962 11.0619
202 136.841 10.2337
203 143.037 10.8592
204 129.264 9.7328
205 136.65 11.1637
206 148.571 10.234
207 107.53 3.3638
208 124.372 5.4747
209 178.287 12.062
210 131.191 5.6492
211 190.063 11.464
212 161.747 7.5429
213 210.678 13.6055
214 199.272 13.1281
215 183.887 14.5253
216 188.392 11.3783
217 190.758 15.1001
218 152.969 9.8432
219 190.429 15.2233
220 184.164 15.3849
221 186.788 13.8884
222 182.354 15.0374
223 177.064 13.7286
224 158.933 10.4873
225 144.554 9.1088
226 114.305 5.2898
227 118.5 6.9074
228 193.475 13.6358
229 179.014 12.4513
230 186.796 13.9853
231 188.656 13.5758
232 174.137 14.7959
233 160.096 12.5733
234 160.022 13.4103
235 181.78 14.7291
236 159.487 13.0827
237 155.383 11.6224
238 162.987 13.6598
239 162.698 12.9957
240 170.073 14.2715
