0 106.721 6.6503
1 116.12 10.5872
2 122.186 9.9473
3 121.309 8.3284
4 70.3336 3.5428
5 104.498 7.9323
6 139.085 12.6886
7 156.284 13.3596
8 137.525 10.5064
9 162.673 11.0134
10 142.817 10.6724
11 196.785 13.7374
12 159.424 13.5114
13 171.903 13.5195
14 142.287 10.502
15 199.128 15.5425
16 172.711 16.2452
17 157.053 10.2178
18 137.242 7.3791
19 121.886 5.9719
20 127.133 6.3193
21 145.795 10.1891
22 119.827 5.3028
23 162.095 15.7446
24 171.23 13.2872
25 121.649 6.0593
26 131.281 7.5713
27 126.961 8.1798
28 139.102 9.7618
29 136.735 8.706
30 144.727 10.7448
31 216.286 13.2143
32 144.356 11.3476
33 123.889 9.0571
34 111.717 7.328
35 131.548 8.7168
36 125.402 7.8766
37 120.437 6.2993
38 154.056 9.4829
39 144.625 10.1004
40 127.898 6.2317
41 125.366 5.9238
42 167.672 12.2548
43 149.228 10.2722
44 139.344 8.8774
45 154.338 9.3416
46 128.289 10.3964
47 73.7578 1.021
48 124.837 7.3475
49 128.924 10.6531
50 133.442 9.8156
51 129.676 8.2316
52 146.173 10.6153
53 203.887 16.2376
54 209.621 16.7224
55 203.93 15.9035
56 151.441 10.7476
57 159.535 10.6191
58 130.777 4.8781
59 165.177 12.488
60 155.889 9.5553
61 161.502 9.0799
62 166.57 10.7696
63 161.844 13.6263
64 118.558 6.7788
65 109.099 5.1702
66 88.2984 3.733
67 88.2887 3.2857
68 94.1842 3.011
69 200.928 15.3887
70 164.475 14.5641
71 106.636 6.3522
72 105.478 4.9823
73 112.912 5.3254
74 138.407 9.5514
75 121.799 7.3914
76 120.606 7.02
77 114.874 5.8748
78 109.902 4.3284
79 117.626 7.0045
80 153.384 9.4388
81 145.426 8.6064
82 159.84 11.6332
83 174.254 12.4632
84 127.214 7.3305
85 152.706 9.4961
86 154.494 10.3021
87 149.087 9.4808
88 200.998 14.7529
89 150.03 11.1923
90 144.336 10.3237
91 147.701 10.2866
92 159.06 11.3275
93 155.182 9.3878
94 160.777 10.9568
95 180.951 14.3934
96 134.028 8.503
97 144 8.1114
98 171.013 12.1961
99 174.181 13.0947
100 155.785 11.3049
101 146.001 10.1193
102 166.164 12.297
103 147.968 10.6009
104 143.719 9.1252
105 136.408 9.6955
106 142.904 9.0731
107 170.032 11.2359
108 99.7669 3.9352
109 105.725 6.1008
110 125.773 5.5845
111 102.426 4.2242
112 115.667 7.224
113 108.06 4.4752
114 155.719 11.8136
115 168.156 11.6885
116 141.473 9.4693
117 119.84 7.53
118 160.37 11.5086
119 133.685 8.0141
120 156.854 11.089
121 149.059 11.4212
122 142.937 10.7887
123 125.526 7.9907
124 152.224 9.4504
125 163.576 11.4785
126 158.266 11.3876
127 160.263 10.7512
128 149.758 9.5905
129 151.88 11.0854
130 131.71 8.4085
131 145.632 9.3515
132 151.005 10.7199
133 142.629 5.5793
134 147.497 7.664
135 150.687 7.8302
136 159.287 12.4122
137 133.607 6.6695
138 176.335 12.4009
139 136.796 8.7467
140 181.751 11.6974
141 112.431 8.1094
142 108.845 7.172
143 101.168 4.0789
144 97.2151 3.8826
145 107.92 5.5953
146 144.671 9.3661
147 157.59 10.8282
148 101.159 4.9331
149 96.622 5.0803
150 103.26 4.9468
151 124.861 8.0919
152 115.503 7.1159
153 168.345 10.2403
154 176.666 12.8179
155 179.899 13.8022
156 158.548 10.2879
157 118.113 7.068
158 147.843 8.9633
159 132.621 7.8128
160 128.496 7.2647
161 140.233 8.6027
162 171.654 14.3912
163 181.745 12.7568
164 119.743 7.0628
165 144.006 9.4145
166 154.931 12.0238
167 158.289 11.7966
168 131.622 9.0688
169 145.822 8.8943
170 132.606 11.378
171 154.509 10.8541
172 156.2 13.3797
173 138.42 10.407
174 141.916 12.959
175 129.742 9.5093
176 122.219 6.2015
177 178.241 13.9947
178 164.249 13.9093
179 113.542 6.199
180 97.6619 5.1509
181 118.231 7.3111
182 144.699 9.1827
183 104.621 5.3611
184 89.2287 3.6227
185 168.416 11.9219
186 129.96 9.6693
187 157.077 10.312
188 143.289 9.3165
189 146.32 9.2561
190 146.034 10.6183
191 148.917 10.7358
192 126.237 7.7374
193 146.017 10.9424
194 145.182 8.8808
195 132.156 9.7326
196 129.053 7.2808
197 145.516 8.2877
198 171.102 13.0007
199 167.949 13.1719
200 153.877 11.6868
201 150.679 10.799
202 136.793 10.0295
203 142.38 10.9697
204 128.535 9.495
205 136.128 11.0519
206 147.924 10.0583
207 107.68 3.366
208 124.624 5.4232
209 179.379 12.0944
210 131.458 5.6672
211 190.667 11.228
212 162.144 7.5519
213 208.437 12.8061
214 200.38 13.4999
215 183.69 14.4703
216 187.511 11.3529
217 190.09 15.1364
218 151.974 9.7213
219 190.125 15.3152
220 183.245 15.3669
221 186.332 13.9372
222 182.946 15.3861
223 177.889 13.7242
224 160.241 10.4608
225 145.744 9.2688
226 115.057 5.3723
227 119.877 7.1068
228 195.261 13.5781
229 181.06 12.4193
230 188.649 14.0546
231 190.344 13.6082
232 175.869 15.0054
233 161.432 12.7846
234 161.579 13.5476
235 183.541 14.7448
236 160.822 13.3611
237 157.042 11.8354
238 163.872 13.7777
239 163.669 13.121
240 169.301 14.2249
