0 107.065 6.615
1 116.128 10.6926
2 122.64 10.1951
3 121.745 8.4207
4 70.1646 3.5282
5 105.025 7.9116
6 139.957 12.8522
7 157.144 13.5883
8 136.431 10.6419
9 160.358 11.0058
10 140.878 10.4909
11 194.655 13.9209
12 156.895 13.4406
13 169.437 13.5078
14 140.421 10.5026
15 195.643 15.1694
16 170.348 16.2683
17 156.19 10.2383
18 136.463 7.2785
19 121.359 5.9364
20 126.781 6.2497
21 145.059 10.2424
22 119.3 5.2504
23 161.382 15.2932
24 170.625 13.2043
25 120.917 5.9571
26 130.448 7.5255
27 125.853 8.1738
28 138.013 9.4956
29 135.63 8.8336
30 143.162 10.5794
31 218.889 14.0648
32 142.374 11.2738
33 122.824 9.0178
34 110.109 7.1609
35 130.314 8.413
36 123.642 7.7845
37 119.404 6.2047
38 151.762 9.3066
39 142.967 10.0358
40 126.858 6.1114
41 124.324 5.8612
42 165.208 12.2376
43 147.098 10.2105
44 137.505 8.8516
45 152.216 9.1114
46 126.178 10.3787
47 73.6394 1.0445
48 125.027 7.4389
49 129.2 10.8828
50 134.24 10.094
51 130.297 8.4128
52 146.15 11.0469
53 204.351 15.9047
54 207.372 15.5415
55 204.251 15.7799
56 150.241 10.6217
57 158.67 10.5843
58 130.249 4.9226
59 164.29 12.4687
60 154.951 9.4345
61 160.446 9.0789
62 165.433 10.6284
63 157.674 13.3457
64 116.907 6.6348
65 107.798 5.2263
66 87.698 3.6644
67 87.674 3.1659
68 93.6332 2.9167
69 197.156 15.5835
70 160.687 14.5004
71 105.633 6.2479
72 104.672 4.8857
73 111.963 5.2779
74 136.273 9.5639
75 120.46 7.3166
76 119.566 7.1002
77 114.216 5.8139
78 109.382 4.231
79 116.789 6.8817
80 151.941 9.339
81 144.206 8.4281
82 158.34 11.5028
83 172.859 12.355
84 126.504 7.3388
85 152.155 9.5498
86 153.478 10.3519
87 148.106 9.6142
88 200.377 14.7038
89 148.652 10.8983
90 143.399 10.0964
91 145.352 10.038
92 156.5 11.0166
93 153.204 9.1978
94 158.39 10.6499
95 177.991 14.5034
96 132.439 8.2973
97 142.098 7.9676
98 168.708 12.3625
99 173.727 13.0689
100 155.581 11.6066
101 145.761 10.5602
102 166.253 12.5884
103 147.396 10.7477
104 143.398 9.3255
105 136.408 9.763
106 142.92 8.9594
107 168.823 11.2778
108 99.3138 3.9679
109 105.063 6.0336
110 125.029 5.5411
111 101.917 4.2318
112 114.381 7.3427
113 107.685 4.3875
114 154.445 11.7018
115 167.166 11.6736
116 140.784 9.4176
117 119.511 7.63
118 159.746 11.4653
119 133.628 8.1724
120 155.909 11.0999
121 147.725 11.5367
122 142.274 10.9996
123 125.309 8.0161
124 151.158 9.4304
125 162.898 11.4078
126 157.385 11.3814
127 160.036 10.846
128 149.891 9.7707
129 150.643 11.1124
130 131.074 8.5109
131 144.985 9.3501
132 150.982 10.6913
133 142.114 5.6479
134 147.092 7.5495
135 150.247 7.7919
136 158.62 12.497
137 132.987 6.6118
138 175.197 12.2982
139 136.116 8.7948
140 181.318 11.888
141 111.388 7.9857
142 107.983 7.1402
143 100.618 4.2353
144 97.0452 3.8866
145 107.397 5.6745
146 143.765 9.4249
147 156.364 11.0557
148 101.164 5.0207
149 96.5377 5.1058
150 103.189 4.918
151 124.927 8.248
152 115.084 7.2094
153 168.775 10.3616
154 176.293 12.9314
155 180.275 13.8627
156 156.706 10.1965
157 117.189 6.9772
158 146.25 8.8869
159 131.219 7.751
160 127.823 7.339
161 138.873 8.612
162 170.027 14.3377
163 179.949 12.6656
164 119.341 7.0207
165 143.387 9.395
166 153.703 12.0727
167 156.806 11.8071
168 130.301 9.2159
169 145.508 8.8894
170 132.046 11.2659
171 153.715 10.7989
172 154.107 13.1037
173 137.061 10.3538
174 140.218 12.6069
175 128.058 9.2585
176 121.217 6.1152
177 175.952 13.8218
178 161.985 13.7096
179 111.969 5.999
180 96.5792 5.0676
181 116.616 7.2249
182 143.045 9.0321
183 103.738 5.2732
184 88.5422 3.6137
185 165.659 11.6357
186 127.953 9.6206
187 155.524 10.2171
188 141.629 9.2876
189 144.632 9.2275
190 143.887 10.4158
191 147.786 10.6615
192 124.956 7.7376
193 144.271 10.8025
194 143.219 8.6708
195 130.112 9.6591
196 127.838 7.2088
197 143.961 8.1216
198 168.968 12.8395
199 165.61 13.0995
200 152.421 11.7765
201 149.327 10.6936
202 135.246 9.9835
203 141.526 10.7002
204 127.823 9.4398
205 135.146 11.0972
206 147.182 10.0663
207 107.549 3.4261
208 124.465 5.4679
209 178.828 12.1683
210 131.339 5.7089
211 190.217 11.4982
212 162.232 7.6717
213 211.653 13.9278
214 199.211 12.9148
215 181.772 14.2205
216 186.849 11.4682
217 188.82 15.1926
218 151.303 9.7663
219 188.694 15.15
220 182.383 15.5007
221 184.906 13.8077
222 180.549 15.2405
223 175.701 13.7594
224 156.086 9.9029
225 141.872 8.9107
226 112.819 5.124
227 117.037 6.837
228 190.862 13.7021
229 175.661 12.1731
230 183.559 13.8372
231 185.126 13.336
232 173.901 14.6458
233 160.023 12.6855
234 159.885 13.237
235 181.934 14.8554
236 159.115 13.0856
237 155.545 11.7119
238 163.483 13.8238
239 162.806 13.0758
240 167.884 14.3357
