0 106.711 6.5112
1 115.546 10.3535
2 121.746 9.8542
3 120.909 8.3496
4 69.7761 3.4767
5 104.533 7.7351
6 138.749 12.5188
7 156.534 13.2291
8 136.653 10.4674
9 160.987 10.8551
10 141.253 10.4303
11 195.975 13.7786
12 157.549 13.0442
13 170.342 13.3468
14 140.972 10.4773
15 196.666 15.2507
16 170.973 16.021
17 158.375 10.2901
18 137.611 7.2901
19 122.116 6.0517
20 127.621 6.3736
21 147.005 10.3546
22 120.478 5.3248
23 164.573 15.8503
24 172.637 13.4492
25 120.675 5.858
26 130.18 7.4956
27 125.668 7.9851
28 138.027 9.43
29 136.019 8.5019
30 143.858 10.5315
31 223.79 14.4099
32 142.909 11.1443
33 122.894 8.8497
34 110.481 7.1423
35 130.847 8.4696
36 124.418 7.7567
37 119.79 6.2028
38 151.901 9.1667
39 143.296 9.927
40 126.999 6.0559
41 124.315 5.7836
42 165.395 12.0959
43 147.303 10.0856
44 137.575 8.7338
45 152.329 9.0872
46 126.323 10.2688
47 73.6788 1.0284
48 123.717 7.2999
49 127.508 10.3
50 132.13 9.9496
51 128.324 8.1288
52 144.618 10.3624
53 202.339 15.7083
54 204.262 15.2434
55 201.402 15.1913
56 149.634 10.4098
57 158.27 10.6014
58 130.144 4.7437
59 164.111 12.1821
60 155.093 9.4478
61 160.17 8.9463
62 165.069 10.433
63 158.905 13.3542
64 116.833 6.596
65 107.655 5.1285
66 87.4827 3.6517
67 87.6023 3.0991
68 93.5733 2.888
69 196.551 15.0843
70 161.307 14.1997
71 105.57 6.1698
72 104.442 4.7931
73 111.607 5.1587
74 135.369 9.3263
75 120.284 7.158
76 119.831 6.9561
77 113.735 5.7697
78 109.391 4.1631
79 116.399 6.7984
80 152.461 9.3292
81 144.147 8.2759
82 158.294 11.3988
83 172.339 12.2565
84 125.52 7.1383
85 150.488 9.1884
86 152.23 9.9979
87 146.437 9.2207
88 200.04 14.7644
89 147.176 10.6042
90 142.981 9.8674
91 145.057 9.7363
92 156.353 11.0616
93 153.076 9.0191
94 158.238 10.517
95 177.779 14.2777
96 132.076 8.266
97 142.066 7.8798
98 168.441 12.0664
99 170.656 12.5999
100 153.728 11.0669
101 143.124 9.9579
102 164.02 12.2524
103 146.229 10.459
104 142.057 8.925
105 134.58 9.4761
106 141.43 8.6511
107 168.316 11.1229
108 99.0431 3.7179
109 104.606 5.8807
110 124.668 5.3057
111 101.639 4.083
112 113.973 7.0021
113 107.416 4.2157
114 154.044 11.3335
115 167.437 11.4795
116 140.193 9.1234
117 118.532 7.2543
118 158.896 11.162
119 132.71 7.7742
120 154.967 10.8268
121 147.222 11.1739
122 141.346 10.5373
123 124.611 7.8213
124 149.862 9.0715
125 161.738 11.308
126 155.996 11.2088
127 158.698 10.4174
128 148.542 9.4366
129 149.958 10.8857
130 130.389 8.1374
131 144.204 9.1403
132 149.897 10.3644
133 141.535 5.5004
134 146.043 7.4192
135 149.35 7.637
136 157.021 11.729
137 132.43 6.5314
138 174.719 12.0543
139 135.898 8.518
140 181.312 11.5292
141 112.191 7.829
142 108.863 7.0857
143 101.032 4.1259
144 97.1926 3.8745
145 108.044 5.4493
146 144.227 9.0408
147 157.335 10.7526
148 101.24 4.9271
149 96.8618 5.0319
150 103.418 4.9007
151 125.298 7.9795
152 115.317 7.0299
153 169.358 10.0274
154 177.314 12.7104
155 180.777 13.56
156 157.209 10.1763
157 117.157 6.8518
158 146.715 8.7098
159 131.064 7.7063
160 127.411 7.107
161 138.81 8.5212
162 170.404 14.1002
163 179.94 12.7332
164 119.371 6.886
165 142.922 9.1084
166 153.545 11.7014
167 157.096 11.6345
168 130.712 8.8532
169 145.479 8.6926
170 132.181 11.0184
171 153.716 10.4404
172 155.06 12.8854
173 137.77 10.0334
174 141.503 12.4964
175 128.796 9.2878
176 121.671 6.072
177 177.491 13.289
178 163.298 13.4011
179 112.427 6.0702
180 96.8794 4.9513
181 116.8 6.996
182 143.171 8.7714
183 103.725 5.1554
184 88.4834 3.5515
185 166.453 11.7258
186 128.516 9.3685
187 155.383 10.0236
188 141.429 9.0851
189 144.294 8.8775
190 143.318 10.2842
191 147.913 10.3567
192 126.53 7.8936
193 146.687 10.9536
194 145.13 8.6193
195 132.518 9.6796
196 128.842 7.1088
197 145.516 8.1771
198 171.519 13.0244
199 167.995 13.0279
200 152.637 11.5693
201 149.53 10.4569
202 134.842 9.7252
203 140.85 10.3513
204 127.92 9.3332
205 135.141 10.5143
206 146.946 9.7839
207 106.997 3.2588
208 123.484 5.2737
209 176.869 11.8929
210 130.229 5.5678
211 189.276 11.2897
212 160.853 7.5023
213 211.891 14.1686
214 198.941 13.584
215 180.544 14.3211
216 185.682 11.264
217 187.986 15.0195
218 149.939 9.4579
219 187.449 14.9781
220 180.546 15.0733
221 183.711 13.7028
222 179.103 14.8171
223 175.695 13.7306
224 157.084 9.8277
225 142.633 8.6595
226 112.639 4.9834
227 117.079 6.6294
228 191.083 13.3959
229 175.7 11.8989
230 184.128 13.7025
231 186.194 13.1079
232 176.235 14.8301
233 162.733 12.7971
234 162.482 13.1511
235 184.317 14.6798
236 161.578 13.2659
237 158.041 11.6863
238 164.72 13.6534
239 164.72 12.8946
240 168.002 13.8904
