0 106.324 6.5203
1 114.483 10.3552
2 120.714 9.9057
3 120.215 8.2286
4 69.8514 3.4474
5 103.799 7.7948
6 137.351 12.5758
7 155.316 13.2034
8 136.491 10.7037
9 160.092 10.8551
10 140.785 10.5063
11 195.293 13.763
12 156.858 13.3637
13 169.712 13.4655
14 140.346 10.3409
15 197.077 15.9631
16 169.693 16.1985
17 158.145 10.4121
18 137.74 7.4058
19 122.052 6.0596
20 127.613 6.4719
21 146.622 10.3118
22 120.31 5.3027
23 163.805 15.9663
24 172.498 13.6683
25 120.486 5.8956
26 129.832 7.5191
27 125.266 7.9209
28 137.485 9.3888
29 135.787 8.5875
30 143.587 10.4226
31 213.082 12.5502
32 143.42 11.244
33 123.299 8.923
34 110.754 7.1053
35 131.159 8.5147
36 124.235 7.7608
37 119.818 6.2588
38 152.227 9.2982
39 143.646 9.9861
40 126.566 6.0541
41 123.796 5.8086
42 164.457 12.0977
43 146.76 9.9357
44 136.976 8.7676
45 151.856 8.9731
46 125.407 10.0807
47 73.6579 1.0446
48 123.888 7.3817
49 128.024 10.3042
50 132.697 9.9403
51 128.938 8.0831
52 144.636 10.6207
53 202.227 15.6074
54 205.911 15.4782
55 202.267 15.4052
56 150.158 10.4502
57 158.763 10.6444
58 130.2 4.812
59 164.678 12.3551
60 155.392 9.4036
61 160.681 8.888
62 165.809 10.563
63 159.554 13.5052
64 117.511 6.5602
65 108.019 5.1519
66 87.6257 3.6843
67 87.6587 3.1472
68 93.5827 2.8468
69 197.579 15.3906
70 161.573 14.3306
71 105.327 6.0909
72 104.377 4.8149
73 111.666 5.2606
74 135.227 9.3366
75 119.955 7.2075
76 119.211 7.1087
77 113.522 5.8099
78 109.029 4.2435
79 115.962 6.8625
80 151.597 9.5149
81 143.532 8.4343
82 157.616 11.4442
83 171.434 12.598
84 124.432 7.0358
85 149.155 9.303
86 150.496 9.9956
87 145.992 9.4848
88 198.468 14.8846
89 146.152 10.6722
90 140.623 9.9791
91 144.141 9.836
92 155.113 11.0114
93 152.135 9.0209
94 157.163 10.5688
95 176.322 14.2507
96 131.352 8.2426
97 141.136 7.7849
98 167.285 12.1826
99 170.659 12.8313
100 152.768 11.1704
101 142.544 9.8756
102 163.729 12.2892
103 145.361 10.3258
104 141.691 8.9118
105 134.207 9.503
106 141.031 8.7294
107 168 11.0798
108 98.7849 4.0097
109 104.051 6.0172
110 124.406 5.4679
111 101.346 4.1537
112 113.229 7.0299
113 107 4.3407
114 152.679 11.5799
115 166.125 11.6643
116 139.378 9.3547
117 118.66 7.4691
118 158.251 11.2671
119 132.286 7.9326
120 154.72 10.8495
121 146.459 11.3135
122 140.612 10.7887
123 124.238 7.918
124 148.777 9.1931
125 161.068 11.2791
126 155.575 11.2862
127 158.414 10.5783
128 148.014 9.4387
129 149.548 10.8578
130 130.163 8.3345
131 143.844 9.3191
132 148.999 10.4097
133 141.381 5.5207
134 145.616 7.4202
135 148.77 7.7208
136 156.194 12.1578
137 132.104 6.6185
138 173.96 12.1077
139 135.437 8.619
140 180.455 11.4846
141 111.836 7.8887
142 108.464 7.1204
143 100.993 4.1447
144 97.0561 3.8002
145 107.746 5.6324
146 144.114 9.2027
147 156.913 10.8767
148 100.706 4.8445
149 96.1099 4.8509
150 102.61 4.8192
151 123.661 7.8462
152 114.225 6.9819
153 166.819 10.0122
154 174.693 12.6221
155 178.596 13.6056
156 158.187 10.3215
157 117.81 7.1097
158 147.824 8.6964
159 132.003 7.7183
160 128.051 7.3475
161 139.647 8.706
162 171.607 14.3491
163 181.815 12.7035
164 119.011 6.9913
165 143.164 9.1691
166 153.533 11.851
167 157.083 11.8524
168 130.544 8.9128
169 145.502 8.8376
170 132.117 11.2243
171 153.768 10.6263
172 154.479 12.8891
173 137.108 10.0328
174 140.411 12.3848
175 128.414 9.3403
176 121.319 6.0492
177 176.585 13.4914
178 162.325 13.3389
179 112.571 5.9827
180 96.6709 4.9008
181 116.834 7.0314
182 142.739 8.7442
183 103.702 5.1882
184 88.4606 3.5538
185 166.083 11.6817
186 128.299 9.2815
187 156.532 9.9601
188 142.764 9.2321
189 145.693 9.19
190 145.075 10.3251
191 148.542 10.6207
192 125.431 7.7742
193 145.243 10.8413
194 144.02 8.6626
195 131.107 9.6501
196 128.258 7.1309
197 144.3 8.1213
198 169.844 12.8321
199 166.548 12.95
200 153.179 11.701
201 150.525 10.8304
202 135.969 9.8498
203 142.215 10.8186
204 128.229 9.3663
205 135.808 11.0427
206 147.463 9.845
207 107.62 3.3828
208 124.396 5.483
209 178.041 12.1899
210 131.095 5.7924
211 190.296 11.3642
212 162.029 7.7317
213 208.396 12.7394
214 199.365 13.3725
215 179.777 14.1539
216 184.824 11.2896
217 186.961 15.1711
218 149.445 9.5073
219 186.733 14.8943
220 180.19 15.393
221 182.979 13.6874
222 178.828 15.238
223 174.764 13.7236
224 155.23 10.2269
225 141.731 8.8434
226 112.397 5.0464
227 116.791 6.7484
228 190.157 13.5757
229 174.55 12.0231
230 182.876 13.7723
231 185.036 13.3899
232 173.557 14.8071
233 159.686 12.4358
234 160.087 13.4009
235 181.202 14.5456
236 158.924 13.2551
237 155.048 11.6274
238 162.844 13.9189
239 161.819 12.8936
240 168.318 14.2919
