0 105.646 6.3278
1 114.159 10.1303
2 120.1 9.6876
3 119.865 8.2007
4 69.5589 3.4182
5 103.273 7.7059
6 136.557 12.2954
7 154.341 12.8281
8 136.045 10.4086
9 160.332 10.8526
10 140.945 10.4135
11 195.975 13.8038
12 156.992 13.1794
13 169.464 13.3551
14 140.387 10.4495
15 196.271 14.9346
16 170.265 16.0456
17 155.863 10.1479
18 135.443 7.0995
19 120.731 5.7849
20 125.959 6.2636
21 144.42 9.7702
22 118.982 5.1221
23 161.137 15.4025
24 170.048 13.1785
25 120.987 5.9601
26 130.441 7.5842
27 125.933 8.0002
28 138.58 9.5488
29 136.566 8.691
30 144.607 10.603
31 222.383 14.4227
32 142.941 11.0947
33 122.84 8.8685
34 110.33 7.119
35 130.635 8.4288
36 124.116 7.7189
37 119.476 6.153
38 152.064 9.1224
39 143.275 9.6343
40 126.581 6.0164
41 123.98 5.7137
42 164.307 11.9912
43 146.517 10.0327
44 136.98 8.7749
45 151.709 8.9158
46 126.135 10.1168
47 73.559 1.0308
48 123.909 7.2555
49 128.023 10.3034
50 132.724 9.8506
51 128.949 8.2078
52 144.712 10.3302
53 202.678 15.8794
54 203.826 14.8646
55 202.599 15.4811
56 150.058 10.5583
57 158.153 10.6481
58 129.976 4.7811
59 164.417 12.2661
60 155.221 9.4572
61 160.386 8.7902
62 165.164 10.3921
63 158.7 13.3199
64 116.751 6.6032
65 107.566 5.0844
66 87.5059 3.6075
67 87.4548 3.103
68 93.3999 2.8339
69 196.796 15.0836
70 161.238 14.174
71 105.218 6.1225
72 104.214 4.8175
73 111.531 5.1343
74 135.19 9.3215
75 119.696 7.0934
76 119.413 7.0551
77 113.99 5.7566
78 109.117 4.201
79 116.4 6.9182
80 151.609 9.2748
81 144.087 8.3468
82 157.803 11.4939
83 172.277 12.2822
84 124.477 7.0498
85 148.735 9.2241
86 150.414 9.9187
87 144.535 8.9456
88 198.884 14.9027
89 145.051 10.621
90 140.546 9.6008
91 144.203 9.6839
92 155.303 10.8407
93 152.154 9.0842
94 156.913 10.5977
95 177.272 14.2015
96 131.377 7.9907
97 141.714 7.866
98 167.609 11.9951
99 169.605 12.4735
100 153.06 11.1047
101 142.625 9.7707
102 163.505 12.2418
103 145.328 10.2475
104 141.795 9.0267
105 133.888 9.3628
106 141.051 8.7904
107 168.06 11.1462
108 98.0848 4.1538
109 103.505 5.8958
110 124.082 5.3635
111 101.199 4.1897
112 112.935 7.033
113 106.751 4.3012
114 152.411 11.3715
115 165.865 11.5439
116 138.702 9.1479
117 117.419 7.1442
118 157.136 11.2433
119 131.464 7.7551
120 153.742 10.6919
121 145.858 11.1978
122 140.282 10.6376
123 123.762 7.8678
124 148.221 9.0474
125 161.325 11.2328
126 155.393 11.135
127 158.496 10.5852
128 148.881 9.3198
129 149.809 10.751
130 130.199 8.2621
131 143.868 9.1416
132 149.564 10.3775
133 141.62 5.5164
134 145.761 7.5453
135 149.1 7.6471
136 156.843 11.9973
137 132.471 6.6051
138 174.251 12.0687
139 135.74 8.5668
140 180.93 11.5767
141 111.969 7.8614
142 108.689 7.2118
143 100.87 4.0853
144 97.0448 3.8441
145 107.811 5.6418
146 143.934 9.186
147 156.965 10.6637
148 100.545 4.8051
149 95.7668 4.9071
150 102.208 4.8194
151 123 7.9339
152 114.434 6.8904
153 167.169 9.945
154 175.116 12.5621
155 178.279 13.5945
156 156.781 10.1237
157 117.023 6.9462
158 146.185 8.6397
159 130.847 7.6424
160 127.255 7.0599
161 138.503 8.3201
162 170.253 14.0023
163 179.664 12.7715
164 119.436 6.9801
165 143.376 9.1251
166 153.769 11.8009
167 157.335 11.7949
168 130.751 9.0335
169 145.714 8.6873
170 131.913 10.9998
171 153.86 10.5944
172 153.676 12.7034
173 136.138 10.1013
174 139.39 12.2509
175 127.528 9.2063
176 120.749 6.0143
177 175.963 13.6351
178 161.853 13.4693
179 112.317 5.9565
180 96.5066 4.9294
181 116.943 7.052
182 142.906 8.7908
183 103.677 5.1199
184 88.4017 3.4968
185 166.773 11.6334
186 128.184 9.2825
187 156.475 10.1646
188 142.991 9.1473
189 145.589 8.9981
190 144.702 10.4019
191 148.374 10.497
192 125.356 7.6402
193 144.717 10.5495
194 143.703 8.523
195 130.804 9.4291
196 127.841 7.0246
197 143.845 8.0474
198 169.247 12.4509
199 165.781 12.7431
200 151.925 11.4998
201 149.076 10.5856
202 134.835 9.7969
203 140.538 10.5976
204 127.248 9.3442
205 133.971 10.5901
206 146.111 9.7853
207 107.372 3.3886
208 124.243 5.4837
209 178.253 12.0706
210 130.863 5.6589
211 190.745 11.27
212 162.209 7.5453
213 211.96 13.6333
214 201.34 13.8493
215 180.423 14.2113
216 185.02 11.168
217 187.649 14.8282
218 149.791 9.2766
219 187.487 15.0199
220 180.852 15.0836
221 183.911 13.7306
222 178.857 14.8707
223 174.302 13.6164
224 154.207 9.7959
225 140.693 8.8065
226 111.865 4.9898
227 116.261 6.5934
228 189.969 13.4447
229 174.505 12.1645
230 182.419 13.7269
231 184.633 13.2849
232 172.518 14.9386
233 158.36 12.4143
234 159.146 13.1549
235 180.586 14.5784
236 158.342 12.7683
237 154.849 11.298
238 162.768 13.6539
239 160.905 12.77
240 166.471 14.0192
