0 103.501 18.4273 47.7481
1 112.399 16.8319 56.3412
2 105.449 17.3046 50.6968
3 108.02 18.2244 51.4557
4 110.898 16.5327 57.4796
5 123.935 24.0355 58.033
6 108.784 20.3046 51.6455
7 105.633 19.33 50.1118
8 133.074 26.6989 61.2583
9 105.598 19.6295 50.262
10 106.91 18.56 51.5743
11 106.926 18.1356 50.5229
12 101.271 18.9152 48.9814
13 100.208 21.3321 48.428
14 94.6417 17.6556 44.7836
15 102.989 19.19 48.262
16 97.4933 18.2587 46.2857
17 105.433 20.3806 50.4834
18 100.053 18.6599 46.7679
19 102.12 18.6544 48.0406
20 121.764 22.9475 59.8828
21 99.5806 17.7608 48.3489
22 101.746 19.1474 48.9735
23 98.8826 17.1012 47.7481
24 100.093 17.7093 46.8627
25 103.637 20.1885 49.6375
26 108.241 22.0125 50.7364
27 114.867 23.501 53.3056
28 112.041 21.7365 52.8471
29 109.726 21.6273 53.8036
30 102.48 18.3466 49.5347
31 93.9037 16.7216 45.4477
32 101.09 17.2796 50.0723
33 98.8608 17.9822 47.4794
34 99.5666 18.077 46.9655
35 106.42 24.163 54.9894
36 96.7706 17.6391 46.9576
37 100.114 17.8215 48.9102
38 99.5016 17.9668 48.1276
39 109.664 19.9373 53.4163
40 101.371 17.8472 50.7205
41 102.838 18.1297 51.8668
42 54.6167 11.8297 31.1628
43 54.1606 11.3032 29.973
44 51.7339 11.8652 29.5224
45 55.9939 13.0368 32.3328
46 58.2075 12.0645 35.3052
47 54.1504 11.0095 28.7358
48 57.0636 12.4834 31.8031
49 53.8843 13.1139 30.2774
50 29.2012 9.76552 21.1942
51 62.184 14.6709 35.8823
52 60.3004 13.6566 35.7637
53 61.1035 11.603 34.4633
54 47.0538 23.9877 43.7797
55 84.373 19.3828 52.1277
56 35.0191 9.7629 21.5815
57 90.1103 19.1449 54.1989
58 67.6402 14.5703 41.0049
59 76.4988 16.8059 45.1868
60 14.972 4.9901 12.9489
61 54.1049 10.4528 30.2892
62 24.6497 6.28279 25.6528
63 98.7029 15.7614 48.3648
64 104.928 16.396 53.1791
65 105.011 19.6951 51.9142
66 99.8389 20.8786 49.2343
67 102.378 26.3203 56.3966
68 105.843 21.0984 50.8233
69 97.1982 20.7983 48.8391
70 98.4824 17.2903 48.0248
71 113.004 20.414 53.6297
72 107.455 21.918 53.1317
73 106.293 19.964 50.1435
74 97.8101 19.2928 45.756
75 98.7001 20.91 49.1
76 95.0448 19.2727 47.0209
77 91.2798 16.3985 42.6097
78 95.8302 18.032 48.2778
79 93.1768 15.6681 45.6058
80 103.107 20.4411 51.5743
81 106.29 20.9077 51.4953
82 0 0 0
83 0 0 0
84 102.052 17.243 48.5703
85 95.37 16.8448 45.0366
86 94.812 16.5272 46.0327
87 105.215 18.5067 50.8787
88 103.068 16.1952 51.2423
89 95.4994 17.9875 45.3686
90 102.228 19.5345 48.4359
91 100.609 17.4973 48.7521
92 104.119 17.1164 51.1158
93 96.7034 19.7162 48.3885
94 100.018 17.9132 48.4438
95 102.823 17.5858 50.1751
96 91.9722 16.4467 45.2659
97 106.624 20.1306 52.1356
98 107.638 18.2571 53.4163
99 101.936 18.3525 49.1948
100 102.535 20.1887 51.3134
101 98.4406 20.8417 47.0604
102 110.559 21.675 54.1831
103 0 0 0
104 0 0 0
105 49.4956 9.27702 27.3524
106 50.5033 10.507 28.6133
107 53.3798 10.6288 29.9533
108 49.0466 9.86067 28.9019
109 52.4919 9.03742 29.9454
110 56.1033 11.5349 31.0837
111 52.0683 11.0105 28.4315
112 51.7062 11.0062 28.8544
113 50.6284 10.395 29.1034
114 56.2494 13.4512 33.6134
115 50.5306 10.2462 28.7754
116 51.8245 9.51089 29.305
117 55.9926 13.5319 33.0917
118 57.3437 18.2651 40.2223
119 57.6088 12.8546 32.0798
120 55.8877 12.4115 32.3525
121 58.3568 11.6594 34.3328
122 58.4423 15.7926 39.1037
123 83.8653 17.8045 49.8154
124 0 0 0
125 0 0 0
126 95.5321 14.2123 49.3925
127 99.5437 15.5236 48.6256
128 108.395 16.7301 53.1633
129 104.781 15.7823 52.523
130 105.143 15.097 56.5389
131 98.4182 18.0686 45.7955
132 90.7174 17.281 43.2421
133 107.85 23.1997 53.1
134 124.924 29.721 59.9461
135 102.386 19.4842 48.9102
136 98.843 16.3643 47.8667
137 105.071 20.9929 51.7561
138 120.57 30.2731 60.6812
139 96.0603 18.6174 45.4872
140 99.791 21.2854 48.9498
141 93.1952 16.579 44.6334
142 96.4093 18.6083 46.7679
143 106.523 21.4942 52.5388
144 100.127 18.3089 46.5623
145 112.416 21.1205 54.9183
146 112.735 20.7954 55.5665
147 111.713 19.1926 52.5071
148 106.105 16.9242 52.4518
149 102.182 16.5906 49.5031
150 96.2255 14.9553 48.9656
151 107.103 16.1765 54.7918
152 95.3253 16.8358 44.9734
153 99.2563 17.8709 46.7442
154 93.8255 17.0338 44.7599
155 106.178 17.045 51.519
156 97.2194 15.654 49.0209
157 103.244 17.408 50.7126
158 105.605 18.7296 50.934
159 92.002 16.7529 45.6453
160 98.7455 18.1066 48.0485
161 102.951 19.3527 49.9379
162 102.308 18.5877 49.2343
163 99.5036 18.4149 47.2343
164 123.945 26.0876 62.0884
165 111.086 23.309 56.2147
166 97.0105 16.658 47.764
167 132.434 33.6136 69.2664
168 50.4361 9.80069 29.3248
169 53.1409 9.61874 29.9375
170 49.186 9.55311 28.1113
171 57.8603 12.9022 33.0482
172 51.9281 8.99728 29.9335
173 57.5192 14.4747 32.8861
174 51.6205 10.5482 27.9532
175 48.4618 9.17541 26.4512
176 52.2412 9.83737 28.3485
177 53.1682 10.8048 30.0284
178 52.2978 10.2262 29.2695
179 50.5823 9.7557 29.2457
180 62.2112 15.2992 34.898
181 49.9257 10.9152 27.1192
182 53.6831 11.2363 29.4473
183 14.972 5.45186 12.9489
184 49.2367 9.44084 29.2536
185 65.7457 18.1558 39.4159
186 56.3416 10.9016 30.8703
187 87.8236 22.3041 55.2226
188 62.6609 13.0477 35.2024
189 74.9207 19.6219 51.1949
190 99.7852 17.2416 46.7284
191 93.5325 15.1123 45.6928
192 103.47 19.0232 47.6296
193 91.3858 19.5963 45.1236
194 98.9164 19.2312 47.5268
195 93.5346 15.7785 44.254
196 98.1305 17.1667 47.2106
197 105.231 19.1574 49.8589
198 102.112 18.7041 49.1869
199 95.0946 17.5678 43.9378
200 93.4306 17.1975 43.5425
201 95.7483 22.0806 53.7167
202 97.3381 16.2612 47.4161
203 96.3731 20.0729 49.2502
204 126.472 26.2304 62.2623
205 105.312 17.3575 52.9578
206 103.607 20.2439 52.5704
207 116.708 24.3566 58.5863
208 0 0 0
209 0 0 0
210 96.8282 16.5199 47.1236
211 104.103 17.3623 50.428
212 101.595 16.7285 49.8272
213 108.075 16.8697 54.0724
214 90.5514 14.2404 45.0208
215 93.3102 16.2975 44.7995
216 89.3328 16.7879 43.2342
217 106.29 18.4096 51.0842
218 95.9568 15.2627 49.4399
219 96.0128 16.2079 46.6809
220 101.302 16.8651 50.3727
221 106.246 17.6167 52.4281
222 94.073 17.5041 45.0761
223 103.301 22.6853 53.8352
224 94.5631 17.7181 46.1117
225 99.1548 18.3731 49.3529
226 107.608 20.0516 54.0724
227 117.393 23.1073 58.3808
228 118.124 21.1645 60.9737
229 0 0 0
230 0 0 0
231 58.0458 12.475 33.9257
232 51.1521 9.51369 26.7832
233 50.5332 9.94406 27.305
234 57.6415 12.589 33.0324
235 73.8493 18.6222 44.8469
236 54.7976 12.8429 30.4039
237 53.1338 10.6974 29.2378
238 51.686 12.1895 27.135
239 51.5832 12.2208 28.7358
240 58.0944 13.1193 32.1549
241 50.9245 9.72681 27.4947
242 51.4678 9.45118 30.2695
243 60.3358 14.5267 34.9652
244 56.1659 11.7488 32.8427
245 54.3329 10.9248 30.2379
246 53.3857 10.7329 30.0916
247 57.507 10.8942 31.6173
248 54.8739 11.2226 31.06
249 52.8685 11.3523 30.1469
250 0 0 0
251 0 0 0
