1 112.489 16.9264 57.8867
8 128.803 24.8117 57.8867
15 105.529 19.7726 49.9023
20 120.792 23.5732 57.8867
50 27.7438 7.86697 14.9707
53 58.9298 10.4399 32.9355
55 80.811 22.4326 44.9121
56 32.8196 12.3793 16.9668
57 90.2266 23.2687 52.8965
58 62.3146 13.0602 38.9238
119 59.2689 12.0987 30.9395
121 57.274 11.7405 32.9355
123 80.2367 19.6892 46.9082
128 110.116 16.112 53.8945
129 105.749 15.504 53.8945
138 125.009 29.7758 53.8945
140 103.893 20.7436 45.9102
164 121.332 24.64 61.8789
173 54.1301 11.5699 28.9434
180 61.9383 14.1401 32.9355
185 65.6073 19.3497 32.9355
187 83.3429 22.0915 46.9082
188 63.7361 15.6711 34.9316
190 95.1387 16.1042 45.9102
194 103.255 18.4821 49.9023
197 104.449 18.6152 45.9102
212 99.4683 16.1168 53.8945
236 54.3027 13.3812 24.9512
237 52.9979 9.65377 28.9434
239 53.0842 15.3133 28.9434
243 58.0908 12.3004 34.9316
247 58.6379 12.7119 32.9355
