1 91.191 15.5717 41.918
8 106.91 20.4215 49.9023
15 72.6048 15.3871 29.9414
20 93.427 16.7722 45.9102
50 20.8306 9.07538 16.9668
53 52.2352 12.7958 28.9434
55 55.8403 16.3677 38.9238
56 22.4841 7.74663 14.9707
57 55.836 19.981 36.9277
58 52.1634 12.3335 34.9316
119 50.2482 13.1062 28.9434
121 53.4097 17 26.9473
123 66.7905 16.6989 36.9277
128 85.0173 14.3155 37.9258
129 85.7934 14.6906 41.918
138 101.685 26.0403 49.9023
140 90.4958 19.3428 41.918
164 100.391 20.9628 53.8945
173 46.8426 11.5641 24.9512
180 42.1584 11.8462 24.9512
185 60.1514 20.9146 32.9355
187 61.8682 23.413 42.916
188 49.2725 13.5812 26.9473
190 83.2425 14.9429 37.9258
194 81.385 17.9989 33.9336
197 87.7972 16.9988 37.9258
212 79.3365 14.0002 37.9258
236 46.5289 10.8432 20.959
237 44.2209 8.27405 22.9551
239 44.9152 11.3878 22.9551
243 48.846 17 24.9512
247 46.3045 11.444 26.9473
