1 107.54 17.231 53.8945
8 123.605 25.6156 53.8945
15 100.269 19.2931 41.918
20 116.549 21.8316 53.8945
50 26.3968 7.82941 14.9707
53 57.772 10.5865 30.9395
55 76.3878 22.8829 40.9199
56 29.4868 8.32844 16.9668
57 85.9569 22.6269 40.9199
58 59.5452 12.89 32.9355
119 56.7557 12.7076 28.9434
121 55.1987 9.04094 30.9395
123 78.6129 17.1007 48.9043
128 107.256 16.8928 53.8945
129 104.308 16.0405 53.8945
138 122.188 31.4941 53.8945
140 101.678 22.2548 45.9102
164 119.949 26.1983 53.8945
173 50.0602 11.2691 24.9512
180 58.5247 12.6121 30.9395
185 68.6214 22.6007 32.9355
187 83.5403 24.6728 40.9199
188 60.6536 14.8836 34.9316
190 92.7647 16.619 45.9102
194 99.4768 19.2956 41.918
197 103.211 18.9988 45.9102
212 93.8301 16.1897 45.9102
236 48.2692 9.78281 22.9551
237 47.3107 9.63786 24.9512
239 48.381 16.3022 26.9473
243 56.2938 13.4498 28.9434
247 56.6228 11.9794 32.9355
