1 97.6094 15.5887 45.9102
8 115.636 21.8287 49.9023
15 88.2579 17.1029 37.9258
20 107.992 19.4692 53.8945
50 24.6792 7.87584 14.9707
53 57.8751 11.4656 30.9395
55 57.8415 17.059 38.9238
56 24.6251 6.86769 14.9707
57 60.0984 15.7356 36.9277
58 55.4701 13.0944 32.9355
119 58.082 12.5596 32.9355
121 57.1138 11.5271 34.9316
123 79.0172 17.8928 48.9043
128 91.4575 14.2537 41.918
129 90.4461 14.3252 45.9102
138 108.8 26.0075 49.9023
140 94.5812 19.6591 41.918
164 107.86 22.0459 49.9023
173 51.6187 11.8085 28.9434
180 53.933 12.1592 30.9395
185 65.3439 20.7086 32.9355
187 73.4092 21.0833 40.9199
188 50.0193 12.4139 30.9395
190 89.2514 15.3314 41.918
194 85.911 17.0882 37.9258
197 92.7005 16.8896 45.9102
212 94.9757 15.6285 45.9102
236 51.9065 11.085 24.9512
237 51.2508 10.1786 28.9434
239 52.7177 12.5052 28.9434
243 56.5765 11.5978 28.9434
247 58.7122 12.8058 34.9316
