1 92.1883 14.5946 45.9102
8 108.089 21.3531 41.918
15 72.6653 15.7426 33.9336
20 92.645 17.656 45.9102
50 22.9773 7.53144 16.9668
53 51.0599 10.6395 26.9473
55 55.672 17.1473 36.9277
56 23.3909 6.82084 16.9668
57 55.7266 17.6 34.9316
58 52.3157 13.0783 32.9355
119 43.7281 12.4795 26.9473
121 48.8408 11.5733 26.9473
123 61.7539 16.3339 36.9277
128 85.2118 14.2246 41.918
129 86.7724 13.5084 45.9102
138 101.263 24.486 49.9023
140 90.4861 20.0782 41.918
164 100.23 20.6259 49.9023
173 48.2358 12.6171 24.9512
180 44.6669 12.6653 24.9512
185 57.9843 17.66 30.9395
187 60.603 22.4101 40.9199
188 48.857 13.0793 28.9434
190 83.6989 14.8688 41.918
194 82.593 16.9824 33.9336
197 87.6361 16.7853 41.918
212 79.4828 13.8057 37.9258
236 45.6082 10.4403 22.9551
237 43.5646 9.94542 22.9551
239 41.3727 7.88845 22.9551
243 40.375 13.1351 24.9512
247 39.9858 9.96826 22.9551
