0 78.0511 1.2827
1 72.6111 0.9382
2 70.2631 1.0741
3 57.0912 1.222
4 75.1998 0.4372
5 72.9192 1.1559
6 70.2143 0.9813
7 74.9978 1.0561
8 64.4454 0.9141
9 78.1605 1.1762
10 74.6859 0.959
11 71.0178 1.0738
12 75.4335 0.923
13 66.4478 0.9021
14 71.1734 0.8302
15 67.1685 0.8353
16 74.4974 0.9205
17 73.4306 0.9092
18 73.6575 0.9023
19 72.5452 0.9877
20 77.0093 1.2633
21 73.4314 1.2891
22 62.4409 1.2645
23 77.472 1.2569
24 77.6731 1.3774
25 82.297 1.1904
26 86.9828 1.208
27 76.0169 1.1042
28 60.4841 0.8477
29 63.203 1.0082
30 74.7645 0.843
31 68.5895 0.9096
32 62.713 0.8891
33 76.2782 0.8809
34 69.3572 1.0906
35 67.659 0.9181
36 70.7003 0.9082
37 69.0856 0.8775
38 70.5837 0.7886
39 67.2134 0.8726
40 67.8291 0.9724
41 66.6352 1.1283
42 84.6099 1.1623
43 72.5182 1.2262
44 75.5368 1.0598
45 70.8568 0.8632
46 59.7584 0.8798
47 79.6258 0.8579
48 65.2687 0.8134
49 68.063 0.7002
50 77.7453 0.7797
51 73.605 0.8542
52 74.6729 0.8257
53 68.7888 0.7735
54 63.4075 0.8205
55 84.3534 0.7671
56 63.7667 0.7548
57 71.4602 0.8228
58 68.9351 0.7761
59 75.336 0.665
60 75.9692 0.6734
61 62.2968 0.6928
62 74.9684 1.054
63 64.716 1.2773
64 66.5739 1.4341
65 77.8904 1.2815
66 78.2363 1.6823
67 90.7013 1.5061
68 73.1764 1.4821
69 76.7242 1.1619
70 72.1345 2.2133
71 71.355 1.6164
72 77.8304 1.4136
73 60.5172 1.8244
74 57.1459 1.5623
75 15.8479 8.5584
76 64.6265 1.1709
77 71.4762 1.0412
78 57.7689 1.0125
79 64.0539 1.0356
80 58.3982 0.9571
81 0 0
82 0 0
83 79.6 1.0728
84 78.6418 1.1504
85 86.6514 1.0496
86 85.2926 1.1937
87 72.5791 1.3789
88 96.332 1.003
89 73.5876 1.2531
90 86.0886 1.1112
91 85.4035 1.0023
92 82.8674 1.1357
93 92.7703 0.9971
94 81.7297 0.788
95 92.7303 1.0462
96 81.2827 0.9994
97 90.3323 1.0949
98 75.4218 1.1758
99 68.3853 1.1425
100 61.5704 1.2056
101 86.1034 0.9115
102 0 0
103 0 0
104 58.6554 0.7753
105 67.9664 0.7802
106 71.9408 0.8851
107 61.434 0.879
108 79.7774 0.7708
109 73.818 0.8337
110 81.2106 0.7798
111 74.6906 0.8694
112 75.468 0.9082
113 91.9097 0.7582
114 72.4454 1.0079
115 80.7833 0.8303
116 86.8412 0.7284
117 79.1878 0.8305
118 72.6644 0.782
119 97.6499 0.7601
120 77.8772 0.8336
121 97.4343 0.7999
122 88.3022 0.8983
123 0 0
124 0 0
125 86.5528 0.8213
126 82.0457 0.856
127 83.114 0.8825
128 67.3887 0.8345
129 75.4367 0.9299
130 73.8408 1.0523
131 75.1736 0.8383
132 75.6246 0.867
133 66.7469 0.9415
134 66.0055 0.8347
135 71.5708 1.0133
136 73.1789 0.8251
137 67.5663 0.8731
138 72.6683 0.8996
139 73.8443 0.7133
140 73.54 0.843
141 70.7582 0.9379
142 65.7598 0.7056
143 67.669 0.8184
144 63.4753 0.9385
145 67.3699 0.8642
146 71.9634 0.8167
147 68.1758 1.0002
148 73.2867 1.0302
149 70.865 1.022
150 78.0882 1.2351
151 66.931 0.9636
152 76.7354 1.2683
153 69.7794 1.0028
154 62.6053 1.3191
155 82.75 0.9497
156 81.7301 1.2509
157 71.6434 1.0195
158 78.0612 1.022
159 88.1566 1.0054
160 86.1731 0.8333
161 86.9295 0.8433
162 58.5802 1.0425
163 72.389 0.9039
164 59.5728 0.9498
165 57.2683 0.8631
166 69.154 0.7992
167 69.0684 0.9471
168 56.3749 0.8424
169 72.3074 0.9617
170 58.6185 0.8341
171 73.9019 0.8911
172 92.1274 0.8381
173 80.554 0.7381
174 79.5952 0.9187
175 77.8829 0.8428
176 85.6778 0.757
177 75.6272 0.7775
178 86.5096 0.7487
179 70.1712 0.7393
180 71.299 0.8154
181 75.0519 0.7886
182 68.7513 0.4919
183 58.572 0.5451
184 72.8282 0.7243
185 62.7575 0.6951
186 86.9253 0.6256
187 70.4044 0.6804
188 79.2209 1.028
189 60.5697 1.0781
190 74.3094 1.0007
191 76.3955 1.5326
192 70.3496 1.3992
193 72.8779 1.7009
194 75.0889 1.2029
195 67.3548 1.7574
196 88.2133 1.2439
197 70.3687 1.2326
198 78.4172 1.27
199 62.7004 1.2104
200 62.3014 1.2159
201 71.592 1.0879
202 79.6083 1.1608
203 63.3969 1.2106
204 62.9185 1.0536
205 76.6646 1.0285
206 74.5104 0.884
207 0 0
208 0 0
209 63.0788 1.1648
210 63.199 1.0577
211 76.2916 1.0768
212 69.2597 1.202
213 63.6961 1.3157
214 80.2283 1.034
215 67.8261 1.289
216 72.7235 1.0279
217 68.9722 0.7765
218 74.4983 1.074
219 62.7033 0.9977
220 70.0034 0.961
221 67.673 0.9005
222 62.8749 0.8401
223 73.2765 0.9082
224 65.874 0.7153
225 79.6665 0.8152
226 79.5061 0.9623
227 72.5745 0.9773
228 0 0
229 0 0
230 65.7018 0.7485
231 79.4849 0.7176
232 81.4025 0.9106
233 78.2788 0.8771
234 75.124 0.8109
235 67.9661 0.7271
236 75.4314 0.7295
237 81.2068 0.822
238 76.3894 1.0146
239 74.5838 0.8477
240 62.7832 0.9131
241 74.3163 1.0006
242 74.3997 0.7465
243 74.4183 0.8299
244 76.4743 0.7821
245 66.5346 0.7008
246 64.7919 0.7615
247 69.6857 0.6273
248 70.3559 0.7573
249 0 0
250 0 0
251 0 0
