0 77.6001 0.8292
1 72.0346 1.0182
2 69.4815 0.909
3 58.4692 1.406
4 75.2613 0.419
5 72.8174 0.8988
6 69.4087 0.7343
7 74.1441 0.9391
8 61.792 2.8537
9 77.6806 1.512
10 74.1209 0.8518
11 73.6521 0.821
12 74.5342 0.7798
13 65.9077 1.0446
14 70.544 1.0616
15 67.1964 0.8774
16 74.0152 0.9102
17 73.2033 1.0204
18 73.5021 0.998
19 75.7187 0.9759
20 76.4585 1.1781
21 72.9478 1.193
22 62.027 1.3758
23 76.8347 1.2204
24 78.7124 1.3253
25 82.0042 1.3517
26 86.4616 1.2151
27 75.1413 1.2536
28 59.9734 0.9127
29 63.0282 0.6869
30 72.0516 0.4574
31 68.6087 0.7671
32 62.5712 1.7903
33 75.5778 0.7079
34 68.3692 1.329
35 66.9222 0.9971
36 70.3469 0.8164
37 68.855 0.822
38 70.3766 0.7446
39 66.8079 0.7022
40 68.4308 0.893
41 67.5764 1.0626
42 83.6289 1.1187
43 71.4563 1.11
44 74.5496 0.984
45 69.4699 0.7273
46 58.5729 0.7086
47 78.5397 0.6679
48 65.3596 0.7111
49 67.6526 0.6572
50 76.8567 0.8242
51 72.3624 0.6828
52 74.2515 0.7703
53 68.2594 0.792
54 63.4619 0.6749
55 84.4551 0.6666
56 63.8404 0.8477
57 75.2874 0.7325
58 69.3134 0.6554
59 75.8841 0.5379
60 75.4966 0.6344
61 62.4006 0.6411
62 75.2909 0.9999
63 64.9919 1.2489
64 65.791 1.4578
65 77.5051 0.7731
66 77.9593 1.505
67 90.8293 1.1553
68 73.3469 1.367
69 80.6738 1.1598
70 71.7146 1.2548
71 71.283 1.3121
72 77.3575 1.3303
73 59.8962 1.4374
74 57.1498 1.2011
75 19.5658 7.2696
76 64.8979 1.1474
77 72.9491 1.1721
78 57.5446 1.1448
79 63.6406 1.1013
80 57.9261 0.9585
81 0 0
82 0 0
83 79.2829 1.2125
84 77.6724 1.1792
85 86.0776 0.879
86 84.9263 1.2817
87 73.4127 1.0212
88 96.3122 1.0739
89 73.5893 1.1973
90 85.3844 0.992
91 85.2783 0.9012
92 82.6597 0.8903
93 92.7711 0.9238
94 81.7031 0.9765
95 96.2456 0.9815
96 81.593 0.832
97 90.6952 0.8614
98 74.4546 0.8324
99 67.7065 0.9574
100 60.7288 1.0713
101 85.3292 0.8845
102 0 0
103 0 0
104 58.16 0.7834
105 67.3448 0.7815
106 72.1597 0.7732
107 64.9409 0.8838
108 80.6097 0.6781
109 74.1337 0.738
110 80.7731 0.8345
111 73.9596 0.8922
112 76.0692 0.8236
113 92.2631 0.723
114 73.2883 0.7865
115 82.7707 0.7316
116 86.9259 0.7605
117 79.1512 0.768
118 72.1154 0.8368
119 98.6421 0.7059
120 78.5473 0.7745
121 98.544 0.7709
122 90.6365 0.703
123 0 0
124 0 0
125 86.5128 0.7478
126 81.5382 0.7701
127 82.9174 0.8347
128 68.0982 0.8802
129 78.3303 0.8538
130 73.6991 0.9554
131 75.8571 0.7197
132 75.4713 0.6898
133 65.6063 0.8257
134 65.2532 0.9208
135 71.5206 1.0484
136 73.7901 0.8874
137 68.6884 0.8658
138 71.6532 0.7145
139 73.3934 0.9131
140 72.8881 0.9082
141 70.3168 0.7245
142 65.5324 0.6499
143 67.2676 0.8201
144 63.2275 0.8941
145 70.2727 0.7978
146 67.2717 0.7455
147 66.9592 1.0924
148 72.7254 0.7785
149 71.0668 0.9742
150 79.0511 0.9756
151 66.9759 0.9894
152 75.6988 0.7871
153 69.4064 0.8064
154 61.7091 0.9848
155 82.7978 0.8933
156 80.881 0.7845
157 71.6861 0.7817
158 82.0947 0.8546
159 88.2535 0.857
160 86.49 0.713
161 86.1304 1.7476
162 58.2417 1.0645
163 72.3102 0.7727
164 59.5132 0.73
165 57.1644 0.8028
166 69.9346 0.7262
167 71.534 0.8791
168 55.9392 0.8145
169 72.5382 0.8162
170 57.4797 0.7062
171 73.3901 0.8471
172 92.0443 0.8728
173 80.3228 0.7041
174 80.2221 0.8302
175 78.0596 0.8526
176 84.6184 0.7135
177 74.8507 0.7932
178 85.9742 0.7368
179 69.3999 0.6434
180 70.9018 0.5655
181 74.7854 0.8252
182 68.9049 0.45
183 59.2806 0.6765
184 72.1973 0.6558
185 61.9901 0.5647
186 86.6079 0.5522
187 69.7453 0.5993
188 79.2706 0.8492
189 60.6506 0.8984
190 73.6477 0.773
191 75.4877 1.3082
192 70.0494 1.9423
193 72.0182 1.7848
194 74.8015 1.0856
195 67.4212 1.7919
196 86.8702 0.8739
197 68.9727 1.0094
198 77.6977 1.2469
199 62.5405 1.3071
200 62.2349 1.1571
201 72.4774 1.13
202 80.9473 1.0765
203 64.9893 1.0761
204 62.7186 1.0134
205 76.4563 1.1654
206 74.2847 0.9859
207 0 0
208 0 0
209 62.4303 0.9815
210 62.3843 0.8169
211 76.0457 1.417
212 69.2771 1.158
213 65.2903 0.9076
214 79.916 1.0249
215 67.761 0.875
216 72.2075 1.2082
217 69.0524 0.9815
218 74.3981 0.8824
219 62.4079 0.8662
220 70.6868 0.734
221 69.6062 0.7381
222 62.2786 0.7006
223 72.923 0.7932
224 65.4897 0.6923
225 80.1884 0.7686
226 79.5055 0.7552
227 72.2779 0.9135
228 0 0
229 0 0
230 65.2488 0.727
231 79.1753 0.6828
232 81.5123 0.9529
233 79.3842 0.7029
234 74.9049 0.7217
235 67.3023 0.6378
236 75.0999 0.7049
237 80.8614 0.8726
238 75.7066 0.841
239 73.7873 0.7549
240 62.2208 0.8825
241 74.642 0.8094
242 73.4319 0.6822
243 73.9067 0.7561
244 75.8156 0.681
245 65.9113 0.6372
246 63.8516 0.5809
247 69.2699 0.6465
248 69.4345 0.6205
249 0 0
250 0 0
251 0 0
