0 78.5047 0.97
1 72.7173 0.6532
2 70.809 0.917
3 56.8799 1.0309
4 75.2107 0.4454
5 72.8392 0.8893
6 70.6154 0.7041
7 74.9734 0.8284
8 64.5214 0.8411
9 77.6868 0.6639
10 74.4191 0.7932
11 71.1356 0.8543
12 75.5053 0.8569
13 66.497 0.7483
14 71.4044 0.8568
15 67.6762 0.7367
16 74.8218 0.7454
17 73.7114 0.7733
18 74.2056 0.8397
19 73.2021 0.8763
20 77.1701 1.2461
21 73.6098 1.2487
22 62.5582 1.2823
23 77.3696 1.1827
24 77.6244 1.2326
25 82.4201 1.1135
26 87.0004 1.0851
27 76.0073 1.1934
28 60.6635 0.6466
29 63.4059 0.6274
30 72.4992 0.4706
31 68.7836 0.7352
32 62.7335 0.6894
33 76.5582 0.7242
34 69.5203 0.6581
35 67.6794 0.656
36 70.8831 0.6842
37 69.096 0.7366
38 70.7296 0.5412
39 67.1532 0.7602
40 68.0401 0.8221
41 66.5365 0.9005
42 84.5251 0.9899
43 72.5062 1.0203
44 75.8099 0.9868
45 70.8634 0.8102
46 59.7894 0.6627
47 79.6527 0.6552
48 65.3391 0.7285
49 68.2034 0.6427
50 77.7723 0.6656
51 73.6466 0.6457
52 74.6532 0.6775
53 68.7149 0.6621
54 63.557 0.6765
55 84.4332 0.6583
56 63.9895 0.7052
57 71.3038 0.7971
58 69.0879 0.6589
59 75.2988 0.6359
60 76.1537 0.6509
61 62.378 0.6107
62 75.2721 0.981
63 65.4414 0.9032
64 67.084 1.2053
65 77.7441 0.849
66 78.4138 1.116
67 90.786 1.0905
68 73.3185 1.3097
69 76.6402 1.1226
70 71.7742 1.2377
71 71.1614 1.2145
72 77.923 0.9181
73 60.6726 1.0282
74 57.4743 1.1172
75 49.0551 2.6001
76 64.85 0.9818
77 71.7667 1.1439
78 57.9066 1.013
79 64.2571 0.9627
80 58.6212 0.9679
81 0 0
82 0 0
83 80.081 0.9674
84 78.5856 1.0296
85 86.7837 0.8181
86 85.1935 1.046
87 73.1141 1.0826
88 96.566 0.8368
89 74.0944 1.0107
90 86.0126 0.873
91 85.5445 0.8123
92 82.6377 0.831
93 92.7376 0.8011
94 81.6289 0.663
95 93.2387 0.8288
96 81.4682 0.9419
97 90.7058 0.9481
98 75.433 0.7851
99 68.6623 0.9275
100 61.7647 0.9899
101 86.1204 0.8895
102 0 0
103 0 0
104 58.7889 0.6811
105 68.0413 0.7123
106 72.1315 0.7212
107 61.356 0.7977
108 79.7207 0.6596
109 73.8136 0.7179
110 81.4496 0.6601
111 74.8257 0.7348
112 75.5956 0.6884
113 92.225 0.7613
114 72.4286 0.7629
115 80.7668 0.7774
116 86.9359 0.6839
117 79.2396 0.7438
118 72.7746 0.6978
119 97.7177 0.617
120 77.7517 0.6373
121 97.33 0.7091
122 88.1641 0.7828
123 0 0
124 0 0
125 86.7206 0.6523
126 82.2708 0.7651
127 83.4181 0.7101
128 67.5593 0.6619
129 75.4886 0.7486
130 73.7844 0.7241
131 75.2838 0.8118
132 75.7186 0.6281
133 66.8217 0.7608
134 66.4185 0.8892
135 71.6267 0.7458
136 73.3716 0.7923
137 67.5917 0.7556
138 72.755 0.6521
139 73.8743 0.7237
140 73.6541 0.6572
141 70.5979 0.68
142 65.7225 0.6393
143 67.5799 0.6321
144 63.4697 0.6973
145 67.5565 0.6402
146 71.9286 0.6557
147 68.2238 0.7801
148 73.3962 0.9066
149 71.0553 1.1372
150 77.7882 0.6606
151 67.2395 0.79
152 76.6399 0.783
153 69.7491 0.6399
154 62.5126 1.0292
155 82.8806 0.6478
156 81.5078 0.7411
157 71.8723 0.7107
158 78.2157 0.8568
159 88.2874 0.836
160 86.3702 0.7289
161 87.2429 0.8794
162 58.6806 0.6857
163 72.5023 0.6714
164 59.7607 0.6079
165 57.4597 0.7174
166 69.3398 0.7667
167 69.1173 0.8686
168 56.5072 0.734
169 72.4351 0.7913
170 58.6389 0.6747
171 74.157 0.7774
172 92.3173 0.7907
173 80.6571 0.6181
174 79.6886 0.6727
175 78.2442 0.7641
176 85.771 0.63
177 75.8345 0.6804
178 86.5959 0.6437
179 70.2073 0.671
180 71.3439 0.6399
181 75.1837 0.6955
182 68.6789 0.505
183 58.6673 0.4795
184 72.9226 0.6562
185 62.748 0.6131
186 86.969 0.5655
187 70.5201 0.6294
188 79.2185 0.7778
189 60.6605 0.7961
190 74.4243 0.7963
191 76.1641 1.1558
192 70.292 0.9523
193 72.3932 0.943
194 74.8993 0.8378
195 67.0415 1.5712
196 87.7821 0.6819
197 69.8805 0.805
198 78.3819 1.1863
199 62.5281 0.9692
200 62.1985 0.9308
201 71.6115 0.9448
202 79.7834 0.9396
203 63.301 0.9509
204 62.9564 0.9362
205 76.5442 0.9134
206 74.7272 0.7965
207 0 0
208 0 0
209 63.1792 0.7893
210 63.2614 0.8245
211 76.398 0.8862
212 69.2529 0.8968
213 64.0679 0.9418
214 80.448 0.8212
215 68.1337 0.8881
216 72.8232 0.7984
217 69.2927 0.7957
218 74.4201 0.7494
219 62.5848 0.7449
220 70.1 0.9775
221 68.1284 1.0149
222 62.875 0.6195
223 73.5345 0.7407
224 65.8594 0.5533
225 79.8142 0.62
226 79.7729 0.637
227 72.5591 0.7378
228 0 0
229 0 0
230 65.7638 0.6437
231 79.5304 0.621
232 81.5169 0.6884
233 77.8036 1.4507
234 75.2162 0.6767
235 68.0766 0.6993
236 75.4056 0.6476
237 81.5726 0.7472
238 76.3072 0.857
239 74.5796 0.7837
240 62.5697 0.8319
241 74.9567 0.8423
242 74.4362 0.7054
243 74.6459 0.7827
244 76.4102 0.7141
245 66.6589 0.618
246 64.7287 0.6407
247 69.7369 0.5626
248 70.1406 0.6549
249 0 0
250 0 0
251 0 0
