0 78.6007 0.9353
1 72.8925 0.9665
2 70.7888 0.9133
3 56.931 1.1906
4 75.1365 0.4352
5 72.8059 0.944
6 70.6064 0.7098
7 75.6098 1.3472
8 64.7089 0.7279
9 78.0228 0.8573
10 74.722 0.7416
11 71.467 1.0674
12 75.5528 0.7157
13 66.6298 0.7226
14 71.5882 0.7452
15 67.5087 0.7962
16 74.5463 0.7493
17 73.5834 0.8192
18 73.913 0.8699
19 73.0136 0.927
20 77.0709 1.3713
21 73.3519 1.26
22 62.351 1.3679
23 76.9938 1.1864
24 77.562 1.1722
25 82.4543 1.0901
26 86.9963 1.178
27 75.7349 1.2152
28 60.7024 0.7495
29 63.3518 0.7603
30 72.3047 0.4359
31 68.633 1.0783
32 62.8023 0.7567
33 76.5142 0.6996
34 69.5316 0.6639
35 67.8306 0.969
36 70.7253 0.7756
37 69.3029 0.8025
38 70.7033 0.5529
39 67.4102 0.7398
40 67.9734 0.8843
41 66.9265 1.0539
42 84.5452 1.0317
43 72.8514 1.1472
44 75.6657 1.0154
45 70.8291 0.7489
46 59.8919 0.7582
47 79.592 0.7187
48 65.1928 0.7476
49 68.1582 0.6892
50 77.7182 0.6923
51 73.5934 0.7349
52 74.6096 0.6892
53 68.7711 0.7309
54 63.5525 0.6732
55 84.3863 0.6896
56 63.885 0.832
57 71.5883 0.8362
58 69.1373 0.6435
59 75.3708 0.6514
60 75.9948 0.5204
61 62.3415 0.6124
62 75.0835 0.9244
63 65.0539 0.9058
64 66.7265 1.4001
65 77.7988 1.0871
66 78.3624 1.2163
67 91.507 1.8961
68 73.2622 1.1277
69 76.8139 1.187
70 71.8038 1.138
71 71.2835 1.0943
72 77.7622 0.82
73 60.7646 1.4944
74 57.4824 1.0314
75 50.7548 1.8107
76 64.8983 1.0898
77 71.7126 1.0761
78 58.0025 1.0747
79 64.2905 0.9259
80 58.7133 1.0002
81 0 0
82 0 0
83 79.8215 0.7803
84 78.8963 1.0172
85 86.8556 0.7769
86 85.6392 1.088
87 72.6445 1.0111
88 96.5425 0.8553
89 73.8445 0.9782
90 86.2892 0.9821
91 85.5454 0.8775
92 82.8993 1.1866
93 92.3752 1.8425
94 81.8423 0.835
95 92.8453 0.8798
96 81.4723 0.8466
97 90.6185 1.1686
98 75.5701 0.7595
99 68.8352 1.0485
100 61.6418 1.0499
101 85.9605 0.84
102 0 0
103 0 0
104 58.9383 0.8248
105 68.1208 0.8089
106 72.0165 0.6882
107 61.4046 0.9318
108 79.6212 0.6502
109 73.8202 0.8022
110 81.3858 0.7157
111 74.7651 0.8266
112 75.5622 0.9506
113 92.2453 0.755
114 72.3774 0.7259
115 80.6507 0.7455
116 87.1022 0.7868
117 79.1257 0.7666
118 72.7505 0.8295
119 97.723 0.631
120 77.8464 0.7917
121 97.3014 0.6874
122 88.2151 0.8057
123 0 0
124 0 0
125 86.515 0.7406
126 82.0299 0.8474
127 83.1244 0.7125
128 67.4005 0.7456
129 75.4918 0.909
130 73.745 0.9034
131 75.3347 0.8184
132 75.5569 0.6611
133 66.7828 0.8401
134 66.4923 0.9168
135 71.5295 0.7408
136 73.3348 0.7815
137 67.5261 0.7084
138 72.7195 0.6808
139 73.8794 0.7614
140 73.6463 0.706
141 70.3744 0.7203
142 65.8516 0.8205
143 67.5417 0.6792
144 63.2402 0.7181
145 67.4133 0.6907
146 72.1972 0.7726
147 68.4879 0.8491
148 73.4502 0.737
149 71.3688 1.3831
150 78.4236 1.109
151 67.3217 0.7934
152 76.824 1.3974
153 69.7729 0.6088
154 62.7955 1.0528
155 82.9374 0.7444
156 81.4005 1.2528
157 72.2029 1.2926
158 78.2757 0.9018
159 88.3922 0.8005
160 86.4238 0.7543
161 87.2021 0.8003
162 58.5837 1.2185
163 72.4207 0.6622
164 59.725 0.6287
165 57.3582 0.7563
166 69.3657 0.7972
167 69.3745 0.881
168 56.5945 0.6845
169 72.5318 0.788
170 58.6493 0.6913
171 74.1831 0.8057
172 92.3161 0.7371
173 80.6001 0.6505
174 79.6772 0.723
175 78.283 0.7801
176 85.8001 0.6566
177 75.8808 0.7534
178 86.5796 0.6622
179 70.0782 0.6582
180 71.3322 0.6927
181 75.2172 0.7594
182 68.8486 0.5245
183 58.6072 0.5187
184 72.8857 0.6515
185 62.7744 0.598
186 87.0536 0.604
187 70.4088 0.6787
188 79.189 0.7757
189 60.6309 0.812
190 74.3194 0.8026
191 76.6219 1.4926
192 70.4883 1.6032
193 72.6068 1.2209
194 74.9647 0.931
195 67.0879 1.6976
196 88.126 1.6963
197 69.873 0.9208
198 78.2805 1.1054
199 62.8562 1.053
200 62.4428 1.09
201 71.7232 0.9295
202 79.8058 1.0672
203 63.6765 1.0281
204 63.2059 1.0405
205 76.9471 1.0326
206 74.6382 0.8273
207 0 0
208 0 0
209 63.4482 0.9099
210 63.3047 0.7971
211 76.479 0.8544
212 69.3432 0.8403
213 64.5775 1.1006
214 80.7058 0.7344
215 68.5634 1.2202
216 72.6761 1.4803
217 69.1954 0.8184
218 74.3355 0.7316
219 62.6773 0.7466
220 70.2855 1.1893
221 67.8935 1.1182
222 62.7298 0.5999
223 73.4344 0.7709
224 66.146 0.7637
225 79.8591 0.7171
226 80.1045 1.0605
227 72.8411 0.7829
228 0 0
229 0 0
230 65.9162 0.833
231 79.5124 0.6365
232 81.5649 0.7001
233 77.6603 1.6199
234 75.2838 0.686
235 68.0412 0.713
236 75.5028 0.643
237 81.4683 0.731
238 76.3918 0.9134
239 74.5777 0.779
240 62.7726 0.8137
241 74.7804 0.9289
242 74.477 0.6924
243 74.5814 0.731
244 76.4952 0.693
245 66.6749 0.6319
246 64.6248 0.646
247 69.7581 0.5603
248 70.1613 0.6692
249 0 0
250 0 0
251 0 0
