0 78.0297 0.8433
1 72.6173 0.7377
2 70.5183 0.9575
3 56.781 1.124
4 75.1406 0.4303
5 72.8629 1.0695
6 70.5138 0.905
7 74.9745 0.7616
8 64.6241 0.7175
9 77.7033 0.6619
10 74.678 0.7242
11 71.1339 0.9361
12 75.5897 0.761
13 66.5613 0.756
14 71.5185 0.8351
15 67.5607 0.8167
16 74.7832 0.8088
17 73.6154 0.8556
18 74.1122 0.8508
19 72.7904 0.9217
20 77.0425 1.1969
21 73.8182 1.299
22 62.5036 1.3397
23 77.6045 1.1807
24 77.4449 1.2817
25 82.3035 1.1519
26 86.894 1.1504
27 76.1023 1.106
28 60.6243 0.701
29 63.4459 0.6125
30 72.3116 0.4593
31 68.7587 0.815
32 62.8445 1.3221
33 76.4835 0.7904
34 69.4808 0.7334
35 67.805 0.9628
36 70.7149 0.6352
37 68.9166 0.7449
38 70.6584 0.5714
39 67.1904 0.7581
40 68.1814 0.8268
41 66.8598 1.0322
42 84.6836 1.0568
43 72.7029 1.1175
44 75.8925 1.0033
45 71.0523 0.7593
46 60.2205 0.842
47 79.9207 0.8785
48 65.4726 0.7496
49 68.4316 0.6812
50 78.0429 0.7334
51 73.7572 0.7598
52 74.8049 0.7384
53 68.7112 0.7042
54 63.43 0.7081
55 84.1865 0.6496
56 63.7809 0.6892
57 71.3771 0.751
58 69.0633 0.67
59 75.2983 0.6551
60 76.0763 0.6269
61 62.2968 0.6493
62 75.0229 0.8569
63 64.8987 1.2884
64 66.6111 0.995
65 77.6737 0.8669
66 78.372 1.4191
67 90.7979 1.0898
68 73.3683 1.4834
69 76.6083 1.0803
70 71.8033 1.184
71 71.1016 1.1771
72 77.7885 1.0489
73 60.6012 1.1913
74 57.2908 1.1939
75 47.4862 3.1413
76 64.7604 1.0118
77 71.5772 0.9524
78 57.8164 1.0603
79 64.1895 0.885
80 58.5903 0.9362
81 0 0
82 0 0
83 79.7066 1.0193
84 78.5836 1.017
85 86.6512 0.9267
86 85.3872 1.1574
87 72.6502 1.1461
88 96.4502 0.8823
89 73.606 0.9683
90 86.1228 0.9836
91 85.5814 1.0256
92 82.8832 0.9004
93 92.7531 0.7854
94 81.7277 0.6547
95 92.956 1.1122
96 81.5503 1.1389
97 90.3948 0.8949
98 75.5983 0.8195
99 68.5532 0.9787
100 61.7383 1.0573
101 86.1418 0.9027
102 0 0
103 0 0
104 58.8385 0.7474
105 68.2046 0.8385
106 72.0503 0.7802
107 61.4198 0.8507
108 79.7132 0.6595
109 73.8065 0.7727
110 81.3659 0.6788
111 74.7406 0.6951
112 75.578 0.7039
113 92.104 0.7656
114 72.3827 0.804
115 80.6614 0.7827
116 86.8507 0.6309
117 79.204 0.7786
118 72.6912 0.7702
119 97.6934 0.6288
120 77.7204 0.6757
121 97.3529 0.7022
122 88.1074 0.765
123 0 0
124 0 0
125 86.482 0.7348
126 82.0781 0.8681
127 83.2311 0.8022
128 67.3962 0.7185
129 75.4379 0.8371
130 73.7137 0.8419
131 75.2434 0.8215
132 75.5768 0.6715
133 66.7994 0.825
134 66.3227 0.859
135 71.6067 0.8193
136 73.3881 0.7926
137 67.5222 0.7651
138 72.6993 0.6643
139 73.8795 0.7005
140 73.5894 0.6969
141 70.7236 0.7166
142 65.8104 0.6413
143 67.6625 0.6353
144 63.5782 0.7399
145 67.6008 0.6863
146 72.143 0.8003
147 68.411 0.8684
148 73.3426 0.8383
149 70.7783 0.7473
150 77.9688 1.0093
151 67.2686 0.9696
152 76.6461 0.8839
153 69.7161 0.7324
154 62.6612 0.9955
155 82.7114 0.6521
156 81.5059 0.7687
157 71.7195 0.8863
158 78.2929 0.8381
159 88.2066 0.8033
160 86.3892 0.8123
161 86.8206 0.6775
162 58.6259 0.7643
163 72.4348 0.7057
164 59.6746 0.6438
165 57.3293 0.7499
166 69.305 0.7189
167 69.1262 0.7958
168 56.4692 0.7671
169 72.4066 0.8148
170 58.6191 0.7178
171 74.0234 0.7508
172 92.2078 0.8428
173 80.5529 0.6754
174 79.6659 0.7447
175 78.0998 0.8278
176 85.6833 0.6368
177 75.6664 0.6485
178 86.5901 0.657
179 70.0458 0.6737
180 71.2901 0.7008
181 75.1011 0.7618
182 68.8903 0.5232
183 58.6428 0.5257
184 72.911 0.6663
185 62.7697 0.6124
186 87.0312 0.5912
187 70.3569 0.6545
188 79.3012 0.9575
189 60.759 0.8777
190 74.4223 0.8085
191 76.2268 1.2138
192 70.5249 1.0749
193 72.4699 0.995
194 75.0775 1.3958
195 67.197 1.2981
196 88.0313 0.9585
197 70.1122 0.9552
198 78.3414 1.1857
199 62.5265 0.986
200 62.4171 0.9883
201 71.7259 1.1324
202 79.8731 1.091
203 63.2747 1.2196
204 62.9648 0.9322
205 76.5811 0.9167
206 74.6332 0.8289
207 0 0
208 0 0
209 63.287 0.8382
210 63.3792 0.9581
211 76.5276 1.0398
212 69.2428 1.1838
213 64.1518 0.9134
214 80.6212 0.8589
215 68.1782 0.9638
216 72.8898 0.9904
217 69.164 0.8482
218 74.5533 0.769
219 62.7489 0.7918
220 69.9443 0.741
221 67.8772 0.7652
222 63.0015 0.8962
223 73.47 0.8349
224 66.1664 0.7517
225 79.6661 0.6618
226 79.7414 0.974
227 72.5821 0.8191
228 0 0
229 0 0
230 65.723 0.6639
231 79.5583 0.6214
232 81.4967 0.7182
233 78.3592 0.8473
234 75.2443 0.7042
235 68.1705 0.738
236 75.5315 0.6488
237 81.4262 0.7679
238 76.4552 0.8844
239 74.6218 0.7669
240 62.9249 0.794
241 74.5537 1.017
242 74.4422 0.6597
243 74.5528 0.7722
244 76.5293 0.7095
245 66.6213 0.6377
246 64.7388 0.6641
247 69.6972 0.5976
248 70.3522 0.6964
249 0 0
250 0 0
251 0 0
