0 79.1114 1.6832
1 73.3211 1.2725
2 71.0706 1.4953
3 57.5219 2.1259
4 68.2995 1.9251
5 73.1549 1.5698
6 71.3347 2.5758
7 76.0233 2.6423
8 65.1092 1.6843
9 78.8365 1.888
10 75.1364 1.5226
11 71.8201 1.9861
12 75.955 2.3029
13 66.8107 1.2612
14 71.9852 1.8427
15 68.1774 1.604
16 74.9502 1.2028
17 74.0825 1.3608
18 74.2028 1.236
19 73.4443 1.6291
20 76.9312 1.7732
21 74.0664 1.807
22 63.0331 2.0607
23 77.9119 1.3809
24 77.8111 1.6146
25 82.5152 1.3938
26 87.0534 1.7175
27 76.3697 1.5817
28 61.307 1.5971
29 63.8814 1.3826
30 72.2827 0.474
31 69.2838 1.2212
32 63.5995 1.3951
33 77.0808 1.2516
34 70.0272 1.2923
35 67.8586 1.1004
36 70.6913 1.0414
37 69.0681 1.2158
38 70.5437 0.8147
39 67.2832 1.0021
40 67.9514 1.0766
41 67.324 1.615
42 85.1737 1.5152
43 73.677 1.5726
44 76.7487 1.5323
45 71.8981 1.2142
46 60.8106 1.1045
47 80.3813 1.1784
48 66.1957 1.1722
49 68.926 0.8677
50 78.6226 1.1268
51 74.2572 1.2717
52 75.1655 1.0605
53 69.5445 1.3812
54 64.104 1.3531
55 84.837 1.187
56 64.4404 1.191
57 71.5426 0.9952
58 69.3751 1.0392
59 75.5569 0.9437
60 76.5001 1.0196
61 62.8573 0.7515
62 75.6366 1.6405
63 66.5958 2.2019
64 67.6525 2.8142
65 78.7681 1.5094
66 79.7123 2.932
67 92.0349 2.5035
68 74.7519 2.8506
69 77.8271 1.527
70 72.7032 2.2199
71 72.8171 3.0342
72 78.9367 1.8989
73 61.1197 1.9182
74 58.0254 2.1358
75 41.1134 6.137
76 65.1321 1.6615
77 71.9306 1.6122
78 58.2578 1.2603
79 64.377 1.2527
80 58.5123 1.3104
81 0 0
82 0 0
83 80.3056 1.6856
84 79.4923 1.8486
85 87.1588 1.3845
86 85.9873 1.6192
87 73.5201 1.9448
88 97.0725 1.7816
89 74.1476 1.5739
90 86.5706 1.4902
91 86.4459 1.947
92 83.3783 1.7698
93 93.3882 1.5053
94 82.1001 1.1345
95 94.0107 2.5357
96 82.2045 2.0317
97 91.2062 1.7651
98 75.9355 1.8896
99 69.1592 1.6664
100 62.2331 1.8209
101 86.7042 1.0471
102 0 0
103 0 0
104 59.5264 1.125
105 68.9123 1.2663
106 73.0887 1.362
107 62.4205 1.3324
108 80.295 1.0791
109 3 0
110 82.084 1.2319
111 75.6708 1.1333
112 76.3849 1.3746
113 92.9386 1.1058
114 73.0149 1.2512
115 81.7273 1.1922
116 87.5688 1.0487
117 79.7936 1.045
118 73.3069 1.3752
119 98.2259 1.1655
120 78.7194 1.3468
121 98.1358 1.3055
122 88.9183 1.3117
123 0 0
124 0 0
125 87.1081 1.1019
126 82.5837 1.4412
127 83.7144 1.3975
128 67.7066 2.1542
129 76.1102 1.6644
130 74.1533 1.6005
131 75.7001 1.6534
132 76.1875 1.6569
133 67.2899 1.5184
134 66.5972 1.4707
135 72.269 1.4883
136 73.7725 1.3662
137 67.7326 1.0887
138 73.2305 1.3971
139 74.1404 1.6951
140 73.9415 1.4617
141 70.8049 1.1265
142 66.3642 1.1092
143 68.2703 1.4271
144 63.6984 1.3682
145 67.858 1.5629
146 72.4439 0.9721
147 69.0334 1.2493
148 74.3111 1.7266
149 71.456 1.3182
150 78.9663 1.8945
151 67.5097 1.43
152 77.347 1.6418
153 70.2201 1.2961
154 63.0729 2.7333
155 83.5053 1.7329
156 81.9849 2.1746
157 72.828 2.3336
158 78.6361 1.7703
159 88.7385 1.6768
160 86.9517 1.9222
161 87.452 1.4106
162 58.6955 1.1003
163 72.855 1.6649
164 60.1615 1.9055
165 57.7649 1.2128
166 69.648 1.3133
167 69.941 1.234
168 57.2096 1.2994
169 72.9222 1.0868
170 59.4422 1.3608
171 74.2588 1.2419
172 92.8938 1.3501
173 81.2091 0.9743
174 80.1753 1.1477
175 78.9743 1.2404
176 86.1492 1.3091
177 76.317 1.292
178 87.3307 1.0524
179 70.5549 0.9129
180 72.0054 1.1455
181 75.6946 1.1504
182 68.9975 0.5707
183 59.343 1.2243
184 73.4317 0.9017
185 63.287 0.8488
186 87.5072 0.8992
187 70.702 0.7779
188 79.9548 1.823
189 61.4423 1.709
190 75.0821 1.6384
191 77.1726 3.4162
192 71.9178 2.3
193 74.1733 2.7034
194 76.5402 1.823
195 68.8115 2.9834
196 89.008 2.0685
197 71.3821 1.656
198 79.659 2.0366
199 63.2545 1.618
200 63.0519 2.3726
201 72.5825 1.9606
202 80.375 2.0536
203 64.0434 1.5857
204 63.5432 1.3402
205 77.2278 1.4439
206 74.9438 1.5743
207 0 0
208 0 0
209 64.0963 1.7586
210 64.0839 1.5002
211 77.0638 2.1413
212 69.9468 1.5048
213 64.5912 2.1085
214 81.2861 1.5392
215 68.5207 1.5831
216 73.5813 1.4895
217 69.7564 1.0473
218 74.9915 1.8233
219 63.4494 1.3208
220 70.5281 1.6042
221 68.3401 1.5393
222 63.4315 1.3103
223 73.6375 1.3778
224 66.7113 1.6386
225 80.444 2.7498
226 80.4604 2.619
227 73.0194 2.9683
228 0 0
229 0 0
230 66.4182 1.1967
231 80.1608 0.8814
232 82.1642 1.1891
233 78.7309 1.0727
234 75.6401 0.986
235 68.8122 1.0212
236 76.075 1.0048
237 81.9881 1.4335
238 76.9942 1.2014
239 75.2175 1.1099
240 63.4375 1.2031
241 74.9558 1.3553
242 74.899 1.0269
243 74.8844 1.1397
244 76.829 1.0014
245 66.908 0.9871
246 64.9404 1.0409
247 70.0076 0.8435
248 70.3869 0.9399
249 0 0
250 0 0
251 0 0
