0 78.6936 2.3614
1 73.1521 1.6649
2 70.9213 1.7685
3 57.3013 2.236
4 67.7991 1.8609
5 73.3484 1.9585
6 70.8899 1.7747
7 75.4519 1.736
8 64.9362 1.8056
9 78.9144 2.3888
10 75.3892 2.033
11 71.6819 2.2451
12 75.9544 1.6212
13 66.7422 1.4735
14 72.0504 2.0527
15 68.085 1.7021
16 74.9361 1.3295
17 74.0065 1.4396
18 74.0633 1.2426
19 73.4681 2.0555
20 77.1308 1.9953
21 73.5971 1.9956
22 62.7721 2.1804
23 77.5387 1.4618
24 77.8529 1.638
25 82.5095 1.5381
26 87.2127 1.8411
27 75.9976 1.7285
28 61.3601 1.8951
29 63.7663 1.0603
30 72.3538 0.4714
31 69.1646 1.1773
32 63.5323 1.559
33 76.9617 1.3908
34 70.0103 1.8014
35 68.0099 1.4023
36 70.6063 1.1099
37 69.0791 1.1696
38 70.5097 0.8836
39 67.3638 1.0789
40 67.5717 1.0119
41 67.2703 1.5302
42 85.0983 1.4771
43 73.3286 1.6959
44 76.6609 1.5953
45 71.7385 1.3967
46 60.5636 1.2665
47 80.3546 1.2667
48 66.141 1.2719
49 68.8564 0.8354
50 78.5536 1.2459
51 74.1315 1.3327
52 75.1398 1.2108
53 69.3903 1.3941
54 63.9169 1.1754
55 84.6356 1.0255
56 64.1869 1.1893
57 71.8244 1.1235
58 69.3482 1.1042
59 75.5982 0.9192
60 76.4088 0.9041
61 62.7793 0.77
62 75.6551 1.8431
63 66.3313 2.0082
64 67.6206 2.6727
65 78.8046 1.8321
66 79.5458 3.4207
67 92.1885 3.1207
68 74.6608 2.4769
69 77.7397 1.683
70 72.8557 2.5269
71 72.6172 3.398
72 79.1662 2.5446
73 61.2051 2.3748
74 57.9134 1.8291
75 37.0354 7.2493
76 65.0903 1.9703
77 72.0358 1.7198
78 58.2846 1.7952
79 64.3401 1.2433
80 58.8079 2.1657
81 0 0
82 0 0
83 80.1109 1.7071
84 79.3874 1.9594
85 87.1543 1.5009
86 86.1382 1.7906
87 73.2173 1.8805
88 97.0826 1.9332
89 74.0618 1.9497
90 86.5478 1.3624
91 86.3062 1.4565
92 83.3514 2.2501
93 93.1536 1.6184
94 82.0599 1.5015
95 93.7609 2.3748
96 82.0297 2.3602
97 91.1376 2.0522
98 75.8534 1.7713
99 68.9657 2.1149
100 62.1092 2.0048
101 86.5886 1.216
102 0 0
103 0 0
104 59.6422 1.2115
105 69.0537 1.3668
106 72.9326 1.1358
107 62.0758 1.3189
108 80.2535 1.1735
109 3 0
110 81.9175 1.2997
111 75.5732 1.2857
112 76.1925 1.1743
113 92.904 1.2151
114 73.1054 1.3256
115 81.3464 1.2583
116 87.4221 1.1562
117 79.5478 1.2371
118 73.1604 1.17
119 98.1424 1.1972
120 78.4654 1.5329
121 97.9063 1.4069
122 88.5018 1.396
123 0 0
124 0 0
125 87.0031 1.3065
126 82.5316 1.6298
127 83.5432 1.8106
128 67.8996 1.4293
129 76.079 2.0358
130 74.1354 2.0112
131 75.7907 1.8037
132 76.0384 1.2615
133 67.0845 1.337
134 66.6311 1.5158
135 72.199 1.6978
136 73.7519 1.4972
137 67.7239 1.0339
138 73.4303 1.654
139 73.9786 1.1953
140 73.8093 1.9419
141 70.9154 1.3119
142 66.2714 1.1591
143 67.9342 1.1058
144 63.8445 1.7046
145 67.9574 1.9064
146 72.5628 1.1849
147 69.0137 1.4396
148 74.2343 2.0587
149 71.393 1.3703
150 78.844 1.8492
151 67.7835 2.067
152 77.3223 1.8219
153 70.2782 1.4831
154 63.2726 2.0972
155 83.5 1.7937
156 81.9115 1.4777
157 72.654 1.7964
158 78.5584 1.8147
159 88.9515 1.7133
160 86.9512 2.477
161 87.6918 1.608
162 58.7891 1.556
163 72.6696 1.274
164 60.0158 1.7114
165 57.6168 1.4236
166 69.3246 1.1295
167 69.921 1.3139
168 57.1842 1.3519
169 72.9479 1.0978
170 59.3248 1.3052
171 74.2462 1.4091
172 92.8462 1.331
173 81.1813 1.0916
174 80.1655 1.1696
175 78.8129 1.2806
176 86.1599 1.3477
177 76.1693 1.1706
178 87.2646 1.1534
179 70.4308 0.9833
180 71.9002 1.321
181 75.5071 1.1024
182 69.0323 0.5704
183 59.1328 1.4392
184 73.2751 0.9206
185 63.2587 1.0283
186 87.3298 0.8837
187 70.5871 0.8319
188 79.8752 2.0847
189 61.3462 2.3468
190 75.105 1.9131
191 77.3592 2.9693
192 72.019 2.5897
193 74.0518 2.7866
194 76.4308 1.6748
195 68.4852 2.6687
196 89.1716 3.2767
197 71.2101 1.9319
198 79.4771 1.791
199 62.8131 1.797
200 62.8956 2.1716
201 72.4558 1.9152
202 80.3973 2.6031
203 63.6815 1.9431
204 63.3148 1.5901
205 76.9791 1.9646
206 75.0151 1.6087
207 0 0
208 0 0
209 63.7752 1.5671
210 63.8894 1.9533
211 76.9219 1.7766
212 69.8131 1.8916
213 64.3616 1.8103
214 80.9941 1.9538
215 68.6604 1.8465
216 73.5427 1.9423
217 69.6485 1.1029
218 74.9432 1.4986
219 63.4789 1.3398
220 70.6206 1.7368
221 68.3423 1.6488
222 63.4089 1.4345
223 73.825 1.5517
224 66.6218 1.8703
225 80.1282 1.9641
226 80.1988 3.192
227 73.1266 1.8233
228 0 0
229 0 0
230 66.3713 1.466
231 80.1249 0.9893
232 82.022 1.0971
233 78.606 1.1635
234 75.5923 0.9743
235 68.6479 1.0519
236 76.1519 1.0603
237 81.8894 1.317
238 76.7639 1.3836
239 75.0918 1.1953
240 63.1756 1.1669
241 75.0363 1.3239
242 74.8181 1.0434
243 74.8167 1.0783
244 76.7019 1.1143
245 66.82 1.1256
246 64.9024 1.1875
247 69.9462 0.9234
248 70.3081 1.0382
249 0 0
250 0 0
251 0 0
