0 78.6575 1.1559
1 73.5793 1.0837
2 71.0673 1.4811
3 57.9688 1.5148
4 75.1975 0.4352
5 73.4446 1.0442
6 71.1494 1.1859
7 75.8396 1.175
8 65.1992 1.1758
9 79.1992 1.3925
10 75.4474 1.0947
11 71.8144 1.3916
12 76.3942 1.3702
13 67.0093 1.0092
14 72.2162 1.5272
15 68.2974 1.1477
16 75.2875 0.8576
17 74.1878 1.1313
18 74.5823 0.9972
19 73.5617 1.269
20 77.4307 1.5893
21 74.3024 1.4344
22 63.3447 1.3979
23 78.1996 1.2828
24 78.3583 1.3548
25 82.8928 1.3006
26 87.6628 1.4735
27 76.6001 1.3877
28 61.2817 0.8731
29 64.073 1.2972
30 75.0237 0.8141
31 69.4105 1.1012
32 63.338 0.9546
33 77.1443 1.2019
34 69.8833 0.8107
35 68.0552 0.9509
36 70.9581 0.8863
37 69.4313 0.8981
38 70.8127 0.7295
39 67.6598 0.8596
40 68.3645 1.0365
41 67.4936 1.3154
42 85.3045 1.2519
43 73.7805 1.347
44 76.9628 1.2318
45 72.15 0.9828
46 61.0905 1.0137
47 80.5424 0.9832
48 66.4481 0.9099
49 68.9599 0.7185
50 78.7732 1.0375
51 74.5077 0.9879
52 75.3002 0.8779
53 69.6763 1.0032
54 64.0993 0.8966
55 84.9645 0.7794
56 64.3448 0.9233
57 72.0284 0.9188
58 69.4703 0.8977
59 75.7872 0.6459
60 76.5179 0.7401
61 62.7948 0.7384
62 75.7306 1.1932
63 66.7778 1.4775
64 67.7185 1.6271
65 78.8187 1.2652
66 80.069 2.0864
67 92.2935 1.7958
68 75.0389 1.9088
69 77.9179 1.2303
70 72.9883 1.9858
71 72.9498 2.0917
72 79.297 1.5351
73 61.1466 1.4802
74 58.2026 1.2094
75 42.9435 5.1909
76 65.184 1.2714
77 72.1785 1.3503
78 58.6091 1.2617
79 64.4586 1.0892
80 58.7976 1.1291
81 0 0
82 0 0
83 80.7551 1.3838
84 79.9835 1.2994
85 87.7232 1.0952
86 86.4948 1.5537
87 73.843 1.4059
88 97.2377 1.143
89 74.5872 1.5387
90 86.9092 1.0749
91 86.651 1.2816
92 83.3633 1.1053
93 93.3366 1.0046
94 82.32 0.9821
95 94.1813 1.6096
96 82.003 1.159
97 91.3715 1.6556
98 76.1563 1.4468
99 69.1043 1.346
100 62.1608 1.3737
101 86.9029 1.0612
102 0 0
103 0 0
104 59.4178 0.9072
105 68.9865 1.0283
106 73.075 0.7897
107 62.4489 0.9592
108 80.3276 0.9235
109 74.5697 0.9445
110 82.041 0.7718
111 75.8589 0.9511
112 76.5006 0.9714
113 93.2526 0.9491
114 73.2134 0.8909
115 81.7527 0.9771
116 87.7812 0.8707
117 79.8131 0.9834
118 73.4048 0.9821
119 98.5419 0.9881
120 78.9026 1.2479
121 98.381 0.9707
122 88.9983 1.0029
123 0 0
124 0 0
125 87.0519 0.8164
126 82.8432 1.2341
127 83.8568 1.3979
128 68.0454 1.0077
129 76.2656 1.2492
130 74.3378 1.2408
131 75.7649 1.2695
132 76.1162 0.823
133 66.8942 1.0079
134 66.4749 0.9998
135 72.0387 1.1455
136 73.5612 0.9644
137 67.9458 1.0717
138 73.1409 1.3773
139 74.1411 0.9959
140 73.9119 0.9177
141 70.9309 0.8498
142 66.5657 0.8538
143 68.0343 0.7847
144 63.92 1.2104
145 67.8275 1.1206
146 72.6882 0.9776
147 69.1285 1.0399
148 74.4691 1.4788
149 71.8752 1.5307
150 79.1286 2.585
151 67.6336 1.1264
152 77.5614 1.4567
153 70.3328 0.9372
154 62.8474 1.4539
155 83.3874 0.9499
156 81.6814 1.0841
157 72.9144 1.8754
158 78.5337 1.1479
159 88.4162 0.9378
160 86.9064 1.1581
161 87.485 1.0118
162 58.9296 1.0958
163 72.9301 0.8709
164 60.2004 1.4013
165 57.7382 0.9786
166 69.5885 0.8929
167 70.3156 1.0478
168 57.5472 1.0094
169 73.1171 0.9675
170 59.5899 1.1402
171 74.5458 1.0659
172 92.9745 1.0547
173 81.3034 0.8489
174 80.1846 0.9009
175 79.2256 1.1155
176 86.1596 0.986
177 76.4201 1.0968
178 87.4259 0.8927
179 70.8059 0.7376
180 71.9818 0.7876
181 75.7289 0.9205
182 68.9879 0.5576
183 59.6721 0.9837
184 73.5831 0.7763
185 63.5606 0.6823
186 87.6009 0.6745
187 70.8648 0.664
188 79.7991 1.0635
189 61.2505 1.2441
190 75.017 1.2667
191 77.4088 2.1076
192 72.0587 1.9056
193 74.2507 2.3808
194 76.7349 1.3816
195 68.9321 2.2608
196 89.0822 2.3144
197 71.3992 1.2892
198 79.8097 1.2626
199 62.9981 1.3073
200 62.9872 1.2529
201 72.7869 1.4119
202 80.5355 1.659
203 64.0025 1.1806
204 63.6732 1.0951
205 77.4333 1.4264
206 74.9184 1.1135
207 0 0
208 0 0
209 64.3959 1.3953
210 64.2356 1.2675
211 77.1307 1.372
212 70.0122 1.5567
213 64.8653 1.3317
214 81.3486 1.0744
215 68.8396 1.1675
216 73.7036 1.176
217 69.8555 0.9114
218 74.8241 1.265
219 63.5117 1.0207
220 70.4348 1.0575
221 68.2971 1.2282
222 63.3215 1.0301
223 73.9612 1.1963
224 66.7955 1.189
225 80.1952 1.0298
226 79.7936 1.0724
227 73.471 1.7992
228 0 0
229 0 0
230 66.7851 0.9968
231 80.4924 0.8102
232 82.3838 0.8768
233 78.916 1.237
234 75.7824 0.7522
235 68.9482 0.8415
236 76.4211 0.881
237 82.5439 1.0733
238 77.2239 1.012
239 75.5841 0.9217
240 63.5013 1.016
241 75.5912 1.0546
242 75.1333 0.9118
243 75.442 0.8621
244 77.0274 0.8778
245 67.016 0.8813
246 65.2396 0.8243
247 70.0684 0.8113
248 70.585 0.8362
249 0 0
250 0 0
251 0 0
