0 78.9519 1.3328
1 73.1665 1.3031
2 71.2574 2.1552
3 57.4658 1.6991
4 68.1346 2.4073
5 72.9416 1.8399
6 70.9122 1.7746
7 75.2589 2.8947
8 64.7706 1.8519
9 78.6873 1.1751
10 74.8756 1.1251
11 71.2379 1.5556
12 75.6796 2.0007
13 66.7434 1.7795
14 72.0744 1.2803
15 67.3705 1.4255
16 74.2708 2.1067
17 73.5317 1.1368
18 73.8441 1.7925
19 73.2171 1.3828
20 77.0272 1.6225
21 73.2877 2.1428
22 62.7923 1.623
23 77.2902 1.8403
24 77.3879 1.7528
25 81.9813 2.1279
26 86.5211 2.7611
27 75.8233 1.5024
28 61.0863 2.2253
29 63.4305 1.5285
30 75.116 1.418
31 69.0858 1.276
32 63.541 1.5681
33 76.6587 1.0881
34 69.7767 3.2033
35 67.8712 1.2759
36 70.3212 1.1418
37 69.1128 1.2064
38 70.153 0.998
39 66.9652 1.3424
40 67.4066 0.9659
41 66.6864 1.4983
42 84.6429 1.4514
43 72.6 1.6432
44 76.0395 1.5804
45 71.107 1.2554
46 60.0325 1.3898
47 79.6295 1.7207
48 65.4155 1.6598
49 68.1678 1.4399
50 77.8002 1.7615
51 73.3939 1.801
52 74.6569 1.291
53 68.527 2.9387
54 63.3323 2.3726
55 84.5378 1.129
56 63.0456 3.7276
57 71.0843 1.4266
58 68.397 1.4807
59 75.0336 0.9982
60 76.1574 1.3557
61 62.1325 0.9346
62 75.2955 1.5749
63 65.8868 1.5618
64 67.4796 3.015
65 78.5522 3.3013
66 78.5096 4.7283
67 91.6955 2.5952
68 73.8412 3.1855
69 76.9892 1.9325
70 72.8044 3.1385
71 72.089 2.5175
72 78.5024 2.0975
73 60.8941 2.5988
74 57.2586 1.7499
75 8.3054 11.5882
76 64.7282 1.4795
77 71.8559 1.5391
78 57.922 1.6958
79 64.0263 1.8063
80 58.63 1.9254
81 0 0
82 0 0
83 80.1185 1.5221
84 79.1661 1.5178
85 86.9681 2.2186
86 85.7045 1.4094
87 73.2292 1.5158
88 96.7114 2.2097
89 73.9762 1.6978
90 86.4924 1.5925
91 85.9684 1.2033
92 82.8959 2.2097
93 92.9599 1.1657
94 81.6321 1.3107
95 94.0376 1.248
96 81.8056 1.5867
97 90.9508 1.657
98 75.6641 1.1945
99 68.4071 1.9242
100 61.5301 1.3947
101 85.3313 1.5671
102 0 0
103 0 0
104 58.9805 1.0014
105 68.4767 1.0542
106 72.4443 1.3631
107 61.4956 1.7956
108 79.939 0.961
109 73.904 1.3402
110 81.5086 1.0159
111 75.161 1.2285
112 75.9501 1.0465
113 92.4178 1.1364
114 72.6283 1.0424
115 81.1393 1.1927
116 87.0819 1.6336
117 78.863 1.6886
118 72.8254 2.0362
119 97.6493 1.267
120 78.0038 1.3305
121 97.3137 1.496
122 87.9374 1.6605
123 0 0
124 0 0
125 86.9756 1.0154
126 82.2717 1.3171
127 83.4543 1.1079
128 68.0331 1.4046
129 75.9773 1.2274
130 73.7686 1.9292
131 75.2592 1.8325
132 75.3154 2.3002
133 65.9921 3.0431
134 66.2919 2.1078
135 72.0203 1.6112
136 72.7626 3.5616
137 66.3862 2.3112
138 73.2511 1.7555
139 73.8471 1.2255
140 73.6612 1.8648
141 70.758 1.2661
142 65.9109 1.8073
143 67.9526 1.299
144 63.8227 1.3995
145 67.761 1.2675
146 72.2442 1.728
147 68.7113 1.4521
148 73.8919 1.7152
149 71.3054 1.1259
150 78.639 1.5294
151 67.6093 1.4227
152 77.0945 1.6467
153 69.9615 2.1045
154 63.1611 1.9344
155 83.2992 0.9969
156 82.1228 1.5818
157 72.6221 1.0819
158 78.4828 1.4501
159 88.7238 2.05
160 86.3811 0.9979
161 87.2957 0.951
162 58.4378 1.0953
163 72.4427 1.7417
164 59.9824 1.803
165 57.6086 1.1625
166 68.0181 1.7505
167 69.2685 1.2402
168 56.7004 1.0747
169 72.5045 0.9901
170 58.9483 2.0018
171 74.2165 1.0353
172 92.5196 1.7683
173 80.7333 1.255
174 79.8004 1.014
175 78.7809 1.2021
176 85.9019 1.0244
177 75.9862 1.0593
178 86.9777 1.0032
179 70.2292 1.1231
180 71.624 1.2663
181 75.3499 0.9404
182 68.8217 0.5355
183 59.0327 1.1874
184 72.7818 1.9276
185 63.0889 1.0929
186 86.2952 1.915
187 70.4341 0.8763
188 79.4165 2.3917
189 60.9654 1.6035
190 74.6674 1.4891
191 76.8861 2.1315
192 71.1056 2.3978
193 73.264 2.6703
194 75.5112 1.9077
195 68.089 1.86
196 88.75 1.5606
197 70.4168 2.2196
198 78.9131 2.0178
199 63.2019 2.1463
200 62.2622 3.4035
201 72.2495 1.2967
202 80.181 1.4595
203 63.474 1.8983
204 63.4661 1.7486
205 76.4247 1.4803
206 74.1695 1.7165
207 0 0
208 0 0
209 63.8508 1.2694
210 63.7686 1.5395
211 76.8681 1.339
212 69.8287 1.5679
213 64.3717 1.5037
214 80.88 1.487
215 68.3302 1.6625
216 73.6055 1.5975
217 69.3727 1.0174
218 74.4571 1.2047
219 62.9499 1.286
220 70.3999 1.5844
221 68.2209 1.6917
222 62.5961 1.7594
223 73.3397 1.289
224 66.0524 1.4841
225 80.3068 1.0977
226 80.4391 2.1585
227 73.0532 1.2371
228 0 0
229 0 0
230 66.063 1.2192
231 79.5394 0.9807
232 81.5992 1.1194
233 78.3445 1.486
234 74.8988 2.309
235 68.3303 1.3163
236 75.6227 1.267
237 81.4357 1.0819
238 76.51 1.2394
239 74.7712 1.4637
240 62.8006 1.0427
241 74.7757 1.1759
242 74.1686 1.9055
243 74.606 1.1636
244 76.3634 1.0039
245 66.4454 1.4998
246 64.5296 1.0714
247 69.6004 1.1822
248 70.0252 0.99
249 0 0
250 0 0
251 0 0
