0 78.7513 1.8129
1 73.1909 1.9524
2 70.741 2.6267
3 57.9893 2.4182
4 68.3503 3.319
5 73.3524 2.4841
6 71.0167 2.3418
7 76.0276 2.7607
8 64.8968 2.2936
9 78.9823 2.3199
10 74.9146 2.1701
11 71.8532 2.8594
12 75.252 4.3304
13 66.7081 2.1939
14 72.0818 1.9781
15 67.5555 2.6056
16 74.3359 2.8001
17 73.8511 1.9874
18 73.7903 2.0893
19 73.0348 2.0472
20 77.0809 2.3558
21 73.6477 2.7352
22 62.782 2.3797
23 77.4963 2.36
24 77.5899 2.8131
25 81.9509 2.8378
26 86.6659 3.2674
27 76.0337 2.7401
28 61.352 3.2478
29 63.4907 2.5353
30 75.3227 2.0559
31 69.1149 1.6318
32 63.4947 2.4532
33 77.1257 2.5516
34 69.046 2.3981
35 68.0313 1.8232
36 70.4063 1.7502
37 68.8965 2.3513
38 70.4008 2.48
39 67.3058 1.6392
40 67.8106 1.8779
41 67.3299 1.9316
42 84.9329 1.8656
43 73.4184 2.2894
44 76.0241 2.7909
45 71.5817 2.4223
46 60.439 1.9401
47 80.0002 2.4127
48 65.7094 2.2639
49 68.5414 1.5743
50 78.3413 2.4034
51 73.8757 2.697
52 74.9041 1.8404
53 68.9452 4.1082
54 63.4694 3.3798
55 84.6787 1.4118
56 63.9305 3.3927
57 71.4111 2.1074
58 68.739 2.2191
59 74.9929 2.3567
60 76.4058 1.3519
61 62.2375 1.3844
62 75.392 2.5728
63 66.1382 2.8874
64 67.5339 4.6889
65 78.4657 3.9832
66 78.8878 5.7873
67 91.8323 3.6696
68 73.7749 4.5263
69 77.7424 2.8792
70 72.815 3.6193
71 72.6402 3.6277
72 78.7002 3.1579
73 61.2767 2.8586
74 57.5943 4.2875
75 37.858 9.4096
76 65.3158 2.0994
77 71.8727 2.2441
78 58.3378 2.1358
79 64.1333 2.5211
80 58.3412 2.3565
81 0 0
82 0 0
83 80.3145 2.4245
84 79.077 2.823
85 87.1015 2.5114
86 86.0014 2.6673
87 73.434 2.3489
88 97.0309 2.4498
89 74.2091 3.1067
90 86.587 2.2179
91 86.2571 1.9821
92 83.3834 3.021
93 93.244 2.6422
94 81.8597 2.6222
95 93.9794 2.6121
96 81.936 2.6553
97 91.0187 2.0211
98 76.0179 2.037
99 69.0138 2.5964
100 61.8925 2.8361
101 85.6122 2.186
102 0 0
103 0 0
104 59.255 1.5025
105 68.4622 2.0846
106 72.5606 1.6693
107 61.9996 2.031
108 80.0863 1.3317
109 74.3842 2.0182
110 81.7229 1.7085
111 75.4806 2.0881
112 76.081 1.7556
113 92.6028 2.2485
114 72.9697 1.4576
115 81.4585 1.6182
116 87.1005 2.9796
117 79.2712 3.1715
118 73.0616 2.2574
119 97.7786 1.6083
120 78.5325 2.2354
121 97.8066 2.2271
122 88.5968 3.1564
123 0 0
124 0 0
125 87.0299 1.5882
126 82.459 1.8887
127 83.8984 1.8904
128 67.8225 1.9508
129 76.2943 1.6054
130 74.1866 2.6327
131 75.7155 2.5476
132 75.8094 3.3709
133 66.5104 4.8377
134 66.5009 2.9912
135 72.2147 2.3752
136 73.4694 3.1423
137 66.9391 4.0633
138 73.4666 2.6866
139 73.9007 2.3166
140 73.8447 1.842
141 71.2942 2.681
142 66.035 3.0937
143 67.9796 1.8643
144 63.9657 1.9145
145 68.012 2.0797
146 72.3378 2.598
147 68.896 1.8779
148 74.2481 2.4662
149 71.5437 2.1099
150 78.8083 1.8264
151 67.859 2.1053
152 77.3716 2.3028
153 70.2926 2.4973
154 63.4258 2.1974
155 83.5219 1.979
156 82.2554 1.8785
157 72.8577 2.5672
158 78.737 2.8097
159 89.3493 2.7991
160 87.1207 2.3545
161 87.9356 1.9145
162 58.7251 1.9292
163 72.2669 2.3838
164 60.2478 3.3683
165 57.5205 2.08
166 67.8513 2.7825
167 69.6372 1.6914
168 56.9705 1.5381
169 72.7523 1.458
170 58.9653 2.4168
171 74.3084 1.4096
172 92.5413 2.412
173 80.9922 1.8087
174 79.9827 1.6042
175 78.8249 1.7293
176 86.0285 1.61
177 76.1465 1.7306
178 87.0838 1.41
179 69.615 2.6905
180 71.7851 1.842
181 75.3882 2.0677
182 68.9041 0.5952
183 58.9569 1.7603
184 73.0542 2.6085
185 63.138 1.7927
186 86.3467 2.8881
187 70.0564 1.8908
188 78.3152 7.2384
189 61.3834 3.2462
190 74.9934 2.5455
191 77.1302 3.8735
192 71.783 3.8709
193 73.6908 3.5893
194 76.2639 2.6775
195 68.5956 2.8218
196 89.1831 3.2581
197 70.8921 3.8505
198 79.4005 2.8508
199 63.2837 2.7426
200 62.3287 3.553
201 72.6606 2.3729
202 80.1051 2.8443
203 63.7562 3.0511
204 63.7329 2.1712
205 77.051 2.7643
206 74.7194 3.2721
207 0 0
208 0 0
209 64.191 1.9768
210 63.8844 2.4811
211 76.96 2.0334
212 69.8639 2.7908
213 64.9428 1.9508
214 81.2439 2.0001
215 68.9273 2.5182
216 73.3798 2.8988
217 69.6757 1.9913
218 74.7531 1.9151
219 63.3724 2.0463
220 70.6289 2.4008
221 68.3446 2.762
222 63.2476 2.8848
223 73.7348 2.8055
224 66.3948 3.1153
225 80.3864 2.8546
226 80.6765 2.435
227 73.2992 2.4772
228 0 0
229 0 0
230 66.2862 1.9424
231 79.9115 1.5724
232 81.8827 1.4299
233 78.6188 2.5331
234 75.1251 3.1919
235 68.6186 1.7263
236 75.7618 1.6895
237 91.2427 75.0725
238 76.7609 1.8088
239 74.7846 2.7489
240 62.9069 1.7443
241 75.0712 1.6087
242 74.3935 2.4819
243 74.787 2.4505
244 76.3953 2.03
245 66.7153 1.5132
246 64.8017 1.8954
247 69.6676 1.5664
248 70.1642 1.603
249 0 0
250 0 0
251 0 0
