0 78.8589 2.538
1 73.052 2.081
2 71.2296 2.6327
3 57.3894 2.7827
4 68.2043 3.3406
5 72.9974 3.6104
6 71.1968 3.0806
7 75.736 3.7916
8 64.7783 2.8846
9 78.7573 2.624
10 74.6955 2.3562
11 71.375 2.2463
12 75.7777 3.6237
13 66.3598 1.7835
14 71.6347 3.3089
15 67.799 2.3984
16 74.6998 2.8728
17 73.8324 2.1384
18 73.9688 2.0835
19 73.4437 3.0412
20 76.8883 2.8229
21 73.3939 2.9998
22 62.6226 2.205
23 77.3521 2.4544
24 77.1266 3.2523
25 81.8886 3.4254
26 86.1837 3.3217
27 75.4737 2.9479
28 61.0848 3.5163
29 63.5135 2.7228
30 75.4472 2.2726
31 68.997 1.8535
32 63.4787 2.6348
33 76.5881 1.9026
34 69.2642 4.1395
35 67.9299 2.4904
36 70.2074 1.969
37 68.9411 2.2754
38 70.4363 2.1877
39 67.0706 1.667
40 67.6247 2.176
41 66.8305 2.2067
42 84.7104 1.886
43 72.9453 2.4623
44 76.1479 3.0172
45 71.0979 2.6896
46 60.0608 2.1031
47 79.6378 2.3027
48 65.7504 2.2137
49 68.2632 1.4207
50 78.0913 2.6638
51 73.6967 2.9973
52 74.8614 2.2518
53 68.9491 4.3117
54 63.4124 3.889
55 84.5233 1.4325
56 63.801 2.8853
57 71.6654 2.2261
58 68.9584 2.6323
59 75.4583 2.8665
60 76.3474 1.3402
61 62.1278 1.5291
62 75.2686 2.6653
63 66.0915 3.04
64 67.56 4.4311
65 78.2815 4.3452
66 78.7565 5.7719
67 91.6656 3.7407
68 73.2301 4.4398
69 77.4601 3.0795
70 72.4805 3.4346
71 72.2477 5.1131
72 78.1262 4.0742
73 60.9657 3.289
74 56.3079 5.3743
75 43.1364 7.5278
76 64.9663 2.3114
77 71.7952 2.4079
78 57.8309 1.9741
79 63.6544 2.8938
80 58.1952 2.4956
81 0 0
82 0 0
83 80.6654 2.3226
84 79.3326 2.6666
85 87.3589 2.4649
86 85.9706 2.6489
87 73.4106 2.4201
88 96.9624 2.6735
89 74.1307 2.9193
90 86.8374 2.7184
91 86.2468 2.3382
92 82.9361 2.8984
93 93.1186 3.2563
94 81.8856 2.634
95 94.2413 2.5121
96 81.9312 2.8904
97 91.2469 2.405
98 75.8059 2.1417
99 68.6216 2.5582
100 61.7041 2.7472
101 85.8073 3.4873
102 0 0
103 0 0
104 59.0837 1.5682
105 68.3153 2.1207
106 72.3233 1.6481
107 61.619 1.9974
108 79.9603 1.3594
109 73.9982 2.4068
110 81.6295 1.8697
111 75.201 1.7722
112 76.0321 1.6521
113 92.508 2.546
114 72.8106 1.5135
115 81.2765 1.605
116 86.9768 2.5782
117 79.1003 3.7767
118 73.0663 2.3554
119 97.8899 1.755
120 78.1422 2.3129
121 97.4118 2.2244
122 88.0257 2.522
123 0 0
124 0 0
125 87.0725 1.985
126 82.5138 2.1185
127 83.3133 3.0815
128 67.8828 2.0136
129 76.2993 1.7366
130 73.8929 2.9926
131 75.6717 3.2335
132 75.4196 3.5081
133 65.8389 3.9722
134 66.1681 3.6703
135 71.7811 2.4785
136 73.003 4.1155
137 66.2837 6.0045
138 73.1366 2.6389
139 73.8308 2.7916
140 73.8058 2.4189
141 70.6623 2.5393
142 65.3489 3.7865
143 67.7126 2.571
144 63.6275 2.2535
145 68.0235 2.4393
146 71.9707 2.9306
147 68.3821 3.0876
148 73.8864 2.7694
149 71.3991 1.8627
150 78.6868 1.9219
151 67.9855 2.3489
152 77.1629 2.4424
153 70.0692 2.3554
154 63.0543 2.3175
155 83.4794 1.9844
156 82.1846 2.3133
157 72.4236 2.7754
158 78.5335 2.5917
159 88.7283 3.3872
160 86.7737 2.2601
161 87.8637 2.1839
162 58.742 2.5352
163 71.7252 2.2529
164 59.4898 4.0731
165 57.7989 1.6795
166 67.8571 2.5104
167 69.3941 1.6256
168 56.7347 1.5574
169 72.6785 1.6454
170 58.7432 2.6492
171 74.0621 1.4215
172 92.4857 3.0005
173 80.8675 1.9099
174 79.8765 1.5051
175 78.5999 1.8031
176 85.7047 1.4951
177 75.8614 1.5217
178 86.9627 1.4753
179 69.5145 2.7092
180 71.5914 1.7322
181 75.3623 1.8259
182 68.9961 0.6132
183 58.9762 1.6631
184 72.7066 2.6112
185 63.0212 1.6917
186 86.5242 3.3503
187 69.7662 1.8891
188 78.2176 7.7024
189 61.2933 3.2619
190 74.7379 2.8509
191 76.9529 3.8653
192 71.3728 4.0845
193 73.5955 3.971
194 75.5176 3.0521
195 68.0308 3.0691
196 88.9039 3.6541
197 70.4195 3.4807
198 79.0805 2.9206
199 62.6766 2.7078
200 62.8779 3.9461
201 72.5603 2.4688
202 79.7929 2.8111
203 63.1914 3.6189
204 63.3305 2.5089
205 76.5161 2.9673
206 74.3887 3.6028
207 0 0
208 0 0
209 63.9662 2.3172
210 63.5025 2.5654
211 76.8794 2.3612
212 69.7185 2.1208
213 64.9902 2.1448
214 81.0897 2.5087
215 68.5805 2.6947
216 73.0509 2.498
217 69.2267 1.7059
218 74.5575 2.0079
219 63.0248 2.2616
220 70.6095 2.6204
221 67.7357 1.9593
222 62.4848 2.7844
223 73.6962 2.4017
224 65.9206 2.9463
225 80.2875 3.0756
226 80.3178 3.6803
227 73.4373 2.6706
228 0 0
229 0 0
230 65.9573 1.9506
231 79.5635 1.7018
232 81.5875 1.6783
233 78.3686 2.8412
234 75.1948 3.8405
235 68.4318 2.1297
236 75.6223 1.8112
237 81.2597 1.9982
238 76.5964 1.8461
239 74.5679 2.5479
240 62.7896 1.6295
241 74.6873 1.651
242 74.4706 2.6059
243 74.669 2.4903
244 76.4464 1.8708
245 66.6627 1.6889
246 64.8273 1.928
247 69.548 1.8544
248 70.21 1.6973
249 0 0
250 0 0
251 0 0
