0 78.6125 1.9104
1 73.2988 2.1312
2 70.7868 2.616
3 58.0405 2.255
4 68.4147 3.4345
5 73.4677 2.549
6 71.0083 2.574
7 76.0938 3.891
8 65.0186 3.2671
9 78.8644 2.9701
10 75.1106 2.7276
11 71.6394 3.0129
12 75.984 2.7798
13 66.8901 2.2208
14 72.187 2.1279
15 67.8107 2.2028
16 74.8089 2.4263
17 73.9567 2.4821
18 74.0043 1.7648
19 73.1874 2.7333
20 77.1259 2.3469
21 73.7083 2.5467
22 62.8295 2.0879
23 77.4612 2.3555
24 77.508 2.8469
25 82.0981 3.0018
26 86.5285 3.1146
27 75.8261 2.6337
28 61.2713 3.2061
29 63.4091 2.2804
30 75.3394 2.9683
31 69.1197 1.7734
32 63.1885 2.0638
33 76.9321 1.9006
34 69.4988 3.5511
35 67.9709 2.039
36 70.6009 1.9247
37 68.9943 1.8474
38 70.3712 1.6818
39 67.2026 1.7015
40 67.6214 1.7724
41 67.4139 2.145
42 84.9454 1.7659
43 73.4904 2.3642
44 76.1911 2.6064
45 71.7012 2.3037
46 60.5063 1.6746
47 79.9223 2.5542
48 65.8136 2.0686
49 68.5627 1.4092
50 78.2044 2.3063
51 73.9129 2.4628
52 75.0234 2.0125
53 68.9192 4.5776
54 63.4261 3.3667
55 84.718 1.564
56 63.6624 3.7852
57 71.4114 2.0301
58 68.7142 2.6216
59 74.9885 2.4334
60 76.3021 1.6312
61 62.2447 1.3492
62 75.5403 2.9891
63 66.2632 2.6239
64 67.6672 3.9631
65 78.4243 4.9634
66 79.1307 5.9478
67 92.3016 3.8951
68 74.4665 4.2383
69 77.3063 3.0922
70 72.8776 3.5571
71 72.5635 3.3869
72 78.9209 3.8441
73 61.1555 2.8072
74 57.6715 4.3467
75 23.8559 12.2615
76 65.2897 2.1018
77 72.0542 2.3244
78 58.2425 2.8352
79 63.945 2.4282
80 58.5817 2.4808
81 0 0
82 0 0
83 80.2911 2.6895
84 79.3475 2.9475
85 87.165 2.5543
86 86.0312 2.3035
87 73.3747 2.2466
88 96.8465 2.5313
89 74.138 3.1788
90 86.5152 2.0951
91 86.1711 2.5786
92 83.3073 2.9533
93 93.2501 2.629
94 81.8048 2.0291
95 94.0122 2.5123
96 81.8244 2.6121
97 90.95 1.888
98 75.971 2.2273
99 68.8637 2.5647
100 61.8476 2.9318
101 85.8902 2.6601
102 0 0
103 0 0
104 59.2426 1.4056
105 68.4378 2.1693
106 72.6979 1.5435
107 61.9754 1.7642
108 80.0228 1.2835
109 74.1849 1.9283
110 81.6956 1.7348
111 75.4406 1.6237
112 76.1631 1.718
113 92.6699 2.4724
114 72.9267 1.7667
115 81.4238 1.5123
116 87.1337 2.2946
117 79.1604 3.5235
118 72.9785 2.1305
119 97.9777 1.5776
120 78.2612 2.1185
121 97.5275 2.8831
122 88.2102 2.6413
123 0 0
124 0 0
125 86.947 1.4801
126 82.3027 1.945
127 83.5768 2.0427
128 67.8073 1.9884
129 76.4744 1.8698
130 74.1761 2.5982
131 75.5436 2.6131
132 75.2474 2.8684
133 66.7706 3.9879
134 66.7607 3.5463
135 72.3771 2.2829
136 73.4549 3.6026
137 66.7987 5.1472
138 73.2563 2.3772
139 73.656 2.3407
140 74.0702 2.3118
141 70.8381 1.9761
142 65.8909 2.8782
143 67.9164 2.0038
144 63.7327 2.8737
145 68.2149 1.866
146 72.2998 2.8438
147 68.7745 2.5704
148 74.1656 2.3871
149 71.5002 2.2013
150 78.9752 2.0482
151 67.7956 2.0557
152 77.344 2.3415
153 70.2959 2.2525
154 62.9963 2.364
155 83.3738 2.2002
156 81.9167 2.3668
157 72.5064 2.8929
158 78.6158 2.6574
159 88.9042 2.627
160 86.8255 2.5419
161 87.8685 2.4842
162 59.0677 2.5661
163 72.4514 2.3908
164 60.1599 3.6908
165 57.6848 1.611
166 68.0203 2.5361
167 69.5425 1.6567
168 56.943 1.4443
169 72.6829 1.6364
170 59.0005 2.2181
171 74.4667 1.3348
172 92.6193 2.7881
173 80.9697 1.7805
174 79.9079 1.5906
175 79.0619 1.584
176 86.1041 1.6325
177 76.206 1.5721
178 86.9849 1.3649
179 69.575 2.7817
180 71.6996 1.7948
181 75.4799 2.1173
182 68.9232 0.6108
183 59.0877 1.6771
184 72.8557 2.7049
185 63.0721 1.7147
186 86.8501 3.4052
187 69.9953 1.8303
188 78.5518 6.6397
189 61.3113 3.3613
190 75.1326 2.4853
191 77.5233 3.3409
192 71.8823 3.6561
193 74.0692 3.8159
194 76.1985 2.3548
195 68.534 2.7926
196 89.2711 2.8593
197 71.0057 3.7581
198 79.372 3.0988
199 63.402 2.8723
200 62.5718 4.5147
201 72.51 2.3437
202 79.983 3.332
203 63.7865 3.2126
204 63.8594 2.1737
205 77.0947 2.8006
206 74.768 3.2265
207 0 0
208 0 0
209 64.0066 2.0884
210 63.7294 2.7471
211 77.0689 2.2693
212 69.9925 2.1604
213 64.7918 2.2389
214 81.0519 2.4232
215 69.0576 2.7667
216 73.379 3.2159
217 69.6287 1.7731
218 74.8354 2.02
219 63.2914 2.51
220 70.5316 2.2135
221 68.3785 2.4594
222 63.0721 2.7784
223 73.8833 2.4235
224 66.3131 2.9739
225 80.3575 2.9073
226 80.4527 2.5607
227 73.176 2.7115
228 0 0
229 0 0
230 66.2132 2.2202
231 79.9624 1.5631
232 82.0452 1.4802
233 78.5483 2.5324
234 75.2875 2.9945
235 68.6475 1.814
236 75.9341 1.742
237 81.9749 1.7821
238 76.7539 1.9478
239 74.8938 2.624
240 62.8746 1.5908
241 75.1605 1.5977
242 74.5249 2.237
243 74.8369 2.2422
244 76.352 1.8131
245 66.7034 1.5794
246 64.841 1.7675
247 69.6818 1.5384
248 70.1055 1.682
249 0 0
250 0 0
251 0 0
