0 78.3517 3.0998
1 72.7875 2.1436
2 70.5993 2.277
3 57.0748 3.6247
4 67.789 2.9741
5 73.4774 2.5418
6 70.7372 3.0208
7 75.6837 3.4184
8 64.6079 2.8398
9 78.1126 2.8047
10 74.7832 2.7258
11 71.1757 2.4281
12 75.5875 2.4712
13 66.418 1.774
14 71.7387 3.2907
15 67.7422 1.9974
16 74.5342 1.8344
17 73.6659 2.0994
18 74.0749 1.7526
19 72.909 2.302
20 76.9382 2.2331
21 73.5854 2.1114
22 62.471 2.5165
23 77.432 1.7789
24 77.3297 2.1612
25 82.1133 2.1902
26 86.7236 1.991
27 76.0263 1.857
28 61.0771 2.378
29 63.5327 2.2226
30 75.2747 2.2782
31 69.0511 1.6045
32 63.2307 2.9061
33 77.0139 2.0666
34 69.8451 1.5515
35 68.1294 2.2126
36 70.4318 1.3527
37 68.6866 1.8313
38 70.3255 1.3069
39 67.0754 1.5213
40 67.7347 1.5328
41 66.8944 1.9131
42 84.7669 1.9207
43 72.9662 1.9708
44 76.209 1.9795
45 71.1507 1.6632
46 60.1665 1.8886
47 79.9484 1.5703
48 65.596 1.6264
49 68.4884 0.9779
50 77.9834 1.5676
51 73.8297 1.7063
52 74.7857 1.5242
53 68.928 1.757
54 63.2379 1.6689
55 84.1518 1.3082
56 63.6051 1.4857
57 71.5373 1.6044
58 68.8052 1.4927
59 75.134 1.2131
60 76.0075 1.1453
61 62.1567 0.8519
62 75.4184 2.0355
63 65.882 3.1113
64 67.5254 3.7187
65 78.0664 2.7255
66 78.7977 4.2503
67 91.246 4.2731
68 73.6649 3.6432
69 76.8678 2.8331
70 72.1177 4.3407
71 71.7407 3.956
72 78.2118 4.2462
73 60.8213 3.1465
74 57.4318 2.6946
75 42.0515 7.0391
76 64.9396 2.7942
77 71.7531 1.9586
78 57.9017 2.0267
79 64.3024 1.5887
80 58.4922 1.8032
81 0 0
82 0 0
83 80.0679 2.481
84 79.1884 2.307
85 87.1433 2.5419
86 85.8692 2.537
87 72.9094 2.8847
88 96.7896 2.2425
89 74.163 2.8735
90 86.2873 2.0168
91 86.0516 2.2205
92 82.8393 2.4865
93 92.9692 2.2888
94 81.6254 1.7294
95 93.4708 3.3808
96 81.5164 3.3074
97 90.8431 2.3957
98 75.7765 2.5325
99 68.6457 3.1189
100 62.0287 2.7264
101 86.2929 1.7056
102 0 0
103 0 0
104 58.8808 1.5577
105 68.3604 1.8353
106 72.2778 1.7438
107 61.6437 1.7897
108 79.8508 1.6549
109 74.103 1.4891
110 81.5147 1.5255
111 75.1641 1.5316
112 75.9775 1.677
113 92.4025 1.9406
114 72.6644 1.5195
115 81.0804 1.6435
116 87.087 1.4915
117 79.3652 1.4409
118 72.9729 1.4933
119 97.7031 1.3577
120 78.0741 1.5325
121 97.4519 1.4143
122 88.3756 1.5411
123 0 0
124 0 0
125 86.9504 1.902
126 82.3684 2.3656
127 83.4188 2.0155
128 67.6896 2.1631
129 75.7656 2.285
130 74.2157 2.265
131 75.5314 2.7258
132 75.8212 2.0528
133 67.0164 1.6644
134 66.1004 2.7356
135 72.0051 2.4906
136 73.5242 1.9805
137 67.503 1.5987
138 72.9281 2.0026
139 73.9829 2.0045
140 73.6087 1.7766
141 71.1835 2.4125
142 65.8953 1.3968
143 67.6365 2.5209
144 63.472 3.2152
145 67.2823 3.4617
146 72.3339 1.7888
147 68.7442 2.2865
148 73.7897 2.9809
149 71.2026 2.1007
150 78.0222 3.3725
151 67.3699 3.1217
152 76.9546 2.8725
153 70.2427 2.017
154 63.0503 3.5956
155 83.0127 2.3974
156 81.8682 3.1693
157 72.2735 2.7957
158 78.492 2.7954
159 88.8708 2.689
160 86.3158 2.0707
161 87.3904 2.3345
162 58.6441 2.5773
163 72.4971 1.9537
164 59.7914 2.5103
165 57.0605 2.1741
166 69.1882 1.5659
167 69.5394 1.6534
168 56.6555 1.7682
169 72.5613 1.5177
170 58.9843 1.6521
171 74.2525 1.8067
172 92.2579 1.9003
173 80.699 1.4965
174 79.5324 1.6723
175 78.3781 1.7567
176 85.7374 1.6115
177 75.9436 1.6359
178 86.6061 1.4416
179 70.0076 1.2918
180 71.408 1.4208
181 75.4116 1.615
182 68.909 0.5788
183 58.8296 1.4143
184 73.0181 1.1785
185 62.9209 1.0812
186 87.2034 1.1128
187 70.2767 0.9968
188 79.641 2.8243
189 61.2621 3.0101
190 75.0124 2.6712
191 76.8367 4.4656
192 71.2094 4.386
193 73.3388 5.1329
194 75.437 3.0002
195 67.7787 4.2684
196 88.8131 4.3318
197 70.6465 3.0757
198 78.9581 2.8975
199 63.2141 2.5965
200 62.5415 3.0772
201 72.1312 2.3685
202 79.9641 2.8447
203 63.5416 2.3194
204 63.3161 2.4158
205 77.142 2.1683
206 74.7193 2.3059
207 0 0
208 0 0
209 63.745 2.4834
210 63.3609 2.1392
211 76.7122 2.8365
212 69.6911 2.3898
213 64.4715 2.5379
214 80.9477 2.1471
215 68.66 2.855
216 73.1827 2.3954
217 69.2806 1.8062
218 74.4144 2.6674
219 63.028 2.3295
220 70.4463 2.922
221 68.1778 2.2099
222 63.0134 2.2645
223 73.4339 2.0972
224 66.3036 2.2847
225 79.9483 2.3549
226 80.1745 4.4329
227 73.0986 2.399
228 0 0
229 0 0
230 65.9135 1.6984
231 79.5658 1.515
232 81.5462 1.4837
233 78.4378 1.7577
234 75.2358 1.5076
235 68.3719 1.3287
236 75.6892 1.3793
237 81.0636 1.7504
238 76.4765 1.6353
239 74.6852 1.6468
240 62.759 1.6991
241 74.4988 1.9602
242 74.4406 1.4071
243 74.4356 1.3934
244 76.5862 1.2717
245 66.6488 1.1852
246 64.6118 1.3625
247 69.6109 1.0453
248 70.1904 1.2111
249 0 0
250 0 0
251 0 0
