0 78.829 1.1529
1 73.1738 1.2973
2 70.7363 2.0039
3 57.993 1.6166
4 68.3617 2.3878
5 73.1019 1.6842
6 71.0364 2.3455
7 75.5829 1.3718
8 64.4778 1.3474
9 79.0537 1.7063
10 75.3578 1.0768
11 71.1288 1.5791
12 75.6768 2.3211
13 66.6606 1.0718
14 71.7151 1.1075
15 67.5738 1.6273
16 74.439 2.1056
17 73.7753 1.3223
18 73.6728 1.1407
19 73.3103 1.6016
20 76.8974 1.724
21 73.3739 2.0655
22 62.8518 1.4659
23 77.7377 1.8395
24 77.3479 1.9755
25 82.3056 1.715
26 85.0188 3.8956
27 76.0691 1.6292
28 60.3642 3.5095
29 63.7254 1.3148
30 75.0378 1.5391
31 69.438 1.3151
32 63.3616 1.298
33 76.6559 2.3462
34 68.4827 4.0169
35 68.0607 1.4189
36 70.2848 0.9126
37 68.8552 1.1415
38 70.4228 1.7702
39 66.6709 1.0182
40 67.9151 1.3705
41 67.2534 1.5233
42 85.0258 1.4482
43 73.3544 1.6337
44 76.741 0.7408
45 71.6684 1.2285
46 60.6649 0.9584
47 80.1324 1.5438
48 65.6556 1.4748
49 68.5511 1.3221
50 78.4607 1.5025
51 74.0193 1.3144
52 74.7912 2.0121
53 69.3611 1.4285
54 63.6345 1.3665
55 -583.83 145.527
56 63.0462 2.6169
57 71.5852 1.3869
58 68.8258 1.0833
59 74.0293 2.0758
60 76.233 0.8783
61 62.3947 0.8158
62 75.3599 1.7513
63 66.5137 1.7357
64 67.5202 2.5177
65 77.8123 4.6836
66 78.8134 3.9087
67 91.976 2.736
68 74.2381 3.1062
69 77.3248 2.112
70 72.6771 2.2449
71 72.0954 2.1914
72 78.7631 1.8966
73 60.779 1.9285
74 57.6144 2.2103
75 -26.9578 17.5009
76 64.8123 1.4376
77 71.7325 1.5758
78 57.8701 1.4501
79 63.7314 1.6421
80 58.3793 1.6022
81 0 0
82 0 0
83 80.3954 1.6103
84 79.4474 1.6003
85 86.6577 1.394
86 86.1588 1.3871
87 73.6805 1.5789
88 96.942 1.7757
89 74.0924 1.7539
90 86.7552 1.4191
91 85.7825 1.1766
92 82.8939 1.85
93 92.9798 1.2106
94 81.6483 1.5542
95 93.6641 1.6972
96 81.6312 1.5293
97 90.6074 1.0738
98 75.6894 1.2889
99 68.6289 1.546
100 61.8511 1.4878
101 85.1754 1.8353
102 0 0
103 0 0
104 59.2501 1.1056
105 68.5178 1.0091
106 72.472 1.3777
107 61.8284 1.682
108 79.8454 0.9232
109 74.0244 1.1298
110 81.6731 1.2841
111 75.4428 1.5862
112 76.1766 1.0863
113 92.488 1.3051
114 72.7965 1.165
115 81.1967 1.3015
116 87.3351 1.2175
117 79.2083 1.5812
118 73.231 1.3658
119 97.9563 1.2037
120 78.2869 1.7353
121 97.2557 1.5154
122 88.3834 1.2124
123 0 0
124 0 0
125 86.9939 1.0477
126 82.2963 1.626
127 83.4701 1.064
128 67.998 1.3777
129 76.2489 1.0574
130 73.6812 1.4407
131 75.0047 2.0181
132 75.2346 1.2754
133 65.9289 1.8577
134 66.3276 2.046
135 72.4199 1.3527
136 73.1379 1.8701
137 65.2494 4.2285
138 73.0725 1.1754
139 73.8286 2.0022
140 73.7586 1.475
141 70.416 0.9786
142 65.7381 1.5567
143 67.4221 0.9424
144 63.7776 1.2114
145 67.8567 0.9531
146 72.4276 1.3956
147 68.8702 1.3043
148 74.3863 1.4612
149 71.5285 1.1649
150 78.8347 2.1873
151 67.7502 1.6346
152 77.0912 1.2893
153 70.1215 2.0461
154 63.1517 1.2497
155 83.3209 1.0247
156 82.0513 1.5221
157 72.8779 1.6615
158 78.2035 1.6633
159 88.3606 0.9602
160 86.4928 1.1231
161 87.5842 1.2846
162 59.1778 2.0144
163 72.8275 1.0938
164 60.0179 2.8257
165 57.7836 1.1679
166 63.4338 1.9149
167 69.7301 1.3376
168 56.9506 1.0824
169 72.8013 1.1856
170 58.7995 2.0474
171 74.2095 1.1086
172 92.7711 1.3163
173 80.8437 1.6677
174 80.1367 1.1062
175 78.8395 1.1602
176 86.1809 1.1752
177 76.1441 1.1355
178 87.216 0.9908
179 70.3149 1.2344
180 71.6696 1.1968
181 75.2319 1.0405
182 68.7909 0.5553
183 58.667 0.9934
184 73.034 1.0929
185 63.0567 0.8642
186 86.9864 1.1731
187 70.2476 1.0623
188 79.5165 2.1524
189 61.1323 1.6682
190 75.0723 1.7599
191 77.4091 2.2074
192 71.7172 2.411
193 74.2548 2.8404
194 76.2889 1.9737
195 68.437 1.6965
196 89.1928 2.0774
197 70.9984 3.4565
198 79.3624 1.6062
199 63.0797 1.8609
200 62.1873 3.0363
201 72.3174 1.246
202 80.4636 1.3927
203 63.1922 1.6053
204 63.7574 1.441
205 76.0112 1.5267
206 73.8353 1.5867
207 0 0
208 0 0
209 64.3439 1.2029
210 63.7109 1.7966
211 77.0795 1.3661
212 69.851 1.561
213 64.9947 1.4109
214 81.1911 1.3625
215 68.8609 2.2356
216 73.3321 1.5069
217 69.6297 0.9932
218 74.881 1.2662
219 63.0812 1.1958
220 70.7848 1.6434
221 68.3364 1.3107
222 62.1032 1.7681
223 73.745 1.6811
224 66.3244 1.5675
225 80.0739 1.1623
226 80.4699 1.9292
227 73.3377 1.6945
228 0 0
229 0 0
230 66.3684 1.2337
231 80.0009 1.3062
232 81.8419 1.1437
233 78.0542 1.5739
234 75.0116 2.3024
235 68.6176 1.1756
236 76.0069 1.2862
237 81.811 1.1187
238 76.7646 1.2215
239 75.0778 1.0596
240 63.1678 1.1371
241 75.0159 1.2579
242 74.2125 1.6065
243 74.7136 1.2696
244 76.6981 1.0607
245 66.2528 1.098
246 64.7242 1.0365
247 69.636 1.0445
248 70.2433 0.8747
249 0 0
250 0 0
251 0 0
