0 78.4584 2.8688
1 73.2279 3.6599
2 70.2913 3.4195
3 56.964 2.9018
4 67.4159 4.0762
5 72.8234 4.7478
6 69.8371 4.7271
7 75.6067 4.9338
8 64.4124 3.8402
9 78.0819 3.4435
10 74.1813 3.1226
11 71.5315 3.5612
12 74.6652 4.6735
13 66.3624 3.578
14 71.5733 4.1088
15 67.1435 3.4285
16 73.7938 4.3228
17 73.1599 2.8674
18 73.1029 3.6926
19 73.3051 3.6867
20 76.7529 3.2806
21 72.5381 3.7874
22 62.2405 2.9253
23 76.9332 3.4768
24 76.7176 3.4959
25 81.2636 4.3041
26 84.9982 6.2191
27 75.148 3.9464
28 59.9772 4.4266
29 62.7797 3.3814
30 74.4839 3.4062
31 68.7183 2.6565
32 62.9474 3.5319
33 75.9725 3.8585
34 66.9048 7.781
35 67.6095 2.6008
36 70.1976 2.4332
37 68.2804 2.9572
38 70.0758 3.3388
39 66.8336 3.8615
40 67.072 2.2577
41 66.6557 2.8128
42 84.6696 2.4227
43 72.4657 3.2316
44 75.3391 3.6099
45 70.5204 2.9303
46 59.4299 2.4628
47 79.3475 3.4568
48 64.3254 2.4622
49 67.985 1.9299
50 76.4046 2.515
51 72.8327 3.9316
52 74.8277 2.562
53 66.6422 4.4991
54 60.9812 3.4251
55 83.8121 1.6215
56 61.9575 3.058
57 69.6411 1.8722
58 68.2196 3.7039
59 74.7586 3.2722
60 75.9945 1.8756
61 61.7273 1.8524
62 74.8513 3.7039
63 64.6872 3.7938
64 66.612 6.0175
65 75.7096 4.9076
66 75.2017 5.5561
67 89.6904 5.6591
68 72.5968 6.0645
69 76.4105 4.6876
70 71.9283 4.7169
71 71.3881 6.1317
72 77.6339 5.2021
73 60.6672 4.573
74 54.1791 4.973
75 35.2761 9.1217
76 64.2282 2.9287
77 71.4461 3.8815
78 57.481 3.78
79 63.3881 3.9286
80 57.9948 3.8502
81 0 0
82 0 0
83 79.8706 3.4609
84 77.5507 3.2498
85 86.5446 3.3508
86 83.6476 2.3471
87 72.7193 3.1771
88 96.1517 3.3931
89 73.6211 4.8144
90 86.3664 3.8227
91 84.9924 3.7566
92 81.2696 4.0505
93 92.1904 3.2839
94 81.2894 3.2261
95 93.5528 3.3153
96 80.5055 2.9451
97 90.6007 3.0809
98 75.4676 2.9028
99 68.4122 3.5555
100 61.8626 3.7569
101 84.8809 3.6044
102 0 0
103 0 0
104 58.6261 1.83
105 67.4053 2.6885
106 72.0413 2.6123
107 60.872 2.0837
108 79.9178 1.6755
109 74.2305 2.9461
110 81.1519 2.1854
111 74.5724 2.0709
112 75.48 1.9009
113 91.4116 2.885
114 72.4228 2.053
115 81.1094 1.8311
116 86.3476 3.5226
117 78.5326 4.1759
118 72.3244 3.11
119 97.5112 2.2387
120 78.2723 2.7748
121 95.2378 2.2719
122 88.1164 3.7384
123 0 0
124 0 0
125 86.0293 2.0116
126 82.1958 2.5804
127 82.947 3.0029
128 67.585 3.233
129 75.7146 2.4322
130 73.3348 3.697
131 75.0417 3.9488
132 74.7875 4.5126
133 65.1251 5.3806
134 65.5493 3.9719
135 71.9602 3.1095
136 72.2601 5.0136
137 65.3823 4.9506
138 71.5983 2.6207
139 73.0699 4.7122
140 72.9504 2.273
141 70.2681 3.0842
142 65.1313 3.0305
143 67.6891 2.65
144 62.1775 2.2102
145 67.7027 2.9972
146 71.9408 3.536
147 68.1226 2.8788
148 73.3405 3.0171
149 71.0832 3.1419
150 78.3619 3.5159
151 67.4367 3.6005
152 77.1388 3.4297
153 69.9824 3.4984
154 62.0455 3.8207
155 82.695 2.551
156 81.601 3.2235
157 71.8931 3.5822
158 78.001 3.6113
159 87.1731 2.7644
160 86.0033 3.5151
161 87.4847 3.0752
162 58.585 3.1559
163 71.7814 3.5971
164 59.4686 4.7259
165 57.3541 3.1423
166 67.9011 4.0204
167 68.7852 2.3069
168 56.4513 2.1207
169 72.4438 1.9541
170 58.6422 3.7029
171 74.0939 1.9359
172 90.677 3.0579
173 80.1624 2.5276
174 79.1413 1.9
175 77.3143 1.7731
176 85.4144 2.2369
177 75.7824 2.0551
178 86.5831 1.8448
179 68.7174 3.5682
180 71.2687 2.2871
181 74.5291 2.1099
182 69.0657 0.6431
183 58.2484 2.0192
184 72.049 3.2446
185 62.473 2.3444
186 86.8913 5.811
187 69.2348 2.4937
188 76.7772 7.2583
189 61.0223 4.8339
190 74.6753 3.6802
191 75.7592 4.3298
192 67.9902 3.9299
193 72.192 5.2141
194 73.5889 3.4763
195 67.3862 4.1956
196 88.3367 4.6849
197 70.0038 4.8878
198 78.3713 4.4659
199 62.7521 4.1353
200 61.466 4.6463
201 71.8302 3.3794
202 78.1526 3.3103
203 59.7429 3.3512
204 63.1878 2.6153
205 76.4401 3.9074
206 74.0532 4.2979
207 0 0
208 0 0
209 61.7896 2.4672
210 63.3094 4.3063
211 31.4209 18.4412
212 68.4027 2.8057
213 63.8686 2.5127
214 77.637 1.8597
215 69.2936 4.0269
216 71.9587 3.839
217 68.9914 2.687
218 74.3117 3.2585
219 63.0415 2.8845
220 69.7788 2.9236
221 67.7385 3.1362
222 61.5941 4.5495
223 73.6534 3.2041
224 66.0025 3.6024
225 79.4852 3.3332
226 78.2446 2.3755
227 71.7656 2.5386
228 0 0
229 0 0
230 65.0934 2.6354
231 79.0957 2.2585
232 81.4814 1.9813
233 77.4708 2.8743
234 72.7017 3.124
235 68.0395 2.493
236 75.7748 2.3575
237 80.3908 2.1181
238 76.2388 2.294
239 74.2019 3.3722
240 62.5267 2.3745
241 73.8888 1.6946
242 73.517 3.0676
243 74.1106 2.817
244 75.8795 2.6554
245 66.6438 2.382
246 64.3759 2.233
247 69.2238 2.1473
248 69.8368 1.9801
249 0 0
250 0 0
251 0 0
