0 77.8313 2.8347
1 72.4138 3.7314
2 70.184 4.2564
3 57.2313 3.3832
4 68.1982 4.996
5 72.6381 4.7323
6 69.993 4.2386
7 74.4972 5.0348
8 63.9703 4.0257
9 77.544 3.4461
10 74.1899 3.6596
11 70.5311 4.2746
12 75.4324 4.6489
13 66.6264 3.4087
14 72.2133 3.4829
15 67.2648 3.2445
16 73.3323 4.5909
17 73.3876 3.3441
18 73.1534 3.5534
19 72.4827 3.0047
20 77.4135 2.9269
21 73.0586 3.6144
22 62.8514 3.1546
23 77.2396 3.2429
24 77.2981 3.6196
25 81.8697 4.1929
26 87.0572 4.8754
27 76.2197 4.1416
28 60.0539 5.647
29 62.9262 3.8445
30 75.8105 3.899
31 68.7841 2.9889
32 62.7033 3.8168
33 77.4087 3.5213
34 68.5286 4.8675
35 68.8564 4.0632
36 70.0019 2.8531
37 68.6875 3.063
38 70.4153 2.9873
39 67.4716 3.8209
40 67.0826 3.6855
41 66.9786 2.7746
42 84.9646 2.468
43 72.6693 3.0278
44 75.0823 3.4715
45 71.4007 3.1621
46 60.0475 2.5664
47 79.6192 3.0723
48 64.5445 2.7236
49 68.5275 1.9728
50 76.4311 2.5711
51 73.2765 3.831
52 74.7695 2.4751
53 66.4559 4.2389
54 60.1582 4.296
55 83.1084 1.961
56 61.7112 3.2525
57 68.2038 1.8867
58 68.8915 3.9489
59 74.6061 3.4146
60 76.1858 2.3134
61 60.8447 1.6477
62 75.4691 3.6549
63 65.1458 3.5484
64 67.3856 5.7364
65 75.6804 4.884
66 75.2832 6.1476
67 90.1083 5.0566
68 72.3558 5.754
69 76.456 5.0573
70 71.9118 5.5996
71 70.9395 6.135
72 77.9152 5.4331
73 61.1076 4.4202
74 55.9233 4.8618
75 51.5714 4.7327
76 65.4103 3.7403
77 72.6687 3.8254
78 59.4137 3.3435
79 64.9589 3.8057
80 59.3013 3.9939
81 0 0
82 0 0
83 80.2036 4.1018
84 76.8218 3.3569
85 86.2819 3.8352
86 83.2499 2.6185
87 72.9345 4.0334
88 96.3641 3.3191
89 73.7791 4.6158
90 86.4056 3.519
91 84.9079 3.1945
92 81.4067 3.8464
93 92.2499 3.2925
94 80.8801 3.3512
95 91.9793 3.6046
96 79.4346 3.1327
97 90.6293 3.528
98 75.6402 3.1797
99 68.271 3.8525
100 61.4528 4.2232
101 84.9658 3.4959
102 0 0
103 0 0
104 58.9534 2.0349
105 67.7496 2.8591
106 71.7695 2.3307
107 60.1827 2.5351
108 79.4657 1.7297
109 73.4817 3.1406
110 81.1025 2.7288
111 74.5898 2.3247
112 75.9428 2.1244
113 91.2166 2.8282
114 72.4137 2.1215
115 80.6724 2.1384
116 86.3284 3.7276
117 77.9143 5.0019
118 72.8027 3.6042
119 96.8706 2.9238
120 77.3806 2.984
121 94.66 2.3452
122 87.5743 3.6827
123 0 0
124 0 0
125 85.4378 1.8368
126 82.1233 2.845
127 82.9648 3.0826
128 67.7176 2.674
129 75.4948 2.4309
130 73.9541 3.9879
131 76.1221 3.9844
132 75.4494 5.5665
133 65.9298 5.1191
134 66.0315 4.1456
135 72.9589 3.5481
136 73.3083 4.5363
137 65.0304 5.2136
138 71.5802 2.907
139 73.959 4.6335
140 74.0286 2.9631
141 69.9454 3.0419
142 65.0011 4.4718
143 67.2908 2.6493
144 62.1067 2.4454
145 67.8519 3.1521
146 71.3302 3.7223
147 68.7794 3.3505
148 73.5629 2.738
149 71.0514 2.8882
150 77.8218 3.4584
151 68.0719 3.2164
152 76.4769 3.7167
153 70.1115 3.6222
154 63.2223 3.2205
155 82.5452 2.9729
156 81.9386 3.5991
157 71.8362 3.5096
158 77.5782 4.0148
159 87.9196 2.697
160 86.3218 4.3414
161 87.0273 2.8449
162 58.7957 3.3706
163 71.5698 3.6069
164 59.3018 5.2342
165 57.2264 3.089
166 67.3867 4.4373
167 68.6009 2.3877
168 56.5814 2.0165
169 72.5905 2.1592
170 58.6141 3.4636
171 73.5236 1.889
172 90.9576 3.0871
173 80.2243 2.2937
174 78.8899 1.8001
175 76.4234 1.7265
176 85.9481 2.0285
177 75.3028 2.1419
178 86.5052 1.8292
179 68.1423 2.77
180 71.0915 2.1404
181 74.6094 1.9839
182 69.2933 0.5811
183 58.9028 2.0879
184 72.8876 3.2951
185 63.0922 1.9448
186 85.8294 4.4337
187 69.1389 2.3186
188 77.0455 6.4115
189 61.2114 4.6024
190 74.6454 3.1573
191 75.7197 4.8079
192 68.6574 4.5166
193 72.3414 5.0932
194 74.4042 3.3372
195 67.2075 4.341
196 88.5407 4.7926
197 70.6625 4.718
198 78.1947 4.0588
199 63.8882 3.7414
200 62.2448 4.7126
201 73.5986 3.0712
202 79.4254 3.3816
203 61.04 3.1322
204 64.7007 2.6334
205 74.7321 9.8768
206 75.9173 3.9824
207 0 0
208 0 0
209 63.1631 2.6191
210 64.743 3.7004
211 74.5744 1.9035
212 69.7536 2.6533
213 64.8352 2.5735
214 78.7987 2.0614
215 70.0947 4.1653
216 73.9032 3.6845
217 69.2501 2.5971
218 74.9162 3.0126
219 63.0492 3.1032
220 70.0327 2.9557
221 67.297 3.0569
222 62.157 4.4013
223 73.3362 3.1822
224 66.7654 3.406
225 79.2162 3.3558
226 77.7943 2.9448
227 70.9615 2.1066
228 0 0
229 0 0
230 65.6233 2.5146
231 79.6135 2.134
232 81.1912 2.0825
233 76.9225 2.7985
234 72.4666 3.4513
235 68.646 2.5713
236 75.4064 2.347
237 -12.7288 16.7277
238 75.4986 2.3696
239 73.6376 3.6231
240 61.9338 2.4863
241 73.4757 2.0098
242 73.5736 3.3085
243 73.3956 2.9647
244 76.0865 2.7028
245 66.7579 2.0917
246 64.6588 2.1365
247 69.3204 2.1272
248 69.9702 1.973
249 0 0
250 0 0
251 0 0
