0 78.6065 2.6194
1 73.4582 3.1145
2 71.1205 3.3694
3 57.4866 3.0805
4 68.4841 4.0387
5 73.5257 4.2824
6 71.34 3.8555
7 75.9659 3.9686
8 64.7263 4.3349
9 78.724 3.7662
10 74.5508 3.3479
11 72.0488 3.3797
12 75.6369 4.0644
13 66.848 2.5312
14 72.1047 3.4575
15 68.07 3.3194
16 74.8127 2.6706
17 74.0885 2.3724
18 74.1378 2.4759
19 73.6604 3.1443
20 77.1814 2.8573
21 73.1511 3.2524
22 62.9001 2.6918
23 77.2302 2.848
24 77.2786 3.4991
25 81.6434 4.2485
26 87.0047 4.5173
27 75.7525 3.8405
28 60.8049 4.3467
29 63.3481 2.9801
30 75.3147 2.9832
31 68.9147 2.2957
32 63.7582 2.788
33 77.0703 3.3328
34 69.5172 4.5942
35 68.1918 2.4134
36 70.3625 2.2516
37 69.0831 2.4141
38 70.3772 2.1998
39 67.4095 2.2893
40 67.6339 2.1178
41 67.0538 2.6195
42 84.855 2.2326
43 73.2059 3.0033
44 76.0014 3.2435
45 71.1802 2.7645
46 60.0865 2.2628
47 79.7662 3.2217
48 64.9696 2.4045
49 68.4201 1.7075
50 77.1754 2.5897
51 74.0875 3.4681
52 74.9535 2.2227
53 67.8783 4.1913
54 61.7327 3.5723
55 84.2798 1.7354
56 62.792 2.9845
57 69.7482 1.7131
58 69.0198 3.3354
59 75.374 3.3443
60 76.4866 1.9294
61 62.138 1.7551
62 75.5473 3.182
63 66.2512 3.5835
64 67.6282 5.1429
65 76.6201 4.6826
66 76.9328 6.0546
67 91.356 4.9118
68 73.5495 5.3812
69 77.2173 3.9328
70 72.5548 4.411
71 72.1279 5.137
72 78.6848 4.5991
73 60.5834 4.2026
74 55.1251 4.8897
75 49.2501 5.3055
76 64.8363 2.9129
77 71.7466 3.2288
78 58.2353 3.0104
79 64.3711 3.759
80 58.5779 3.7069
81 0 0
82 0 0
83 80.6506 3.5936
84 78.2854 2.6594
85 87.157 3.1299
86 84.3764 2.4258
87 73.9434 2.9192
88 96.8913 2.994
89 74.5251 3.7527
90 86.6999 3.5894
91 86.1585 3.1486
92 82.7533 3.3393
93 93.1796 2.7616
94 82.1326 3.0075
95 94.0514 3.1862
96 80.7982 2.9017
97 90.9542 2.7115
98 76.0277 2.7147
99 69.0894 3.1274
100 61.8667 3.4649
101 85.7452 2.9383
102 0 0
103 0 0
104 59.1575 1.831
105 68.2196 2.6509
106 72.4335 2.1728
107 61.353 2.0907
108 80.0715 1.6001
109 74.3258 2.8103
110 81.6858 2.5293
111 74.9052 2.0172
112 76.0924 2.1161
113 91.8415 2.6375
114 72.8856 1.8315
115 81.4109 1.8935
116 87.0948 3.0879
117 79.2356 3.865
118 73.0347 3.1576
119 98.1083 2.2365
120 78.5565 2.5603
121 95.9905 2.1895
122 88.5435 3.3065
123 0 0
124 0 0
125 86.0994 1.9035
126 82.4733 2.7765
127 83.4908 2.4621
128 67.9016 2.2287
129 76.0846 2.1712
130 73.5946 3.4884
131 75.9654 3.1647
132 75.5017 4.7987
133 65.8075 4.8044
134 66.2858 3.6713
135 72.3601 2.6981
136 73.3563 3.9281
137 65.7613 4.5908
138 72.008 2.547
139 74.0706 4.2699
140 74.0753 2.4002
141 70.99 2.5312
142 66.0129 2.9508
143 68.0937 2.2486
144 62.7879 2.0548
145 68.1241 3.0916
146 72.2851 3.6054
147 68.9219 2.6543
148 74.2061 2.6304
149 71.4311 2.156
150 79.158 3.0151
151 67.7545 2.8265
152 77.4058 2.9632
153 70.2113 3.1197
154 63.5284 2.8404
155 83.586 2.3698
156 82.2063 2.5799
157 72.6853 3.0326
158 78.7245 2.9215
159 88.4527 2.6978
160 87.1907 3.5135
161 88.0821 3.1121
162 59.3858 2.9966
163 72.3055 2.9103
164 60.229 4.0753
165 57.7792 2.7048
166 67.7895 4.4189
167 69.6012 1.9762
168 56.9299 1.9267
169 72.6283 1.9135
170 59.0805 2.9828
171 74.2145 1.7023
172 91.7865 2.8689
173 80.8311 2.2828
174 79.8957 1.7184
175 77.7225 1.5898
176 85.9506 1.8266
177 76.0531 2.0072
178 87.181 1.6672
179 69.2661 3.4243
180 71.6772 2.0473
181 74.8921 1.9236
182 68.9544 0.5795
183 59.1617 1.7639
184 72.9274 3.2581
185 63.1223 1.8262
186 86.6802 3.4134
187 69.5623 2.6614
188 77.3365 6.0039
189 61.352 4.0457
190 74.9546 3.3339
191 76.6937 3.9616
192 69.5313 3.9141
193 73.5778 4.5767
194 75.1914 3.4806
195 68.3381 3.7051
196 88.9556 4.4846
197 70.9589 4.2377
198 79.0896 3.7591
199 63.2836 3.5825
200 61.6273 4.7171
201 72.6725 3.0469
202 78.6623 3.346
203 60.9468 2.9046
204 63.4309 3.0752
205 76.9958 3.8643
206 74.7166 3.4228
207 0 0
208 0 0
209 62.5809 2.3441
210 63.4227 3.2148
211 73.1315 1.5669
212 69.1474 2.6258
213 64.3027 2.56
214 77.7468 1.6721
215 69.8299 4.5143
216 73.3838 3.7714
217 69.5435 2.1795
218 74.9329 2.6654
219 63.3552 2.7503
220 70.525 2.6965
221 67.8634 3.0819
222 62.5075 3.9747
223 73.8024 3.0212
224 66.8994 3.0433
225 80.2783 2.9595
226 79.0978 2.3104
227 72.3499 2.151
228 0 0
229 0 0
230 65.7652 2.4568
231 79.8743 2.1117
232 81.9813 1.9203
233 77.6741 2.6196
234 73.0075 3.1937
235 68.4545 2.2753
236 76.1205 2.2028
237 81.2208 2.0268
238 76.5082 2.1586
239 74.5644 2.7985
240 63.0506 2.0481
241 74.2274 1.596
242 74.3529 2.9716
243 74.5991 2.451
244 76.5107 2.1875
245 66.7294 1.8464
246 64.9838 2.0843
247 69.7584 1.8628
248 70.4991 1.8641
249 0 0
250 0 0
251 0 0
