0 78.6922 2.6072
1 73.4814 3.2456
2 71.1637 3.3346
3 57.5361 3.1444
4 67.8108 4.7679
5 73.0579 4.102
6 71.2008 4.5194
7 76.2577 5.1279
8 64.496 3.844
9 78.8284 3.6269
10 74.959 3.4367
11 71.1732 3.7897
12 75.5178 4.5964
13 66.8021 3.4355
14 72.079 3.7723
15 67.9612 3.2633
16 74.2009 3.6719
17 73.1766 3.3416
18 73.9779 2.9826
19 73.0059 3.0044
20 76.9023 3.3382
21 73.0773 3.2098
22 62.6583 2.9954
23 77.0894 2.8936
24 76.709 3.2815
25 81.8043 4.1707
26 86.532 4.8129
27 75.8224 4.321
28 60.7928 4.1719
29 63.3051 3.3784
30 74.9371 3.4344
31 69.4533 2.4752
32 63.2438 3.2623
33 76.8034 3.7506
34 69.537 4.7365
35 68.2953 3.1958
36 70.3215 3.1963
37 68.6849 2.8398
38 70.06 3.5345
39 67.1381 2.7855
40 67.6141 2.3753
41 67.0688 2.6398
42 84.7629 2.2902
43 73.1572 2.8307
44 75.7499 3.3418
45 71.2019 2.8581
46 60.0087 2.3825
47 79.7062 3.2213
48 64.7405 2.3447
49 68.4056 1.8765
50 76.9653 2.6874
51 74.2311 3.5465
52 75.1645 2.3198
53 67.2589 4.2395
54 61.1089 3.5958
55 84.033 1.6836
56 62.1205 3.2904
57 69.2405 1.9794
58 68.5942 3.869
59 74.5439 3.3608
60 76.692 2.168
61 61.7136 1.7893
62 75.3766 3.2489
63 66.2662 3.8738
64 67.322 5.32
65 76.4174 4.5615
66 76.6633 5.9747
67 90.5031 5.0698
68 72.7392 5.5033
69 77.5771 4.0984
70 72.0321 4.9888
71 72.6319 5.2576
72 78.0921 4.7228
73 60.2697 4.0586
74 55.7725 4.5454
75 51.0985 4.3863
76 64.907 2.7137
77 71.659 3.2649
78 58.6 2.9613
79 64.0855 3.6699
80 59.1546 3.848
81 0 0
82 0 0
83 80.0264 3.7421
84 77.9011 3.141
85 86.604 3.1688
86 84.3828 2.3131
87 73.2728 3.3456
88 96.6178 3.7308
89 74.3085 4.53
90 86.7305 3.477
91 85.96 3.7352
92 82.3284 3.9213
93 92.1258 3.4155
94 81.4034 3.5041
95 94.0378 3.2696
96 80.7734 3.1273
97 91.3879 2.9916
98 75.3589 3.3937
99 68.4398 3.9687
100 62.0417 3.4145
101 85.1732 3.4744
102 0 0
103 0 0
104 59.0815 1.7498
105 67.7837 2.5697
106 72.438 2.0903
107 61.3721 2.0333
108 80.0367 1.7497
109 74.0195 3.3975
110 81.5503 2.3424
111 74.8847 2.0639
112 75.9021 1.9808
113 91.3978 2.969
114 72.6631 1.905
115 81.5312 2.2345
116 86.6445 3.2032
117 78.9833 3.9561
118 72.6295 3.1369
119 97.8785 2.3128
120 78.12 2.8891
121 95.5864 2.3322
122 88.4683 3.4198
123 0 0
124 0 0
125 86.0977 1.7839
126 82.1008 2.7356
127 83.2257 2.8959
128 67.6179 2.3406
129 76.1838 2.2971
130 73.5908 3.2257
131 75.9204 3.612
132 75.1276 5.7167
133 65.3108 4.7975
134 66.3433 3.8435
135 72.2839 3.1008
136 73.0443 5.072
137 65.4496 4.6375
138 71.704 2.79
139 73.5948 5.2645
140 73.5891 2.9061
141 70.5861 3.0368
142 65.3331 3.9689
143 67.5593 2.4963
144 62.2871 2.2698
145 67.7813 2.9607
146 71.5526 3.6696
147 68.974 3.0676
148 73.931 2.9219
149 71.4008 2.4754
150 78.6826 3.3017
151 67.1579 3.3263
152 76.1481 3.1127
153 69.9157 3.5997
154 63.2758 3.2086
155 83.4221 2.8649
156 82.2253 3.5202
157 71.7881 3.6619
158 78.284 3.5477
159 88.0335 2.8572
160 86.8089 3.9825
161 87.6695 3.5935
162 59.1306 2.9204
163 71.3413 3.508
164 59.9561 4.2838
165 58.0476 2.9129
166 67.6675 4.1087
167 69.4927 1.9946
168 56.6659 1.8892
169 72.8286 1.9736
170 58.8689 3.4822
171 74.1089 1.7695
172 91.8247 2.8343
173 80.8438 2.2469
174 79.6926 1.8421
175 77.6426 1.6219
176 86.0264 2.0465
177 75.8358 1.7049
178 87.2612 1.8051
179 69.3445 3.3283
180 71.4914 2.103
181 74.6307 2.0313
182 68.8332 0.5826
183 59.0737 2.0159
184 72.764 3.5038
185 62.8695 1.713
186 86.2701 4.4084
187 69.2101 2.3399
188 76.7346 6.1484
189 61.4758 4.2642
190 74.87 3.6508
191 76.2215 4.239
192 69.1105 4.0321
193 73.2681 4.7584
194 75.0811 3.1523
195 67.9925 3.843
196 88.5701 4.3936
197 70.4025 5.0718
198 78.9524 3.7196
199 62.9374 3.8103
200 61.4519 4.6918
201 72.8803 3.102
202 78.6445 3.2905
203 60.9748 3.0847
204 63.1896 2.8921
205 76.5973 4.0584
206 74.7866 3.9119
207 0 0
208 0 0
209 63.014 2.3889
210 63.8796 3.7871
211 58.2993 14.6935
212 69.3053 2.6585
213 64.3619 2.5596
214 78.2805 1.9395
215 69.59 4.8185
216 73.4929 3.8075
217 69.5296 2.5021
218 74.4712 3.3941
219 62.9737 2.9214
220 70.3455 2.9533
221 67.6316 3.0798
222 62.0179 4.8935
223 73.3664 3.2995
224 66.3958 3.0679
225 79.8204 2.9236
226 78.89 2.2675
227 71.9852 2.0596
228 0 0
229 0 0
230 65.5287 2.4532
231 79.7679 2.0266
232 81.8956 1.9762
233 77.7116 2.5459
234 73.3324 3.0101
235 68.4087 2.5152
236 75.8447 2.5116
237 62.5679 3.8957
238 76.1233 2.1522
239 74.2086 2.8215
240 62.6867 2.0049
241 74.1687 1.5901
242 74.2522 3.1078
243 74.3594 2.9163
244 76.0284 2.2332
245 66.5175 1.9769
246 65.0769 2.2241
247 69.6005 1.9844
248 70.2416 1.9389
249 0 0
250 0 0
251 0 0
