0 78.684 2.1605
1 73.3544 2.4558
2 71.047 3.0967
3 57.5769 2.6294
4 68.4396 4.3537
5 73.3497 3.6716
6 71.4086 3.3331
7 75.7013 4.4583
8 65.0173 3.4219
9 78.827 2.8019
10 74.9581 2.6544
11 71.8324 3.0967
12 75.8537 3.5096
13 66.7577 2.6859
14 72.3899 2.6913
15 67.543 3.3781
16 74.5657 2.8183
17 73.6834 2.1984
18 73.8723 2.7835
19 73.3381 2.4712
20 77.1521 2.8096
21 73.2467 3.1117
22 62.7274 2.4944
23 77.1521 2.7519
24 77.2708 3.3871
25 81.8248 3.9333
26 86.7085 4.4731
27 75.7716 3.3409
28 60.9255 3.9961
29 63.3656 2.998
30 75.2406 3.0856
31 69.0816 2.2514
32 63.349 2.7434
33 77.061 2.8123
34 69.5081 4.9529
35 67.909 2.3995
36 70.3992 2.4113
37 68.9414 2.5819
38 70.3857 2.2171
39 66.9903 2.1533
40 67.6681 2.1426
41 66.8793 2.4198
42 84.8151 2.2105
43 72.9938 2.715
44 76.1492 3.0545
45 71.1202 2.5485
46 60.2117 2.2128
47 79.9903 2.9334
48 64.8387 2.1976
49 68.5059 1.6816
50 77.2038 2.61
51 74.0475 3.4351
52 75.0925 2.3971
53 67.908 3.8799
54 61.5412 3.4423
55 84.0404 1.7375
56 62.8042 2.9261
57 69.6577 1.6696
58 69.1179 3.1311
59 75.2146 2.6887
60 76.3536 2.1294
61 61.8729 1.4239
62 75.5549 3.4118
63 66.0465 3.3719
64 67.3432 4.9956
65 76.6717 4.3099
66 76.7176 5.5688
67 91.1967 4.6016
68 73.1418 5.0324
69 77.3769 3.5637
70 72.7402 4.1059
71 72.4041 5.043
72 78.4236 4.2154
73 60.9474 3.8139
74 55.7401 4.6209
75 49.5081 5.3164
76 64.9747 3.0148
77 71.9208 3.372
78 58.4406 2.8261
79 64.1926 3.427
80 58.557 2.794
81 0 0
82 0 0
83 80.2765 3.0381
84 78.3222 2.7222
85 87.132 2.7378
86 84.6939 2.4847
87 73.2521 2.7086
88 96.6672 3.1589
89 74.2194 3.9366
90 86.8929 2.9312
91 86.0987 2.9381
92 82.3704 3.1903
93 92.6851 3.3124
94 81.4728 2.4814
95 94.2077 3.1264
96 80.9919 2.8724
97 91.3828 2.6939
98 75.7736 3.2685
99 69.1865 3.1648
100 62.2294 3.3707
101 85.9978 3.0252
102 0 0
103 0 0
104 59.1551 1.7531
105 68.2323 2.5884
106 72.2911 2.1251
107 61.103 1.9608
108 79.9028 1.5186
109 73.9877 2.7561
110 81.563 2.3105
111 75.1444 1.8968
112 76.053 1.8138
113 91.5833 2.6201
114 72.7601 1.938
115 81.1649 1.8219
116 86.8918 2.9452
117 79.0159 3.8439
118 73.1719 2.8443
119 97.8186 2.1078
120 78.2056 2.6084
121 95.7232 2.0658
122 88.0777 3.0075
123 0 0
124 0 0
125 86.3175 1.6968
126 82.523 2.2796
127 83.5107 2.5084
128 67.8424 2.1587
129 76.2283 1.9464
130 73.9504 2.9547
131 75.7611 3.3481
132 75.1492 4.0312
133 65.91 4.3599
134 66.4712 3.5715
135 72.3821 3.0719
136 73.3926 3.3559
137 65.9336 4.6151
138 71.9987 2.7055
139 74.0898 3.4517
140 73.9988 2.6691
141 70.7312 2.5485
142 65.5719 3.1776
143 67.8459 2.3454
144 62.5207 2.1512
145 67.9701 2.6869
146 72.4123 2.8649
147 68.8522 2.5051
148 73.9194 2.558
149 71.4173 2.5137
150 78.8802 2.7606
151 67.5546 2.7329
152 77.3629 3.2786
153 69.989 3.1454
154 63.3617 2.6236
155 83.5574 2.5479
156 82.1907 3.0828
157 72.6902 2.7267
158 78.5852 3.3592
159 88.3503 2.5095
160 86.7696 3.6464
161 87.8139 2.4927
162 58.9412 2.7773
163 71.8709 2.7222
164 59.8097 4.0232
165 57.5406 2.699
166 68.042 4.1418
167 69.4527 1.8766
168 56.8778 1.8215
169 72.8061 1.7452
170 58.9993 2.8511
171 74.1741 1.6313
172 91.6986 2.7749
173 80.7411 2.1923
174 79.6568 1.6871
175 77.5756 1.6152
176 85.76 1.8702
177 75.8745 1.9173
178 86.8087 1.662
179 69.0088 3.3058
180 71.5057 2.0134
181 74.7121 1.9214
182 68.916 0.5997
183 58.9571 1.8579
184 72.8404 3.2473
185 63.1167 1.8341
186 86.6162 3.1926
187 69.361 2.3006
188 77.4264 5.942
189 61.2948 3.9166
190 74.9436 3.4272
191 76.4943 3.8485
192 69.5456 3.8499
193 73.5309 4.1177
194 75.472 3.1099
195 68.2433 3.4563
196 88.8592 4.0232
197 71.0694 4.47
198 79.2355 3.2335
199 63.0027 3.6223
200 61.8713 4.1989
201 72.5329 2.6232
202 78.9033 2.9911
203 60.7932 2.9094
204 63.5442 2.4352
205 77.1043 3.1045
206 74.7981 4.0585
207 0 0
208 0 0
209 62.7965 2.1715
210 63.831 3.3788
211 73.2967 1.3681
212 69.1389 2.7074
213 64.2136 2.4888
214 77.8767 1.4934
215 69.6798 3.7949
216 73.315 3.2752
217 69.3387 2.0179
218 74.5849 2.487
219 63.3575 2.6759
220 70.2784 2.8039
221 67.7871 2.5832
222 62.4205 4.0574
223 73.7326 2.6372
224 66.438 3.1677
225 80.0311 2.6884
226 78.9333 2.2772
227 72.1481 1.9461
228 0 0
229 0 0
230 65.7219 2.2428
231 79.8265 2.0264
232 81.8111 1.8463
233 77.7044 2.4875
234 73.3788 2.9332
235 68.5362 2.343
236 75.858 2.0737
237 81.2172 2.1819
238 76.4643 2.071
239 74.4109 2.9607
240 62.8282 1.7873
241 74.2076 1.5169
242 74.1427 3.0443
243 74.4174 2.7124
244 76.3125 2.1145
245 66.7352 1.8193
246 64.8297 2.0592
247 69.5104 1.841
248 70.4691 1.7861
249 0 0
250 0 0
251 0 0
