0 78.611 2.6416
1 73.2873 2.6375
2 70.6388 3.3479
3 57.5059 2.7955
4 68.2774 4.0552
5 73.1798 4.1258
6 71.1815 3.8522
7 75.9599 3.8179
8 65.1068 3.6818
9 79.1218 3.2251
10 75.3408 2.6993
11 71.744 2.9645
12 75.9114 3.1842
13 66.966 2.3917
14 72.2639 3.2729
15 68.0884 2.8645
16 75.1885 2.8939
17 74.0194 2.4279
18 74.2533 2.1278
19 73.4523 2.8119
20 77.0614 2.5572
21 73.6198 2.9125
22 62.9236 2.6647
23 77.6249 2.6869
24 77.2923 3.2869
25 81.9774 3.6611
26 86.684 4.6794
27 76.0153 3.5573
28 60.7578 4.2586
29 63.5735 3.2669
30 75.2933 2.6305
31 69.315 1.9731
32 63.5763 2.5269
33 76.9531 3.2662
34 69.1858 4.8771
35 68.1066 2.5909
36 70.5301 1.9377
37 69.0159 2.1957
38 70.7489 2.3586
39 67.2218 2.1629
40 68.1357 2.0642
41 66.9207 2.558
42 84.768 2.1493
43 72.8751 2.7607
44 76.3415 3.0855
45 71.2585 2.6673
46 60.4305 1.9968
47 79.8772 2.5857
48 65.1671 2.1608
49 68.5296 1.5718
50 77.3705 2.4376
51 73.946 3.1023
52 75.1839 2.1548
53 68.2033 3.7546
54 62.1661 3.2424
55 84.4047 1.5225
56 63.1674 2.859
57 69.7334 1.6634
58 69.1175 3.132
59 75.2123 3.6259
60 76.6254 1.9593
61 62.0873 1.6369
62 75.6295 3.2258
63 66.472 3.201
64 67.8384 4.2746
65 76.7753 4.1957
66 77.3143 5.8344
67 91.4327 4.6401
68 73.8422 4.9123
69 77.0508 3.6068
70 72.6232 4.3661
71 71.9301 4.241
72 78.7987 4.4484
73 61.3311 3.6369
74 56.1847 4.4474
75 49.1836 5.333
76 65.0742 2.5997
77 72.0594 3.2016
78 58.5025 2.6351
79 64.3637 3.4989
80 59.019 3.2283
81 0 0
82 0 0
83 80.6117 3.0506
84 78.1896 2.7706
85 86.9636 3.0837
86 84.3004 2.3462
87 74.138 2.64
88 96.7883 3.0703
89 74.7732 3.3189
90 86.7074 2.9081
91 86.2252 2.8658
92 82.7093 3.485
93 92.845 3.2591
94 81.7069 3.2102
95 94.0429 2.7245
96 80.8843 2.9542
97 91.14 2.6056
98 76.0006 3.1843
99 68.9204 3.0728
100 62.0881 3.3927
101 86.08 2.801
102 0 0
103 0 0
104 59.0719 1.5927
105 68.1711 2.2505
106 72.5146 1.9916
107 61.5071 1.985
108 80.063 1.441
109 74.1835 2.508
110 81.6955 2.1963
111 75.2354 2.0097
112 76.0719 1.8343
113 91.9438 2.6269
114 73.0748 1.7989
115 81.6922 1.7478
116 87.2323 2.8202
117 79.4209 3.7069
118 73.1179 2.6025
119 97.813 1.9584
120 78.3814 2.4087
121 96.0375 2.0904
122 88.4658 3.3983
123 0 0
124 0 0
125 86.4347 1.808
126 82.4046 2.1295
127 83.6611 2.3403
128 67.808 2.2865
129 76.2468 2.1273
130 73.9392 2.6476
131 75.7634 3.0389
132 75.2811 3.7167
133 65.9494 4.4591
134 66.6157 3.2963
135 72.5372 2.7737
136 73.266 4.3631
137 66.0321 4.5767
138 72.2102 2.6859
139 73.8984 3.7151
140 73.6022 3.4679
141 70.8129 2.2441
142 65.7514 3.6829
143 67.9038 2.1529
144 62.7534 2.054
145 68.168 2.2851
146 72.2782 2.8118
147 69.0629 2.4013
148 74.2855 2.495
149 71.6409 2.2912
150 78.9526 2.5789
151 67.7693 3.0189
152 77.3299 2.9091
153 70.2718 3.087
154 63.4766 3.1074
155 83.5256 2.0388
156 82.3025 2.4078
157 72.737 2.5942
158 78.7696 3.0212
159 88.3911 2.3632
160 86.7947 2.6243
161 87.7776 3.5273
162 59.2564 2.6692
163 72.2182 3.1943
164 60.306 3.6895
165 57.7481 2.1138
166 68.087 2.9659
167 69.6637 1.9545
168 56.9987 1.7875
169 72.8339 1.7698
170 59.2642 2.8745
171 74.3093 1.6525
172 91.8505 2.7258
173 80.9903 2.0412
174 79.8343 1.5461
175 77.862 1.549
176 86.0552 1.9151
177 76.2055 1.714
178 87.0615 1.5423
179 69.5981 2.9913
180 71.6229 1.8939
181 74.6981 1.9976
182 69.0814 0.6131
183 59.0996 1.8626
184 73.0923 2.7614
185 63.1883 1.643
186 86.743 3.0867
187 69.8581 2.3733
188 77.7455 5.7748
189 61.518 3.6079
190 74.8953 3.0742
191 76.8498 3.6331
192 69.8718 3.6135
193 73.854 4.0809
194 75.7201 2.8852
195 68.5693 3.2583
196 89.0619 4.0927
197 71.0497 4.0661
198 79.2651 3.6264
199 63.1198 3.6238
200 61.8254 4.2259
201 72.4922 3.1525
202 79.0089 3.0062
203 61.0669 3.0411
204 63.4409 2.7584
205 76.9235 3.0471
206 75.0403 3.8687
207 0 0
208 0 0
209 62.8533 2.3707
210 63.9646 3.2958
211 73.5719 1.6071
212 69.4282 2.3877
213 64.604 2.1194
214 78.0724 1.4735
215 69.8118 3.9044
216 73.7242 3.1489
217 69.7166 2.4073
218 74.9045 2.3951
219 63.4646 2.9545
220 70.3376 2.9128
221 68.2654 2.533
222 62.4868 4.1636
223 74.1613 3.3794
224 66.4982 2.5932
225 80.2697 2.4386
226 78.8664 2.3029
227 72.032 2.2687
228 0 0
229 0 0
230 65.9971 2.1359
231 79.9492 1.9882
232 81.9449 1.8054
233 77.7025 2.4806
234 73.6042 2.8628
235 68.6012 2.0979
236 75.9146 2.161
237 81.6823 2.0356
238 76.6003 2.1117
239 74.8009 2.9436
240 62.846 1.9145
241 74.7111 1.5547
242 74.3766 2.7334
243 74.6008 2.7359
244 76.3618 2.2149
245 66.8622 1.7492
246 64.9667 2.0802
247 69.6574 2.0429
248 70.1853 1.852
249 0 0
250 0 0
251 0 0
