0 77.9438 3.0037
1 72.7462 3.643
2 70.3455 3.4636
3 56.7465 3.6423
4 67.6094 4.2202
5 72.7886 4.7878
6 70.604 4.3154
7 75.6614 4.8641
8 64.6391 4.1559
9 78.4779 3.2316
10 74.6019 3.2379
11 71.4484 3.469
12 75.4255 4.1637
13 66.6298 2.6666
14 71.7555 2.8191
15 67.1276 3.6805
16 74.3245 3.3128
17 73.61 2.8125
18 73.5443 2.9463
19 73.1824 3.1338
20 76.8521 2.8892
21 72.8028 3.6236
22 62.4935 2.7317
23 77.0695 3.0834
24 76.6168 3.7776
25 81.4971 4.4091
26 86.2259 4.6627
27 75.6764 4.1106
28 60.2696 5.0462
29 63.2295 3.1977
30 75.2072 3.1799
31 68.8539 2.2871
32 63.3026 3.0887
33 76.6703 3.3694
34 69.0976 4.3936
35 68.0251 3.3034
36 70.2658 2.3576
37 68.7438 2.5703
38 70.1318 2.3681
39 66.7486 2.4107
40 67.4181 2.0868
41 66.8799 2.7394
42 84.5669 2.3704
43 72.6574 3.0214
44 75.7401 3.4691
45 70.5678 2.978
46 59.5522 2.3037
47 79.5212 2.9304
48 64.3346 2.4356
49 68.082 1.8357
50 76.5102 2.8386
51 73.7025 3.3944
52 74.7561 2.5572
53 67.3489 4.0827
54 61.5241 3.7423
55 84.0266 1.6099
56 62.4748 3.1384
57 69.2889 1.7246
58 68.6782 2.9998
59 74.9564 2.8178
60 76.3852 2.1145
61 61.7493 1.7655
62 75.1964 3.5204
63 65.135 3.5789
64 67.178 5.4452
65 75.9477 4.711
66 75.9647 6.0376
67 90.585 5.2517
68 72.5198 5.7868
69 76.7226 4.2574
70 72.1093 4.9263
71 71.9385 5.2561
72 78.0467 5.0518
73 59.9396 4.838
74 54.323 5.364
75 49.5785 5.2472
76 64.5315 2.9722
77 71.5331 3.4237
78 57.8467 3.2913
79 63.9183 3.536
80 58.5912 3.6117
81 0 0
82 0 0
83 80.2288 3.4024
84 77.8671 2.8901
85 86.5956 3.3362
86 83.9442 2.4388
87 73.1013 3.3788
88 96.3722 3.1937
89 74.1916 3.706
90 86.434 3.3612
91 86.1398 2.94
92 82.1257 3.7403
93 92.6842 2.8863
94 81.5742 3.2315
95 93.8413 3.0375
96 80.4804 2.9862
97 91.0506 3.1058
98 75.8141 3.0833
99 68.7058 3.4646
100 61.7457 3.8773
101 85.2818 3.8512
102 0 0
103 0 0
104 58.683 1.9572
105 67.637 2.6491
106 71.9511 2.1871
107 60.8197 2.2401
108 79.8499 1.7058
109 73.8772 2.8365
110 81.3428 2.6171
111 74.3827 2.2028
112 75.723 2.0971
113 91.2508 2.6582
114 72.4218 2.052
115 81.0405 1.9704
116 86.6241 3.2001
117 78.8909 4.0191
118 72.6586 3.2117
119 97.8477 2.1565
120 78.1299 2.871
121 95.2954 2.3327
122 87.9429 3.5326
123 0 0
124 0 0
125 85.734 1.9085
126 81.9753 2.8442
127 83.2156 2.6955
128 67.3223 2.344
129 75.7779 2.5151
130 73.2522 3.0827
131 75.7742 3.874
132 75.1998 5.2543
133 64.8415 5.4306
134 66.0931 4.3252
135 72.0227 2.6703
136 73.2783 4.0924
137 65.2205 4.8105
138 71.8203 2.569
139 73.6294 3.4572
140 73.889 2.8772
141 70.4396 3.2994
142 65.5177 3.1433
143 67.6198 2.8019
144 62.3 2.3393
145 67.8706 2.7697
146 72.0376 3.4409
147 68.5013 2.7613
148 73.8214 2.5581
149 71.2181 2.7331
150 78.4726 3.0649
151 67.5181 2.8699
152 76.9892 3.0702
153 69.9484 3.0495
154 63.252 2.9424
155 83.1458 2.6071
156 82.0637 2.9424
157 72.3994 3.2773
158 78.3886 3.1773
159 87.9611 2.6293
160 86.7661 3.0392
161 87.8228 2.8269
162 58.9249 2.8586
163 71.633 3.5604
164 59.6422 4.0335
165 57.4059 2.5911
166 67.6404 3.479
167 68.9659 2.1882
168 56.34 2.0911
169 72.4393 2.0224
170 58.7079 3.2122
171 74.0914 1.9723
172 91.1154 2.9886
173 80.4117 2.2824
174 79.2102 1.8508
175 77.2911 1.6546
176 85.5655 2.0977
177 75.9068 2.0096
178 86.5697 1.755
179 68.921 3.6608
180 71.2297 1.9845
181 74.4408 2.1608
182 68.8846 0.5432
183 58.6009 1.8102
184 72.43 2.9038
185 62.7158 1.8461
186 85.9468 3.7365
187 69.4474 2.7239
188 76.9668 6.2955
189 61.0943 4.0181
190 74.7369 3.4192
191 76.0639 4.1444
192 68.7337 4.0819
193 72.9981 4.9042
194 74.6415 3.2248
195 67.6758 4.1335
196 88.5482 4.3776
197 70.1916 4.5902
198 78.5024 3.9042
199 63.0053 3.655
200 60.9523 4.8188
201 72.0002 2.9015
202 78.0811 3.3426
203 60.6282 3.2971
204 63.2336 2.7329
205 77.0123 3.8116
206 74.5374 3.6624
207 0 0
208 0 0
209 62.2246 2.4221
210 63.4195 3.6049
211 72.9511 1.6279
212 68.6422 2.6467
213 64.3155 2.3827
214 77.5678 1.6506
215 69.3473 3.9438
216 72.9549 3.9839
217 69.3555 2.4936
218 74.5475 2.8221
219 63.1081 2.7141
220 70.0363 3.0035
221 67.8777 2.9783
222 62.6016 3.8116
223 73.7331 2.9649
224 66.167 2.8681
225 79.8357 3.419
226 78.3989 2.5869
227 71.996 2.1395
228 0 0
229 0 0
230 65.2319 2.5594
231 79.3912 2.0661
232 81.5183 2.1722
233 77.3677 2.7881
234 72.5279 3.2254
235 68.2032 2.6181
236 75.6353 2.3581
237 80.7613 2.1734
238 76.09 2.2009
239 74.1984 3.0331
240 62.4098 2.0174
241 74.1223 1.6767
242 73.9763 2.9518
243 74.2875 2.8575
244 75.9953 2.3686
245 66.7544 1.9534
246 64.6559 2.0828
247 69.5081 1.9686
248 69.9388 1.7848
249 0 0
250 0 0
251 0 0
