0 77.8977 2.705
1 72.8939 3.1831
2 70.2672 3.6373
3 57.2596 3.4698
4 67.9296 4.7217
5 73.1712 4.1718
6 70.7991 4.6326
7 75.8315 4.3057
8 64.5979 3.7568
9 78.33 3.8659
10 74.3323 3.2987
11 71.5142 3.3534
12 75.3959 3.7707
13 66.9117 2.9568
14 71.7688 3.2319
15 67.7064 3.695
16 74.3685 3.1845
17 73.7523 2.7957
18 73.7562 2.8083
19 73.0819 3.056
20 76.9228 3.0787
21 72.5652 3.5037
22 62.2122 2.998
23 76.4527 3.1599
24 76.6942 3.7568
25 81.4805 4.068
26 86.5503 4.7591
27 75.3291 4.0901
28 59.9832 5.0479
29 63.0586 3.647
30 75.1444 3.4467
31 68.7709 2.4564
32 63.3206 3.3303
33 76.771 3.5246
34 68.9146 4.8646
35 68.0549 3.2166
36 70.4138 2.6182
37 68.7536 2.4299
38 70.1598 3.0913
39 67.3064 2.4424
40 67.4744 2.4979
41 66.7782 2.8038
42 84.546 2.4117
43 72.5637 2.9373
44 75.6565 3.5976
45 70.5532 2.9397
46 59.5745 2.3272
47 79.4328 3.3347
48 64.2402 2.5236
49 68.0732 1.9626
50 76.3481 2.7937
51 73.5596 3.431
52 74.7993 2.4443
53 67.2702 4.2576
54 61.1468 3.8671
55 84.0698 1.6433
56 62.1658 3.3125
57 69.1076 1.8934
58 68.8078 3.0806
59 74.7864 3.0037
60 76.2693 2.2569
61 61.7875 1.7711
62 75.3536 3.6275
63 65.6041 3.6668
64 67.4966 5.4026
65 75.8923 4.7151
66 75.7909 6.5429
67 90.769 4.9766
68 73.1144 5.698
69 76.7335 4.1476
70 72.3289 4.6763
71 71.9678 5.4906
72 78.0017 5.187
73 60.0666 4.594
74 54.7887 4.8861
75 50.3058 4.9872
76 64.6483 3.1499
77 71.861 3.3729
78 57.7263 2.8656
79 64.0172 4.2786
80 58.9197 3.5324
81 0 0
82 0 0
83 80.2534 3.2948
84 77.756 3.0306
85 86.5833 3.3143
86 83.8655 2.5301
87 73.2198 3.0643
88 96.3365 3.4608
89 74.1914 4.0512
90 86.6391 3.276
91 85.9608 3.1127
92 82.2583 3.6856
93 93.0741 3.0439
94 81.4385 3.3641
95 93.5556 3.166
96 80.5579 3.042
97 90.9533 3.2316
98 75.7077 3.0305
99 68.6433 3.5246
100 61.8267 3.4305
101 85.5356 3.2258
102 0 0
103 0 0
104 58.9553 1.8745
105 67.6791 2.6599
106 72.0214 2.1414
107 60.9353 2.1488
108 79.8282 1.6752
109 74.0205 2.8938
110 81.3549 2.4694
111 74.5761 2.0832
112 75.7369 2.0984
113 91.258 2.7519
114 72.4897 2.0748
115 81.0428 1.9233
116 86.7509 3.0865
117 79.0895 4.2362
118 72.8321 2.9073
119 97.9084 2.1833
120 78.1778 2.6308
121 95.156 2.2606
122 88.0188 3.599
123 0 0
124 0 0
125 85.6518 2.0061
126 81.9596 2.5736
127 83.1098 2.8371
128 67.3414 2.4986
129 75.8145 2.1754
130 73.3732 3.7307
131 75.7315 3.755
132 75.1629 4.8557
133 65.3082 5.2413
134 66.1969 3.857
135 71.974 3.486
136 73.1021 4.9446
137 65.0002 5.1937
138 71.7627 2.5685
139 73.9781 4.3005
140 73.9321 3.1462
141 70.6904 2.6146
142 65.6518 3.5251
143 67.5707 2.3997
144 62.5456 2.1963
145 68.0082 2.5858
146 72.0974 3.5136
147 68.5381 2.7833
148 73.6043 2.6727
149 71.2556 2.9549
150 78.5879 3.1854
151 67.6036 2.9264
152 77.144 3.5083
153 69.8757 3.2037
154 63.1417 2.959
155 83.2671 2.4776
156 82.0601 3.0626
157 72.3876 3.7965
158 78.5439 3.3255
159 88.164 2.6268
160 86.7102 3.9625
161 88.1155 3.1542
162 58.8075 2.7914
163 71.3601 3.7116
164 59.9177 4.1701
165 57.3898 2.4153
166 67.4554 4.2131
167 69.1921 2.1131
168 56.481 2.0102
169 72.4425 1.9944
170 58.6354 3.1683
171 73.9298 1.9929
172 91.0154 3.0736
173 80.4194 2.2391
174 79.3558 1.8295
175 77.2306 1.6543
176 85.6002 2.2523
177 75.8267 2.1141
178 86.6348 1.7484
179 68.8737 3.759
180 71.2553 1.9344
181 74.4241 2.0647
182 68.9429 0.5692
183 58.6338 1.9522
184 72.3708 3.1807
185 62.8691 1.8244
186 86.1519 3.6545
187 69.5944 2.8428
188 76.6937 6.2256
189 61.0713 4.0877
190 74.7773 3.4709
191 76.1326 4.3272
192 68.6558 4.0658
193 72.9829 4.702
194 74.6806 3.4348
195 67.8624 4.2757
196 88.5355 4.5372
197 70.5502 4.6637
198 78.4773 3.9441
199 62.8855 3.8311
200 60.8415 5.3356
201 72.1061 3.1059
202 78.3939 3.3612
203 60.44 3.2574
204 63.1751 2.6709
205 76.686 3.9134
206 74.6473 3.4936
207 0 0
208 0 0
209 61.9658 2.4634
210 63.2678 3.7956
211 72.8258 1.5776
212 68.6745 2.6722
213 64.0225 2.5903
214 77.1983 1.8251
215 69.6129 4.0734
216 73.3055 3.9384
217 69.2502 2.3725
218 74.4349 3.1249
219 63.147 2.9911
220 70.1441 2.7269
221 67.6818 2.9443
222 62.2039 4.2952
223 73.7245 3.046
224 66.388 3.3725
225 79.9482 2.7018
226 78.6401 2.2689
227 72.013 2.2059
228 0 0
229 0 0
230 65.2482 2.5453
231 79.3921 2.0753
232 81.4165 2.0416
233 77.3887 2.7269
234 72.7357 3.352
235 68.2492 2.5681
236 75.5161 2.3931
237 80.848 2.2579
238 76.2844 2.2644
239 74.0814 3.3921
240 62.4608 2.1767
241 74.1364 1.7354
242 73.8285 3.3573
243 74.2506 2.72
244 76.1106 2.4199
245 66.7248 2.0365
246 64.6107 2.1454
247 69.4862 2.1218
248 69.944 1.9034
249 0 0
250 0 0
251 0 0
