0 78.4322 2.223
1 73.3764 2.5526
2 70.7037 2.882
3 57.8743 2.7699
4 68.0982 3.0791
5 73.2156 4.0648
6 70.9048 3.5001
7 75.988 3.1774
8 64.6362 2.7039
9 78.7858 2.6069
10 75.0293 2.3441
11 71.595 2.5348
12 75.6528 3.7333
13 66.7903 2.0228
14 72.1722 2.9328
15 67.6685 2.4974
16 74.4798 2.7363
17 73.541 2.2915
18 73.8036 1.8637
19 73.3695 2.3736
20 76.9765 2.6159
21 73.6169 3.1533
22 62.9945 2.2265
23 77.4065 2.5706
24 77.2367 2.9562
25 81.7798 3.1366
26 86.3463 3.7518
27 75.9777 2.9621
28 61.0077 3.1782
29 63.5767 2.5404
30 75.4893 2.6055
31 69.1864 2.0076
32 63.3051 2.9013
33 76.8315 2.2106
34 69.3915 3.961
35 67.9936 2.2893
36 70.5396 1.8733
37 69.1445 2.1526
38 70.4521 1.9961
39 67.4136 2.4205
40 67.9688 2.4358
41 66.9959 2.3407
42 84.6654 1.9419
43 72.9768 2.4703
44 76.2785 2.8761
45 71.291 2.4423
46 60.2495 1.9712
47 79.6778 2.7028
48 65.0218 1.8822
49 68.4777 1.4306
50 77.4564 2.449
51 73.9715 2.708
52 75.0285 1.9552
53 68.1175 3.5414
54 61.7216 3.2365
55 84.5038 1.4129
56 62.9004 2.8517
57 69.6595 1.4919
58 68.9873 3.2335
59 74.9894 2.4663
60 76.4942 1.7458
61 62.0674 1.2826
62 75.3755 2.9083
63 66.2976 3.0982
64 67.4661 4.3181
65 77.2042 3.8694
66 77.3634 4.8952
67 91.4661 4.0152
68 73.7798 4.4498
69 77.7748 3.297
70 72.6108 3.6979
71 72.6953 3.9009
72 78.5477 3.5255
73 61.2195 3.1868
74 56.7269 3.8648
75 49.7811 4.9826
76 65.3925 2.4561
77 72.2529 2.9727
78 58.469 2.545
79 64.2901 2.7641
80 58.951 2.6418
81 0 0
82 0 0
83 80.5221 2.7191
84 78.6665 2.5763
85 87.1793 2.3657
86 84.9428 2.1572
87 73.5871 2.7448
88 96.695 2.9733
89 74.0907 2.7773
90 86.8262 2.6235
91 85.8637 2.3566
92 82.6283 3.1193
93 92.7192 3.0501
94 81.4688 2.9481
95 93.757 3.029
96 80.8106 2.5906
97 90.841 2.4577
98 75.7496 2.5883
99 68.3637 3.4119
100 61.8768 3.3499
101 85.6542 2.7787
102 0 0
103 0 0
104 59.1385 1.4989
105 68.2692 2.1233
106 72.453 1.8796
107 61.7407 1.7815
108 79.9756 1.4623
109 74.2762 2.5041
110 81.522 2.0799
111 75.235 1.8449
112 76.2083 1.6501
113 92.0141 2.3271
114 72.9824 1.636
115 81.4989 1.6616
116 87.209 2.7271
117 79.0316 3.8365
118 73.1256 2.7432
119 97.7132 2.2052
120 78.1961 2.3506
121 95.8964 2.1479
122 88.1552 2.7452
123 0 0
124 0 0
125 86.1918 1.5494
126 82.0537 2.0792
127 83.2167 2.2548
128 67.6687 2.2065
129 76.1642 2.1119
130 73.6965 3.0431
131 75.2652 3.3901
132 75.3499 3.8309
133 66.1566 4.3997
134 66.5077 2.8481
135 72.4625 2.2052
136 73.4687 3.6299
137 65.685 4.3408
138 72.0672 2.4604
139 74.2549 3.2046
140 73.9142 2.1162
141 70.6445 2.1771
142 65.3159 2.4491
143 67.6776 1.8087
144 62.7249 2.0701
145 68.1398 2.4003
146 72.1726 2.9992
147 68.9154 2.6764
148 74.1364 2.497
149 71.4616 2.2735
150 78.7048 2.3013
151 67.6389 2.6026
152 77.0223 2.8804
153 70.2936 2.4538
154 63.1133 2.7582
155 83.2831 2.0611
156 82.0593 2.4741
157 72.4009 2.8861
158 78.4374 3.4537
159 88.4103 2.2679
160 86.8961 3.0404
161 87.5482 2.2746
162 59.1317 2.387
163 72.0508 3.6182
164 60.1774 3.7137
165 57.8742 2.4421
166 67.7821 3.5631
167 69.7294 1.6942
168 57.0422 1.6109
169 72.6915 1.6117
170 58.9796 2.6496
171 73.9438 1.4806
172 92.1624 2.5157
173 80.846 1.7692
174 79.7642 1.5619
175 77.7204 1.4829
176 85.9793 1.5491
177 75.9522 1.7394
178 87.0009 1.5719
179 69.2853 2.7325
180 71.5818 1.7752
181 74.7516 1.738
182 69.1194 0.613
183 59.1105 1.7875
184 72.8208 3.0719
185 63.125 1.9704
186 86.568 3.4159
187 69.5669 2.0769
188 76.2954 5.7647
189 61.5028 3.1941
190 74.9009 2.6066
191 77.1227 3.4331
192 70.257 3.5132
193 73.9426 4.0471
194 75.9689 2.6092
195 68.5189 2.9879
196 88.9906 3.4374
197 71.114 3.5263
198 79.2354 2.7992
199 63.4276 3.2222
200 62.1714 3.5237
201 72.8247 3.0434
202 79.2265 2.8182
203 61.6827 2.7654
204 63.8106 2.3574
205 77.4686 3.1349
206 75.1199 2.8389
207 0 0
208 0 0
209 63.3212 2.0743
210 63.8171 2.8987
211 74.1844 1.1921
212 69.8149 2.0982
213 64.441 2.3935
214 78.593 1.3509
215 69.7718 3.196
216 73.6467 2.6758
217 69.4598 2.0421
218 74.8045 2.1888
219 63.351 2.5592
220 70.468 2.4723
221 67.8365 2.5542
222 62.634 3.465
223 73.6697 2.7399
224 66.4314 2.6464
225 79.9797 2.8361
226 78.8864 2.3013
227 72.1751 2.0156
228 0 0
229 0 0
230 65.8417 1.8879
231 79.9817 1.7064
232 81.6962 1.6669
233 77.8814 2.4182
234 73.699 2.726
235 68.4884 2.0951
236 75.8468 1.9452
237 81.6462 1.7739
238 76.6274 1.8972
239 74.7344 2.434
240 63.0586 1.9015
241 74.3229 1.5063
242 74.4199 2.5536
243 74.5189 2.3327
244 76.3671 2.0824
245 66.7186 1.7623
246 64.7615 1.8591
247 69.6349 1.7034
248 70.2514 1.5876
249 0 0
250 0 0
251 0 0
