0 79.0073 2.2163
1 73.7945 2.44
2 71.2333 3.0662
3 57.9323 2.719
4 68.6385 3.6022
5 73.39 3.9934
6 71.6407 2.9798
7 76.0107 4.0126
8 64.9501 3.6011
9 78.9622 2.6997
10 75.4037 2.4788
11 71.5959 3.0942
12 75.7802 3.9668
13 66.7019 3.1386
14 72.1168 2.5736
15 67.9204 2.4161
16 74.6167 2.1772
17 74.1515 2.1121
18 74.3734 2.4045
19 73.204 2.3271
20 77.2286 2.5121
21 73.5622 3.0331
22 63.1119 2.2196
23 77.5268 2.3924
24 77.6233 3.155
25 82.1254 3.6317
26 86.8574 3.9538
27 76.0757 3.0643
28 61.4806 3.5538
29 63.6951 2.5758
30 75.7949 2.6063
31 69.3603 2.016
32 63.598 2.7351
33 77.0203 2.6782
34 69.4698 3.9942
35 68.0448 2.2488
36 70.7623 2.0584
37 69.0177 1.9176
38 70.7998 2.2569
39 67.534 2.3261
40 68.0113 1.8672
41 67.1103 2.2236
42 84.8711 2.0158
43 73.0206 2.6399
44 76.5266 2.9118
45 71.5313 2.3947
46 60.7147 1.9617
47 80.073 2.6162
48 65.292 2.1549
49 68.7136 1.7174
50 77.5841 2.3728
51 74.2887 3.258
52 75.3057 2.2673
53 68.0688 4.0128
54 62.039 3.2866
55 84.557 1.5146
56 63.0642 2.6473
57 69.97 1.5782
58 69.209 2.8053
59 75.5615 3.1974
60 76.5973 1.8892
61 62.106 1.3083
62 75.5905 3.1443
63 66.428 3.2673
64 67.8782 4.2314
65 77.0785 4.1434
66 77.8012 5.3671
67 91.782 4.0359
68 74.417 4.5511
69 77.5752 3.2254
70 72.6497 3.486
71 72.1942 4.681
72 78.9635 3.9408
73 61.36 3.2849
74 56.6725 4.1594
75 50.4462 4.5145
76 65.3546 2.2794
77 72.168 3.2183
78 58.7414 2.5735
79 64.3251 3.2397
80 58.8191 2.5536
81 0 0
82 0 0
83 80.8974 2.975
84 78.8374 2.4703
85 87.4218 2.4707
86 85.0363 2.067
87 73.7958 2.8729
88 97.0528 2.9853
89 74.6249 3.0082
90 86.916 2.5619
91 86.1719 2.3283
92 82.8809 3.3734
93 93.0692 2.6344
94 81.922 2.5906
95 93.7706 2.7159
96 81.0085 2.6207
97 90.9075 2.9047
98 75.9205 3.0676
99 68.8274 3.2414
100 62.1944 2.8247
101 86.0285 3.2471
102 0 0
103 0 0
104 59.164 1.5249
105 68.2263 2.389
106 72.6934 1.7171
107 61.6541 1.8627
108 80.0741 1.4237
109 74.3369 2.6502
110 81.8142 1.7802
111 75.4909 1.8145
112 76.324 1.8497
113 92.0318 2.4901
114 73.0975 1.672
115 81.5627 1.6178
116 87.2731 2.7289
117 79.4637 3.571
118 73.2082 2.7931
119 98.0692 2.1336
120 78.3557 2.509
121 96.236 1.9539
122 88.3898 3.3089
123 0 0
124 0 0
125 86.4829 1.6609
126 82.4621 2.0212
127 83.6811 2.2923
128 67.8921 1.8601
129 76.3118 1.8528
130 74.0166 2.4708
131 75.6451 2.5684
132 75.3447 4.3202
133 66.0555 4.2548
134 66.7082 3.0443
135 72.5594 2.7741
136 73.4398 3.2659
137 65.941 4.2034
138 72.6281 2.1743
139 74.169 2.8316
140 73.9655 2.9717
141 71.1417 2.61
142 65.7866 3.1154
143 67.9865 2.2778
144 63.0158 1.825
145 68.0456 2.8303
146 72.4299 2.7109
147 69.2219 2.3503
148 74.5327 2.1125
149 71.8283 2.0436
150 79.0131 2.735
151 67.9823 2.2859
152 77.4596 3.1754
153 70.5443 2.5275
154 63.5309 2.8498
155 83.7879 2.0434
156 82.2711 2.2849
157 72.7995 2.4444
158 78.7753 2.7677
159 88.6152 2.5635
160 87.2426 2.593
161 87.9562 2.8322
162 59.3399 2.4749
163 72.104 3.661
164 60.3129 3.8546
165 57.9827 2.3767
166 67.8566 4.0604
167 69.8853 1.7923
168 57.2344 1.6445
169 72.8593 1.6176
170 59.2901 2.6405
171 74.1536 1.6007
172 92.2322 2.4597
173 81.0262 2.0129
174 79.9032 1.4312
175 77.9397 1.4603
176 86.1221 1.5138
177 76.1158 1.689
178 87.2269 1.5684
179 69.5274 3.0046
180 71.7115 1.7417
181 74.8261 1.8646
182 68.9235 0.6005
183 59.0952 1.8284
184 72.8913 2.9417
185 63.1141 1.7078
186 86.6241 4.3527
187 69.8711 2.1486
188 76.3047 6.5079
189 61.6192 3.2896
190 75.0235 3.2469
191 77.0865 3.624
192 70.3467 3.3507
193 73.8517 4.0019
194 75.8802 2.6072
195 68.5737 3.2168
196 89.1104 3.6107
197 71.4598 3.7134
198 79.4294 3.0438
199 63.4528 3.1207
200 62.2451 4.0729
201 72.9781 2.3863
202 79.5609 2.9244
203 61.6704 2.6945
204 63.9922 2.4117
205 77.4432 2.8528
206 74.7755 2.6633
207 0 0
208 0 0
209 63.3928 1.9624
210 64.1939 2.7086
211 74.1547 1.2673
212 69.9367 2.1436
213 64.4372 2.4289
214 78.5399 1.4428
215 70.0924 3.6141
216 73.8335 2.7891
217 69.7604 1.802
218 75.1228 2.5003
219 63.4192 3.0142
220 70.8898 2.2473
221 68.1068 2.8208
222 63.0149 3.5973
223 73.825 2.27
224 66.6701 2.7432
225 80.4721 2.6402
226 79.4018 2.239
227 72.526 1.8119
228 0 0
229 0 0
230 66.047 1.8805
231 80.1521 1.7125
232 81.7695 1.6964
233 78.0118 2.4454
234 73.892 2.7086
235 68.6763 2.1008
236 75.9638 2.0003
237 81.9889 1.9755
238 76.8327 1.9045
239 75.0214 2.5603
240 63.0272 2.0656
241 74.891 1.4163
242 74.6553 2.5355
243 74.9084 2.4654
244 76.4008 2.2738
245 66.9532 1.6371
246 64.9385 1.9056
247 69.7567 1.8636
248 70.1891 1.6066
249 0 0
250 0 0
251 0 0
