0 78.3445 2.2887
1 73.2365 2.4344
2 70.6838 3.4961
3 57.2497 3
4 68.0861 3.5603
5 73.3298 3.6466
6 70.8544 4.1004
7 75.4243 3.9255
8 64.5358 3.6541
9 78.4188 3.358
10 74.5476 3.1403
11 71.212 3.3862
12 75.2288 3.2758
13 66.5258 2.3885
14 71.8366 2.9326
15 67.7689 2.8064
16 74.6979 3.1751
17 73.8642 3.0064
18 74.0711 2.0672
19 73.0568 2.4327
20 76.9791 2.8725
21 73.1288 3.0344
22 62.5345 2.4788
23 77.0577 2.9351
24 76.9745 3.3102
25 81.6664 4.0975
26 86.7465 4.7184
27 75.4926 3.2104
28 60.8297 3.7345
29 63.351 3.5321
30 75.0997 2.6433
31 68.9707 2.0228
32 63.4596 2.6476
33 76.7207 2.492
34 69.2157 4.5971
35 68.0864 2.9692
36 70.3662 1.997
37 68.8752 2.2983
38 70.6359 2.625
39 67.4041 2.6319
40 67.6636 1.9368
41 66.8191 2.4652
42 84.6459 2.0202
43 73.0551 2.6046
44 75.984 3.1617
45 71.1088 2.6453
46 60.0388 2.2168
47 79.7712 2.8782
48 64.8255 2.2202
49 68.4274 1.6901
50 77.0197 2.6185
51 73.8599 3.056
52 74.9766 2.2488
53 67.5322 4.0119
54 61.4421 3.5338
55 84.3029 1.4588
56 62.851 3.006
57 69.2684 1.6974
58 68.7575 3.1769
59 74.9938 2.9771
60 76.379 1.7058
61 61.9168 1.3968
62 75.3083 3.1581
63 65.9007 3.144
64 67.5638 4.6039
65 76.3645 4.4763
66 76.7046 6.1469
67 91.2908 4.5814
68 73.13 5.1906
69 76.7118 4.0698
70 72.3063 4.2397
71 71.9121 4.7157
72 78.3798 4.9006
73 60.9029 3.8395
74 55.6703 4.698
75 49.367 5.1563
76 65.1392 2.605
77 71.9998 3.0752
78 58.3131 2.7035
79 64.1792 3.0959
80 58.6811 3.5843
81 0 0
82 0 0
83 80.2536 2.9098
84 78.1523 2.6318
85 86.5713 3.1619
86 84.3102 2.3531
87 73.3176 2.961
88 96.4766 3.2215
89 74.0685 3.5845
90 86.4868 2.6372
91 85.6711 2.8884
92 82.5707 3.3488
93 92.7187 3.2458
94 81.6428 2.5355
95 93.6515 2.8351
96 80.5895 2.8889
97 90.7925 2.63
98 75.9668 2.9163
99 68.8038 3.0402
100 61.8443 3.1414
101 85.7524 3.1708
102 0 0
103 0 0
104 59.0361 1.6388
105 68.1237 2.3548
106 72.1373 1.9827
107 61.1418 1.9272
108 79.8504 1.562
109 73.8094 2.6257
110 81.4864 2.0533
111 75.0278 1.827
112 75.9998 1.9798
113 91.5023 2.529
114 72.6923 1.6932
115 81.0296 1.7349
116 86.9091 2.8644
117 79.0164 4.0401
118 73.0482 2.6389
119 97.7342 2.0754
120 78.0903 2.5136
121 95.6721 2.0255
122 88.0086 3.0635
123 0 0
124 0 0
125 86.344 1.6763
126 82.2456 2.4705
127 83.4032 2.4088
128 67.7989 2.4983
129 76.071 1.9962
130 73.6133 3.2814
131 75.6829 2.9688
132 75.2256 3.7216
133 65.0721 5.3366
134 66.1982 3.657
135 72.2444 2.3678
136 73.258 3.479
137 65.5518 4.5805
138 71.9866 2.4336
139 73.7558 4.2252
140 73.8993 2.7779
141 70.8255 2.2573
142 65.9431 2.7588
143 67.8396 2.1682
144 62.8009 1.95
145 67.9998 2.3795
146 72.0524 3.1265
147 68.7867 2.7113
148 73.8383 2.6866
149 71.3455 2.8028
150 78.6497 2.5136
151 67.7267 3.1534
152 76.8452 3.5583
153 70.2585 2.9782
154 63.1884 2.3732
155 83.1367 2.0279
156 82.0016 3.1345
157 72.3137 2.5251
158 78.5413 3.2055
159 88.0894 2.5522
160 86.9235 2.8674
161 87.6076 2.4709
162 58.9445 3.0621
163 72.13 2.7639
164 59.6033 3.9252
165 57.6152 2.0345
166 67.8156 3.575
167 69.4039 1.9523
168 56.6007 1.8497
169 72.6355 1.6883
170 58.8701 2.8273
171 74.1006 1.6584
172 91.641 2.5811
173 80.7777 2.0917
174 79.6214 1.6189
175 77.5034 1.6038
176 85.831 1.8342
177 75.9106 1.9063
178 86.7919 1.6447
179 68.8906 3.2102
180 71.5076 2.0143
181 74.6827 1.8267
182 69.0803 0.6345
183 58.8737 1.9503
184 72.6932 2.9832
185 63.1452 1.8551
186 86.5768 4.0111
187 69.6059 2.2593
188 75.6066 6.4472
189 61.18 3.6916
190 74.9242 3.185
191 76.4635 3.8833
192 69.4287 3.8036
193 73.1157 4.7443
194 75.4282 2.8235
195 68.1432 3.7737
196 88.7147 3.7666
197 70.6351 4.2847
198 78.9186 3.4502
199 63.0203 3.3042
200 62.004 4.129
201 72.5463 2.5084
202 78.9667 2.9851
203 60.9843 2.8555
204 63.39 2.5416
205 77.0331 3.2031
206 74.7715 3.7066
207 0 0
208 0 0
209 62.7403 2.2951
210 63.7571 3.0622
211 73.7162 1.3308
212 69.5912 2.3237
213 64.3132 2.3109
214 78.1358 1.429
215 69.8903 3.8104
216 73.5876 3.3541
217 69.3481 2.006
218 74.8273 3.1591
219 63.313 2.6044
220 70.2868 2.7792
221 67.9028 2.5249
222 62.5406 3.302
223 73.4592 2.4627
224 66.4574 2.8037
225 80.0677 2.9722
226 79.065 2.0532
227 72.0696 2.089
228 0 0
229 0 0
230 65.6502 2.1506
231 79.6936 1.795
232 81.5491 1.8271
233 77.872 2.3927
234 73.3932 2.7875
235 68.6053 2.114
236 75.7749 2.0176
237 81.1991 2.0856
238 76.3119 2.1736
239 74.4368 2.8007
240 62.7552 1.9426
241 74.3862 1.6063
242 74.2 2.9819
243 74.3779 2.5871
244 76.2345 2.0414
245 66.7449 1.877
246 64.7194 2.0202
247 69.48 1.6681
248 70.2653 1.8216
249 0 0
250 0 0
251 0 0
