0 77.5706 3.2512
1 72.7731 3.7537
2 70.0604 3.9871
3 57.1474 4.1537
4 68.0311 5.4982
5 73.2957 5.1479
6 70.7302 5.0953
7 75.2143 5.8799
8 64.3002 4.9345
9 78.3093 4.2746
10 73.999 4.2045
11 70.8379 3.888
12 74.6532 5.0977
13 66.5747 3.1525
14 71.6759 3.9484
15 67.6677 3.7848
16 74.2393 3.9962
17 73.7824 3.8293
18 73.8097 3.1905
19 73.1637 4.1578
20 77.0188 3.4365
21 72.294 3.9495
22 62.2831 3.2302
23 76.7645 3.6767
24 76.5679 4.2284
25 81.0354 4.8166
26 86.3056 5.7353
27 75.6103 4.814
28 59.4494 6.0401
29 62.685 4.0486
30 74.869 4.1659
31 68.5115 2.8502
32 63.0973 3.9469
33 76.4081 4.1951
34 69.3394 5.5485
35 67.9911 3.5303
36 70.3995 3.069
37 68.9007 3.1241
38 70.3305 3.2073
39 67.4128 3.1757
40 67.3633 2.8128
41 66.7474 3.2552
42 84.529 2.7431
43 72.4806 3.473
44 75.5693 4.426
45 70.3188 3.4149
46 59.4704 2.6524
47 79.3996 3.7526
48 63.7373 2.8527
49 68.212 2.353
50 75.9917 2.9855
51 73.8091 4.5093
52 74.7673 2.8541
53 66.6604 4.7652
54 60.0176 4.4776
55 83.6943 1.823
56 61.539 3.796
57 68.7145 2.2777
58 68.4024 3.8479
59 75.125 3.7811
60 76.369 2.2804
61 61.3855 2.0084
62 75.2036 4.139
63 65.3962 4.1452
64 67.2824 6.3445
65 75.2033 5.336
66 75.1094 7.2619
67 90.1737 5.9354
68 72.3139 6.4632
69 76.5197 4.9079
70 72.2395 5.4889
71 71.699 6.6783
72 78.1706 5.7878
73 59.7408 5.8761
74 54.3099 5.69
75 49.2321 5.8993
76 64.4612 3.6249
77 71.7751 4.3736
78 58.016 4.325
79 64.018 5.062
80 58.189 5.2595
81 0 0
82 0 0
83 80.1211 3.7112
84 77.1662 3.3927
85 86.269 3.6872
86 83.3061 3.1989
87 72.8013 3.6164
88 95.9682 4.097
89 73.9146 4.7369
90 86.5835 4.0362
91 85.7306 3.8876
92 81.4942 4.1559
93 92.0767 3.6216
94 81.1102 3.9237
95 93.4043 3.719
96 79.6368 3.6995
97 91.0913 3.5878
98 75.566 3.6754
99 68.2834 4.3742
100 61.6846 4.5072
101 84.8289 4.0564
102 0 0
103 0 0
104 58.8888 2.0806
105 67.4258 3.092
106 72.0625 2.5557
107 60.5476 2.4648
108 79.6203 1.8833
109 73.9518 3.3834
110 81.2864 2.83
111 74.3383 2.3529
112 75.9505 2.3476
113 90.8118 3.1041
114 72.4696 2.1246
115 81.0737 2.2925
116 86.4487 3.7155
117 79.1173 4.7562
118 73.0223 3.7536
119 97.5702 2.6265
120 78.1116 3.0898
121 94.6718 2.611
122 87.4556 4.0816
123 0 0
124 0 0
125 85.2618 2.2061
126 81.8365 3.1067
127 82.7678 3.2878
128 67.274 3.259
129 75.7247 2.6726
130 73.0346 4.1709
131 75.7667 4.924
132 75.031 6.1828
133 64.1749 6.16
134 66.0943 4.6678
135 72.1762 3.5796
136 72.8834 5.2154
137 64.4957 5.5373
138 71.1213 3.0576
139 73.8439 5.5924
140 73.8386 3.361
141 70.1788 3.2693
142 65.5347 3.8276
143 67.5611 2.9237
144 61.8316 2.7675
145 67.7759 3.5474
146 71.855 4.169
147 68.4598 3.402
148 73.4432 3.2519
149 71.2821 3.0744
150 78.3072 3.7378
151 67.2693 3.9533
152 76.8694 4.1037
153 70.2361 3.874
154 63.0212 3.627
155 83.0035 2.8967
156 81.7167 3.5293
157 72.0288 4.0414
158 78.3384 3.8792
159 87.0728 3.1616
160 86.4369 4.3301
161 87.6204 3.8773
162 59.062 3.716
163 71.1518 3.4664
164 59.0858 5.5067
165 57.8434 2.8954
166 67.0569 4.761
167 69.2513 2.4922
168 56.2923 2.4702
169 72.5705 2.3059
170 58.7744 4.0565
171 73.8075 2.2421
172 90.7553 3.6112
173 80.2164 2.6275
174 79.2482 2.0486
175 76.7603 1.7908
176 85.77 2.422
177 75.8276 2.3631
178 86.6227 2.1705
179 69.7011 2.2684
180 71.0531 2.3022
181 74.0254 2.4139
182 69.1021 0.6147
183 58.5834 2.2849
184 72.2726 4.0166
185 62.7865 2.1723
186 86.1469 5.1076
187 69.4242 2.4253
188 76.1296 7.0425
189 60.9488 5.3443
190 74.8275 4.1328
191 75.6386 4.7947
192 67.8309 4.7138
193 72.4463 5.5003
194 74.1283 3.8364
195 67.5444 4.6894
196 88.0677 5.3168
197 70.4486 5.4996
198 78.473 4.421
199 62.6153 4.2532
200 60.1276 6.1971
201 72.0878 3.7013
202 78.0274 3.8912
203 59.8082 3.9526
204 63.052 3.1792
205 76.7241 4.941
206 74.3859 5.1477
207 0 0
208 0 0
209 61.8726 2.7098
210 63.8555 3.885
211 77.0152 5.483
212 68.2725 3.0635
213 64.3144 2.8526
214 77.4539 2.1109
215 69.701 4.3042
216 73.4268 4.3096
217 69.3548 2.8065
218 74.8129 3.2773
219 63.0511 3.3896
220 70.0735 3.0767
221 67.4929 3.3759
222 61.5674 5.1896
223 73.5934 4.2226
224 66.3099 4.33
225 79.5285 3.2919
226 77.9106 2.8581
227 71.2923 2.5922
228 0 0
229 0 0
230 64.8449 2.8139
231 79.3098 2.3588
232 81.2546 2.4844
233 77.0655 3.1944
234 71.9242 3.761
235 68.2415 2.9789
236 75.5712 2.6768
237 80.6898 2.8435
238 76.1543 2.6361
239 74.2788 3.6611
240 62.3342 2.6265
241 73.9608 1.8945
242 73.6943 3.9316
243 74.1971 3.3095
244 75.8881 2.8782
245 66.7476 2.4452
246 64.3324 2.5349
247 69.313 2.436
248 70.0332 2.3019
249 0 0
250 0 0
251 0 0
