0 77.6488 3.3447
1 73.0435 3.7821
2 69.9887 4.1822
3 57.0417 4.3483
4 68.1502 5.4614
5 73.1354 5.218
6 70.8073 4.7009
7 75.1533 5.4402
8 64.4091 4.8412
9 78.3486 4.0394
10 74.2369 4.2105
11 70.9465 4.3935
12 74.8498 5.0684
13 66.7167 3.8112
14 71.8173 4.6514
15 67.4893 3.799
16 74.4557 4.6581
17 73.9019 3.4626
18 73.7905 3.3449
19 73.5281 4.1785
20 76.8687 3.8117
21 72.3612 4.2675
22 62.2437 3.3186
23 76.93 3.5945
24 76.6134 4.3033
25 81.0406 5.2874
26 86.4684 5.4926
27 75.3993 5.0757
28 59.4311 6.2159
29 62.5235 4.3131
30 74.8671 4.2701
31 68.45 2.7793
32 62.8979 4.0767
33 76.5323 4.0423
34 69.3921 5.8056
35 68.1168 3.9795
36 70.115 3.2421
37 68.7466 3.3194
38 70.0916 3.1262
39 67.438 3.2778
40 67.4591 3.0851
41 66.776 3.3549
42 84.4299 2.9081
43 72.721 3.7827
44 75.6561 4.6773
45 70.3663 3.4216
46 59.499 2.7464
47 79.3602 3.9507
48 63.875 2.9042
49 68.1034 2.5073
50 75.8973 3.2982
51 73.6958 4.2878
52 74.8007 2.9299
53 66.2935 4.8491
54 59.8577 4.9499
55 83.7212 1.9746
56 61.3029 3.9948
57 68.3296 2.3086
58 68.2087 4.1417
59 75.173 4.6372
60 76.3625 2.3741
61 61.3477 2.1736
62 75.347 4.3508
63 65.6488 4.3927
64 67.4862 6.9478
65 74.9165 5.7318
66 74.4055 7.337
67 89.6252 6.2494
68 72.2392 6.6739
69 76.7356 5.0934
70 72.4885 5.7694
71 72.1368 7.1833
72 78.0332 6.0519
73 59.2334 5.8906
74 53.4053 6.0478
75 50.1099 5.4703
76 64.2384 3.6818
77 71.3487 4.168
78 57.5502 4.5478
79 64.4001 4.8725
80 57.9839 6.2273
81 0 0
82 0 0
83 80.3286 4.0808
84 77.3391 3.5239
85 86.2298 3.7929
86 83.2098 3.1623
87 73.141 3.7403
88 95.9062 4.3548
89 74.1841 5.4181
90 86.4992 4.2306
91 85.9744 3.8071
92 81.3169 4.2799
93 92.2907 3.8107
94 81.2804 4.0785
95 93.6504 3.814
96 79.6384 3.6643
97 91.1494 3.9096
98 75.6366 3.9376
99 68.392 4.5706
100 61.4862 4.8846
101 84.9438 4.0065
102 0 0
103 0 0
104 58.8501 2.2769
105 67.4975 3.282
106 71.9616 2.6886
107 60.5411 2.6446
108 79.7378 2.0558
109 74.1266 3.4907
110 81.282 2.895
111 74.3391 2.4711
112 75.9647 2.4717
113 90.8631 3.3698
114 72.5069 2.2955
115 81.1376 2.5666
116 86.4292 3.8161
117 78.9743 5.4424
118 72.9885 3.8157
119 97.7439 2.8595
120 78.3372 3.318
121 94.6765 2.9162
122 87.6031 4.332
123 0 0
124 0 0
125 85.238 2.3738
126 81.7901 3.2555
127 82.7767 3.5181
128 67.1718 3.6576
129 75.5002 2.8627
130 72.8687 4.3235
131 75.4642 4.9273
132 75.1953 6.5613
133 63.8518 6.5624
134 65.9372 4.9251
135 71.8196 3.7518
136 73.0184 5.455
137 63.9508 6.1429
138 70.8117 3.4251
139 74.1522 5.2556
140 73.8558 3.977
141 70.3741 3.4108
142 65.3649 4.6253
143 67.3947 2.9913
144 61.7938 2.8223
145 68.0416 3.3403
146 71.8279 4.1252
147 68.5066 3.9211
148 73.5669 3.2066
149 71.2986 3.1254
150 78.7056 3.5498
151 67.4451 4.1765
152 77.0828 4.3741
153 70.1722 4.3918
154 63.206 3.7046
155 83.0519 3.3977
156 82.001 3.5756
157 72.2493 3.8866
158 78.1304 4.1123
159 87.4454 3.2094
160 86.5988 4.8567
161 87.9022 3.7558
162 58.8701 4.6506
163 70.8676 4.2546
164 58.3085 6.3493
165 57.3486 3.8695
166 66.7576 4.8965
167 68.9915 2.6767
168 56.1279 2.6937
169 72.3463 2.448
170 58.6422 4.6235
171 74.0072 2.2942
172 90.4928 3.6712
173 80.2421 2.8019
174 79.0859 2.2035
175 76.7814 1.9796
176 85.7256 2.5446
177 75.8348 2.5028
178 86.6908 2.18
179 69.9254 2.5063
180 70.95 2.5464
181 73.8867 2.4414
182 68.9825 0.583
183 58.7712 2.2311
184 72.2818 4.3196
185 62.9532 2.3685
186 86.1059 5.7414
187 69.3799 2.4977
188 75.2569 7.6104
189 61.0833 5.7886
190 74.7706 4.3064
191 75.3319 5.0721
192 67.6519 4.8887
193 72.2875 5.7079
194 74.1353 4.1889
195 67.5512 4.8138
196 88.1944 5.3677
197 70.167 5.5167
198 78.6126 4.9182
199 62.8741 4.4332
200 59.0637 6.5334
201 72.006 3.7654
202 77.1315 4.0702
203 59.504 4.2283
204 62.9035 3.3208
205 76.9263 4.7246
206 74.6725 5.1208
207 0 0
208 0 0
209 61.5546 2.9382
210 64.081 4.4024
211 72.2302 2.0573
212 68.1408 3.1498
213 63.9003 3.1912
214 77.0406 2.2725
215 69.9869 5.0384
216 73.6109 4.9344
217 69.3732 3.1321
218 74.6558 3.4964
219 63.0516 3.703
220 69.7028 3.4212
221 67.5409 3.413
222 61.1009 5.5497
223 73.394 4.4093
224 66.3824 4.2497
225 79.5807 3.8606
226 77.5961 3.0411
227 71.1176 2.7406
228 0 0
229 0 0
230 64.7641 3.1258
231 79.224 2.6346
232 81.6352 2.6436
233 76.6839 3.3278
234 71.4846 4.0913
235 68.1391 3.2586
236 75.6248 2.8186
237 80.3282 3.0518
238 76.0291 2.8178
239 74.1078 3.9417
240 62.4498 2.6531
241 73.6699 1.963
242 73.6584 3.9011
243 74.3077 3.7084
244 76.107 3.1768
245 66.6003 2.4893
246 64.357 2.6414
247 69.5254 2.4956
248 70.0148 2.2122
249 0 0
250 0 0
251 0 0
