0 77.7176 3.0467
1 72.8634 3.3081
2 70.3124 3.6194
3 57.4802 3.6933
4 67.9731 4.6955
5 73.2923 4.7445
6 70.7624 4.6041
7 75.4242 5.2466
8 64.4992 4.1401
9 78.088 4.2339
10 74.2179 3.7656
11 71.0889 3.7803
12 75.1631 4.4421
13 66.613 3.084
14 71.4965 4.218
15 67.6362 3.4086
16 74.2091 3.4123
17 73.8122 2.9401
18 73.8449 3.4861
19 73.2609 3.4709
20 76.6572 3.1756
21 72.9008 3.6977
22 62.3702 3.0513
23 77.1918 3.2288
24 76.3716 3.8325
25 81.1162 4.7703
26 86.3953 5.1039
27 75.6366 4.3603
28 59.6763 5.2849
29 62.8997 3.4279
30 74.8837 3.4228
31 68.663 2.5184
32 63.0179 3.6979
33 76.693 3.4723
34 69.2968 5.2734
35 67.8889 3.0639
36 70.4437 2.6323
37 68.6447 2.8555
38 70.2458 2.848
39 66.9186 2.9689
40 67.5782 2.7981
41 66.8614 2.9137
42 84.5489 2.6865
43 72.4947 3.4486
44 75.6698 3.7027
45 70.35 3.2222
46 59.5518 2.5654
47 79.4543 3.6281
48 64.2102 2.6689
49 68.098 2.0017
50 76.3796 3.0597
51 73.7753 3.8487
52 74.9495 2.7035
53 67.2162 4.3379
54 60.7635 3.9882
55 83.8293 1.7951
56 61.8328 3.5183
57 69.1232 2.0004
58 68.5203 3.3038
59 75.3831 3.6996
60 76.2418 2.116
61 61.6864 1.7781
62 75.1277 3.8134
63 65.5239 3.9725
64 67.4184 6.2497
65 75.3828 5.4324
66 75.2836 7.0285
67 90.3925 5.6125
68 72.5064 6.135
69 76.1957 4.6621
70 71.9429 5.4718
71 71.0709 6.5586
72 78.3506 5.2759
73 59.6986 5.0718
74 54.5898 5.1826
75 48.8492 5.7176
76 64.4513 3.2632
77 71.5264 3.7499
78 57.6595 3.6504
79 63.8898 3.8965
80 58.2687 4.7685
81 0 0
82 0 0
83 80.2839 3.5676
84 77.4157 3.1336
85 86.2764 3.7039
86 83.4816 2.8708
87 73.0596 3.4769
88 96.1665 3.8448
89 74.3348 4.555
90 86.5648 3.6915
91 85.8585 3.2859
92 81.6195 3.9988
93 92.5355 3.2595
94 81.3748 3.3851
95 93.4831 3.4379
96 80.1511 3.3654
97 91.0175 3.4786
98 75.5337 3.3232
99 68.1676 4.4298
100 61.5859 3.7565
101 85.0057 3.8751
102 0 0
103 0 0
104 58.8499 2.0628
105 67.5849 2.7572
106 71.9206 2.3543
107 60.8595 2.3448
108 79.8476 1.7897
109 73.9694 3.1677
110 81.3485 2.5699
111 74.3654 2.2673
112 75.6671 2.2219
113 91.0777 3.0007
114 72.5741 2.0423
115 81.1029 2.0858
116 86.4916 3.3486
117 79.1837 4.6029
118 72.8042 3.3943
119 97.6296 2.6211
120 78.1932 3.0156
121 94.9551 2.4863
122 87.9111 3.9095
123 0 0
124 0 0
125 85.4842 2.058
126 82.0115 2.9144
127 82.8631 2.9236
128 67.3272 2.9225
129 75.6573 2.4476
130 73.2352 3.513
131 75.4092 4.0094
132 75.0702 5.7953
133 65.2893 5.3655
134 66.204 4.2048
135 71.9872 3.3103
136 73.1664 4.682
137 64.9491 5.0434
138 71.3988 2.9261
139 73.5965 4.7539
140 73.7489 3.2476
141 70.4211 3.3934
142 65.5142 3.7276
143 67.5271 3.0386
144 62.1556 2.5336
145 67.9831 3.013
146 71.9778 4.0121
147 68.7866 3.1842
148 73.4916 3.1781
149 71.2104 2.8907
150 78.6758 3.4696
151 67.5937 3.3885
152 77.0323 3.9553
153 70.0884 3.5848
154 63.0339 3.3047
155 83.09 2.5944
156 82.0987 3.3502
157 72.4441 3.6479
158 78.2854 3.5913
159 87.6788 2.8991
160 86.7397 3.4524
161 87.845 3.0974
162 58.829 3.8246
163 71.0881 3.9021
164 59.3104 5.1805
165 57.3795 2.7464
166 67.2727 3.9587
167 69.027 2.4907
168 56.2868 2.1836
169 72.5183 2.1537
170 58.6938 3.7523
171 74.0002 2.0198
172 90.7375 3.3281
173 80.3421 2.5005
174 79.1712 1.9605
175 76.8495 1.7395
176 85.4126 2.2581
177 75.7121 2.4143
178 86.5517 1.9604
179 69.5395 2.317
180 71.0698 2.2121
181 74.2663 2.1524
182 69.022 0.6023
183 58.8453 2.0481
184 72.4959 3.5532
185 62.8319 2.033
186 86.2733 3.8925
187 69.6018 2.3206
188 76.2797 6.8
189 61.0109 4.828
190 74.9076 3.7445
191 75.8384 4.4236
192 68.1842 4.3681
193 72.3277 5.4013
194 74.36 3.742
195 67.734 4.3786
196 88.4361 4.9212
197 70.296 4.796
198 78.3553 4.3256
199 62.732 4.2103
200 60.4942 5.6373
201 72.1089 3.2637
202 77.95 3.8566
203 59.7722 3.653
204 63.1232 3.1072
205 76.7615 3.9964
206 74.5104 4.2028
207 0 0
208 0 0
209 61.9703 2.747
210 63.4891 3.6403
211 72.9628 1.8473
212 68.7125 2.6543
213 64.2688 2.8021
214 77.6392 1.8234
215 69.552 4.5332
216 73.0836 4.2961
217 69.0823 2.8913
218 74.4687 3.2721
219 62.8897 3.3098
220 70.1734 3.0832
221 67.3509 3.2306
222 61.7959 4.5409
223 73.2018 3.4041
224 66.2477 3.8145
225 79.6615 3.1073
226 78.3424 2.5407
227 71.6168 2.3721
228 0 0
229 0 0
230 65.0371 2.659
231 79.365 2.2259
232 81.4526 2.2537
233 76.9864 2.9919
234 72.1216 3.6493
235 68.1498 2.7196
236 75.4922 2.6844
237 80.3838 2.2657
238 76.0946 2.4642
239 74.2942 3.2919
240 62.571 2.3873
241 73.8322 1.7561
242 73.8392 3.3946
243 74.1756 3.0029
244 75.8483 2.7368
245 66.6951 2.1684
246 64.2703 2.4304
247 69.4433 2.1896
248 69.9259 2.0549
249 0 0
250 0 0
251 0 0
