0 77.6503 3.3029
1 72.8785 3.6904
2 69.8322 4.1609
3 56.611 4.5302
4 67.7894 5.7178
5 72.8728 5.4842
6 70.924 5.3828
7 75.2513 5.6975
8 64.5258 5.0887
9 78.482 4.6567
10 74.3186 4.0113
11 70.8827 4.6545
12 74.7934 5.0806
13 66.8481 3.6284
14 71.9116 4.1123
15 67.1704 4.1347
16 74.0848 4.8322
17 73.7607 3.891
18 73.4187 3.1461
19 72.8881 4.3632
20 76.7585 3.7394
21 72.3296 4.1299
22 62.4712 3.3248
23 77.1299 3.4275
24 76.1846 4.3472
25 81.0935 5.0607
26 86.4466 6.284
27 75.5679 5.2551
28 58.8179 6.3989
29 62.3403 4.284
30 74.9633 4.0332
31 68.5699 2.8973
32 62.8876 4.0437
33 76.3149 4.2717
34 68.9984 6.0117
35 67.9142 3.9305
36 70.2575 3.4441
37 68.5268 3.3797
38 69.8766 3.8296
39 67.2902 3.457
40 67.5383 3.0524
41 66.6078 3.4339
42 84.4035 2.8761
43 72.7239 3.8751
44 75.5563 4.5285
45 70.1894 3.5859
46 59.4971 2.8987
47 79.4389 3.8009
48 63.814 3.1084
49 68.3246 2.6567
50 75.9815 3.2725
51 73.2807 4.5065
52 74.8303 3.0476
53 66.269 5.2038
54 59.3923 5.0363
55 83.749 1.9983
56 61.3607 4.23
57 68.4052 2.397
58 67.7048 4.3758
59 74.7839 4.6569
60 76.3505 2.5506
61 61.4899 2.3057
62 74.9867 4.2979
63 65.3106 4.9172
64 67.1157 7.5476
65 74.9487 5.5975
66 74.6604 7.641
67 89.8647 6.0711
68 71.9958 7.0347
69 76.7158 5.2477
70 72.1989 5.4902
71 71.9872 7.3138
72 77.9375 6.1136
73 59.034 5.954
74 53.8407 5.5623
75 49.2439 5.9717
76 64.2178 3.8482
77 71.5251 4.5103
78 57.4118 4.5952
79 64.1643 5.5251
80 57.6847 6.4145
81 0 0
82 0 0
83 80.2153 4.3835
84 77.0835 3.6291
85 86.056 4.1179
86 82.8149 3.1742
87 73.0627 3.8811
88 95.8855 4.3801
89 74.4441 5.3946
90 86.1191 4.1913
91 86.0122 3.8304
92 81.3887 4.379
93 92.0483 3.8533
94 81.3633 4.0592
95 93.4283 4.0695
96 79.5244 3.7695
97 91.1614 4.0124
98 75.937 4.3306
99 68.3842 4.5193
100 61.4142 4.9574
101 84.7448 3.956
102 0 0
103 0 0
104 58.8593 2.2792
105 67.3466 3.1913
106 71.9334 2.8223
107 60.4731 2.7296
108 79.6541 2.0307
109 73.8877 3.7422
110 81.4002 2.8356
111 74.4454 2.4606
112 75.8304 2.524
113 90.6736 3.3288
114 72.393 2.2854
115 80.9669 2.5082
116 86.3083 3.8908
117 79.0542 5.2116
118 73.0668 3.7362
119 97.692 3.0448
120 78.2113 3.3239
121 94.5443 2.8213
122 87.6253 4.3165
123 0 0
124 0 0
125 85.338 2.382
126 81.9711 3.329
127 82.6686 3.3848
128 67.4037 3.203
129 75.5742 2.9284
130 72.8252 4.4337
131 75.366 4.883
132 75.191 7.8338
133 63.465 6.9065
134 65.2984 5.0661
135 71.8842 3.9215
136 72.7206 5.3637
137 63.8897 5.9445
138 70.982 3.2646
139 73.8889 5.5673
140 73.7136 4.1755
141 70.2592 3.4163
142 65.3609 4.7341
143 67.4366 3.3165
144 61.533 2.8316
145 67.8211 3.5212
146 71.6381 4.2134
147 68.4989 3.7528
148 73.2681 3.6469
149 71.2585 3.4432
150 78.5836 3.6927
151 67.6142 4.4029
152 76.9727 4.6442
153 69.9228 4.4895
154 62.9289 4.2377
155 83.1059 3.2229
156 82.0506 3.7938
157 72.398 4.0954
158 78.1404 4.4888
159 87.2724 3.3033
160 86.6264 4.6025
161 87.3636 3.9858
162 58.9884 3.9576
163 71.0977 3.7661
164 58.785 6.0535
165 57.8844 3.5379
166 67.2915 4.5369
167 69.1648 2.5172
168 56.1222 2.6822
169 72.3926 2.3815
170 58.461 4.7972
171 73.8966 2.4248
172 90.3882 3.4934
173 80.2262 2.8578
174 79.142 2.1485
175 76.6473 1.9583
176 85.7264 2.6396
177 75.7307 2.6231
178 86.6148 2.2129
179 69.5469 2.3307
180 70.9703 2.4133
181 74.0471 2.3942
182 69.2109 0.624
183 58.5557 2.3113
184 72.2913 4.3764
185 62.9292 2.3518
186 86.1874 5.6629
187 69.6217 2.6067
188 75.4922 7.3997
189 61.0466 5.445
190 74.7361 4.5817
191 75.4745 4.8785
192 67.4305 4.8214
193 72.0681 5.7477
194 74.0729 4.0872
195 67.5149 5.0812
196 87.8552 5.5275
197 70.2616 6.5666
198 78.6399 5.0724
199 62.3964 4.6318
200 58.8993 6.7634
201 72.0631 3.9333
202 77.1169 4.053
203 58.9242 4.5213
204 62.6103 3.4814
205 76.5932 6.2203
206 74.7329 5.4019
207 0 0
208 0 0
209 61.4235 3.072
210 63.71 5.0665
211 72.3334 2.2513
212 68.1235 3.1331
213 63.8307 3.1053
214 76.7775 2.1837
215 69.8715 4.9072
216 73.1118 4.7586
217 69.2674 3.111
218 74.7264 3.6393
219 63.2076 3.8211
220 69.997 3.376
221 67.2915 3.4303
222 61.5513 5.3261
223 73.3235 3.9909
224 66.3181 4.5669
225 79.6727 3.5933
226 77.8789 3.0295
227 71.3277 2.82
228 0 0
229 0 0
230 64.6346 2.9722
231 79.3505 2.6236
232 81.4977 2.5837
233 76.9346 3.319
234 71.4415 3.9101
235 68.2683 3.2634
236 75.4612 2.8356
237 80.0324 2.9546
238 75.9111 2.8225
239 73.9224 3.8154
240 62.4321 2.8648
241 73.6691 1.9476
242 73.5007 4.0072
243 74.4209 3.5626
244 75.9673 3.278
245 66.7426 2.5237
246 64.229 2.6416
247 69.4896 2.7313
248 69.8955 2.5348
249 0 0
250 0 0
251 0 0
