0 77.4353 3.2464
1 73.0458 3.8876
2 69.8876 4.1785
3 56.9564 4.486
4 68.2625 5.8983
5 73.3266 5.5543
6 70.8647 5.2661
7 75.2545 5.5788
8 64.6295 5.0999
9 78.3742 4.1867
10 74.4342 4.1308
11 70.6855 4.3979
12 74.8131 5.1131
13 66.6703 3.6658
14 72.0954 4.5531
15 67.673 4.0159
16 74.1452 4.9023
17 73.5498 3.4913
18 74.0243 3.6585
19 73.0922 3.9186
20 76.823 3.8025
21 72.1346 4.399
22 62.3167 3.4624
23 76.9852 3.6627
24 76.3634 4.4179
25 80.9852 5.1326
26 86.4931 5.3971
27 75.6584 5.061
28 58.8496 6.4914
29 62.5567 4.2699
30 75.1384 4.3043
31 68.8835 2.9773
32 62.7302 4.1848
33 76.6557 4.1685
34 69.3462 6.611
35 68.0366 3.7558
36 70.2596 3.2027
37 68.5241 3.9705
38 70.2657 3.6312
39 67.1661 3.7611
40 67.472 3.2228
41 66.8775 3.3326
42 84.4807 2.8539
43 72.7956 3.9304
44 75.5147 4.3536
45 70.2974 3.7086
46 59.3267 2.8841
47 79.1507 4.0896
48 63.778 3.0744
49 68.2822 2.4854
50 75.7158 3.3403
51 73.6829 4.4578
52 74.9172 3.371
53 66.4343 5.149
54 59.8178 4.833
55 83.5974 1.9787
56 61.2526 4.0378
57 68.2255 2.3938
58 68.1213 4.1545
59 75.1081 4.2067
60 76.2103 2.5307
61 61.5044 2.0372
62 75.2765 4.4281
63 65.5175 4.7232
64 67.6338 7.0212
65 74.8088 5.653
66 74.7241 7.7995
67 90.0054 6.2115
68 72.4362 6.6649
69 76.4942 5.117
70 72.2951 5.9149
71 71.6792 7.2773
72 78.3437 6.0655
73 59.1927 5.7229
74 54.062 5.7146
75 49.7004 5.7524
76 64.3154 3.7537
77 71.3786 4.5506
78 57.5951 4.6701
79 64.2341 4.8346
80 57.5786 6.4211
81 0 0
82 0 0
83 80.627 4.075
84 77.4987 3.4869
85 86.4669 3.9052
86 83.0564 3.2798
87 73.2656 3.7567
88 95.8077 4.304
89 73.9892 5.0339
90 86.6594 4.3833
91 86.0599 3.9233
92 81.146 4.6446
93 92.0202 3.9105
94 81.2377 4.2999
95 93.4413 4.0982
96 79.4956 3.8094
97 91.281 4.06
98 75.7919 3.8688
99 68.376 4.5652
100 61.5275 5.1553
101 84.9746 4.12
102 0 0
103 0 0
104 58.7013 2.3186
105 67.2434 3.2781
106 72.0378 2.7785
107 60.468 2.593
108 79.7695 2.2112
109 73.9641 3.669
110 81.4779 2.9715
111 74.316 2.565
112 75.7356 2.5409
113 90.7062 3.2969
114 72.4203 2.391
115 81.3281 2.5171
116 86.2809 3.9304
117 79.4996 5.3786
118 73.0783 3.8537
119 97.548 2.8716
120 78.2112 3.4487
121 94.3661 2.9464
122 87.6129 4.3396
123 0 0
124 0 0
125 85.3498 2.3991
126 82.0046 3.2979
127 82.6971 3.419
128 67.472 3.195
129 75.6836 2.8009
130 73.2867 3.9254
131 75.495 5.4366
132 75.0464 6.4838
133 63.6596 6.7725
134 66.2246 4.8513
135 72.0185 3.9222
136 72.7225 5.7474
137 63.794 6.2161
138 70.8648 3.3435
139 73.7055 5.2794
140 73.7779 3.9613
141 69.7597 3.8511
142 65.2823 4.4855
143 67.1045 3.2943
144 61.321 2.8124
145 67.6921 3.5886
146 72.027 4.2541
147 68.5523 3.5767
148 73.4996 3.3134
149 71.2894 3.6796
150 78.6067 3.7504
151 67.4442 4.1975
152 77.0323 4.1879
153 70.1356 4.4446
154 63.0966 3.8513
155 83.1969 3.0696
156 82.1233 3.67
157 72.2337 4.0947
158 78.4372 4.1228
159 87.2858 3.3809
160 86.6859 4.8415
161 87.7318 3.7778
162 58.6517 4.7521
163 71.1475 4.0443
164 58.6226 5.9033
165 57.3503 3.7859
166 66.4804 5.2064
167 69.1127 2.5781
168 56.0917 2.6642
169 72.5732 2.4721
170 58.7754 4.6448
171 73.7993 2.3877
172 90.4033 3.6851
173 80.3303 2.6955
174 79.0883 2.1982
175 76.6631 1.9534
176 85.6766 2.5973
177 75.7963 2.5855
178 86.6485 2.1367
179 69.6323 2.336
180 70.9842 2.4425
181 74.0482 2.5451
182 68.9628 0.5737
183 58.5862 2.3647
184 72.1533 4.1592
185 62.9362 2.5292
186 86.2033 5.9637
187 69.598 2.6549
188 75.2971 7.9846
189 60.844 6.0477
190 74.9201 4.5832
191 75.5214 5.0083
192 67.7931 5.0613
193 72.1871 5.6654
194 74.365 4.126
195 67.6246 4.8873
196 88.3002 5.3865
197 70.6921 5.9186
198 78.5397 4.971
199 62.7759 4.5528
200 59.4517 6.3549
201 72.1738 4.0672
202 77.1141 4.1179
203 59.4865 4.3354
204 62.9599 3.2641
205 77.0063 5.106
206 74.7486 5.0264
207 0 0
208 0 0
209 61.2011 3.0493
210 63.9158 4.3818
211 71.7843 2.2728
212 68.092 3.2407
213 63.769 3.1222
214 76.5992 2.2778
215 69.5654 5.0713
216 73.2202 4.5888
217 69.2285 3.2514
218 74.3054 3.8235
219 62.8277 3.9508
220 69.7679 3.338
221 66.881 3.7221
222 60.6575 5.9728
223 73.4769 4.2772
224 66.4363 4.2967
225 79.2903 4.131
226 77.4177 3.0464
227 70.908 2.9742
228 0 0
229 0 0
230 64.8676 3.0036
231 79.3262 2.4974
232 81.4864 2.6164
233 76.7874 3.35
234 71.4108 4.2209
235 68.2292 3.268
236 75.5663 2.8866
237 19.8313 19.3265
238 76.1969 2.8299
239 74.0791 4.0521
240 62.451 2.8285
241 73.8066 1.9668
242 73.6101 3.8595
243 74.3035 3.7207
244 76.009 3.4262
245 66.6283 2.4805
246 64.2192 2.6098
247 69.3724 2.6156
248 69.9203 2.36
249 0 0
250 0 0
251 0 0
