0 77.4553 3.3184
1 72.6253 3.9234
2 69.6556 4.3408
3 56.1535 4.4689
4 67.6393 6.0995
5 72.6908 5.9276
6 70.5763 5.0567
7 75.3068 5.8729
8 64.4584 4.7356
9 78.0911 4.5016
10 74.2768 4.1354
11 70.6549 4.5962
12 74.5666 5.4541
13 66.5649 3.6835
14 71.7816 3.8686
15 67.3975 4.1176
16 74.1917 4.3663
17 73.6262 3.8347
18 73.9732 3.6634
19 73.043 4.189
20 76.7342 3.8624
21 72.3293 4.2037
22 62.3585 3.3415
23 76.9523 3.7271
24 76.2985 4.3232
25 80.866 5.3131
26 86.3432 5.5938
27 75.4585 4.7999
28 59.0429 6.4874
29 62.4908 4.4195
30 75.1335 4.2634
31 68.6142 2.8175
32 62.7817 4.1168
33 76.6458 3.9994
34 68.8879 6.8342
35 67.8516 3.837
36 70.4796 3.6762
37 68.715 3.6836
38 70.2706 3.5952
39 66.9367 3.0312
40 67.6513 2.9679
41 66.7092 3.3088
42 84.4975 2.9025
43 72.5915 3.8487
44 75.6298 4.3608
45 70.4077 3.5517
46 59.5223 2.8025
47 79.3805 3.9518
48 63.7463 2.872
49 68.2594 2.3063
50 75.9713 3.3258
51 73.6688 4.3428
52 74.8666 3.0793
53 66.5003 4.9697
54 59.9342 4.7525
55 83.5937 1.9715
56 61.4158 3.8767
57 68.7685 2.3169
58 68.1124 3.9732
59 75.1841 4.3697
60 76.3468 2.7601
61 61.4702 1.9736
62 75.1737 4.3024
63 65.61 4.5018
64 67.7753 6.6078
65 74.6446 5.6537
66 74.5418 7.4077
67 89.7828 6.0383
68 72.4357 6.6782
69 76.2253 5.4183
70 72.0719 6.1498
71 71.3836 7.1779
72 78.0421 5.7259
73 59.3722 5.7575
74 53.8301 5.7793
75 50.2016 5.2711
76 64.3538 3.7103
77 71.5257 4.4017
78 57.5532 4.6157
79 64.1712 4.7911
80 57.9524 6.1797
81 0 0
82 0 0
83 80.2309 4.0924
84 77.1793 3.5645
85 86.1651 3.9579
86 82.9793 3.1912
87 72.9931 3.6734
88 95.7912 4.2692
89 74.0517 4.9835
90 86.4565 4.5228
91 85.4662 3.8894
92 81.1397 4.5527
93 92.0439 3.955
94 81.1674 4.1646
95 93.2788 3.9513
96 79.2023 3.8313
97 90.7803 4.0887
98 75.2767 4.3691
99 68.2521 4.7008
100 61.7102 4.5193
101 84.9032 4.1376
102 0 0
103 0 0
104 58.8255 2.2741
105 67.3233 3.173
106 72.0421 2.5918
107 60.4215 2.6072
108 79.6725 2.0638
109 73.9567 3.5322
110 81.3276 2.8815
111 74.3082 2.4456
112 75.7333 2.4088
113 90.7881 3.2381
114 72.4278 2.3211
115 81.0341 2.4191
116 86.2328 3.8322
117 79.0915 5.6523
118 73.0143 3.7602
119 97.5036 2.8843
120 78.1722 3.218
121 94.2097 2.9418
122 87.3642 4.322
123 0 0
124 0 0
125 85.1963 2.2337
126 81.9968 3.2134
127 82.7281 3.4858
128 67.3625 3.172
129 75.4593 2.9107
130 72.8461 4.0557
131 75.7974 4.969
132 75.0275 6.4231
133 63.9485 6.5584
134 65.9801 4.7532
135 71.9585 3.3539
136 73.2958 5.203
137 63.9817 6.0478
138 70.93 3.3854
139 73.9198 5.4466
140 73.9631 3.8277
141 70.2576 3.1943
142 65.0676 4.7195
143 67.3147 2.9654
144 61.5397 2.7405
145 67.9426 3.3222
146 71.9196 4.2174
147 68.4795 3.71
148 73.4476 3.2996
149 71.3933 3.0936
150 78.6229 3.7842
151 67.404 4.1266
152 77.2104 4.3611
153 70.1358 4.1505
154 63.0602 3.6066
155 83.1483 3.3167
156 81.8046 3.7898
157 72.2412 3.9564
158 78.0495 4.1684
159 87.2909 3.1246
160 86.7204 4.2097
161 87.8234 3.742
162 58.7096 4.1311
163 71.3794 3.7086
164 58.4898 6.0111
165 57.7383 3.6196
166 66.761 4.9121
167 69.0041 2.6953
168 55.9376 2.6964
169 72.3299 2.4101
170 58.3568 4.5542
171 73.9647 2.1917
172 90.4916 3.654
173 80.2535 2.7395
174 79.1657 2.116
175 76.54 1.969
176 85.7543 2.576
177 75.8706 2.4864
178 86.698 2.2393
179 69.5845 2.7416
180 70.6567 2.5174
181 73.8269 2.6125
182 68.9776 0.6032
183 58.2505 2.3389
184 72.1659 4.3179
185 62.6819 2.7395
186 86.1081 4.8963
187 69.3428 2.3817
188 75.4952 7.4138
189 60.8296 5.6315
190 74.8208 4.3339
191 75.51 4.9168
192 67.6751 5.0613
193 72.0974 5.7508
194 74.0041 4.0878
195 67.669 4.8153
196 88.2262 5.3058
197 70.5259 5.8005
198 78.6624 4.9369
199 62.8894 4.4762
200 59.3456 6.3448
201 72.3895 3.5613
202 77.3841 3.9857
203 59.7823 4.2069
204 63.0147 3.3419
205 76.9171 4.8883
206 74.5206 4.7348
207 0 0
208 0 0
209 61.4323 3.0191
210 64.1406 4.3045
211 72.409 2.2398
212 68.1716 3.1095
213 64.0253 3.0068
214 77.0697 2.1809
215 69.965 4.7539
216 73.2807 5.2466
217 69.1926 3.2457
218 74.5623 3.3178
219 63.0644 3.7013
220 69.7852 3.2911
221 67.407 3.5219
222 61.2386 5.3839
223 73.55 4.1852
224 66.0667 4.3703
225 79.4462 4.0454
226 77.6057 3.1072
227 70.9685 2.6162
228 0 0
229 0 0
230 64.5861 3.0648
231 79.37 2.489
232 81.5752 2.5614
233 76.7574 3.1718
234 71.5416 4.0245
235 68.1215 3.2255
236 75.6705 2.8426
237 80.1212 2.6407
238 76.0215 2.7494
239 73.9825 3.6794
240 62.4696 2.8749
241 73.3863 1.8992
242 73.5867 3.8998
243 74.1552 3.5891
244 76.1491 3.0214
245 66.6078 2.3708
246 64.297 2.7222
247 69.5309 2.426
248 70.0194 2.5665
249 0 0
250 0 0
251 0 0
