0 77.2054 3.1243
1 72.2438 4.2113
2 69.8128 4.7652
3 59.4432 3.6237
4 67.137 5.4115
5 72.8666 6.1928
6 70.4561 5.7605
7 73.9061 5.7177
8 63.3527 4.7894
9 77.656 4.5488
10 73.7367 4.3994
11 73.2748 4.8405
12 73.6672 5.8044
13 65.9875 3.6552
14 70.707 4.452
15 67.2276 4.2853
16 73.4279 4.1735
17 72.9542 3.7416
18 72.7604 4.4361
19 75.3093 3.8237
20 76.1787 3.7372
21 71.8845 4.2393
22 61.8223 3.2296
23 76.5158 3.4951
24 77.4404 4.2533
25 80.5421 5.1108
26 85.981 6.1871
27 74.4975 4.5384
28 57.9949 6.1399
29 62.2765 4.0772
30 74.8595 4.022
31 68.4002 2.7028
32 63.2141 4.2305
33 75.8327 4.1243
34 67.3035 6.9696
35 67.238 3.8558
36 68.8624 3.2542
37 67.5059 3.3464
38 69.3351 3.6263
39 65.9372 3.4803
40 67.4036 3.3999
41 67.3863 3.2721
42 83.7661 2.7952
43 71.3014 3.7159
44 74.5272 4.1043
45 68.7662 3.3449
46 58.1469 2.5378
47 78.2385 3.9146
48 63.8845 2.9748
49 67.8414 2.3794
50 75.011 3.4209
51 72.0736 4.4444
52 74.1841 2.8717
53 66.3412 4.7622
54 59.8422 4.3158
55 83.9375 2.0095
56 61.1407 3.9164
57 72.3319 2.1931
58 68.4942 3.7955
59 75.1244 3.8651
60 75.4019 2.316
61 61.5533 1.9658
62 75.3718 4.4754
63 65.1682 4.5469
64 66.0737 6.6211
65 74.8009 5.7099
66 74.2111 7.1765
67 90.0053 6.1457
68 71.8486 6.7784
69 80.2461 5.2826
70 71.819 5.7762
71 71.2495 7.2642
72 77.1905 5.9055
73 58.2725 6.0388
74 53.4887 5.4822
75 50.3907 5.2083
76 64.0703 3.6631
77 72.5767 4.4687
78 57.2957 4.1228
79 63.4329 4.7559
80 56.4306 6.6678
81 0 0
82 0 0
83 79.7185 4.1438
84 75.8957 3.3195
85 85.2161 3.8935
86 82.4307 3.083
87 73.8192 3.7535
88 95.887 3.9557
89 73.7706 5.1238
90 85.8151 4.6514
91 85.1552 3.8994
92 81.4268 4.2492
93 92.2209 3.8006
94 81.5738 4.0511
95 96.4202 4.0714
96 79.8766 3.6449
97 91.1364 3.6352
98 74.8515 4.2969
99 67.226 4.834
100 60.6977 4.2495
101 84.4198 4.0699
102 0 0
103 0 0
104 58.4539 2.2166
105 66.7136 3.1316
106 72.1438 2.69
107 63.9783 2.6282
108 80.6216 1.8964
109 74.0373 3.4083
110 80.7741 2.9241
111 73.4791 2.2956
112 76.1438 2.3961
113 90.5732 3.0211
114 73.3433 2.2382
115 82.9839 2.3635
116 86.044 3.6821
117 78.8283 5.3033
118 72.2794 3.8743
119 98.5529 3.0685
120 78.2782 3.4664
121 95.5456 2.8868
122 89.627 4.0877
123 0 0
124 0 0
125 85.3214 2.2662
126 81.2673 3.1284
127 82.5444 3.4613
128 68.2957 3.2629
129 78.2783 2.6974
130 73.2878 3.9375
131 75.713 4.8448
132 75.2904 6.7278
133 63.2491 6.2925
134 64.6065 5.3079
135 71.7873 3.7985
136 73.1503 4.857
137 65.2816 5.893
138 70.032 3.5188
139 73.0849 5.2997
140 72.7006 3.8885
141 69.6866 3.1665
142 64.8418 4.0154
143 66.6393 3.0143
144 61.5716 2.8202
145 69.9396 4.2766
146 67.0932 4.2363
147 67.0444 3.5963
148 72.6639 3.5994
149 71.1734 3.0589
150 79.3399 3.755
151 67.1636 4.4439
152 75.8499 4.5168
153 69.12 4.7524
154 62.1169 3.8566
155 82.9612 2.9867
156 81.3954 3.9254
157 72.2297 4.0259
158 81.9385 4.6596
159 87.2404 3.3
160 86.4987 4.7507
161 86.889 4.7146
162 58.3357 4.1585
163 70.92 3.6975
164 58.1032 5.757
165 57.5186 3.1389
166 67.5749 4.8914
167 71.1283 2.5702
168 55.3144 2.5463
169 72.1849 2.5054
170 57.5106 4.3849
171 72.9174 2.0042
172 90.1165 3.5444
173 79.8577 2.7872
174 79.6796 2.0681
175 76.6175 1.8332
176 84.5889 2.6107
177 75.2205 2.6039
178 85.8838 2.1748
179 67.9777 2.8873
180 70.7567 2.5094
181 73.6509 2.3873
182 69.2661 0.5576
183 58.9894 2.2037
184 71.8158 4.2419
185 61.9408 2.7642
186 85.3478 5.9443
187 69.1157 2.7641
188 75.6064 7.1562
189 61.0042 5.0555
190 74.0178 4.2243
191 74.8241 4.6568
192 66.9007 4.5154
193 71.612 5.7918
194 74.1607 4.0591
195 67.4366 5.0037
196 87.4915 5.8292
197 69.548 5.9417
198 78.1065 5.0535
199 61.9038 4.3332
200 58.3535 6.5703
201 72.2061 4.045
202 78.2611 4.074
203 61.0801 3.6957
204 62.1546 3.3615
205 75.9877 5.0256
206 74.1023 5.6914
207 0 0
208 0 0
209 60.862 2.7657
210 63.2017 4.339
211 72.1743 2.0818
212 68.5274 3.0362
213 65.2411 3.0626
214 76.2648 2.0385
215 68.8074 4.6109
216 72.7412 5.2397
217 68.8111 3.1673
218 74.0681 3.6041
219 62.5217 3.8124
220 70.4762 3.2437
221 68.8769 3.4507
222 59.9811 5.19
223 72.2858 4.3872
224 65.0863 5.2126
225 79.8738 3.9423
226 77.4856 2.857
227 70.7785 2.6037
228 0 0
229 0 0
230 64.4271 3.065
231 79.0351 2.5404
232 81.3727 2.6011
233 77.8979 3.0837
234 71.6522 3.863
235 67.1286 3.3267
236 75.2144 2.914
237 80.5722 2.462
238 75.5535 2.6724
239 73.4951 3.387
240 62.0736 2.4797
241 73.5234 1.9682
242 72.8121 3.5332
243 73.6011 3.2991
244 75.5132 3.3887
245 65.0267 2.0931
246 63.3031 2.7899
247 69.0365 2.4474
248 69.4562 2.2836
249 0 0
250 0 0
251 0 0
