0 77.9315 2.8337
1 72.7859 3.8233
2 70.3681 3.8823
3 57.0443 3.8223
4 67.9236 4.6873
5 73.0774 4.0888
6 70.9873 4.3475
7 75.4311 4.6958
8 64.589 4.4247
9 78.105 3.9913
10 74.4444 3.4853
11 71.1392 3.6058
12 74.7848 4.6688
13 66.3895 3.3125
14 71.7485 3.6346
15 67.5532 3.4336
16 74.576 3.361
17 73.719 3.09
18 73.9349 2.6831
19 73.2761 3.0429
20 76.8648 2.9664
21 72.9157 3.8978
22 62.4571 2.7659
23 77.148 3.0501
24 76.5228 3.8915
25 81.1246 4.4161
26 86.2984 4.7495
27 75.6379 4.5133
28 60.0583 5.2501
29 63.1685 3.6747
30 75.1939 3.5001
31 68.7478 2.444
32 63.317 3.413
33 76.7316 3.3974
34 69.352 4.303
35 67.8357 2.8057
36 70.2668 2.694
37 68.7548 2.5747
38 70.3765 2.8151
39 67.0356 2.9438
40 67.5963 2.7222
41 66.8947 3.0135
42 84.4933 2.5094
43 72.6615 3.3392
44 75.4257 3.9024
45 70.5377 2.9702
46 59.7352 2.4027
47 79.4358 3.4725
48 64.2368 2.6851
49 67.9641 1.9658
50 76.4189 3.0033
51 73.8111 3.7564
52 74.8495 2.5576
53 67.178 4.4231
54 60.9583 3.7577
55 83.9569 1.809
56 62.1566 3.4731
57 68.8699 1.8607
58 68.377 3.4221
59 74.7107 3.0926
60 76.2175 2.3708
61 61.7891 1.907
62 75.321 3.6547
63 65.5506 3.7526
64 67.7068 5.7242
65 75.6369 5.1334
66 75.6271 6.543
67 90.3679 5.4952
68 72.6848 5.9351
69 76.3648 4.4816
70 72.2316 5.3072
71 71.328 5.739
72 78.0674 5.4447
73 59.827 4.9995
74 54.8862 5.1379
75 49.9916 5.2916
76 64.6773 3.1518
77 71.6385 3.7037
78 57.8844 3.2337
79 63.9755 4.0893
80 58.4615 4.1184
81 0 0
82 0 0
83 80.2961 3.3884
84 77.8941 2.8916
85 86.6745 3.2851
86 83.8178 2.6911
87 73.2021 3.3543
88 96.4462 3.6833
89 74.2428 4.5684
90 86.6635 3.8685
91 86.0602 3.209
92 81.8161 4.0039
93 92.5915 3.2569
94 81.5738 3.3607
95 93.6607 3.3215
96 80.2121 3.2908
97 91.1329 2.9236
98 75.6054 3.0618
99 68.3889 3.6642
100 61.7639 3.7343
101 85.4681 3.2527
102 0 0
103 0 0
104 58.8772 2.0343
105 67.5692 2.6856
106 71.8968 2.4682
107 60.8091 2.2603
108 79.8107 1.8158
109 73.938 3.2462
110 81.2595 2.3069
111 74.6664 2.0692
112 75.8109 2.1903
113 91.2055 2.7855
114 72.438 2.01
115 81.1989 2.0146
116 86.5708 3.4491
117 79.3383 4.1257
118 72.8436 3.3867
119 97.7368 2.3453
120 78.3524 2.7108
121 95.0376 2.496
122 87.9772 3.5005
123 0 0
124 0 0
125 85.6814 2.0025
126 82.0801 2.6962
127 83.0657 3.0558
128 67.5299 2.745
129 75.7008 2.4972
130 73.3454 3.6739
131 75.8629 3.9505
132 74.9683 5.3808
133 65.2096 5.2825
134 66.1286 3.8987
135 72.1658 2.7787
136 73.34 4.3769
137 65.1412 4.8231
138 71.5687 2.9999
139 73.6396 4.3503
140 73.6889 2.8196
141 70.5034 3.2486
142 65.7351 3.9156
143 67.7659 2.7693
144 62.3951 2.1518
145 67.9038 3.3607
146 71.8253 3.9961
147 68.572 3.2298
148 73.6826 2.9778
149 71.3649 2.4306
150 78.6278 3.0464
151 67.5156 3.4662
152 77.065 3.6522
153 70.193 3.3446
154 63.1735 3.4022
155 83.2747 2.3874
156 82.1339 3.0636
157 72.2023 3.7401
158 78.4485 3.3821
159 87.9115 2.6095
160 86.7517 3.8052
161 87.6883 3.7248
162 59.1358 3.2906
163 71.5109 3.5518
164 59.6176 4.5761
165 57.2244 3.2469
166 67.2146 4.1715
167 69.2421 2.2087
168 56.4096 2.102
169 72.4174 2.0809
170 58.743 3.5562
171 73.7743 1.9293
172 91.0577 3.2464
173 80.3079 2.4282
174 79.3588 1.9745
175 76.952 1.7137
176 85.6409 2.2178
177 75.7775 2.1946
178 86.6819 1.7872
179 68.2799 4.3404
180 71.1646 2.1759
181 74.2741 2.1551
182 69.0376 0.6116
183 58.7098 1.9713
184 72.3977 3.5474
185 62.898 2.1005
186 86.0131 3.8524
187 69.3634 2.9534
188 76.6927 6.5368
189 61.3128 4.5713
190 74.6514 3.8077
191 76.0281 4.3007
192 68.6928 4.1523
193 72.8967 4.9286
194 74.5914 3.5317
195 67.864 4.1022
196 88.4062 4.9266
197 70.3127 4.8822
198 78.5637 4.456
199 62.7635 3.9232
200 60.516 5.5639
201 72.0193 3.0189
202 78.1475 3.5875
203 60.049 3.5356
204 63.0625 3.0392
205 76.6955 4.539
206 74.9784 4.0139
207 0 0
208 0 0
209 62.1433 2.6155
210 63.7707 3.9428
211 73.0974 1.7807
212 68.6993 2.707
213 64.1481 2.5339
214 77.6766 1.7808
215 69.6479 4.2479
216 73.4992 3.7412
217 69.3322 2.6055
218 74.7181 3.3235
219 63.1086 3.1196
220 70.4668 2.8644
221 67.6428 2.8914
222 61.8094 4.5838
223 73.6029 3.2883
224 66.4489 3.3447
225 79.8725 3.1749
226 78.631 2.4116
227 71.8088 2.2789
228 0 0
229 0 0
230 65.0385 2.6327
231 79.4474 2.2545
232 81.3493 2.2116
233 77.1959 2.833
234 72.2701 3.6609
235 68.0835 2.9553
236 75.4669 2.4204
237 81.1896 2.5396
238 76.3056 2.4718
239 74.4505 3.1827
240 62.4313 2.4353
241 74.0643 1.843
242 73.8959 3.2737
243 74.4343 3.0535
244 75.9471 2.5228
245 66.7058 2.0452
246 64.3888 2.0964
247 69.474 2.0727
248 70.003 1.8289
249 0 0
250 0 0
251 0 0
