0 77.5172 3.2861
1 72.9078 3.7811
2 69.9697 4.3039
3 56.9335 4.4986
4 67.9395 5.5273
5 73.1841 5.1959
6 70.8579 5.0662
7 75.3388 5.6223
8 64.3167 5.11
9 78.4852 4.2945
10 74.4578 3.9262
11 70.7897 4.5511
12 74.6875 5.3163
13 66.7381 3.3141
14 71.7781 4.8874
15 67.7653 4.0524
16 74.2003 4.8624
17 73.7119 4.3343
18 73.9443 3.543
19 73.3937 4.0126
20 76.7434 3.798
21 72.4699 4.2387
22 62.3673 3.4246
23 77.0115 3.6334
24 76.0688 4.3761
25 80.9493 5.1365
26 86.4366 5.6586
27 75.4785 4.7106
28 59.0515 6.6427
29 62.7183 4.5224
30 74.98 4.3373
31 68.7398 3.3235
32 62.9538 4.1105
33 76.6781 4.0772
34 68.9248 5.6253
35 68.0132 3.5726
36 70.2753 3.7355
37 68.719 3.7891
38 70.2067 3.3642
39 67.189 3.2532
40 67.4649 3.586
41 66.7873 3.2127
42 84.5236 2.8969
43 72.6863 3.758
44 75.7827 4.3286
45 70.2663 3.4086
46 59.5361 2.7128
47 79.4684 3.8752
48 63.9712 2.9005
49 68.3441 2.3635
50 75.8284 3.2686
51 73.3093 4.3026
52 74.8838 3.0795
53 66.6022 4.9131
54 59.9792 4.6364
55 83.6394 2.0173
56 61.338 3.8756
57 68.5913 2.5327
58 68.2901 4.0532
59 75.1972 4.4075
60 76.2542 2.6055
61 61.4079 2.2912
62 75.2291 4.3692
63 65.7157 4.476
64 67.4765 7.0341
65 74.9847 5.5918
66 74.9152 7.4129
67 89.844 6.1721
68 72.2943 6.609
69 76.8774 5.1839
70 72.4988 5.8391
71 71.8524 7.0095
72 78.0329 5.9224
73 59.4709 5.7918
74 54.381 5.4186
75 50.0571 5.3378
76 64.2712 3.5791
77 71.439 4.4665
78 57.6082 4.3277
79 64.1435 4.8565
80 57.7331 6.0619
81 0 0
82 0 0
83 79.9612 4.5867
84 77.0953 3.5605
85 86.2112 4.0343
86 83.016 3.2284
87 73.2016 3.9928
88 96.0248 4.2958
89 74.2845 5.6098
90 86.2537 4.305
91 86.0493 3.9421
92 81.5736 4.5027
93 92.1663 3.8669
94 81.5471 3.9394
95 93.6863 3.7471
96 79.6897 3.7358
97 91.1867 3.7683
98 75.8304 4.009
99 68.5984 4.7476
100 62.0345 4.4123
101 84.8726 4.1794
102 0 0
103 0 0
104 58.8696 2.3012
105 67.5761 3.2057
106 72.2465 2.6864
107 60.5049 2.5628
108 79.6618 1.9729
109 74.1095 3.6163
110 81.4124 2.9875
111 74.3418 2.5005
112 75.7401 2.5111
113 90.6194 3.2796
114 72.3712 2.3998
115 81.1427 2.5069
116 86.3137 3.9515
117 79.1435 5.3045
118 73.1876 3.8051
119 97.764 2.949
120 78.2869 3.3535
121 94.6772 2.8208
122 87.6727 4.3343
123 0 0
124 0 0
125 85.1579 2.3453
126 81.798 3.5248
127 82.671 3.5444
128 67.5131 3.4028
129 75.6635 2.8214
130 72.9318 4.0114
131 75.5904 5.1659
132 75.0915 6.5271
133 63.72 6.7463
134 65.9902 4.7894
135 72.15 3.5342
136 73.0001 5.4461
137 63.7514 6.3029
138 71.0052 3.6196
139 73.6031 5.7811
140 73.8512 3.5953
141 70.1707 3.3506
142 65.394 4.5245
143 67.4084 2.9829
144 61.5818 2.746
145 68.1681 3.2089
146 71.7492 4.4565
147 68.5342 3.6353
148 73.4866 3.4588
149 71.2999 3.3815
150 78.9935 3.7457
151 67.5526 4.0975
152 77.0611 4.112
153 70.0182 4.2941
154 62.9871 3.7109
155 83.2022 3.0663
156 82.0486 3.6029
157 72.1534 4.3661
158 78.2923 3.9119
159 87.3594 3.1104
160 86.7565 4.2887
161 87.8973 4.0255
162 58.6006 4.4726
163 70.8637 3.8641
164 58.2103 6.4038
165 57.5997 3.7208
166 66.5935 5.2173
167 68.8628 2.5695
168 56.074 2.7623
169 72.5236 2.5466
170 58.4327 4.7114
171 73.9331 2.3315
172 90.5397 3.6633
173 80.3667 2.823
174 79.1601 2.2048
175 76.8118 1.9268
176 85.7486 2.4888
177 75.7743 2.4188
178 86.7102 2.1919
179 69.7762 2.5279
180 71.0007 2.5502
181 74.0885 2.4579
182 69.0007 0.5884
183 58.7709 2.317
184 72.425 4.2047
185 62.8886 2.4611
186 86.2323 4.786
187 69.6629 2.771
188 75.6009 7.5374
189 60.7813 5.8572
190 75.046 4.4192
191 75.4997 4.8392
192 67.9793 4.8785
193 72.3822 5.9632
194 74.3015 4.0025
195 67.5947 4.8968
196 88.0241 5.5188
197 70.4564 5.8598
198 78.7216 4.8623
199 62.7536 4.3901
200 59.5273 6.4879
201 71.9829 3.4261
202 77.4772 3.9701
203 59.5579 4.248
204 62.9954 3.3505
205 76.8646 4.7267
206 74.5507 5.5229
207 0 0
208 0 0
209 61.542 2.9557
210 64.1392 4.0209
211 77.1617 5.506
212 68.2492 3.108
213 63.8624 3.0089
214 76.9571 2.1737
215 69.8256 4.9272
216 73.3128 4.6184
217 69.346 3.2573
218 74.7661 3.3727
219 63.0316 3.4759
220 69.7907 3.3956
221 67.3744 3.5532
222 61.0355 5.534
223 73.5875 4.2531
224 66.3758 4.3391
225 79.588 3.815
226 77.6883 3.0802
227 71.0284 2.7691
228 0 0
229 0 0
230 64.7518 3.1491
231 79.2838 2.4953
232 81.6129 2.542
233 76.9702 3.2988
234 71.6432 4.0555
235 68.286 3.1764
236 75.6051 2.9775
237 80.4582 2.8963
238 76.0919 2.5898
239 74.0877 3.7789
240 62.4091 2.8917
241 73.6987 1.9328
242 73.617 3.7631
243 74.3182 3.3493
244 76.0514 3.2919
245 66.7913 2.4115
246 64.3806 2.6459
247 69.5573 2.4093
248 69.9861 2.2917
249 0 0
250 0 0
251 0 0
