0 77.7783 3.2122
1 72.8305 3.689
2 70.2707 3.8972
3 56.6079 4.3131
4 67.7549 5.3047
5 73.1044 4.7929
6 70.4595 4.5887
7 75.8924 4.8399
8 64.6454 4.9209
9 78.5454 3.9224
10 74.4499 3.969
11 71.2511 4.0941
12 75.0632 4.9103
13 66.6006 2.9232
14 72.2965 3.6664
15 67.4062 3.8377
16 74.5561 4.3326
17 73.666 3.3588
18 73.9138 2.8682
19 73.3601 3.2796
20 76.7847 3.4974
21 72.6341 3.8394
22 62.4644 3.2042
23 76.8861 3.2274
24 76.6805 4.0042
25 81.1794 4.5781
26 86.3914 5.291
27 75.5982 4.4336
28 59.5661 5.9825
29 62.8826 3.8945
30 75.0973 3.5032
31 68.8662 2.6878
32 62.979 3.9872
33 76.6801 3.3274
34 69.1123 5.0212
35 68.1128 3.2063
36 70.3825 3.004
37 68.6863 3.4539
38 70.037 3.0599
39 67.0193 2.8771
40 67.322 3.467
41 66.8827 3.0225
42 84.4815 2.6109
43 72.6968 3.3352
44 75.6328 3.9029
45 70.3249 3.2062
46 59.6117 2.5688
47 79.4024 3.6069
48 63.8346 2.7965
49 68.1453 2.112
50 76.1515 3.0309
51 73.4047 3.888
52 74.6503 2.8138
53 66.707 4.664
54 60.7568 4.423
55 83.833 1.9906
56 61.9565 3.7076
57 68.6868 2.1064
58 68.3536 3.5687
59 74.9999 3.387
60 76.2227 2.4896
61 61.6717 1.9222
62 75.3748 3.8786
63 65.4725 4.0638
64 67.7118 5.9504
65 75.6804 5.2817
66 75.2689 7.2002
67 90.473 5.8741
68 72.7551 6.5113
69 76.657 4.8778
70 72.4879 5.1763
71 71.4191 6.8166
72 78.1893 5.6008
73 59.4038 5.5213
74 54.15 5.387
75 48.9935 5.7229
76 64.277 3.3063
77 71.5142 3.9019
78 57.7446 4.0834
79 63.7436 4.1905
80 58.0884 5.1946
81 0 0
82 0 0
83 80.2488 3.8895
84 77.6575 3.1786
85 86.5348 3.6506
86 83.4444 2.8913
87 73.1772 3.6954
88 96.2676 3.9504
89 74.2338 5.0811
90 86.6822 3.9572
91 86.0159 3.7243
92 81.6498 4.0276
93 92.5883 3.4484
94 81.5282 3.453
95 93.6614 3.4502
96 79.8772 3.6462
97 91.1105 3.0943
98 75.9105 3.4537
99 68.5908 4.3183
100 61.7178 4.6069
101 85.1307 3.7363
102 0 0
103 0 0
104 58.6829 2.0398
105 67.3867 2.9812
106 72.0168 2.6638
107 60.6776 2.5008
108 79.8139 1.9164
109 74.0751 3.5484
110 81.4263 2.6725
111 74.2688 2.2834
112 75.6235 2.3319
113 90.9589 3.0056
114 72.5576 2.1615
115 81.0883 2.3493
116 86.358 3.6361
117 79.2865 4.7424
118 73.0031 3.5186
119 97.6738 2.4745
120 78.244 3.0753
121 94.8103 2.6888
122 87.9708 4.0528
123 0 0
124 0 0
125 85.489 2.2459
126 81.9673 3.1166
127 82.9211 3.2297
128 67.3711 3.0959
129 75.6979 2.4796
130 73.2663 3.5822
131 75.5509 4.4305
132 74.8411 5.6586
133 64.0993 6.1878
134 65.6164 4.5982
135 71.8189 3.4391
136 73.0285 4.942
137 64.4491 5.3419
138 71.0392 3.1638
139 74.0546 4.8694
140 73.4496 3.6227
141 70.4474 3.5852
142 65.776 3.9645
143 67.4598 2.6185
144 62.2576 2.352
145 67.9477 3.2944
146 71.7927 4.3422
147 68.3976 3.31
148 73.5111 3.1314
149 71.2154 2.8368
150 78.473 3.3446
151 67.4183 3.543
152 76.9363 3.7092
153 69.9387 3.9904
154 63.0871 3.5797
155 83.1406 3.0557
156 81.889 3.5257
157 72.3236 3.9237
158 78.2996 3.9553
159 87.6374 2.9412
160 86.9835 3.618
161 87.5944 4.0179
162 59.0287 3.1616
163 71.1084 3.8583
164 59.0846 5.1472
165 57.4566 3.4221
166 67.4295 4.2619
167 68.9736 2.3495
168 56.1689 2.4169
169 72.3653 2.3076
170 58.7792 3.9385
171 73.9135 2.1245
172 90.8412 3.3578
173 80.4288 2.5697
174 79.333 2.0067
175 76.7821 1.7879
176 85.6368 2.3642
177 75.77 2.3225
178 86.6195 1.963
179 69.6139 2.2091
180 71.1589 2.2041
181 74.2406 2.305
182 69.1606 0.6423
183 58.5742 2.1835
184 72.3689 3.6031
185 62.8808 2.1418
186 86.3193 4.2392
187 69.6544 2.1696
188 76.1487 6.8482
189 60.8404 5.0504
190 74.8558 4.1407
191 75.9439 4.563
192 68.3825 4.5056
193 72.602 5.4006
194 74.4786 3.7521
195 67.8546 4.4849
196 88.3522 4.9474
197 70.6514 5.2306
198 78.6134 4.6199
199 62.6798 4.1936
200 60.2218 5.7628
201 72.0504 3.4314
202 77.7194 3.8787
203 59.8983 3.7182
204 63.0689 2.9655
205 76.777 4.6675
206 74.5175 5.1648
207 0 0
208 0 0
209 61.6163 2.8313
210 63.6431 4.1312
211 72.596 1.897
212 68.3556 2.9069
213 63.9822 3.0043
214 77.044 2.0861
215 69.5815 4.9992
216 73.2878 4.1787
217 69.0935 3.1777
218 74.7004 2.9706
219 63.3266 3.1902
220 70.1299 3.1856
221 67.4108 3.2943
222 61.6462 4.9312
223 73.498 3.9087
224 66.0486 3.8267
225 79.8096 3.4907
226 78.0689 2.7092
227 71.4045 2.4939
228 0 0
229 0 0
230 65.0885 2.7311
231 79.3158 2.4008
232 81.5938 2.2982
233 77.0478 2.9616
234 72.0804 3.7078
235 68.0799 3.0425
236 75.6158 2.726
237 80.4303 2.4492
238 76.3434 2.6696
239 74.1554 3.3791
240 62.6791 2.4251
241 73.5621 1.8831
242 73.8815 3.4991
243 74.3349 3.0851
244 76.1754 2.7361
245 66.745 2.2649
246 64.4232 2.5349
247 69.5075 2.072
248 70.1936 2.195
249 0 0
250 0 0
251 0 0
