0 77.0605 3.4421
1 73.0561 4.5982
2 69.8499 4.6157
3 57.3131 4.7015
4 68.3584 6.3621
5 73.2956 6.3304
6 71.0146 5.6643
7 75.0305 6.1299
8 64.0606 5.4334
9 78.5451 4.9575
10 74.0757 4.5701
11 70.3799 4.8335
12 74.9296 5.6909
13 66.928 4.2213
14 72.6397 5.0365
15 67.9306 4.761
16 74.1315 5.2672
17 74.1485 4.3572
18 73.6187 4.1031
19 73.2223 5.0958
20 77.4093 3.8707
21 72.6836 4.5523
22 62.8951 3.6918
23 77.6465 4.0325
24 76.6879 4.5024
25 81.1188 5.6128
26 87.2717 6.2533
27 77.0151 5.6914
28 59.1321 7.0136
29 62.7248 4.7315
30 75.291 4.8103
31 69.0012 3.4507
32 63.0076 4.5022
33 77.0214 4.4076
34 69.4255 6.2459
35 68.5657 4.1382
36 70.5381 3.9021
37 68.9807 3.9884
38 70.6621 4.1529
39 68.3661 4.0753
40 67.8669 3.6936
41 66.8095 3.5634
42 84.8189 3.2603
43 72.7032 4.1648
44 75.7957 5.1155
45 70.8768 3.8778
46 59.8243 3.0617
47 79.5968 4.3122
48 63.7339 3.3167
49 68.631 2.8853
50 75.9589 3.5496
51 74.2623 4.9793
52 75.1907 3.3321
53 65.5436 5.6231
54 58.7413 5.3982
55 82.9074 2.2228
56 60.4625 4.6855
57 67.4437 2.7979
58 68.1221 4.5385
59 75.4411 4.2171
60 76.6682 3.0998
61 61.2184 2.3549
62 75.5014 4.6457
63 65.869 4.9624
64 67.9467 7.5997
65 74.3532 6.1152
66 73.7525 8.3609
67 89.4373 6.8276
68 72.055 7.4228
69 76.38 5.8239
70 72.6034 6.7345
71 71.3325 8.0099
72 78.5239 6.6807
73 60.2793 5.9485
74 54.1174 6.2094
75 50.8254 5.6932
76 65.1115 3.7462
77 72.36 4.4088
78 59.1738 4.4439
79 65.4728 5.4749
80 59.516 6.1953
81 0 0
82 0 0
83 81.0255 4.5338
84 76.5585 3.7748
85 86.3589 4.102
86 82.6603 3.4896
87 73.2943 4.0124
88 95.9791 4.4193
89 74.5876 5.5115
90 86.7206 4.7119
91 85.758 4.4393
92 80.8663 4.7407
93 92.2553 4.0577
94 81.222 4.281
95 93.0073 4.0476
96 79.1055 3.9763
97 90.9509 3.9968
98 75.9577 4.3571
99 68.1104 5.1395
100 61.6086 5.656
101 84.8908 4.5315
102 0 0
103 0 0
104 59.1497 2.4425
105 67.7142 3.3575
106 71.9352 3.0099
107 60.2623 2.7484
108 79.4849 2.1498
109 73.7027 4.2536
110 81.2928 3.4376
111 74.1853 2.7562
112 75.8976 2.6984
113 90.5584 3.644
114 72.5093 2.4917
115 81.1003 2.7527
116 86.2614 4.1238
117 79.4154 5.8279
118 73.5626 4.0765
119 97.2624 3.4223
120 77.994 3.7084
121 93.7958 3.2415
122 87.0327 4.7726
123 0 0
124 0 0
125 85.6859 2.4154
126 82.6676 3.336
127 83.3853 3.3918
128 68.3443 3.4864
129 76.0304 2.9328
130 73.7164 4.1964
131 76.3895 5.2642
132 75.5593 7.2955
133 64.3147 7.2147
134 66.081 5.3256
135 72.9205 4.1442
136 73.5683 5.6451
137 63.5874 6.8405
138 70.8631 3.6238
139 74.4336 5.8726
140 74.2324 4.0775
141 70.1246 3.8633
142 65.0137 4.9278
143 67.1729 3.3983
144 61.7224 3.0712
145 68.0481 4.1154
146 72.2895 4.6935
147 69.0753 3.8502
148 73.7234 3.6534
149 71.3669 3.6748
150 79.053 4.0499
151 67.7848 4.5269
152 77.3496 4.5488
153 70.3923 4.7486
154 63.2086 4.2297
155 83.266 3.4646
156 82.2164 4.1316
157 72.2998 4.5463
158 78.0389 4.6535
159 86.8112 3.5404
160 86.8628 4.9526
161 87.7685 4.3727
162 59.1868 4.698
163 70.9957 4.4537
164 58.6514 6.4841
165 57.4955 4.0659
166 66.7227 4.7725
167 69.1787 2.9633
168 56.4464 2.858
169 72.7985 2.7914
170 58.6773 5.1392
171 73.6467 2.5355
172 90.0195 3.9931
173 80.3825 3.0396
174 78.9146 2.3455
175 75.9906 2.124
176 85.8773 2.806
177 75.8541 2.7894
178 86.7644 2.389
179 69.1097 2.1777
180 70.9317 2.7565
181 73.8896 2.7607
182 69.3312 0.6212
183 58.6937 2.6703
184 72.4939 4.619
185 63.214 2.7772
186 86.645 5.5686
187 69.0706 2.4663
188 74.6956 8.405
189 61.1617 6.7132
190 75.0409 5.0562
191 75.1479 5.4083
192 66.9729 5.4658
193 72.0094 6.2857
194 73.8909 4.4273
195 67.765 5.4899
196 88.26 5.8083
197 71.4405 6.6357
198 78.7754 5.7564
199 63.3324 4.592
200 60.1524 6.7179
201 73.1325 4.0897
202 77.791 4.4873
203 59.5939 4.8419
204 63.5045 3.6001
205 78.069 6.7478
206 75.5604 5.6214
207 0 0
208 0 0
209 62.1621 3.1485
210 65.3806 4.5947
211 77.2577 6.0082
212 68.8652 3.2917
213 64.5593 3.1169
214 77.6234 2.6192
215 70.4675 5.8268
216 73.7499 5.165
217 69.6304 3.585
218 74.9082 3.9469
219 63.4183 3.8971
220 69.7242 3.8859
221 67.3174 3.9324
222 61.1271 6.1934
223 73.9223 4.8109
224 66.8198 4.576
225 79.2915 4.281
226 77.0974 3.4701
227 70.6542 2.8721
228 0 0
229 0 0
230 64.6094 3.3316
231 79.6094 2.8652
232 81.5544 2.835
233 76.4084 3.4847
234 71.1677 4.4367
235 68.5687 3.7622
236 75.8688 3.299
237 -91.6592 32.5948
238 75.5816 2.9177
239 73.892 4.1221
240 62.2121 3.0452
241 73.2617 2.0415
242 73.5806 4.0673
243 74.2506 3.8502
244 76.118 3.4532
245 66.9203 2.6981
246 64.6561 2.8111
247 69.4209 2.6986
248 70.1818 2.6119
249 0 0
250 0 0
251 0 0
