0 77.4189 3.4331
1 72.9113 4.3121
2 69.776 4.5075
3 56.8416 4.7018
4 67.9429 6.3064
5 73.157 5.5828
6 70.6117 5.5097
7 75.1832 5.7173
8 64.234 5.4089
9 78.3249 4.8191
10 74.3308 4.2286
11 70.765 4.6722
12 74.6282 5.5208
13 66.5982 3.8683
14 71.8518 4.6601
15 67.5388 4.3564
16 74.213 4.8505
17 73.7371 4.0086
18 73.616 3.6416
19 73.1836 4.8709
20 76.7602 3.987
21 72.0999 4.5226
22 62.2746 3.4057
23 76.8941 3.8904
24 76.3097 4.3823
25 80.7003 5.3252
26 86.277 5.9988
27 75.5201 5.0882
28 58.9142 6.622
29 62.4694 4.4022
30 74.8471 4.4989
31 68.7689 3.1641
32 62.7177 4.3362
33 76.4567 4.1356
34 69.0923 6.1051
35 67.8971 4.1879
36 70.2198 3.5525
37 68.6142 3.4419
38 70.0845 3.9902
39 67.0762 3.1563
40 67.4051 3.4019
41 66.4845 3.3441
42 84.4908 2.9697
43 72.5974 4.1876
44 75.6732 4.6686
45 70.2784 3.8132
46 59.2794 2.9109
47 79.1577 4.1112
48 63.6069 3.1362
49 68.1615 2.5681
50 75.7217 3.5045
51 73.6992 4.9298
52 74.8971 3.3966
53 66.0761 5.1821
54 59.4674 5.0415
55 83.5508 2.1592
56 61.0545 4.1714
57 68.1476 2.6092
58 67.9901 4.4652
59 74.8816 4.0313
60 76.5167 3.0025
61 61.5257 2.1685
62 75.422 4.5878
63 65.5457 4.6372
64 67.3654 7.6161
65 74.0411 6.0066
66 74.159 8.2882
67 89.5795 6.5925
68 71.9356 7.1587
69 76.192 5.7638
70 72.357 6.5075
71 71.4084 7.4557
72 78.5254 6.6292
73 59.1934 6.0728
74 53.9038 5.8071
75 49.6304 6.1572
76 64.4525 3.8843
77 71.8115 4.4291
78 57.57 4.913
79 64.2606 5.4817
80 57.2384 6.8976
81 0 0
82 0 0
83 79.8847 4.5322
84 76.6334 3.7488
85 85.8904 4.167
86 82.4703 3.37
87 72.7886 4.1794
88 95.7621 4.6566
89 73.9592 6.1442
90 86.438 4.7172
91 85.7303 4.2665
92 80.7878 4.9286
93 91.9207 4.0109
94 81.2726 4.2251
95 93.3846 4.1541
96 79.1101 4.0035
97 91.1806 4.175
98 75.6362 4.4976
99 67.9009 4.8748
100 61.5485 5.3127
101 84.7667 4.257
102 0 0
103 0 0
104 58.8564 2.3446
105 67.2951 3.3069
106 72.0048 2.8568
107 60.4268 2.6648
108 79.7675 2.1437
109 73.9679 4.0009
110 81.2923 3.0375
111 74.1586 2.5631
112 75.7992 2.6383
113 90.5481 3.4423
114 72.5376 2.3736
115 81.3217 2.6285
116 86.2981 3.926
117 79.015 5.4873
118 73.1091 4.278
119 97.5356 3.2547
120 78.3411 3.4197
121 94.2309 3.053
122 87.454 4.4233
123 0 0
124 0 0
125 85.1269 2.4674
126 81.8312 3.6788
127 82.7066 3.5366
128 67.2562 3.5912
129 75.4761 3.0599
130 72.8125 4.3418
131 75.5022 5.7781
132 74.8138 7.0524
133 63.5262 6.9739
134 66.0917 5.2844
135 72.0589 3.7694
136 73.0348 5.8859
137 63.6436 6.5964
138 70.5892 3.7181
139 73.5961 5.6524
140 73.6956 3.7888
141 69.9238 3.9857
142 65.4995 4.4464
143 67.2875 3.2449
144 61.5157 2.9925
145 68.0225 3.8155
146 71.8399 4.4717
147 68.4082 3.807
148 73.3679 3.5273
149 71.3277 3.3441
150 78.438 4.3072
151 67.3682 4.4645
152 76.6759 4.6544
153 69.9582 4.6461
154 63.0108 4.0253
155 83.0748 3.3055
156 81.8377 3.9259
157 72.0649 4.4762
158 78.2032 4.5781
159 87.0425 3.3806
160 86.5273 4.5906
161 87.8378 4.063
162 58.7023 4.8355
163 71.0546 4.2073
164 58.3479 6.1288
165 57.5795 3.7911
166 66.8036 4.7311
167 69.1955 2.7566
168 55.948 2.7151
169 72.4009 2.6054
170 58.5842 4.701
171 73.8838 2.4369
172 90.2195 3.698
173 80.2473 2.972
174 79.0339 2.2946
175 76.5687 2.0272
176 85.6642 2.7181
177 75.8573 2.5201
178 86.6374 2.2585
179 69.7171 2.6155
180 70.8977 2.5634
181 73.807 2.7153
182 69.3086 0.6683
183 58.5204 2.4788
184 72.3957 4.2153
185 62.8423 2.7263
186 86.4955 5.7622
187 69.5221 2.8608
188 75.3172 7.7597
189 60.9022 6.2629
190 74.6927 4.487
191 75.1803 5.3011
192 67.5367 5.1371
193 72.1202 6.1994
194 74.001 4.272
195 67.2841 5.0963
196 87.9987 5.6038
197 70.7056 6.2106
198 78.7348 5.3606
199 62.7677 4.6383
200 58.9494 6.5823
201 72.4411 3.8997
202 77.0268 4.2246
203 59.3199 4.6344
204 62.9893 3.5991
205 77.1777 5.3995
206 74.7137 5.1639
207 0 0
208 0 0
209 61.3548 3.0885
210 64.6631 4.455
211 72.2822 2.4294
212 68.3286 3.2128
213 63.5721 3.1326
214 76.7171 2.3518
215 69.2919 5.3782
216 73.3122 4.7745
217 69.4354 3.4339
218 74.541 3.9901
219 62.9199 3.9444
220 69.7979 3.4806
221 67.1253 3.7591
222 60.6577 6.0399
223 73.462 4.7098
224 66.3521 4.2913
225 79.2893 4.0666
226 77.0951 3.4295
227 70.8545 2.8101
228 0 0
229 0 0
230 64.5591 3.1159
231 79.1686 2.7839
232 81.4246 2.6968
233 76.6201 3.2273
234 71.3112 4.2864
235 68.1319 3.4545
236 75.695 2.9454
237 80.4027 3.2883
238 75.9594 2.8287
239 74.0042 3.8163
240 62.3311 2.8726
241 73.6044 1.9939
242 73.4666 3.9971
243 74.441 3.8061
244 76.0376 3.2427
245 66.7368 2.6213
246 64.2177 2.7682
247 69.3941 2.7001
248 69.8798 2.4354
249 0 0
250 0 0
251 0 0
