0 76.9864 3.5019
1 73.0415 4.3241
2 69.8474 4.6657
3 57.1735 4.619
4 68.4667 6.3292
5 73.737 6.1209
6 71.0837 5.8982
7 74.9296 6.1652
8 64.0956 5.48
9 78.2745 4.9392
10 74.1549 4.2037
11 70.3237 4.6179
12 74.6045 5.9405
13 66.8172 3.8174
14 72.2517 4.9005
15 67.45 4.4762
16 73.9881 4.7355
17 73.9695 4.1482
18 73.3533 3.65
19 73.2793 5.0912
20 77.4678 4.1813
21 72.5657 4.5892
22 62.6669 3.8552
23 77.5822 3.9698
24 76.7335 4.5302
25 80.9944 5.7726
26 87.4034 6.7838
27 76.6017 5.4626
28 59.0394 6.8863
29 62.7507 4.6902
30 75.0784 4.5368
31 68.7191 3.233
32 62.8467 4.2461
33 76.9233 4.2379
34 69.8719 6.7084
35 68.5047 4.5283
36 70.4437 4.1293
37 69.0739 3.6653
38 70.7451 3.6568
39 68.1023 3.713
40 67.7454 3.7304
41 66.764 3.3924
42 84.7756 3.102
43 72.8544 4.1537
44 75.7451 5.1965
45 71.1089 3.8508
46 59.8429 2.9645
47 79.7505 4.187
48 63.7875 3.2221
49 68.696 2.5082
50 75.9451 3.5337
51 74.2182 4.8748
52 75.384 3.6221
53 65.8475 5.4814
54 59.0005 5.3205
55 83.065 2.1694
56 60.9235 4.4199
57 67.6252 2.5646
58 68.1715 4.5445
59 75.1523 4.7101
60 76.5833 2.9235
61 61.2136 2.3476
62 75.3404 4.9247
63 65.7385 5.1819
64 67.3007 8.2403
65 74.156 6.0425
66 73.7478 8.3375
67 89.4689 6.6557
68 71.6906 7.0716
69 76.6187 5.9007
70 72.6543 6.2732
71 71.3112 7.4838
72 78.101 6.7357
73 60.3209 5.9779
74 53.7793 6.277
75 50.6311 5.6887
76 65.2253 3.7381
77 72.5471 4.408
78 59.1347 4.3605
79 65.211 5.102
80 59.5386 6.1215
81 0 0
82 0 0
83 80.8592 4.6114
84 76.7524 3.654
85 86.4214 4.1577
86 82.8541 3.4426
87 73.2924 4.0225
88 95.8738 4.487
89 74.5987 5.3445
90 86.5843 4.5124
91 85.6457 4.2058
92 80.9837 4.7356
93 92.101 4.1629
94 81.4007 4.1046
95 92.6456 4.1563
96 79.2379 3.9356
97 90.78 4.2894
98 76.13 4.3934
99 68.2819 4.7507
100 61.8405 5.2298
101 85.1998 4.2507
102 0 0
103 0 0
104 59.1537 2.5093
105 67.8187 3.4033
106 72.1677 2.9823
107 60.0751 2.8181
108 79.5679 2.19
109 73.9 3.9218
110 81.2696 3.2052
111 74.2359 2.7383
112 76.1065 2.5622
113 90.5592 3.5885
114 72.4066 2.5325
115 81.016 2.6426
116 86.2113 4.0694
117 79.1512 5.8964
118 73.4949 4.2497
119 97.272 3.3024
120 78.0269 3.5744
121 93.9871 3.2225
122 86.96 4.5269
123 0 0
124 0 0
125 85.4752 2.4501
126 82.7026 3.5753
127 83.0946 3.5837
128 68.13 3.607
129 75.7286 2.9878
130 73.3777 4.3441
131 76.4231 5.2981
132 75.6474 7.2253
133 63.7611 7.3921
134 65.8764 5.2824
135 72.9321 3.8124
136 73.6346 5.9589
137 63.3742 6.7418
138 70.7188 3.7239
139 74.4307 6.687
140 74.2236 4.3616
141 70.136 3.9126
142 64.9683 4.6226
143 66.9277 3.5343
144 61.6398 3.0777
145 68.1202 4.0081
146 72.2253 4.579
147 69.1871 4.1082
148 73.6812 3.465
149 71.5729 3.5964
150 78.8609 3.9911
151 67.5598 4.6602
152 77.3788 4.7404
153 70.4218 4.5001
154 63.6761 4.0292
155 83.1638 3.3205
156 82.2513 4.1645
157 72.3128 4.4045
158 78.1116 4.3187
159 87.3208 3.4993
160 86.9258 4.9679
161 87.6676 3.9767
162 59.0168 4.9866
163 71.1696 4.4626
164 58.402 6.6598
165 57.5369 4.2647
166 66.8074 4.7937
167 69.3694 2.9108
168 56.4954 2.7905
169 72.7775 2.6341
170 58.6396 5.2097
171 73.8523 2.6089
172 90.0553 3.9151
173 80.437 2.8677
174 78.8389 2.373
175 76.1967 2.0791
176 86.0975 2.8164
177 75.8996 2.6846
178 86.7038 2.5365
179 68.521 2.9478
180 71.1059 2.6084
181 73.9126 2.7015
182 69.2517 0.5895
183 58.8718 2.6424
184 72.5547 4.5175
185 63.3406 2.8266
186 86.6565 5.7006
187 69.0322 2.3944
188 74.494 8.1083
189 61.3464 6.3856
190 75.1422 5.067
191 74.918 5.4557
192 67.2818 5.4918
193 72.3122 6.3906
194 73.9322 4.3329
195 67.8508 5.2833
196 88.2903 5.9486
197 70.9825 6.4836
198 78.8243 5.8805
199 63.1376 4.6981
200 59.9873 6.6621
201 73.0491 4.273
202 77.5631 4.3329
203 59.3139 4.8177
204 63.4174 3.5818
205 78.1805 6.2169
206 75.6011 5.5685
207 0 0
208 0 0
209 61.7458 3.1144
210 65.6796 4.5072
211 77.4865 5.7987
212 68.8764 3.3277
213 63.786 3.1551
214 77.2125 2.6878
215 70.1297 5.8115
216 74.2199 5.188
217 69.5772 3.7186
218 74.6586 4.0433
219 63.5468 3.9337
220 69.8284 3.6508
221 67.3838 3.8799
222 60.9826 6.1004
223 74.056 4.8781
224 66.9614 4.9128
225 79.2445 4.2723
226 77.4392 3.2919
227 70.9516 2.9066
228 0 0
229 0 0
230 64.7099 3.1464
231 79.5377 2.7702
232 81.4919 2.6621
233 76.2955 3.4304
234 71.3883 4.2691
235 68.605 3.4344
236 75.6901 2.9962
237 -90.5482 32.7575
238 75.4346 2.9741
239 73.8885 3.8966
240 62.4456 3.0101
241 73.2568 1.9902
242 73.476 4.0276
243 74.1618 3.6736
244 75.9663 3.3756
245 66.9542 2.6552
246 64.6534 2.9029
247 69.4233 2.7993
248 70.028 2.5588
249 0 0
250 0 0
251 0 0
