0 77.0628 3.3454
1 73.0038 4.2309
2 69.8223 4.6723
3 56.6128 4.8127
4 68.2327 6.2212
5 73.4661 5.8283
6 70.997 5.605
7 75.2162 6.1085
8 63.9062 5.4044
9 78.2174 5.1312
10 74.0242 4.3943
11 70.4027 4.5737
12 74.969 5.7455
13 66.7041 4.3449
14 72.1865 5.0816
15 67.4491 5.2651
16 73.7919 5.3785
17 73.7366 4.6097
18 73.4182 3.7138
19 73.1355 4.8175
20 77.0877 4.0746
21 72.6687 4.5051
22 62.9464 3.7146
23 77.6363 3.9625
24 76.4364 4.5259
25 81.1094 5.3334
26 87.0968 6.1324
27 76.7786 5.2194
28 59.0396 6.6052
29 62.652 4.6745
30 75.0618 4.8005
31 68.8529 3.3849
32 62.5703 4.3106
33 77.009 4.5082
34 69.5982 7.78
35 68.6365 4.4253
36 70.4285 3.7935
37 68.9697 3.8353
38 70.4631 4.1025
39 68.3058 4.0204
40 67.8913 3.6372
41 66.9477 3.5558
42 84.8902 3.2084
43 73.0173 4.3
44 75.5454 4.7779
45 71.1172 3.8892
46 60.0514 2.9937
47 79.7071 4.2454
48 63.9496 3.2157
49 68.6687 2.7845
50 76.051 3.4867
51 74.019 4.8875
52 75.2708 3.4705
53 66.197 5.1854
54 58.7961 5.4214
55 83.0075 2.1339
56 60.7309 4.4495
57 67.7845 2.5667
58 68.2596 4.4456
59 75.0888 4.4575
60 76.6825 2.8041
61 60.9902 2.3987
62 75.3038 5.1728
63 65.3542 5.2238
64 67.0171 8.43
65 74.2888 6.1813
66 73.4689 8.01
67 89.3369 6.6078
68 71.4741 7.0162
69 76.4786 5.7096
70 72.7926 6.1927
71 71.5748 7.7498
72 78.22 6.5633
73 60.1016 5.9636
74 54.4713 5.8348
75 50.0464 6.0586
76 65.1089 3.8111
77 72.3009 4.5297
78 58.9114 4.3746
79 64.9559 4.913
80 59.2806 6.3229
81 0 0
82 0 0
83 80.7922 4.4868
84 76.291 3.8016
85 86.0447 4.2638
86 82.4672 3.5717
87 73.1041 4.1172
88 95.6068 4.5992
89 74.4814 5.6329
90 86.6252 4.9114
91 85.352 4.245
92 80.825 4.9051
93 92.0266 4.0691
94 81.2943 4.4654
95 92.2906 4.3051
96 78.8165 4.103
97 90.5737 4.1339
98 75.9177 4.8655
99 68.2396 5.3041
100 61.5146 5.7239
101 84.6298 4.3805
102 0 0
103 0 0
104 59.0248 2.5126
105 67.5249 3.4762
106 71.8946 2.993
107 59.9679 2.7732
108 79.4143 2.2401
109 73.8571 4.2709
110 81.1537 3.3807
111 74.1298 2.7058
112 75.8797 2.6346
113 90.6351 3.4771
114 72.4893 2.5592
115 81.057 2.6758
116 86.1738 4.2015
117 78.9319 5.6146
118 73.2698 4.1127
119 97.3296 3.4476
120 77.8229 3.5451
121 93.8215 3.3009
122 86.9636 4.5602
123 0 0
124 0 0
125 85.1271 2.5405
126 82.4594 3.6965
127 83.0507 3.6801
128 67.8083 3.5775
129 75.395 3.0788
130 73.258 4.5268
131 76.1396 5.2616
132 75.6123 7.3362
133 63.7101 7.2253
134 65.9305 5.3949
135 72.6427 4.2049
136 73.3535 5.8654
137 63.3093 6.9516
138 70.6923 3.6276
139 74.4391 6.3357
140 74.1006 4.7428
141 69.9944 3.8881
142 64.8535 4.9793
143 67.0668 3.3262
144 61.5065 3.1671
145 68.1833 4.0456
146 72.1487 4.5666
147 68.951 4.0025
148 73.581 3.6148
149 71.5205 3.5658
150 79.0418 3.8148
151 67.8345 4.5629
152 77.3163 4.9869
153 70.3456 4.5822
154 63.2635 4.1052
155 82.9363 3.5442
156 82.0519 4.2109
157 72.0336 4.5867
158 77.9285 4.5222
159 87.07 3.6861
160 86.7587 5.0076
161 87.4959 4.3229
162 58.8334 4.9089
163 70.8726 4.7711
164 58.6697 6.514
165 57.5496 4.2643
166 66.4427 5.134
167 69.3375 2.6774
168 56.5416 2.7295
169 72.7267 2.6316
170 58.6836 4.9669
171 73.545 2.4077
172 90.1111 3.9097
173 80.4152 2.9582
174 78.9801 2.2496
175 76.0774 2.0587
176 85.9068 2.8753
177 75.8706 2.68
178 86.8154 2.5253
179 69.1179 2.1884
180 70.9161 2.6686
181 73.9043 2.6518
182 69.4541 0.6268
183 58.9331 2.5917
184 72.8787 4.5052
185 63.137 2.7827
186 86.7665 5.6487
187 69.1889 2.5065
188 74.8041 8.203
189 61.3485 6.4031
190 75.0744 5.1148
191 75.0067 5.3795
192 67.1632 5.4676
193 71.9055 6.3238
194 73.6726 4.4234
195 67.6877 5.3472
196 88.1511 5.9613
197 70.8379 6.6797
198 78.6542 5.5043
199 63.1712 4.7095
200 60.092 6.6955
201 72.9087 4.0053
202 77.696 4.4624
203 59.2732 4.7192
204 63.5002 3.5929
205 77.494 6.2724
206 75.2781 5.521
207 0 0
208 0 0
209 61.8389 3.1714
210 64.9926 4.748
211 77.8444 5.8319
212 68.539 3.3452
213 64.0439 3.3953
214 77.1833 2.5644
215 70.3979 5.5538
216 73.7396 5.3961
217 69.4255 3.7198
218 74.6282 3.9736
219 63.356 3.9201
220 69.566 3.7785
221 66.8564 4.0139
222 60.7697 6.3414
223 73.8987 4.9882
224 66.4987 4.9297
225 79.2502 4.0178
226 77.0482 3.4158
227 70.7659 2.8382
228 0 0
229 0 0
230 64.8447 3.2071
231 79.5219 2.8057
232 81.5517 2.8197
233 76.2902 3.3868
234 71.3535 4.2563
235 68.5742 3.6414
236 75.7059 3.0266
237 -57.7607 32.0643
238 75.8255 2.9766
239 73.8216 4.1647
240 62.5059 3.1365
241 73.4173 2.1048
242 73.472 4.3397
243 74.1291 3.9736
244 76.1439 3.6425
245 66.8963 2.7284
246 64.4998 2.9297
247 69.4107 2.8315
248 70.3072 2.6583
249 0 0
250 0 0
251 0 0
