0 77.7161 3.3109
1 73.045 4.1263
2 70.1128 4.4529
3 56.4601 4.7253
4 68.0229 5.788
5 73.0634 6.0754
6 70.9956 5.6121
7 75.5637 5.8039
8 64.603 5.013
9 78.2781 4.6306
10 74.393 4.0254
11 70.7553 4.82
12 74.9206 5.2993
13 66.6988 3.4514
14 71.9976 4.6216
15 67.4821 4.3733
16 74.0888 4.4573
17 73.6509 4.2764
18 73.6516 3.9239
19 73.4976 4.0715
20 76.8107 3.8475
21 72.1118 4.5686
22 62.4825 3.565
23 77.0381 3.788
24 76.1441 4.3954
25 80.7348 5.4136
26 86.4402 5.9372
27 75.4762 5.1366
28 59.1412 6.5322
29 62.4173 4.4892
30 75.0049 4.2767
31 68.8584 3.1948
32 62.932 4.2852
33 76.669 4.4029
34 69.2624 6.4424
35 67.9562 3.8463
36 70.5471 3.5022
37 68.6727 3.757
38 70.2299 3.7244
39 67.1569 3.494
40 67.5243 3.2313
41 66.9468 3.5352
42 84.5386 3.0939
43 72.6458 4.0049
44 75.5466 4.8688
45 70.329 3.7141
46 59.4829 2.9111
47 79.304 4.1376
48 63.6134 3.1284
49 68.1977 2.5756
50 75.5418 3.4645
51 73.8475 4.9306
52 74.8623 3.2645
53 66.3201 5.2028
54 59.5032 4.9248
55 83.5238 2.1849
56 61.1198 4.0862
57 68.0503 2.4838
58 67.7544 4.3135
59 74.729 4.2125
60 76.3163 2.9129
61 61.4368 2.2139
62 75.362 4.4964
63 65.7071 4.8053
64 67.1087 7.4233
65 74.6594 5.8252
66 74.4035 7.8652
67 89.6284 6.5443
68 71.9766 7.0308
69 76.5614 5.8243
70 72.5418 6.166
71 72.0398 7.4267
72 78.0025 6.1836
73 59.1329 6.0997
74 54.2707 5.714
75 49.9435 5.7077
76 64.2511 3.9171
77 71.4627 4.3613
78 57.4223 4.8801
79 64.1893 4.93
80 57.4527 6.8149
81 0 0
82 0 0
83 80.4272 4.5191
84 77.0062 3.7287
85 86.1334 4.0135
86 82.8931 3.3007
87 73.2319 4.0746
88 95.7931 4.321
89 74.377 5.5793
90 86.5376 4.3859
91 85.8399 4.0964
92 81.2623 4.5733
93 92.1082 3.9605
94 81.4573 4.1734
95 93.581 3.9175
96 79.4168 3.7957
97 91.2597 3.9128
98 75.8151 4.4275
99 68.0191 5.2296
100 61.6327 5.2322
101 84.7114 4.2549
102 0 0
103 0 0
104 58.8373 2.4079
105 67.3446 3.2453
106 71.9909 2.9309
107 60.5026 2.6897
108 79.8835 2.0629
109 74.0704 3.989
110 81.3265 3.0581
111 74.1322 2.6573
112 75.7866 2.6022
113 90.4829 3.4276
114 72.3903 2.4703
115 81.2328 2.4613
116 86.4176 4.1034
117 79.4715 5.5539
118 73.1009 3.9228
119 97.7419 2.9804
120 78.4705 3.3358
121 94.6586 2.9031
122 87.7926 4.571
123 0 0
124 0 0
125 85.2714 2.4484
126 82.0836 3.3414
127 82.7889 3.5095
128 67.402 3.6941
129 75.5647 2.7841
130 72.9795 4.0892
131 75.2573 5.093
132 75.1149 7.2816
133 63.4871 7.0107
134 65.9354 5.3024
135 72.2223 3.7555
136 72.8175 5.5782
137 63.3197 6.4898
138 70.8961 3.6428
139 73.9213 5.9018
140 73.8822 3.7605
141 69.9523 3.4115
142 65.3312 4.4273
143 67.2649 3.218
144 61.33 3.1373
145 68.0019 3.4917
146 72.0055 4.1933
147 68.6066 4.0487
148 73.5135 3.4978
149 71.2608 3.2783
150 78.8121 3.8717
151 67.4999 4.2838
152 77.0932 4.3259
153 70.1782 4.7917
154 62.9395 3.8306
155 83.1237 3.1658
156 82.0994 4.1782
157 72.1042 4.0616
158 78.3487 4.2246
159 87.2277 3.3685
160 86.6732 4.8424
161 87.9162 4.0911
162 58.555 4.8198
163 70.946 4.3098
164 58.4113 6.2062
165 57.2362 4.1247
166 66.6478 4.8838
167 69.1695 2.7293
168 56.0907 2.6931
169 72.5534 2.4425
170 58.6721 4.8023
171 74.129 2.2195
172 90.2909 3.8055
173 80.4075 2.9163
174 79.0722 2.1636
175 77.0119 2.0284
176 85.7335 2.4681
177 76.1466 2.4737
178 86.7486 2.2377
179 69.4656 2.3965
180 71.0803 2.5039
181 73.95 2.6354
182 69.3084 0.6539
183 58.5842 2.487
184 72.4304 4.2073
185 63.0022 2.6658
186 86.1871 4.8217
187 69.7867 2.7852
188 75.1108 8.0483
189 60.7432 6.3184
190 74.8404 4.6267
191 75.3477 5.1035
192 67.4788 5.1903
193 71.9413 6.061
194 74.1288 4.2381
195 67.6797 5.0541
196 88.1767 5.7876
197 70.7198 6.1164
198 78.7763 5.2314
199 62.1771 4.7817
200 59.5319 6.5345
201 72.1673 3.8022
202 77.3935 4.2065
203 59.087 4.5674
204 62.6407 3.4031
205 76.6871 4.926
206 74.7978 5.8192
207 0 0
208 0 0
209 61.5566 3.0447
210 64.4095 4.6411
211 72.4067 2.3824
212 68.1874 3.2635
213 64.1398 3.1564
214 77.0795 2.2732
215 70.3921 5.1996
216 73.4502 4.6736
217 69.4538 3.1398
218 74.3604 3.4771
219 63.1695 3.7893
220 69.8344 3.5594
221 67.5024 3.5749
222 61.0817 5.7109
223 73.6393 4.3746
224 66.4162 4.2446
225 79.2914 4.0025
226 77.3734 3.3665
227 70.9733 2.7556
228 0 0
229 0 0
230 64.6366 3.1876
231 79.3155 2.6666
232 81.4999 2.6194
233 76.8808 3.3883
234 71.4784 4.1355
235 68.3932 3.5667
236 75.6585 2.9566
237 -91.826 38.4398
238 76.2115 2.8005
239 73.9842 4.0945
240 62.333 2.9153
241 73.6547 2.0281
242 73.6378 3.9862
243 74.4286 3.7895
244 75.9689 3.14
245 66.7884 2.5431
246 64.272 2.7902
247 69.5177 2.6278
248 69.9605 2.6044
249 0 0
250 0 0
251 0 0
