0 77.3716 3.5263
1 72.7328 4.3517
2 69.7127 4.4784
3 56.1767 4.8267
4 67.5527 6.3085
5 72.9912 5.7635
6 70.419 5.4559
7 75.019 6.0909
8 64.2783 5.2061
9 78.0338 5.167
10 73.7661 4.5119
11 70.2187 4.8114
12 74.4866 5.4404
13 66.6501 3.9889
14 71.7736 4.7625
15 67.2244 4.7025
16 74.1052 4.9943
17 73.6109 4.7148
18 74.0703 3.5356
19 73.0384 3.9748
20 76.8339 3.9624
21 72.1182 4.4606
22 62.3238 3.6939
23 77.0246 3.7252
24 76.0175 4.5372
25 80.7287 5.3702
26 86.6734 6.0654
27 75.7796 5.3297
28 58.8019 6.8295
29 62.3893 4.3588
30 74.7936 4.5697
31 68.8858 3.2642
32 62.8771 4.2205
33 76.4302 4.6817
34 68.7354 6.7385
35 67.6578 4.2463
36 70.453 3.7736
37 68.3492 4.1675
38 70.1322 3.747
39 66.9553 3.9373
40 67.4629 3.9516
41 66.5926 3.381
42 84.4066 3.0671
43 72.7281 4.0537
44 75.7263 4.6654
45 70.3469 3.7585
46 59.4157 2.9061
47 79.1475 4.1509
48 63.5442 3.2474
49 68.2365 2.5615
50 75.6268 3.4492
51 73.8396 4.7791
52 75.0335 3.5705
53 66.2344 5.1372
54 58.9019 5.2663
55 83.4038 2.1731
56 60.9024 4.3201
57 68.3268 2.4162
58 67.8033 4.3812
59 74.7187 4.8622
60 76.4337 2.8123
61 61.4368 2.1239
62 75.4481 4.4267
63 65.6738 4.8386
64 67.0096 7.723
65 74.5077 6.1121
66 74.0348 7.6338
67 89.6688 6.6754
68 72.4078 6.9662
69 76.1363 5.3011
70 72.3079 6.2299
71 71.472 7.5219
72 78.6141 6.5612
73 59.246 6.0062
74 52.091 6.8868
75 49.5014 5.9264
76 64.4079 3.891
77 71.575 4.7096
78 57.631 4.879
79 64.2816 5.1748
80 57.6227 6.9065
81 0 0
82 0 0
83 80.2904 4.5729
84 76.7311 3.8243
85 86.1109 4.174
86 82.4847 3.5903
87 73.1166 4.0491
88 95.5546 4.6542
89 74.1843 5.9334
90 86.4915 4.8868
91 85.6982 4.2647
92 80.801 4.7918
93 91.8409 4.0335
94 81.1929 4.3673
95 93.3956 4.2038
96 79.2613 3.9011
97 91.1403 4.1943
98 75.6645 4.2052
99 68.1241 4.9547
100 61.5243 5.6116
101 84.7995 4.4057
102 0 0
103 0 0
104 58.7827 2.4662
105 67.2515 3.3681
106 72.0485 2.9964
107 60.5732 2.6864
108 79.7635 2.1184
109 74.1218 3.8562
110 81.3251 3.3167
111 74.0413 2.7237
112 75.7473 2.5863
113 90.4536 3.497
114 72.4576 2.3469
115 81.2672 2.5886
116 86.0514 4.1657
117 79.1861 5.6022
118 73.1157 3.9257
119 97.6437 3.0981
120 78.2951 3.4324
121 94.1721 3.0893
122 87.457 4.6885
123 0 0
124 0 0
125 85.0552 2.5473
126 81.7979 3.6767
127 82.5886 3.7732
128 67.2246 3.7682
129 75.5486 3.0263
130 72.5397 4.2362
131 75.8252 5.4243
132 74.9837 7.5681
133 63.461 6.9736
134 65.9184 5.2085
135 72.1695 3.8351
136 72.9051 5.5756
137 63.2439 6.8134
138 70.644 3.597
139 73.4896 6.2752
140 73.8065 4.3547
141 70.14 3.5273
142 65.2776 4.8128
143 67.3215 3.1742
144 61.4325 3.1178
145 67.9718 3.8515
146 71.6715 4.6192
147 68.3461 4.3243
148 73.3907 3.6703
149 71.2926 3.4451
150 78.5439 3.9437
151 67.4259 4.3806
152 76.6334 4.7089
153 70.016 4.2968
154 62.654 4.1359
155 83.0143 3.4425
156 81.6609 4.2234
157 71.8137 4.3838
158 77.9695 4.6954
159 86.7319 3.5884
160 86.4584 5.2511
161 87.7559 4.0644
162 58.7329 4.643
163 70.6426 4.3917
164 58.4405 6.3496
165 57.6416 4.0309
166 66.6909 5.0185
167 69.1892 2.7251
168 56.1203 2.7957
169 72.4881 2.5921
170 58.5458 4.8397
171 73.7545 2.3455
172 90.1355 3.8387
173 80.2834 2.9909
174 79.0158 2.3228
175 76.4422 2.0956
176 85.665 2.7966
177 75.905 2.6141
178 86.6614 2.3962
179 69.6803 2.5211
180 70.7691 2.5383
181 73.7528 2.6597
182 68.929 0.5858
183 58.4643 2.3948
184 72.0606 4.4301
185 62.8852 2.5743
186 86.5369 6.4085
187 69.4149 2.7188
188 75.1124 7.8492
189 60.7431 6.1652
190 74.9029 4.7323
191 74.8621 5.3603
192 67.4503 5.2875
193 71.9247 6.2395
194 73.7598 4.1823
195 67.4334 5.3373
196 87.9308 5.8073
197 70.3359 6.2395
198 78.4065 5.6481
199 62.4482 4.99
200 59.2352 6.6971
201 72.266 3.8108
202 77.0624 4.5296
203 59.0033 4.583
204 62.7803 3.4783
205 77.0008 5.5299
206 74.682 5.2147
207 0 0
208 0 0
209 61.2792 3.1427
210 64.4529 4.8093
211 76.6033 5.9762
212 67.9718 3.4255
213 63.8633 3.3085
214 76.8609 2.524
215 69.729 5.5753
216 73.522 4.9598
217 69.1956 3.6454
218 74.4047 3.8043
219 62.7892 4.1094
220 69.5926 3.5718
221 66.8449 3.9131
222 60.3708 6.2125
223 73.317 4.7984
224 66.6032 4.6745
225 79.0856 4.2022
226 77.3488 3.5576
227 70.8728 2.8702
228 0 0
229 0 0
230 64.4074 3.2272
231 79.1792 2.7507
232 81.323 2.6731
233 76.6067 3.2611
234 71.0856 4.2657
235 68.0861 3.4231
236 75.5791 3.0806
237 80.4259 3.3698
238 75.8726 3.008
239 73.8599 3.9481
240 62.5441 2.9481
241 73.3463 2.0239
242 73.5194 3.9573
243 74.2273 3.655
244 76.12 3.5426
245 66.7146 2.8401
246 64.1764 3.0142
247 69.3508 2.7286
248 69.9703 2.6109
249 0 0
250 0 0
251 0 0
