0 77.073 3.4853
1 72.9515 4.1807
2 70.0081 4.3975
3 56.4914 4.7207
4 68.2634 6.2921
5 73.5798 6.089
6 71.1484 5.6355
7 75.0796 5.9313
8 63.8725 5.4789
9 78.0237 4.6067
10 74.251 4.4017
11 70.5128 4.6361
12 74.8577 5.435
13 66.6673 3.8516
14 72.2413 4.8469
15 67.6964 4.1309
16 74.109 5.037
17 73.8518 4.5257
18 73.6756 3.9476
19 73.3955 4.4464
20 77.3314 3.8919
21 72.8695 4.4784
22 62.9407 3.4304
23 77.7879 3.9128
24 76.4608 4.4396
25 81.3247 5.4382
26 86.7122 6.313
27 76.7404 5.1237
28 59.2599 6.6544
29 62.8102 4.4258
30 75.104 4.4275
31 68.9365 3.3123
32 62.7595 4.1852
33 76.8834 4.1723
34 69.5099 6.3548
35 68.5938 4.2705
36 70.6034 3.6339
37 69.0162 3.6411
38 70.6297 4.1359
39 68.4063 3.8401
40 67.916 3.239
41 67.1019 3.6032
42 84.7542 3.149
43 72.7974 4.1035
44 75.7919 4.881
45 71.1901 3.8059
46 60.0884 2.8466
47 79.7532 4.2169
48 63.9721 3.1275
49 68.8867 2.6841
50 76.0806 3.3767
51 74.5216 4.7677
52 75.3974 3.4503
53 65.9445 5.3224
54 59.1706 5.2437
55 83.2106 2.1223
56 61.1266 4.4055
57 67.5006 2.5508
58 68.4502 4.3822
59 74.8788 4.8649
60 76.7624 2.6702
61 61.1345 2.3234
62 75.4494 4.601
63 65.5447 5.0553
64 67.4865 7.4044
65 74.0874 6.1685
66 73.8874 8.205
67 89.6706 6.7463
68 71.7358 7.2112
69 76.1916 5.3736
70 72.4369 6.5523
71 71.4964 7.8819
72 78.2499 6.7467
73 60.5142 5.9632
74 54.4987 5.874
75 50.8898 5.7358
76 64.8969 3.9118
77 72.3292 4.5572
78 59.0641 4.618
79 65.5104 5.7042
80 59.4237 6.5368
81 0 0
82 0 0
83 81.1192 4.5386
84 76.5686 3.6851
85 86.3991 4.1045
86 82.6832 3.3184
87 73.2827 3.9954
88 95.6543 4.4235
89 74.8274 5.4
90 86.6522 4.7062
91 85.5934 4.2421
92 80.6368 4.8633
93 92.0024 4.1416
94 80.9082 4.4859
95 92.8808 4.0894
96 79.1183 4.109
97 90.9388 4.2063
98 75.8178 4.6663
99 67.9961 5.1679
100 61.4455 5.6965
101 84.722 4.6601
102 0 0
103 0 0
104 59.2085 2.4281
105 67.7613 3.3158
106 71.867 2.8048
107 60.1687 2.703
108 79.4311 2.1444
109 73.9117 4.1021
110 81.3462 3.0862
111 74.2897 2.6824
112 76.013 2.5891
113 90.8548 3.5463
114 72.5806 2.4402
115 81.0238 2.7083
116 86.247 4.043
117 79.1359 5.8268
118 73.3841 4.0378
119 97.4237 3.211
120 77.9773 3.356
121 94.1549 3.2173
122 86.8986 4.7549
123 0 0
124 0 0
125 85.385 2.4289
126 82.5132 3.3992
127 82.9412 3.4449
128 67.9546 3.4554
129 75.7036 2.9863
130 73.28 4.3207
131 76.3534 5.5247
132 75.5571 7.3049
133 64.2443 7.0915
134 66.0644 5.2836
135 73.0679 3.9311
136 73.5631 5.5262
137 63.5796 6.9337
138 70.9621 3.5895
139 74.5886 5.6258
140 74.1283 4.3898
141 70.1442 3.9597
142 65.0198 4.6008
143 67.2214 3.3409
144 61.4604 3.2858
145 67.9364 3.8463
146 72.1429 4.3809
147 68.912 3.8826
148 73.6102 3.5076
149 71.3742 3.5942
150 78.839 4.0471
151 67.7559 4.4112
152 76.9929 4.6231
153 70.194 4.5589
154 63.5574 3.9647
155 83.0271 3.5756
156 82.1955 4.1942
157 72.0761 4.4286
158 78.1848 4.3892
159 87.4134 3.4506
160 86.852 5.1382
161 87.7589 4.051
162 58.947 4.7894
163 71.1308 4.0589
164 58.8174 6.3129
165 57.5249 3.9632
166 66.8266 4.972
167 69.4488 2.6701
168 56.6233 2.7493
169 72.838 2.5108
170 58.6278 5.114
171 73.7771 2.5547
172 90.1348 3.9099
173 80.3292 3.073
174 78.8606 2.276
175 76.1786 2.0261
176 85.8493 2.8046
177 75.9041 2.58
178 86.6496 2.4551
179 69.292 2.0861
180 71.026 2.5295
181 74.0869 2.604
182 69.2974 0.59
183 58.9046 2.378
184 72.6719 4.4237
185 63.3442 2.7268
186 86.5931 5.8849
187 69.1461 2.4091
188 74.874 7.9717
189 61.304 6.2554
190 75.0352 4.7812
191 75.4546 5.1055
192 67.4224 5.2879
193 72.2249 6.1799
194 73.8728 4.2988
195 67.7662 5.2764
196 88.2305 5.8455
197 71.3415 6.0158
198 78.6963 5.5314
199 63.5271 4.5724
200 59.8843 6.724
201 72.9951 4.0654
202 77.7982 4.3035
203 59.4861 4.6547
204 63.5956 3.5376
205 73.0771 9.5279
206 75.1376 5.2764
207 0 0
208 0 0
209 61.9301 3.1393
210 64.8445 4.559
211 77.8166 6.1058
212 68.7816 3.3043
213 64.2304 3.2236
214 77.3632 2.4287
215 70.3465 5.0742
216 74.0457 5.1925
217 69.4804 3.6496
218 74.5591 3.9273
219 63.1692 3.8485
220 69.7718 3.6676
221 67.0507 3.9361
222 60.7583 5.9819
223 73.5141 5.1222
224 66.7579 4.6598
225 79.426 3.963
226 77.1522 3.5448
227 70.8019 2.8568
228 0 0
229 0 0
230 64.7078 3.1573
231 79.5628 2.7839
232 81.5402 2.6677
233 76.5753 3.2868
234 71.5621 4.3523
235 68.616 3.6808
236 75.7602 3.0784
237 -88.5916 34.6601
238 75.8871 2.9233
239 74.0414 3.982
240 62.2815 2.9973
241 73.3386 2.0498
242 73.4153 4.0411
243 73.8179 3.8484
244 75.9891 3.2412
245 66.9548 2.5732
246 64.5984 2.7405
247 69.4203 2.6592
248 70.1133 2.5392
249 0 0
250 0 0
251 0 0
