0 77.5086 3.4373
1 72.8782 4.3469
2 69.9315 4.5383
3 56.578 4.7693
4 67.8761 5.714
5 73.2178 5.5035
6 70.7536 5.7392
7 75.3611 5.6772
8 64.3948 5.18
9 78.5616 4.7953
10 74.2826 4.1336
11 70.7633 4.5819
12 74.6283 5.7607
13 66.7216 3.3866
14 71.9029 4.006
15 67.2311 4.939
16 73.9601 4.6333
17 73.6662 4.2617
18 73.5761 3.3532
19 73.2243 4.9317
20 76.8719 4.1011
21 72.1446 4.4455
22 62.3236 3.3662
23 76.9613 3.9322
24 76.2882 4.5123
25 80.7685 5.2242
26 86.6459 6.0518
27 75.624 5.0211
28 59.2924 6.4715
29 62.6748 4.4025
30 74.9397 4.4831
31 68.5664 2.9537
32 63.0683 4.1899
33 76.5407 4.3242
34 68.9656 6.2401
35 67.9919 3.8046
36 70.4403 3.247
37 68.7079 3.9655
38 70.1888 3.619
39 67.216 3.1893
40 67.3765 3.2926
41 66.7813 3.4223
42 84.6551 2.8243
43 72.4594 3.7899
44 75.5691 4.6027
45 70.2047 3.7255
46 59.5593 2.9386
47 79.2322 4.2273
48 63.846 3.1333
49 68.2014 2.6627
50 75.8729 3.3997
51 73.8111 4.6515
52 74.8586 3.4106
53 66.1725 5.3362
54 59.5708 5.0178
55 83.64 2.151
56 61.2025 4.4247
57 68.1128 2.6314
58 67.8775 4.5634
59 75.1441 4.6454
60 76.2419 2.6486
61 61.5002 2.207
62 75.206 4.5704
63 65.2082 4.9645
64 66.9797 7.6665
65 74.7945 5.8655
66 74.3312 7.7914
67 89.8254 6.2317
68 72.5859 6.7063
69 76.8988 5.53
70 72.2965 6.0818
71 71.9537 7.1771
72 78.0733 6.6716
73 59.3415 6.0783
74 54.1611 5.3894
75 49.3745 6.0661
76 64.3649 3.6714
77 71.8705 4.3128
78 57.497 4.9333
79 64.1919 5.0346
80 57.1852 6.917
81 0 0
82 0 0
83 80.1148 4.5124
84 76.9174 3.8728
85 86.1079 4.1213
86 82.8593 3.2094
87 73.1745 3.8289
88 95.9253 4.506
89 73.8379 5.3568
90 86.6261 4.4677
91 85.8058 3.9143
92 81.3402 4.5564
93 92.1711 3.8078
94 81.5779 4.2225
95 93.5942 4.1249
96 79.5871 3.7081
97 90.9673 4.0492
98 75.6204 4.2024
99 68.3886 4.6598
100 61.7125 5.2082
101 84.9596 4.1356
102 0 0
103 0 0
104 58.824 2.4249
105 67.3046 3.332
106 72.0604 2.8502
107 60.3597 2.6768
108 79.6585 2.1069
109 73.9084 3.9592
110 81.4553 3.0323
111 74.1714 2.5661
112 75.7102 2.6664
113 90.6682 3.3486
114 72.3443 2.4224
115 81.1485 2.5013
116 86.3548 4.1019
117 79.0406 5.7321
118 73.0336 3.7415
119 97.7271 2.8423
120 78.3754 3.3567
121 94.49 3.0223
122 87.4255 4.428
123 0 0
124 0 0
125 85.0748 2.5235
126 81.8395 3.5211
127 82.7818 3.4526
128 67.134 3.6694
129 75.4616 2.9469
130 72.8153 4.3497
131 75.5518 5.2612
132 75.1217 6.8051
133 63.6192 6.9302
134 65.7846 4.945
135 71.7758 3.673
136 72.8425 5.3303
137 63.6168 6.7181
138 70.5613 3.5405
139 73.6559 5.3439
140 73.8942 4.0264
141 70.2354 3.6467
142 65.4386 4.175
143 67.382 3.0876
144 61.5235 2.877
145 68.1779 3.7429
146 71.7554 4.2802
147 68.4615 3.6512
148 73.3404 3.3876
149 71.326 3.3743
150 78.6704 4.1656
151 67.4864 4.2667
152 77.247 4.5452
153 70.1222 4.5642
154 62.8397 3.9828
155 83.0946 3.5302
156 82.0557 3.8805
157 72.3906 4.3328
158 78.1363 4.2239
159 87.033 3.3407
160 86.6462 4.3992
161 87.7122 4.5297
162 58.7958 4.5516
163 71.0754 4.1158
164 58.5975 5.9711
165 57.8266 3.4808
166 66.5196 5.085
167 69.1838 2.6806
168 56.1488 2.7151
169 72.57 2.5223
170 58.5855 4.785
171 73.8621 2.3802
172 90.2396 3.7291
173 80.4365 2.7075
174 79.1624 2.1644
175 76.5534 1.9894
176 85.6103 2.6235
177 75.9223 2.5184
178 86.7983 2.4066
179 69.4356 2.3959
180 70.9924 2.5056
181 73.7334 2.6258
182 69.0015 0.5941
183 58.5869 2.3703
184 72.0616 4.5585
185 62.909 2.6842
186 86.0845 5.7908
187 69.6268 2.8148
188 75.1544 7.805
189 60.8373 5.929
190 74.8099 4.4493
191 75.3497 5.2187
192 67.7134 4.9794
193 72.1995 6.0949
194 74.0482 4.1337
195 67.5869 5.1694
196 87.9013 5.584
197 70.5251 5.9659
198 78.8874 5.2256
199 62.5603 4.7798
200 59.231 6.5436
201 72.2165 3.8148
202 77.1127 4.3123
203 58.9006 4.4854
204 62.7634 3.4058
205 76.8567 5.0695
206 74.795 5.8972
207 0 0
208 0 0
209 61.5009 3.0819
210 64.1367 4.7183
211 72.1886 2.3179
212 68.1072 3.2115
213 63.9247 3.0901
214 76.8506 2.2721
215 69.8797 5.3461
216 73.5388 4.8035
217 69.3205 3.2819
218 74.4925 3.9173
219 62.9414 3.8334
220 69.7755 3.6048
221 66.9628 3.794
222 60.6376 5.9424
223 73.4131 4.5431
224 66.2632 4.4986
225 79.4549 3.9911
226 77.5417 3.2039
227 71.1538 2.6674
228 0 0
229 0 0
230 64.8228 3.0692
231 79.3233 2.6745
232 81.4707 2.6517
233 76.7074 3.3433
234 71.301 4.2282
235 68.1518 3.5687
236 75.6638 2.9623
237 80.8876 3.3422
238 76.18 2.672
239 74.0475 4.1477
240 62.4847 2.9991
241 73.6573 2.0208
242 73.528 4.0985
243 74.4256 3.8277
244 76.0207 3.2669
245 66.8361 2.5692
246 64.3081 2.8099
247 69.3327 2.7999
248 69.9348 2.3554
249 0 0
250 0 0
251 0 0
