0 76.8309 3.6475
1 73.0067 4.2402
2 69.6794 4.5555
3 56.9897 4.6525
4 68.2009 6.5462
5 73.6466 6.3467
6 71.247 5.9484
7 74.8666 6.1853
8 63.7582 5.662
9 78.2687 4.9726
10 74.2926 4.3464
11 70.4115 5.1384
12 74.8361 6.0527
13 66.934 4.5191
14 72.4291 4.8901
15 67.7415 4.5098
16 73.9528 5.0663
17 73.8052 4.6999
18 73.5553 3.9291
19 73.5109 4.6352
20 77.3232 4.3726
21 72.4139 4.7655
22 62.6448 3.825
23 77.6553 4.3559
24 76.4221 4.7336
25 80.7946 5.8058
26 86.8787 6.838
27 76.6978 5.8798
28 58.8028 6.9905
29 62.6281 4.729
30 74.833 4.6654
31 68.7513 3.4155
32 62.427 4.5709
33 76.5561 4.5109
34 69.5268 7.6032
35 68.3168 4.3824
36 70.5653 3.9359
37 68.7666 3.8139
38 70.4214 4.21
39 68.1542 4.3791
40 67.5574 3.5527
41 66.6019 3.7101
42 84.7421 3.2015
43 72.9529 4.2274
44 75.8673 5.1489
45 71.1726 4.0481
46 59.8128 3.0762
47 79.5082 4.4444
48 63.7386 3.3109
49 68.5983 2.8434
50 75.831 3.6667
51 74.401 5.3072
52 75.4021 3.6471
53 65.6014 5.5129
54 58.7331 5.4851
55 83.0298 2.2804
56 60.5145 4.6614
57 67.541 2.7915
58 68.2726 4.7067
59 75.2578 5.2334
60 76.6473 2.8499
61 61.0379 2.4635
62 75.385 5.0136
63 65.6137 5.201
64 67.2262 8.4148
65 73.7892 6.4681
66 73.0936 8.5432
67 89.1884 7.078
68 71.2878 7.686
69 76.4404 6.0899
70 72.7995 6.8746
71 71.7123 8.5806
72 78.3952 7.169
73 59.9632 6.1046
74 54.0657 6.107
75 50.6883 5.8325
76 64.9225 3.9271
77 72.2314 4.6495
78 58.6836 4.8833
79 65.2822 5.5449
80 59.0516 6.906
81 0 0
82 0 0
83 80.9826 4.7037
84 76.2328 3.9422
85 86.3117 4.3269
86 82.2476 3.6981
87 73.1652 4.2823
88 95.682 4.7011
89 74.6884 6.3849
90 86.6127 4.8507
91 85.5255 4.6009
92 80.2128 5.1205
93 91.5517 4.4087
94 80.8402 4.7274
95 92.2485 4.5741
96 78.646 4.3674
97 90.6841 4.9496
98 75.8607 4.6944
99 68.2643 5.4289
100 61.6263 5.8094
101 84.4277 4.8748
102 0 0
103 0 0
104 58.8645 2.7023
105 67.4208 3.5603
106 71.9694 3.1169
107 59.9225 2.8701
108 79.6052 2.2985
109 73.9985 4.4379
110 81.3026 3.4915
111 74.0223 2.7965
112 75.9283 2.8295
113 90.4847 3.7811
114 72.5444 2.6613
115 81.2875 2.8738
116 85.9416 4.4416
117 79.1085 6.6584
118 73.2989 4.6227
119 97.438 3.4667
120 77.7922 3.7808
121 93.5083 3.4841
122 86.8467 5.1659
123 0 0
124 0 0
125 85.5276 2.5732
126 82.5461 3.719
127 83.1997 3.7049
128 67.9935 3.6179
129 75.9129 3.0677
130 73.5558 4.4762
131 76.3008 5.432
132 75.8486 8.1257
133 63.3396 7.3667
134 65.982 5.2623
135 72.7113 4.2137
136 73.4807 5.9195
137 63.2871 7.1584
138 70.6652 3.9054
139 74.6146 6.673
140 74.3324 4.3427
141 69.9378 3.9878
142 64.9146 4.9253
143 67.0743 3.5352
144 61.5272 3.247
145 67.6426 4.4662
146 72.015 4.9457
147 68.969 4.1487
148 73.4325 3.8396
149 71.1651 3.8256
150 78.7552 4.1795
151 67.6604 4.7136
152 77.1765 5.0255
153 70.1845 5.048
154 63.529 4.2229
155 82.9769 3.8216
156 82.0793 4.4135
157 72.1247 4.5302
158 78.0318 4.7562
159 87.0493 3.7147
160 86.9337 5.3123
161 87.8688 4.7414
162 58.791 5.4093
163 70.8114 4.465
164 58.1188 6.7262
165 57.2556 4.7114
166 65.9855 5.7834
167 69.3351 2.9225
168 56.3817 2.9099
169 72.6986 2.7556
170 58.4945 5.3351
171 73.6799 2.5342
172 89.7855 4.112
173 80.42 3.0226
174 78.7001 2.4118
175 75.941 2.1624
176 85.9646 2.8855
177 75.9187 2.7253
178 86.6918 2.5657
179 69.305 2.2116
180 70.9047 2.7935
181 73.8843 2.7468
182 69.2067 0.567
183 58.6688 2.4491
184 72.3203 4.6123
185 63.1764 2.8822
186 86.4176 5.6611
187 69.0669 2.6176
188 74.5296 8.7246
189 61.0252 6.7279
190 74.9466 5.1524
191 74.9386 5.4596
192 66.9417 5.6864
193 72.006 6.4577
194 73.828 4.4495
195 67.7837 5.4025
196 88.0763 6.2259
197 71.1398 6.6711
198 78.6363 5.7902
199 62.8096 5.0498
200 59.4846 7.0081
201 72.824 4.1252
202 77.5448 4.6006
203 59.1932 5.1218
204 63.3461 3.6671
205 78.0787 6.302
206 75.5515 5.8545
207 0 0
208 0 0
209 61.45 3.3552
210 65.2564 4.9132
211 72.6991 3.0558
212 68.3247 3.5086
213 63.9084 3.5413
214 77.0536 2.7481
215 70.69 6.2177
216 73.62 5.2253
217 69.4573 3.7444
218 74.8905 4.1156
219 63.2901 4.3785
220 69.7342 3.708
221 67.0888 3.9933
222 60.5072 6.4344
223 73.8132 5.2048
224 66.6514 4.9467
225 78.9376 4.5937
226 76.7874 3.6242
227 70.5545 3.0616
228 0 0
229 0 0
230 64.7583 3.2326
231 79.4451 2.8891
232 81.6295 3.1223
233 76.2754 3.5362
234 70.8325 4.5324
235 68.6192 3.783
236 75.7192 3.2429
237 -69.1222 32.3022
238 75.4606 3.01
239 73.6301 4.1137
240 62.3317 3.037
241 73.1152 2.1768
242 73.3863 4.1633
243 73.9581 3.9964
244 75.9057 3.7399
245 66.8794 2.7786
246 64.2616 2.928
247 69.2011 2.9895
248 69.9263 2.6597
249 0 0
250 0 0
251 0 0
