0 77.017 3.6043
1 73.0375 4.3036
2 70.352 4.488
3 56.905 4.6896
4 68.2324 6.6886
5 73.6094 6.3828
6 71.1885 5.5896
7 75.0514 6.1618
8 63.8501 5.9462
9 78.1912 4.9637
10 74.0519 4.3481
11 70.2754 4.9406
12 74.913 5.795
13 66.8481 4.3939
14 72.2921 5.079
15 68.091 4.6379
16 74.1635 5.3766
17 73.7752 4.1478
18 73.5874 4.3898
19 73.3437 4.5065
20 77.2903 4.0066
21 72.7891 4.6596
22 62.7658 3.7089
23 77.9308 4.0209
24 76.1212 4.5645
25 81.0949 5.6892
26 87.0596 6.9209
27 76.8186 5.6296
28 58.8325 6.9306
29 62.5066 4.6643
30 75.1062 4.7398
31 68.738 3.4587
32 62.684 4.3435
33 77.0551 4.3873
34 69.762 6.8436
35 68.4515 4.7719
36 70.4484 4.3041
37 68.8665 3.8571
38 70.6204 4.0542
39 67.8681 4.3647
40 67.796 3.3799
41 66.6747 3.7472
42 84.8321 3.2428
43 72.9575 4.3224
44 75.6516 5.3878
45 70.9936 3.7928
46 59.8324 3.1227
47 79.6369 4.3183
48 63.663 3.2801
49 68.7644 2.6809
50 75.9152 3.6948
51 74.7819 5.1586
52 75.3295 3.8511
53 65.787 5.3364
54 58.6479 5.4234
55 83.008 2.2034
56 60.5883 4.7498
57 67.4137 2.7206
58 68.1559 4.6998
59 75.0209 4.4048
60 76.7594 2.8491
61 61.0693 2.4041
62 75.4249 4.8869
63 65.8112 5.2337
64 67.4817 7.9468
65 73.8256 6.3636
66 73.1549 8.2954
67 89.2996 6.8317
68 71.4467 7.5835
69 76.4346 5.9921
70 72.5275 6.7878
71 71.6343 8.5577
72 78.1904 7.4222
73 60.1273 6.0047
74 54.0835 6.2001
75 50.2432 6.0942
76 65.1811 3.807
77 72.3013 4.6668
78 58.9329 4.7571
79 65.5324 5.2379
80 59.4175 6.4069
81 0 0
82 0 0
83 80.9917 4.6106
84 76.3707 3.6687
85 86.4117 4.1056
86 82.6493 3.5412
87 73.3183 4.0771
88 95.7266 4.3902
89 74.5876 5.4998
90 86.6302 4.7554
91 85.766 4.405
92 80.703 4.8002
93 92.063 4.1193
94 81.2382 4.2798
95 92.7016 4.3204
96 79.1767 4.1058
97 91.1035 4.183
98 75.9041 5.0955
99 67.9416 5.3185
100 61.5755 5.8443
101 84.6946 4.7035
102 0 0
103 0 0
104 59.0607 2.5257
105 67.675 3.4914
106 72.0838 3.1222
107 60.2624 2.7232
108 79.4673 2.1901
109 73.8583 4.4281
110 81.2763 3.284
111 74.0874 2.8417
112 76.0079 2.7308
113 90.6428 3.6486
114 72.6008 2.5111
115 81.1563 2.782
116 86.2085 4.3172
117 79.3188 6.1712
118 73.4635 4.4649
119 97.4267 3.3894
120 78.0665 3.6849
121 93.8105 3.2163
122 86.9985 4.5693
123 0 0
124 0 0
125 85.1188 2.6833
126 82.407 3.8351
127 82.9469 3.7647
128 67.6021 3.5756
129 75.3815 3.0461
130 73.1465 4.6141
131 76.1945 5.7391
132 75.3087 7.4111
133 63.8627 7.3122
134 65.7378 5.2882
135 72.9493 4.0142
136 73.4414 5.8777
137 63.2667 6.9347
138 70.7042 3.7856
139 74.622 6.054
140 74.0087 4.8432
141 69.838 4.0705
142 64.9234 4.8182
143 66.8565 3.4679
144 61.4643 3.3142
145 68.0995 4.1683
146 72.1332 4.6733
147 69.1209 4.0919
148 73.5197 3.6866
149 71.5086 3.7154
150 78.798 4.1215
151 67.7897 4.6044
152 77.1272 4.8369
153 70.291 4.5352
154 63.7298 4.0437
155 83.0666 3.5931
156 82.2538 4.2211
157 71.9154 4.4668
158 78.0327 4.6546
159 87.4111 3.5042
160 86.8628 5.1211
161 87.8108 4.3859
162 58.7561 5.2595
163 70.9903 4.6151
164 58.4528 6.7769
165 57.1858 4.7235
166 66.3023 5.6318
167 69.3324 3.0144
168 56.5048 2.8768
169 72.849 2.8354
170 58.4649 5.2457
171 73.7656 2.5484
172 89.9994 4.0687
173 80.3993 3.0056
174 78.9101 2.3646
175 76.109 2.0904
176 86.0191 2.8889
177 75.8625 2.8186
178 86.8711 2.4547
179 67.0847 4.1419
180 70.8412 2.6449
181 74.0013 2.7659
182 69.3203 0.6115
183 58.9085 2.4782
184 72.7305 4.4776
185 63.3495 2.8714
186 86.6048 5.5844
187 69.0299 2.4947
188 74.5183 8.446
189 61.0745 6.636
190 74.921 5.0911
191 74.9132 5.42
192 66.8906 5.5311
193 72.1262 6.4045
194 73.9212 4.4671
195 67.806 5.4409
196 88.1461 6.0092
197 71.0376 6.5125
198 78.7953 6.0144
199 63.3168 4.8548
200 60.0539 6.7203
201 73.043 4.1462
202 77.8216 4.5367
203 59.6223 4.7567
204 63.6747 3.5392
205 78.5374 6.3722
206 75.4064 5.8511
207 0 0
208 0 0
209 62.1718 3.1967
210 65.4752 4.8072
211 77.5426 6.3284
212 68.753 3.3959
213 64.5475 3.2689
214 77.6249 2.6157
215 71.0518 5.7406
216 73.9743 4.912
217 69.5937 3.6707
218 75.0116 3.8795
219 63.5407 4.0998
220 69.7873 3.724
221 67.1887 3.9633
222 60.9689 6.2442
223 73.9332 5.1631
224 67.1395 4.9438
225 79.2914 4.2727
226 77.0246 3.5533
227 70.7135 2.8288
228 0 0
229 0 0
230 64.7547 3.2987
231 79.4579 2.8536
232 81.6123 2.8185
233 76.2085 3.5177
234 70.9268 4.5782
235 68.7418 3.7085
236 75.7823 3.2671
237 -46.9605 30.1544
238 75.7197 2.9886
239 73.8437 4.1337
240 62.3831 3.1931
241 73.1608 2.0743
242 73.3419 4.3051
243 74.1893 4.0093
244 76.129 3.7459
245 66.9314 2.893
246 64.3683 2.9826
247 69.4862 2.9208
248 70.3792 2.6254
249 0 0
250 0 0
251 0 0
