0 76.5192 3.9278
1 72.7488 4.9827
2 69.2322 5.2037
3 56.4977 5.1101
4 67.6473 7.2239
5 72.9913 7.5308
6 70.7532 6.6831
7 74.4269 6.9381
8 63.6681 6.6806
9 78.0415 5.6343
10 73.7906 4.9479
11 69.8825 5.3594
12 73.654 6.4152
13 66.551 5.0287
14 71.694 5.8054
15 67.3938 5.5531
16 73.6202 5.7728
17 73.6381 5.1061
18 73.675 4.5695
19 73.0924 5.2783
20 76.4767 4.6843
21 71.0284 5.2967
22 61.7191 4.3805
23 76.7162 4.6946
24 75.432 5.2522
25 80.106 6.3785
26 86.6579 7.6516
27 75.6993 6.3509
28 58.4078 7.3109
29 61.6924 5.4004
30 74.5072 5.2478
31 68.4871 4.0632
32 62.306 5.2248
33 76.1222 5.0035
34 69.2656 8.4654
35 67.9506 4.8497
36 70.0376 4.6368
37 68.1265 4.7866
38 70.0804 4.3128
39 67.1426 4.4964
40 67.5254 3.7373
41 66.2487 4.0415
42 84.2242 3.612
43 72.6954 4.7383
44 75.3968 5.5844
45 69.9093 4.3746
46 58.7622 3.3405
47 78.8327 4.8392
48 62.7949 3.8246
49 67.9933 3.1158
50 74.6398 4.0211
51 73.8479 5.6376
52 74.9737 4.0904
53 64.756 6.2926
54 58.093 5.9978
55 83.0911 2.4916
56 59.886 5.3288
57 67.2773 3.252
58 66.953 5.4201
59 74.9494 5.7311
60 76.4314 3.4973
61 61.0365 2.6005
62 75.0538 5.6667
63 65.1391 6.2192
64 67.0904 9.6191
65 72.6229 7.2343
66 71.8322 9.5653
67 88.2135 7.4996
68 70.7998 8.4177
69 75.9958 6.723
70 72.0113 7.4284
71 70.9857 9.9568
72 78.1674 7.9189
73 58.8321 6.95
74 53.5793 6.1218
75 48.9352 6.7141
76 63.7674 4.5289
77 71.2602 5.4815
78 56.566 5.9476
79 63.8729 7.3555
80 55.9487 9.0201
81 0 0
82 0 0
83 79.979 5.5305
84 75.7795 4.4626
85 85.2753 5.0352
86 81.3901 4.3715
87 72.1984 4.9486
88 94.8884 5.366
89 74.0889 7.1865
90 86.3509 6.2575
91 85.5395 5.235
92 79.414 5.7816
93 90.9625 4.8093
94 80.6495 5.2295
95 92.6296 5.0318
96 77.8735 4.9112
97 91.1597 5.3634
98 75.8254 5.3166
99 67.4725 5.7075
100 60.676 6.7916
101 83.4961 5.1685
102 0 0
103 0 0
104 58.5823 2.9017
105 66.5525 3.9325
106 71.703 3.5259
107 59.87 3.1815
108 79.3351 2.4954
109 73.6075 4.7028
110 81.0816 3.7148
111 73.7306 3.0966
112 75.4548 3.097
113 84.1417 4.2909
114 72.2791 2.8539
115 81.0338 3.0888
116 85.4847 4.8365
117 79.0406 7.308
118 72.9446 4.8919
119 97.2477 3.7187
120 77.7804 4.1597
121 92.6279 3.8706
122 86.6644 5.5316
123 0 0
124 0 0
125 84.3637 2.9985
126 81.2966 4.2945
127 82.2043 4.1193
128 66.791 4.0794
129 74.9223 3.5553
130 72.0429 5.1261
131 75.7305 6.5781
132 74.8746 8.7825
133 62.1885 8.2912
134 65.3671 6.3207
135 71.8524 4.5918
136 72.1702 6.6676
137 61.4406 8.1862
138 69.3919 4.311
139 73.4635 7.5755
140 74.2381 5.0449
141 69.007 4.59
142 64.7199 5.5424
143 66.1532 4.1315
144 60.2661 3.6259
145 67.6488 4.8002
146 71.2436 5.5807
147 68.0088 4.9149
148 72.6295 4.0892
149 71.0888 4.2008
150 78.4675 4.7262
151 66.8011 5.2916
152 77.0386 5.8044
153 69.9393 5.6832
154 62.3463 4.7464
155 82.8845 4.0788
156 81.3697 4.8367
157 71.6843 5.0923
158 77.9144 5.2102
159 85.8821 4.1966
160 86.4877 5.8404
161 87.436 5.1661
162 57.5323 6.3025
163 69.8421 5.3083
164 57.4723 7.3913
165 56.6533 5.5927
166 65.7184 5.8376
167 69.1969 3.2476
168 55.8222 3.2105
169 72.6419 3.1443
170 57.8945 6.3884
171 73.9641 2.8532
172 88.9502 4.6555
173 79.8055 3.503
174 78.311 2.7225
175 75.8466 2.5073
176 85.4044 3.3259
177 76.057 3.3642
178 86.497 3.0027
179 69.709 2.9045
180 70.1385 3.0977
181 72.9089 3.0889
182 69.0744 0.691
183 57.981 2.9362
184 71.4691 5.2807
185 62.6124 3.2144
186 85.9541 6.9146
187 69.0555 3.1604
188 73.1837 10.1369
189 60.7536 7.9229
190 75.086 5.6903
191 74.1824 5.8905
192 66.1051 6.4563
193 71.1318 6.9358
194 73.2751 4.8591
195 66.8566 6.2454
196 87.7043 6.8397
197 70.4353 7.6686
198 78.4258 6.9899
199 61.2223 6.0965
200 57.1568 8.0045
201 73.1134 0.5646
202 75.4447 5.4902
203 57.1793 6.0425
204 61.7228 4.3296
205 76.4241 6.8547
206 74.9318 6.8291
207 0 0
208 0 0
209 60.4859 3.7442
210 64.9545 5.8331
211 76.0791 6.6573
212 67.4051 3.7609
213 62.9734 3.7592
214 75.8985 3.1626
215 69.8924 6.9965
216 73.5096 6.1916
217 68.5238 4.1553
218 73.998 4.7264
219 62.6011 4.5925
220 68.7728 4.4062
221 66.3742 4.5008
222 59.2935 7.0891
223 73.2194 5.7171
224 66.5563 5.6102
225 78.4561 4.9242
226 76.1766 4.3356
227 69.9878 3.4688
228 0 0
229 0 0
230 63.9765 3.6593
231 78.9478 3.2785
232 81.4319 3.2944
233 75.8928 3.8818
234 69.7359 5.3631
235 68.3036 4.1985
236 75.5633 3.6455
237 79.5198 4.5658
238 75.6506 3.4497
239 73.5426 4.781
240 62.6254 3.5575
241 72.8288 2.3201
242 73.0406 4.7855
243 74.0878 4.4602
244 76.012 4.1138
245 66.7644 3.1418
246 63.9855 3.3151
247 69.1646 3.0802
248 69.7449 2.9988
249 0 0
250 0 0
251 0 0
