0 76.8979 3.5455
1 72.9166 4.4411
2 69.6532 4.762
3 56.4035 4.8773
4 68.1463 6.8022
5 73.6341 6.0832
6 70.7854 5.7422
7 74.9334 6.3245
8 63.8453 5.7035
9 78.2076 4.8542
10 74.1298 4.4296
11 70.203 4.7084
12 74.7791 5.5814
13 66.9438 4.2544
14 72.3969 4.8
15 67.4479 4.5131
16 73.9327 4.9445
17 73.5634 3.9209
18 73.5295 3.739
19 73.3004 4.6761
20 77.3868 4.1892
21 72.428 4.7699
22 62.7305 3.8077
23 77.7606 4.0375
24 76.6165 4.6568
25 80.9173 5.6629
26 87.3487 6.7248
27 76.6281 5.5037
28 58.9298 7.1246
29 62.7814 4.5135
30 75.1205 4.7222
31 68.9563 3.3375
32 62.7273 4.4452
33 77.1718 4.2908
34 69.515 7.0998
35 68.4485 4.3251
36 70.605 3.7522
37 68.9032 4.0459
38 70.4889 3.7861
39 68.3169 4.1902
40 67.7414 3.6094
41 67.0194 3.5391
42 84.8753 3.1217
43 73.2655 4.033
44 75.799 4.9477
45 71.1773 3.9313
46 59.8614 2.9949
47 79.8826 4.27
48 63.8115 3.3795
49 68.6907 2.6396
50 75.9235 3.6206
51 74.0295 5.2588
52 75.2439 3.7746
53 65.8815 5.4613
54 58.9496 5.4393
55 83.0738 2.2713
56 60.576 4.5204
57 67.5823 2.5121
58 68.238 4.5401
59 75.4513 4.5236
60 76.636 2.8206
61 61.194 2.4243
62 75.0955 4.922
63 65.7246 5.1008
64 67.4407 8.3794
65 74.3615 6.1683
66 73.8963 8.1364
67 89.3264 6.7632
68 71.5816 7.2165
69 76.5262 5.8409
70 72.6152 6.656
71 71.8304 7.9189
72 78.1839 6.6152
73 60.4734 5.9352
74 54.2066 6.0821
75 51.3943 5.5311
76 65.1089 3.8862
77 72.5498 4.7476
78 59.0245 4.6501
79 65.3508 5.3777
80 59.1814 6.5383
81 0 0
82 0 0
83 80.9012 4.7597
84 76.4634 3.7205
85 86.4319 4.1356
86 82.8224 3.4824
87 73.2976 4.1269
88 95.879 4.4442
89 74.6835 5.7095
90 86.733 4.5165
91 85.6241 4.61
92 80.9919 4.9759
93 91.9771 4.0769
94 81.3771 4.2338
95 92.4447 4.302
96 79.0781 3.9461
97 90.5493 4.175
98 76.259 4.395
99 68.5803 4.927
100 61.7645 5.5903
101 85.1135 4.3272
102 0 0
103 0 0
104 59.1006 2.5372
105 67.6776 3.353
106 71.9666 2.9731
107 60.255 2.7434
108 79.5111 2.2075
109 73.8267 4.1397
110 81.2816 3.385
111 74.1621 2.7482
112 75.885 2.7185
113 90.6141 3.604
114 72.5641 2.5488
115 81.0944 2.6666
116 86.3552 4.1711
117 79.3969 6.0391
118 73.2399 4.3288
119 97.3298 3.3346
120 78.0049 3.7504
121 93.642 3.2314
122 87.0472 4.5596
123 0 0
124 0 0
125 85.0557 2.6128
126 82.1595 3.7625
127 82.8738 3.5908
128 67.5939 3.7204
129 75.5472 3.1592
130 73.262 4.4516
131 76.1616 5.3813
132 75.3957 7.4567
133 63.8528 7.4009
134 66.0963 5.3388
135 72.7519 3.9111
136 73.6454 5.8286
137 63.3709 7.1896
138 70.9442 3.7358
139 74.5357 6.0045
140 74.3373 4.1784
141 70.2237 3.5893
142 65.0099 4.7568
143 67.1555 3.451
144 61.6107 3.1964
145 67.7691 4.2738
146 71.7589 4.7512
147 68.5167 4.1441
148 73.2477 3.7051
149 71.1096 3.4267
150 78.4227 4.2324
151 67.272 4.5686
152 77.012 4.9274
153 69.9466 4.6957
154 63.5574 4.1254
155 83.2394 3.5152
156 82.357 3.874
157 72.2164 4.525
158 78.3041 4.3812
159 87.4244 3.6601
160 87.0024 5.2694
161 87.9285 4.4785
162 58.7429 5.1431
163 70.859 4.5069
164 58.3698 6.7757
165 57.3275 4.4845
166 66.7505 5.1283
167 69.4088 2.8868
168 56.5686 2.7935
169 72.7865 2.6948
170 58.7438 5.1283
171 73.7261 2.4959
172 90.0574 3.7722
173 80.5303 2.9276
174 78.8851 2.3261
175 76.1988 2.1602
176 86.0808 2.8873
177 75.8391 2.7973
178 86.7847 2.3812
179 69.3153 2.0957
180 70.9639 2.7386
181 74.007 2.7269
182 69.401 0.623
183 58.7708 2.6097
184 72.7442 4.397
185 63.2369 2.8184
186 86.9048 5.977
187 69.1474 2.4598
188 74.8232 8.4198
189 61.1939 6.5196
190 75.0657 4.9135
191 75.1411 5.5532
192 67.0482 5.4919
193 72.1108 6.341
194 73.8442 4.3956
195 67.6328 5.4329
196 88.2151 6.0339
197 71.4342 6.7039
198 78.8845 5.7802
199 63.3497 4.8497
200 59.8386 6.6708
201 73.0843 4.0807
202 77.5042 4.6117
203 59.53 4.7957
204 63.6258 3.629
205 78.1704 6.8345
206 75.3253 5.6834
207 0 0
208 0 0
209 61.8582 3.1513
210 65.253 4.6209
211 77.36 6.1415
212 68.5481 3.4772
213 64.147 3.3641
214 77.3217 2.6258
215 70.5599 5.2254
216 73.839 5.3706
217 69.7408 3.5887
218 74.7098 3.8654
219 63.5352 3.9555
220 69.6468 3.7753
221 67.31 3.7939
222 60.8485 6.0669
223 74.0926 5.0672
224 66.7895 4.7349
225 79.2514 4.3268
226 77.2466 3.2996
227 70.7366 2.991
228 0 0
229 0 0
230 64.758 3.2847
231 79.5341 2.8578
232 81.6205 2.8245
233 76.2642 3.4465
234 71.2426 4.5014
235 68.8333 3.6911
236 75.7591 3.2094
237 -72.6467 32.0898
238 75.8183 2.9628
239 73.9549 3.978
240 62.5495 3.04
241 73.104 2.1396
242 73.3867 4.0624
243 74.1962 3.8886
244 76.1756 3.3327
245 67.0318 2.768
246 64.5803 3.0651
247 69.3538 2.8792
248 70.2258 2.5943
249 0 0
250 0 0
251 0 0
