0 76.6616 3.7669
1 72.7926 4.556
2 69.5552 4.785
3 56.8659 4.9464
4 68.0911 6.6922
5 73.4844 6.671
6 70.9552 5.8997
7 75.0266 6.3069
8 63.6056 6.1241
9 78.0338 5.3683
10 74.1565 4.5509
11 70.2389 5.0278
12 74.6414 6.1562
13 66.9827 4.5085
14 72.3527 5.3705
15 67.2041 5.0839
16 73.6112 5.3615
17 73.6763 4.6383
18 73.2881 4.6232
19 72.9361 5.4067
20 77.3333 4.4164
21 72.0583 4.9349
22 62.5768 4.1402
23 77.4655 4.27
24 76.3284 4.8262
25 80.6294 5.941
26 87.0634 7.4675
27 76.5957 6.2028
28 58.7893 7.396
29 62.2646 5.0941
30 75.0711 4.9917
31 68.7393 3.4941
32 62.5891 4.8795
33 76.5885 4.7146
34 69.4805 7.7486
35 68.2626 5.0249
36 70.3591 4.1658
37 68.6562 4.3112
38 70.2504 4.6324
39 67.9809 4.4485
40 67.5306 3.8892
41 66.7413 3.809
42 84.6739 3.3561
43 73.191 4.4491
44 75.4872 5.3106
45 70.9646 4.1216
46 59.7277 3.1678
47 79.6132 4.4638
48 63.6321 3.4104
49 68.5769 2.7865
50 75.7258 3.7561
51 74.2954 5.0597
52 75.3089 3.7956
53 65.1802 5.8669
54 58.3375 5.4539
55 82.7898 2.2641
56 60.3331 4.969
57 67.3265 3.0028
58 68.0343 4.7537
59 74.9066 4.8271
60 76.5662 3.0298
61 60.9085 2.6383
62 75.1006 5.4592
63 65.0021 5.834
64 66.8055 9.3069
65 73.6945 6.7632
66 72.7794 8.6696
67 88.7212 7.33
68 70.8227 7.5771
69 76.5384 6.1955
70 72.432 6.9578
71 71.6793 8.8046
72 78.281 7.6035
73 60.0651 6.4162
74 54.7978 5.8518
75 50.9552 5.8568
76 64.6984 4.2013
77 72.1343 5.0285
78 58.5935 5.067
79 65.1278 6.3358
80 57.9152 8.1687
81 0 0
82 0 0
83 80.8273 5.0312
84 75.9175 4.076
85 85.8957 4.3008
86 82.1392 3.9065
87 73.0254 4.4984
88 95.4074 4.8719
89 74.1407 5.8566
90 86.8825 5.5597
91 85.3412 5.0928
92 80.2824 5.5482
93 91.3304 4.6512
94 80.9134 5.1667
95 91.7791 4.8368
96 78.23 4.3478
97 90.5159 5.0315
98 76.0615 5.1045
99 68.0284 5.3718
100 61.3635 6.1436
101 84.0514 5.3627
102 0 0
103 0 0
104 58.982 2.7244
105 67.5267 3.6611
106 71.937 3.22
107 59.9164 2.8582
108 79.4645 2.2728
109 73.9011 4.5951
110 81.3764 3.4945
111 73.9707 2.9053
112 75.9039 2.7945
113 90.318 3.7792
114 72.5114 2.6862
115 80.7885 2.8951
116 85.8666 4.4895
117 78.9853 6.667
118 73.4381 4.4533
119 97.2422 3.5593
120 77.7464 4.0001
121 93.1059 3.5316
122 86.2766 5.0665
123 0 0
124 0 0
125 85.1709 2.7802
126 82.409 3.8599
127 83.0001 3.7978
128 67.7828 3.683
129 75.4732 3.2443
130 73.0565 4.6988
131 76.1897 6.2497
132 75.9217 8.1424
133 63.4685 7.817
134 65.7113 5.7266
135 72.8621 4.1845
136 73.3588 6.0596
137 63.4292 7.0461
138 70.2937 4.0747
139 74.2634 6.9208
140 74.4273 4.9301
141 69.9348 4.0877
142 64.6354 5.1597
143 66.817 3.7438
144 61.4106 3.3788
145 67.974 4.7023
146 71.928 5.0464
147 68.8615 4.4892
148 73.2833 3.9505
149 71.2858 3.7798
150 78.682 4.32
151 67.2649 4.7948
152 77.2293 5.1927
153 70.2042 5.3442
154 63.5482 4.3972
155 82.9741 4.0284
156 82.2206 4.526
157 71.7097 4.7282
158 78.0069 4.8048
159 86.9075 3.8144
160 86.9871 5.5656
161 87.84 4.8675
162 58.5533 5.6228
163 70.321 4.9277
164 57.971 7.0092
165 56.4588 5.1172
166 66.0455 5.5798
167 69.3462 2.9732
168 56.2721 2.9619
169 72.7793 2.9681
170 58.4101 5.6504
171 73.5319 2.7337
172 89.7203 4.2118
173 80.2384 3.0744
174 78.7174 2.4282
175 75.6805 2.2526
176 85.9162 3.1123
177 75.6851 2.8606
178 86.7792 2.7117
179 69.3031 2.2255
180 70.694 2.788
181 73.6247 2.7988
182 69.3437 0.6263
183 58.6279 2.6174
184 72.1932 4.9929
185 63.0846 3.2131
186 86.5415 5.995
187 69.0094 2.7719
188 74.388 9.0255
189 61.0961 7.0141
190 74.9677 5.2227
191 74.816 5.7773
192 66.709 5.7699
193 71.5831 6.7998
194 73.3814 4.6339
195 67.6994 5.5818
196 87.9185 6.4271
197 71.3403 7.068
198 78.556 5.964
199 62.1603 5.2321
200 59.6842 6.9392
201 72.3039 4.3295
202 76.9161 4.6733
203 58.3412 5.3651
204 62.9372 3.9505
205 77.6112 6.6644
206 74.8571 6.4128
207 0 0
208 0 0
209 60.9605 3.5632
210 65.2255 5.5012
211 77.6417 6.5255
212 67.8678 3.7119
213 63.5266 3.642
214 76.4515 3.0293
215 70.0422 6.2194
216 73.6656 5.9123
217 69.3755 3.8696
218 74.4116 4.3723
219 63.1438 4.5876
220 69.2266 3.9916
221 66.6891 4.2836
222 59.9888 6.9685
223 73.8109 5.2885
224 66.7405 5.4948
225 78.7492 4.3768
226 76.5815 3.9587
227 70.1583 3.2491
228 0 0
229 0 0
230 64.4321 3.435
231 79.3151 2.9592
232 81.5922 2.9766
233 76.0326 3.67
234 70.5518 4.5928
235 68.5886 3.7811
236 75.6891 3.3853
237 32.3957 18.846
238 75.5013 3.0708
239 73.6973 4.2728
240 62.3004 3.315
241 73.0532 2.3121
242 73.2549 4.3776
243 74.0919 4.1463
244 76.0984 3.8401
245 66.9275 3.0149
246 64.2975 3.1662
247 69.2022 3.0674
248 69.8984 2.7627
249 0 0
250 0 0
251 0 0
