0 75.9713 3.6007
1 71.3134 6.0065
2 68.5838 6.1129
3 54.1585 6.1921
4 67.1165 8.9005
5 74.2143 17.7391
6 69.9327 10.022
7 77.1216 8.4481
8 62.7519 8.6391
9 77.8014 6.448
10 71.9404 6.5717
11 68.9285 6.6183
12 72.7961 7.4595
13 64.7056 5.5837
14 69.9344 6.5526
15 66.7752 6.1136
16 72.0648 7.22
17 72.9825 6.2545
18 72.8465 5.1262
19 72.4428 6.0412
20 76.4321 4.7135
21 72.6849 5.8574
22 60.9873 4.1402
23 76.6317 4.9535
24 75.6241 6.3061
25 79.077 7.1069
26 88.2887 9.3035
27 74.4259 7.5657
28 60.2325 7.3656
29 60.9694 6.0093
30 73.2287 6.3463
31 68.6708 4.5003
32 61.7011 4.132
33 74.6606 7.1704
34 68.5117 11.0999
35 66.9547 5.7346
36 68.7057 6.0427
37 68.2165 4.8284
38 68.1173 4.3206
39 66.0801 6.8352
40 66.7306 5.1237
41 65.6561 3.9469
42 83.8599 3.7639
43 72.8579 4.6523
44 75.5398 9.5333
45 69.0657 4.4152
46 59.9986 4.2061
47 78.066 4.9743
48 63.1813 4.021
49 68.152 3.0941
50 76.0002 7.4248
51 74.4958 9.3529
52 73.9277 4.8034
53 63.7268 9.1564
54 53.8405 14.9588
55 82.7147 2.7584
56 59.8153 5.7142
57 66.9774 3.3314
58 67.4447 7.1928
59 77.9446 8.4804
60 76.3251 3.7151
61 69.5704 4.2149
62 75.2612 6.6083
63 66.0039 5.7718
64 66.9759 11.4405
65 69.7478 8.9181
66 73.1788 19.7037
67 87.8159 11.0043
68 70.7618 12.2248
69 74.7623 9.4667
70 73.7158 9.4607
71 73.8514 17.228
72 78.7102 11.0023
73 59.1085 9.2869
74 56.3441 3.39
75 -128.345 45.0061
76 64.621 5.2678
77 70.7154 6.4585
78 56.7206 4.3734
79 65.2971 9.8118
80 58.6869 7.0119
81 0 0
82 0 0
83 80.6371 7.5162
84 76.6536 5.2773
85 85.9893 6.6298
86 83.1879 6.8488
87 72.115 7.0818
88 94.7593 7.253
89 75.7175 18.1074
90 84.4167 4.9679
91 84.7471 5.124
92 80.824 7.4954
93 91.1126 5.6566
94 83.1616 8.326
95 92.5778 5.5892
96 77.2872 4.8959
97 90.8253 5.9564
98 75.1529 6.3389
99 67.093 6.2659
100 59.5851 9.0285
101 82.821 7.2602
102 0 0
103 0 0
104 58.2129 2.9257
105 66.1067 4.3185
106 71.5097 3.825
107 59.0687 3.5057
108 78.8415 2.3338
109 72.864 6.4548
110 80.4904 3.656
111 74.1518 3.6606
112 76.0098 3.2203
113 89.5556 5.0502
114 72.5407 3.5875
115 81.2285 3.8532
116 84.9528 4.953
117 77.6303 10.6477
118 71.734 5.5224
119 97.448 4.3605
120 77.3131 4.6417
121 92.3925 6.7601
122 85.0594 6.8246
123 0 0
124 0 0
125 85.182 2.7059
126 80.6096 4.0815
127 81.6702 4.8055
128 67.078 4.3706
129 74.3609 3.4606
130 72.575 5.5138
131 75.2039 9.0978
132 70.8177 22.6925
133 61.9312 16.598
134 65.2329 9.359
135 70.9915 6.7763
136 72.444 7.4526
137 64.5295 10.5552
138 71.65 6.466
139 74.6709 12.9941
140 72.8142 8.4247
141 69.3264 5.1158
142 63.8309 4.6005
143 65.6069 4.5541
144 59.9455 3.4077
145 65.7007 4.7397
146 70.8889 6.414
147 68.1894 5.378
148 70.5238 3.9379
149 70.0153 4.9585
150 78.4778 5.6042
151 66.3265 4.8744
152 77.4669 8.9337
153 68.6091 6.874
154 60.7547 5.2163
155 81.7021 4.294
156 83.1252 8.7921
157 71.3606 4.7512
158 77.3983 5.4437
159 84.7243 6.3515
160 84.9844 6.4369
161 86.7527 5.3988
162 58.2495 7.0915
163 68.8587 5.5662
164 53.9279 10.9306
165 57.9479 4.7307
166 65.7456 5.6701
167 69.1775 3.463
168 55.2776 3.7865
169 73.6237 3.8829
170 40.7578 15.7106
171 73.9498 2.6135
172 89.2664 3.6112
173 79.7854 3.1442
174 78.7333 2.8641
175 74.9969 3.6748
176 84.9574 3.2682
177 76.3942 4.2442
178 86.6836 3.1387
179 68.0334 5.0079
180 69.7916 3.5531
181 72.7107 3.5253
182 69.1619 0.6906
183 57.6071 3.2304
184 71.819 6.4472
185 62.0701 3.9099
186 86.0338 10.0252
187 68.4862 2.8687
188 70.9811 17.4276
189 60.8899 6.3408
190 77.4736 7.1431
191 75.1086 6.3787
192 67.225 13.9989
193 71.8726 11.2155
194 71.1188 3.7077
195 68.4483 6.897
196 86.7207 9.1297
197 69.2476 11.6216
198 76.8844 9.4266
199 59.662 7.9399
200 54.7671 23.5427
201 73.1049 0.5194
202 80.6139 22.1426
203 57.832 8.3761
204 61.3316 6.8456
205 76.4819 13.1613
206 73.4717 7.5344
207 0 0
208 0 0
209 60.2519 3.8875
210 65.2955 6.6709
211 71.3251 4.4244
212 67.2642 4.4098
213 62.2026 4.5925
214 76.3608 12.5234
215 68.5731 12.0167
216 73.837 9.9578
217 68.5632 4.4376
218 72.7352 6.2727
219 61.9225 5.9504
220 69.2524 5.349
221 66.1973 4.1404
222 60.0505 9.0372
223 74.1839 11.2921
224 63.7196 9.3294
225 78.0465 4.7496
226 76.0257 5.7095
227 69.0445 4.1135
228 0 0
229 0 0
230 63.3787 4.1344
231 78.468 3.6842
232 81.4196 3.4733
233 76.3824 4.2594
234 68.7684 9.1084
235 68.3112 5.0228
236 74.1195 3.9709
237 66.682 21.4564
238 74.9448 3.3161
239 73.3645 5.3429
240 62.3343 4.4928
241 72.7077 2.4555
242 72.8966 5.8295
243 72.8579 4.5824
244 75.5459 3.985
245 66.6968 3.8659
246 63.7116 3.9652
247 69.3331 3.9153
248 68.8588 3.0721
249 0 0
250 0 0
251 0 0
