0 76.6724 4.2755
1 72.7253 5.2524
2 69.2506 5.4162
3 55.9883 5.4511
4 67.2083 7.9299
5 73.0333 7.7058
6 70.5107 7.3288
7 74.5503 7.3213
8 63.4964 7.0674
9 78.0491 5.9682
10 73.5307 5.1698
11 69.7433 5.7399
12 73.6579 6.8111
13 66.747 5.4321
14 71.6833 5.8414
15 67.8597 5.7729
16 73.4357 6.4077
17 73.3595 4.7633
18 73.6819 4.7294
19 73.1925 5.7748
20 76.5381 4.8273
21 70.976 5.5828
22 61.837 4.4296
23 76.7659 4.9828
24 75.2106 5.4837
25 79.7833 6.6127
26 86.8204 8.3742
27 75.7423 6.712
28 58.6212 7.4587
29 61.6477 5.6359
30 74.2565 5.615
31 68.825 4.1042
32 62.2183 5.2634
33 76.0882 5.1421
34 68.9467 9.1647
35 68.0498 5.5368
36 70.3774 4.8824
37 68.1184 4.7352
38 69.9141 4.8283
39 66.7008 4.7509
40 67.1689 4.5546
41 66.1718 4.3514
42 84.2345 3.7876
43 72.5398 4.9487
44 75.4131 5.8463
45 69.7278 4.4167
46 58.6449 3.6203
47 78.5833 5.1739
48 62.6007 3.859
49 67.7528 3.2986
50 74.463 4.3836
51 73.6419 6.2494
52 74.8546 4.5389
53 64.2955 6.8544
54 58.0143 6.2043
55 83.1137 2.5013
56 59.5968 5.8877
57 67.046 3.1822
58 66.8926 5.3845
59 74.788 5.6037
60 76.1876 3.3745
61 61.068 2.8217
62 75.2007 5.6997
63 65.7106 6.3895
64 67.0252 9.5486
65 72.432 7.3632
66 71.7146 9.9497
67 88.311 7.7721
68 70.6326 8.4166
69 76.2988 6.763
70 72.2895 7.8486
71 71.5694 10.3706
72 77.7364 8.2596
73 58.5536 7.1233
74 52.5157 7.0163
75 50.0149 6.3601
76 63.5329 4.9317
77 71.1382 5.6289
78 56.5854 6.1905
79 64.0153 8.0453
80 55.7788 9.4949
81 0 0
82 0 0
83 80.3047 5.4749
84 75.9047 4.4563
85 85.6134 4.9175
86 81.5701 4.2986
87 72.5557 4.8784
88 94.7982 5.2927
89 73.8805 7.0945
90 86.6423 5.9709
91 85.3933 5.5678
92 79.6461 5.9631
93 90.9408 5.2617
94 80.8727 5.6635
95 92.3167 5.3693
96 77.7344 5.1829
97 90.7234 5.6114
98 75.782 5.5975
99 67.5567 6.1154
100 60.7699 6.975
101 83.6974 5.4238
102 0 0
103 0 0
104 58.5298 3.0377
105 66.3146 4.0706
106 72.0269 3.6114
107 59.5583 3.3316
108 79.3737 2.6075
109 73.686 5.0282
110 81.3081 4.1486
111 73.6819 3.1644
112 75.6479 3.2114
113 89.3051 4.2636
114 72.3199 3.009
115 81.3758 3.3956
116 85.4023 5.0043
117 79.3413 7.4016
118 72.867 5.1737
119 97.4086 3.8747
120 77.992 4.382
121 92.7905 4.0641
122 86.6794 5.6268
123 0 0
124 0 0
125 84.6057 3.087
126 81.4726 4.2896
127 82.3442 4.193
128 66.8489 4.3151
129 75.0321 3.6119
130 71.8257 5.2763
131 75.862 6.7102
132 75.2473 9.2156
133 61.9543 8.4743
134 65.0924 6.6615
135 71.76 4.7893
136 72.4868 6.7324
137 60.9305 8.2663
138 69.4309 4.5374
139 73.7407 7.6789
140 74.0242 5.5045
141 69.2788 4.625
142 64.4617 5.9229
143 66.4083 4.1497
144 60.1675 3.9371
145 67.8306 4.6516
146 71.0625 5.4891
147 68.232 5.1106
148 72.7743 4.145
149 71.0902 4.1122
150 78.5888 4.8223
151 66.8222 5.194
152 76.8176 6.041
153 70.137 6.0094
154 62.4328 4.9033
155 82.9431 4.1654
156 81.6798 5.0951
157 71.517 5.1551
158 78.1401 5.4174
159 85.7954 4.327
160 86.3063 6.3929
161 88.0371 5.4615
162 57.6647 6.4917
163 69.5152 5.3618
164 57.0923 7.8505
165 56.7872 5.7442
166 65.2087 6.5701
167 69.149 3.4219
168 55.7514 3.3939
169 72.4846 3.2113
170 57.9984 6.5632
171 73.741 2.9376
172 88.8668 4.9024
173 79.7979 3.6465
174 78.6401 2.8163
175 75.59 2.5871
176 85.3591 3.4289
177 75.8954 3.4158
178 86.6903 3.0025
179 70.1434 3.3249
180 70.2204 3.0707
181 72.9108 3.1929
182 68.9108 0.7841
183 58.2774 3.1176
184 71.3456 5.3114
185 62.7587 3.3783
186 86.5143 7.2686
187 69.4082 3.419
188 72.9134 9.798
189 60.6699 7.9241
190 74.9155 5.9623
191 74.2141 6.0232
192 65.9965 6.5696
193 71.2931 7.2909
194 73.1099 5.0153
195 67.0483 6.286
196 87.3863 6.7258
197 70.6047 7.8312
198 78.8447 6.8145
199 61.2829 6.0725
200 58.0838 7.6823
201 71.442 5.0099
202 75.7087 5.4703
203 57.0727 6.003
204 61.739 4.3297
205 76.7006 7.3346
206 74.8843 7.1213
207 0 0
208 0 0
209 60.1831 4.0228
210 65.0809 6.1672
211 75.7212 8.4377
212 67.1912 3.9619
213 62.95 3.8097
214 75.4495 3.3978
215 69.9035 6.5286
216 73.4056 6.2987
217 68.6287 4.4612
218 74.2938 5.0112
219 62.6939 4.8662
220 69.0039 4.3788
221 66.2002 4.6106
222 59.4637 7.1075
223 73.4394 5.8473
224 66.4993 5.9024
225 78.6634 4.9325
226 76.0548 4.0971
227 70.068 3.4815
228 0 0
229 0 0
230 64.0093 3.7504
231 79.0777 3.2333
232 81.3794 3.3154
233 75.5434 4.1373
234 69.6724 5.5199
235 68.1252 4.428
236 75.4906 3.8126
237 79.2691 5.3498
238 75.7229 3.4727
239 73.4713 4.763
240 62.5566 3.7276
241 72.7192 2.4054
242 73.0584 5.008
243 74.0179 4.6897
244 76.0952 4.2196
245 66.8562 3.2384
246 63.9861 3.2976
247 69.1477 3.1412
248 69.8521 2.8685
249 0 0
250 0 0
251 0 0
