0 75.3136 4.8186
1 72.2527 5.9451
2 68.1754 6.133
3 55.8833 5.7967
4 66.4561 8.9605
5 72.8043 8.8239
6 70.7876 8.9724
7 72.9071 8.7
8 61.6664 8.3765
9 77.5739 7.1942
10 72.2532 5.9325
11 68.3154 6.6545
12 72.2808 8.1284
13 66.1874 7.0225
14 71.471 7.257
15 66.5961 7.6483
16 72.7192 7.209
17 73.4451 6.0734
18 73.2863 6.149
19 72.036 6.6002
20 76.1085 5.522
21 70.1655 6.2143
22 61.2348 5.1757
23 77.0715 5.8432
24 74.2689 6.4573
25 78.548 7.5511
26 86.4556 10.0355
27 76.1555 8.4813
28 58.0228 8.2439
29 60.6206 6.764
30 73.5742 6.4386
31 68.4277 5.2551
32 60.8671 6.5028
33 75.2512 5.8194
34 67.3047 13.6753
35 68.0501 7.2066
36 69.8462 5.9192
37 67.2961 5.7099
38 69.4997 5.7928
39 66.4686 5.5115
40 66.8814 5.0661
41 65.6017 5.1666
42 83.6904 4.4633
43 72.4408 6.2634
44 75.1964 7.6878
45 69.1067 5.3412
46 58.1132 4.1109
47 77.8831 5.8411
48 61.9134 4.628
49 67.7672 3.9891
50 73.2167 5.3227
51 73.7876 7.2453
52 74.9586 5.4809
53 62.1278 8.0112
54 54.2199 8.8117
55 82.2141 3.185
56 58.0728 6.72
57 65.7841 4.2635
58 65.4191 6.5653
59 75.4834 7.7603
60 76.2057 4.3867
61 76.4133 4.4918
62 74.5763 7.0544
63 64.3662 7.9038
64 66.2906 12.11
65 69.9341 9.1734
66 68.0937 12.0645
67 86.3121 9.5707
68 69.0585 9.8635
69 75.1828 8.1072
70 71.145 9.6788
71 70.0246 13.8737
72 78.1745 10.4628
73 57.9792 7.4093
74 48.4973 8.9745
75 47.4257 7.8407
76 62.3948 5.5752
77 70.099 6.4386
78 55.4869 6.9062
79 63.0436 10.2249
80 53.6373 11.9556
81 0 0
82 0 0
83 79.4186 6.9814
84 74.4601 5.6009
85 84.0364 5.919
86 80.1519 5.8627
87 71.5977 5.9572
88 93.3548 6.4424
89 74.2344 9.2742
90 86.2932 7.9042
91 85.1876 6.7605
92 77.9592 7.2013
93 89.7042 6.0662
94 79.8139 6.406
95 91.1616 6.2935
96 76.0248 6.6136
97 90.6877 7.2161
98 76.2874 6.9434
99 65.6497 7.5801
100 59.8303 8.1004
101 82.2469 6.6133
102 0 0
103 0 0
104 57.8742 3.6935
105 65.4044 4.9992
106 71.996 4.5142
107 58.68 4.1703
108 78.7718 3.14
109 73.8818 6.3101
110 81.34 5.0868
111 72.9621 3.626
112 74.9025 3.6988
113 88.1184 5.0044
114 71.5564 3.517
115 81.0259 3.8493
116 84.3047 5.8803
117 79.5093 9.0165
118 73.1289 6.4348
119 96.912 5.0418
120 77.1199 5.4365
121 90.941 5.3387
122 85.0973 6.8098
123 0 0
124 0 0
125 83.4926 3.6691
126 80.2558 5.1099
127 81.2075 4.9954
128 65.9725 4.9481
129 74.2986 4.2495
130 70.4122 6.44
131 75.8367 8.4573
132 73.8801 12.4611
133 59.4039 10.6024
134 63.9824 7.7323
135 70.8762 5.6416
136 71.2604 8.3252
137 59.0923 10.1611
138 67.9519 5.8027
139 73.7127 9.5022
140 73.9531 6.5616
141 67.9949 5.6862
142 62.7605 7.6061
143 65.1072 5.049
144 58.5681 4.87
145 66.6205 6.263
146 69.9524 6.7822
147 67.4442 6.2928
148 71.3607 5.3683
149 70.5531 5.5259
150 77.9912 6.0097
151 65.613 6.6907
152 76.8334 7.7609
153 69.9229 8.1044
154 61.3245 6.1577
155 82.4935 5.8103
156 80.7503 6.2387
157 70.6075 6.3133
158 76.4647 6.826
159 83.727 5.4775
160 86.1137 8.4628
161 87.9694 7.3483
162 57.0639 7.5241
163 67.3343 7.1091
164 56.3977 8.6715
165 56.0721 6.698
166 62.616 8.622
167 68.8922 4.5452
168 55.0617 3.8587
169 72.3968 4.2962
170 57.2842 8.6574
171 73.6418 3.6527
172 86.568 5.894
173 78.8252 4.447
174 77.37 3.4257
175 74.2035 3.3609
176 85.0283 4.2739
177 75.9429 4.6092
178 86.5806 4.0879
179 69.5567 4.2897
180 69.113 3.858
181 71.2428 4.3038
182 69.2242 0.6847
183 56.9313 3.9523
184 69.7842 6.8835
185 62.6003 4.7488
186 86.0641 9.582
187 69.1112 5.11
188 72.9714 10.54
189 60.1349 9.477
190 74.6545 7.1501
191 72.4286 7.453
192 63.72 8.4476
193 69.5209 8.335
194 71.6741 5.8313
195 66.0378 7.5643
196 86.0276 8.1589
197 70.5437 10.2334
198 78.6989 8.8046
199 60.3006 6.8199
200 54.9655 10.0425
201 73.2763 0.5911
202 73.3932 6.874
203 -53.4419 38.6407
204 60.6758 5.4184
205 76.9098 9.5553
206 74.2034 9.865
207 0 0
208 0 0
209 58.5878 4.8961
210 66.4972 8.1072
211 76.4176 9.1543
212 65.695 4.9713
213 62.1567 4.8297
214 74.4646 4.9355
215 70.0764 8.8813
216 74.2368 8.0147
217 67.9934 5.4684
218 72.982 6.0273
219 61.6365 6.33
220 67.6748 5.5135
221 64.9578 5.947
222 57.3884 8.4352
223 72.9808 7.7802
224 66.0169 8.8099
225 76.9911 6.3181
226 73.8193 5.774
227 68.3443 4.781
228 0 0
229 0 0
230 61.7527 5.004
231 77.6071 4.2634
232 80.5159 4.4046
233 73.5135 5.3248
234 65.8553 7.7137
235 67.722 5.9697
236 75.2311 5.1661
237 75.8979 8.222
238 74.6198 4.4871
239 72.3603 6.1751
240 61.6649 4.8872
241 71.8469 3.2131
242 71.4959 6.2511
243 74.1196 6.5162
244 76.2853 5.7829
245 66.7647 4.4404
246 62.8994 4.2426
247 68.3214 4.1851
248 68.8376 3.8088
249 0 0
250 0 0
251 0 0
