0 75.4876 4.9366
1 72.0079 6.1878
2 67.565 6.4915
3 55.1044 6.1462
4 65.8046 9.6383
5 72.7351 9.5376
6 70.3034 8.9863
7 73.4435 8.3764
8 62.7532 7.7279
9 77.9158 7.1421
10 72.8371 5.8832
11 68.6301 6.5349
12 72.2437 7.9641
13 66.8538 6.3427
14 71.8673 7.4252
15 67.3856 7.7186
16 73.2999 7.1154
17 73.1812 6.194
18 73.5824 5.8668
19 72.2253 6.4956
20 76.1552 5.7751
21 70.2718 6.3067
22 61.298 5.0791
23 77.0595 5.7963
24 73.9727 6.1321
25 78.4279 7.5116
26 86.4638 9.8325
27 76.0058 8.6596
28 58.1015 8.2907
29 60.5038 6.5327
30 73.5577 6.5579
31 68.4833 5.1859
32 60.7302 6.5964
33 74.9512 6.1835
34 67.655 13.75
35 67.9651 6.6638
36 69.8395 6.176
37 67.339 6.0684
38 69.5768 5.8853
39 66.6454 5.5612
40 67.095 5.4072
41 65.9288 4.9969
42 83.8077 4.3236
43 72.7045 6.0581
44 75.024 7.1898
45 69.2681 5.3485
46 58.0784 4.0252
47 78.033 5.8376
48 61.8763 4.6675
49 67.8089 3.9245
50 73.3508 5.3008
51 73.7725 7.4996
52 74.893 5.3814
53 62.6515 8.1984
54 55.415 7.7581
55 82.3087 3.2243
56 57.8621 6.6965
57 66.204 4.4447
58 65.8038 6.5475
59 74.8687 7.7627
60 76.1024 4.2846
61 76.2802 4.6464
62 74.7441 6.7956
63 65.1101 7.7456
64 66.5316 12.0975
65 70.6201 9.2593
66 69.1231 12.0426
67 86.1667 9.3809
68 69.2416 9.7841
69 74.9798 8.0044
70 71.0431 9.6525
71 70.5698 12.9475
72 77.5347 10.0454
73 57.9752 7.7595
74 49.731 9.2029
75 49.6855 6.9424
76 62.8135 5.6059
77 70.7499 6.4515
78 56.813 6.7703
79 63.7033 9.9917
80 55.9777 11.2591
81 0 0
82 0 0
83 79.9144 6.528
84 74.5694 5.551
85 84.0722 5.833
86 79.7266 5.7767
87 72.2724 5.6241
88 93.791 6.3034
89 74.1899 9.1901
90 86.1847 7.399
91 84.9608 6.3966
92 78.404 6.9445
93 89.6367 5.8313
94 80.0466 6.202
95 91.2541 6.0634
96 76.4089 5.955
97 90.8375 6.9929
98 76.0229 6.8703
99 66.3302 7.2566
100 59.9198 7.7868
101 82.3032 6.4464
102 0 0
103 0 0
104 58.1167 3.4795
105 65.6558 4.8594
106 71.9607 4.3633
107 58.9245 3.7995
108 78.845 3.0278
109 74.2378 5.9129
110 81.1113 4.9693
111 73.2357 3.8236
112 75.172 3.7606
113 88.2955 5.1886
114 71.7038 3.5649
115 81.0999 4.0462
116 84.4287 5.9157
117 79.6914 9.1078
118 73.1827 6.6724
119 96.8353 4.9056
120 77.0388 5.2711
121 91.0326 5.1313
122 85.3399 6.8478
123 0 0
124 0 0
125 83.407 3.7055
126 80.2716 5.1141
127 81.0951 5.044
128 66.093 5.0422
129 74.0946 4.2736
130 70.2816 6.4209
131 75.6681 9.0433
132 74.9864 12.9137
133 59.7926 9.6637
134 63.61 7.8522
135 70.7886 5.6418
136 71.0084 8.5075
137 59.3162 9.8961
138 67.7174 5.7904
139 73.4767 10.4366
140 73.9915 6.5627
141 68.0925 5.6602
142 62.8088 7.5127
143 65.2672 5.0422
144 59.0896 5.0441
145 66.9293 6.0084
146 70.1067 6.6689
147 67.6658 6.4361
148 71.5429 5.0952
149 70.5711 5.284
150 77.9264 5.7509
151 66.0033 6.4922
152 76.8714 7.8836
153 69.9298 7.8356
154 61.3679 6.0593
155 82.5363 5.4464
156 80.851 6.1547
157 70.3073 6.41
158 76.7528 6.6378
159 83.8235 5.3411
160 86.3962 8.4249
161 87.7295 7.1016
162 56.9355 7.3792
163 67.664 6.8394
164 56.4083 8.7772
165 55.7147 6.9387
166 62.8388 8.5333
167 69.0471 4.4415
168 54.929 3.9267
169 72.6909 4.3207
170 57.192 8.7292
171 73.5535 3.6908
172 86.7023 6.0375
173 78.7092 4.3167
174 77.4386 3.3632
175 74.364 3.3026
176 84.909 4.311
177 75.8065 4.5656
178 86.4823 3.9495
179 69.7068 3.9476
180 69.0452 3.8262
181 71.2828 4.2514
182 68.8576 0.6201
183 57.1148 3.7972
184 69.8847 6.8984
185 62.595 4.7429
186 85.9746 9.669
187 69.159 4.3265
188 72.5986 10.0903
189 59.8085 9.8628
190 74.6659 7.1753
191 72.4898 7.4614
192 63.7394 8.2535
193 69.3264 8.423
194 71.8286 5.8634
195 66.0365 7.5438
196 86.099 8.2249
197 70.4146 9.8689
198 78.47 8.7636
199 60.1201 7.0023
200 55.016 9.8523
201 73.1784 0.5701
202 73.2561 7.3766
203 -18.7082 33.1069
204 60.5442 5.3293
205 76.77 9.3976
206 74.9409 10.0244
207 0 0
208 0 0
209 58.8082 5.0194
210 66.1644 8.3252
211 77.1274 9.0009
212 65.7591 5.086
213 61.8417 4.7768
214 74.6418 4.9317
215 69.9648 9.0271
216 73.5817 7.9935
217 68.1883 5.3407
218 73.5917 6.0252
219 61.7367 6.0943
220 67.6472 5.3825
221 64.9257 5.7637
222 57.4728 8.6026
223 73.3678 7.8887
224 65.9134 8.6355
225 76.8034 6.3453
226 74.3141 5.8475
227 68.3011 4.5891
228 0 0
229 0 0
230 62.1773 4.9873
231 78.1881 4.0376
232 80.955 4.2663
233 74.1504 5.063
234 66.9075 7.2127
235 67.8624 5.5742
236 75.4352 4.9908
237 74.5802 8.2366
238 74.567 4.2424
239 72.234 5.9436
240 61.9729 4.7003
241 71.6487 3.2961
242 71.6667 6.1035
243 73.9161 6.2363
244 76.1047 5.7445
245 66.7511 4.348
246 63.0368 4.303
247 68.3024 4.0846
248 68.9966 3.8372
249 0 0
250 0 0
251 0 0
