0 75.3613 4.9699
1 71.9079 6.5021
2 67.7912 6.4598
3 55.6704 5.9582
4 65.5198 9.7985
5 73.1915 9.649
6 70.3128 9.1301
7 73.071 8.7687
8 62.2139 8.0709
9 77.7758 7.2289
10 72.6415 5.9975
11 68.574 6.6372
12 72.0389 8.2588
13 66.5251 6.8432
14 71.5046 7.4429
15 67.1532 7.8426
16 72.7846 7.3192
17 72.9508 6.5134
18 73.0964 5.8182
19 72.2829 6.6447
20 76.19 5.8296
21 70.3209 6.6451
22 61.1751 5.3751
23 76.9388 5.9825
24 74.0786 6.4804
25 78.4373 7.7399
26 86.7573 9.8792
27 75.8827 8.6053
28 57.5454 8.4834
29 60.4185 6.7281
30 73.5978 6.4767
31 68.5406 5.0725
32 61.0676 6.2825
33 75.0926 6.2835
34 67.7182 12.9782
35 67.8658 6.9645
36 69.8335 6.0329
37 67.5576 5.7159
38 69.3264 5.8488
39 66.6796 5.4449
40 67.1959 4.9677
41 65.6011 5.0256
42 83.6718 4.3707
43 72.3266 6.0398
44 75.304 7.5432
45 69.1825 5.3794
46 58.181 4.2273
47 78.1744 5.9947
48 61.6086 4.6533
49 67.8422 3.9552
50 73.6618 5.3751
51 74.2463 7.6577
52 74.9578 5.2938
53 61.9351 8.2935
54 54.6815 8.4976
55 82.1161 3.2221
56 56.851 7.4095
57 65.9749 4.6479
58 65.4005 6.8681
59 74.5162 8.0778
60 76.3356 4.5124
61 76.0175 4.6645
62 74.9399 6.7688
63 64.8103 7.5801
64 66.1139 12.1244
65 70.2092 8.9035
66 69.2422 11.6054
67 86.2029 9.1209
68 68.9067 9.64
69 75.2677 8.0511
70 71.1253 9.3861
71 70.7498 13.0615
72 77.99 10.2932
73 58.1279 7.4503
74 50.4362 8.4255
75 51.5272 6.4
76 62.8834 5.5721
77 70.5583 6.4505
78 56.9088 6.7849
79 63.6813 10.0558
80 55.1095 11.883
81 0 0
82 0 0
83 79.4936 6.7608
84 74.4822 5.43
85 84.3022 5.7154
86 80.1563 5.6769
87 71.7062 5.7808
88 93.5716 6.4014
89 74.192 8.7197
90 86.1929 7.5699
91 84.7536 6.5787
92 78.0794 7.2119
93 89.6481 5.893
94 79.8611 6.2224
95 91.0841 6.054
96 76.2253 6.2194
97 90.6747 6.8231
98 76.0108 6.9384
99 65.943 7.5157
100 59.8419 7.9984
101 82.1943 6.7149
102 0 0
103 0 0
104 58.0395 3.4663
105 65.7962 4.7776
106 71.8741 4.3937
107 58.6848 3.8312
108 78.6571 3.0245
109 73.9741 6.1807
110 81.2942 4.8357
111 73.0818 3.7552
112 75.1366 3.7958
113 88.0249 5.2633
114 71.7217 3.5366
115 81.1695 4.0189
116 84.4723 5.9576
117 79.5375 9.0868
118 72.8294 6.2178
119 96.8356 4.755
120 77.2004 5.2224
121 90.9725 5.05
122 85.4066 6.6342
123 0 0
124 0 0
125 83.3259 3.8423
126 80.408 5.1765
127 81.0396 5.0947
128 66.0002 5.0628
129 73.9237 4.2717
130 70.3313 6.6022
131 75.4667 8.8563
132 74.0308 12.9604
133 59.2911 10.6786
134 63.7241 7.901
135 70.6359 5.7081
136 71.0994 8.297
137 59.4328 10.0184
138 67.611 5.7553
139 73.6143 9.5158
140 73.8317 7.1367
141 68.1676 5.6586
142 62.6835 7.5044
143 65.0965 4.9577
144 59.0009 4.88
145 66.7954 6.0708
146 70.1144 6.8684
147 67.5255 6.6426
148 71.4164 5.3022
149 70.4041 5.4549
150 77.8445 6.0238
151 65.8109 6.724
152 76.6159 7.9926
153 70.1129 8.3077
154 61.1394 6.0432
155 82.615 5.5423
156 80.7351 6.2266
157 70.2942 6.2654
158 76.5419 6.7009
159 83.8739 5.518
160 86.1661 8.5134
161 87.561 7.2523
162 57.0611 7.3409
163 68.2304 6.7886
164 56.8362 8.2648
165 56.5061 6.4519
166 63.8085 7.9429
167 68.9957 4.5232
168 54.9677 3.8321
169 72.4915 4.2301
170 57.2507 8.2998
171 73.7831 3.833
172 86.45 6.082
173 78.7494 4.4102
174 77.4505 3.2793
175 74.5293 3.3615
176 84.9544 4.2327
177 76.2148 4.5333
178 86.545 4.0367
179 69.7187 3.9546
180 69.0066 3.7144
181 71.3322 4.2289
182 69.126 0.6525
183 57.1364 3.8431
184 69.6852 6.701
185 62.6162 4.7099
186 86.4699 9.6013
187 69.221 4.323
188 72.538 10.5132
189 59.7718 9.6664
190 74.7262 7.2216
191 72.1858 7.4171
192 63.8796 7.8964
193 69.3464 8.4207
194 71.6013 5.909
195 65.835 7.6024
196 85.7634 8.3093
197 69.8835 10.2918
198 78.2122 8.6702
199 60.1883 6.746
200 54.994 10.4281
201 73.3837 0.5738
202 73.9882 6.7853
203 -14.1751 31.1403
204 61.0517 5.3612
205 76.6901 8.7948
206 74.1277 9.1721
207 0 0
208 0 0
209 58.3427 5.205
210 66.4346 8.329
211 75.0496 8.5896
212 65.5203 5.2186
213 61.709 4.733
214 74.2044 5.4489
215 70.3669 8.6113
216 73.793 8.4231
217 68.3434 5.3099
218 73.2211 5.9028
219 61.6591 6.1169
220 67.6697 5.4687
221 65.3418 5.895
222 57.4826 8.6034
223 73.7383 7.9964
224 66.2391 8.3002
225 76.9003 6.2361
226 74.3931 5.927
227 68.2314 4.6348
228 0 0
229 0 0
230 62.2329 4.9849
231 78.1455 4.1363
232 80.6848 4.3555
233 74.301 5.0093
234 66.8858 7.4251
235 67.9622 5.7057
236 75.222 5.0681
237 75.6958 7.6926
238 74.7058 4.2467
239 72.0392 5.8855
240 62.1376 4.7556
241 71.338 3.0616
242 71.6698 5.9722
243 73.726 6.053
244 75.7833 5.5757
245 66.6583 4.3264
246 63.1328 4.2519
247 68.457 4.0954
248 69.0411 3.754
249 0 0
250 0 0
251 0 0
