0 75.287 4.9397
1 71.79 6.3298
2 67.6274 6.6004
3 55.2134 6.0133
4 65.8411 9.4663
5 72.6787 9.9254
6 69.7151 9.3763
7 73.1094 8.445
8 62.0062 8.2858
9 77.3925 7.452
10 72.7191 5.9546
11 68.0928 6.8073
12 71.8753 8.3293
13 66.1476 6.8658
14 71.6956 8.0636
15 67.1561 7.5477
16 72.9072 7.3715
17 73.2949 6.2862
18 73.1946 5.7374
19 72.1707 6.5329
20 76.3388 5.5674
21 70.0871 6.4547
22 61.0617 5.3031
23 77.1541 5.842
24 73.8296 6.3756
25 78.6398 7.537
26 86.4835 10.302
27 76.0358 8.3327
28 57.4019 8.681
29 60.6615 6.7373
30 73.6955 6.3775
31 68.7047 5.166
32 60.9859 6.3893
33 75.0733 6.1562
34 68.01 12.5781
35 68.1339 6.7704
36 70.3073 5.8869
37 67.2722 5.6418
38 69.5546 5.5507
39 66.809 5.8117
40 67.0435 5.2272
41 65.4585 4.904
42 83.4316 4.2999
43 72.3944 5.7382
44 74.7483 7.3226
45 69.0453 5.3977
46 58.0767 4.1714
47 77.9975 5.9446
48 61.5682 4.7105
49 67.5262 3.852
50 73.5445 5.0654
51 73.9096 7.4424
52 74.8851 5.1085
53 62.3645 7.9638
54 55.5794 7.5825
55 82.1635 3.1764
56 58.1157 6.5527
57 66.0213 4.5307
58 65.6149 6.7535
59 75.0848 7.6394
60 76.4318 4.4996
61 69.4161 4.2062
62 74.7921 6.8122
63 64.9599 7.7038
64 66.4227 12.1804
65 69.9425 9.0823
66 69.2194 12.0002
67 85.5295 9.6084
68 68.4505 10.1879
69 74.9454 8.2576
70 70.7307 9.831
71 69.9788 13.8002
72 77.6096 10.324
73 58.4111 7.3943
74 48.9334 9.3476
75 50.0586 6.7292
76 62.9756 5.6481
77 70.5936 6.5471
78 57.1395 6.5031
79 63.8549 9.6042
80 55.8236 11.1698
81 0 0
82 0 0
83 79.3632 6.8164
84 74.0998 5.4315
85 83.8885 6.0436
86 79.6645 5.521
87 71.5439 5.7392
88 93.3137 6.3058
89 73.8667 9.14
90 85.8887 7.8105
91 84.6147 6.6134
92 78.1186 7.067
93 89.5202 5.8128
94 80.066 6.4349
95 90.6343 5.9536
96 76.1241 5.9176
97 90.1654 6.7001
98 75.6237 6.9486
99 65.6721 7.076
100 59.4254 7.9422
101 82.408 6.3139
102 0 0
103 0 0
104 57.9643 3.4673
105 65.6133 4.7034
106 71.6787 4.2473
107 58.7013 3.8598
108 78.7432 3.0721
109 73.9666 5.9887
110 80.9434 4.8951
111 73.1346 3.6288
112 74.986 3.6986
113 88.2886 5.0027
114 71.7584 3.372
115 80.9636 3.8589
116 84.5768 5.7908
117 79.4636 8.9683
118 72.9515 6.3194
119 96.8284 4.7895
120 76.8604 5.1047
121 90.8772 5.2212
122 84.9612 6.5754
123 0 0
124 0 0
125 82.9967 3.8076
126 80.4556 5.1164
127 81.0317 5.0822
128 65.6804 4.973
129 73.9553 4.3008
130 70.3163 6.3625
131 75.8467 8.5356
132 74.2966 12.7042
133 59.4002 9.8343
134 63.6716 7.8519
135 70.9876 5.6571
136 70.7638 8.5599
137 58.8337 9.7623
138 67.5122 5.8371
139 73.6451 9.9373
140 74.0006 6.8485
141 67.9119 5.561
142 62.5876 7.5969
143 64.8514 5.0098
144 58.8716 4.8109
145 66.7021 5.8805
146 70.2549 6.7116
147 67.7515 6.3092
148 71.8351 4.9164
149 70.542 5.1757
150 77.9249 5.7347
151 65.1909 6.2936
152 77.0875 7.9199
153 70.1065 7.9303
154 61.0844 6.0336
155 82.611 5.457
156 80.7703 6.1385
157 70.3433 6.3897
158 76.2455 6.6428
159 83.8322 5.347
160 86.1221 8.4386
161 87.5524 6.9888
162 57.2761 7.3635
163 67.7722 6.6163
164 57.5945 7.9699
165 55.8679 6.8965
166 62.7509 8.778
167 68.5162 4.6048
168 55.0407 3.7729
169 72.2448 4.281
170 56.5284 8.9068
171 73.5853 3.7032
172 86.4475 6.1312
173 78.7277 4.3401
174 77.294 3.362
175 74.0791 3.3022
176 84.9891 4.3425
177 75.8191 4.4464
178 86.3601 4.1266
179 69.5242 4.1067
180 69.0456 3.8089
181 71.2756 4.3031
182 69.1927 0.7616
183 57.0791 3.7596
184 70.0511 6.7466
185 62.4947 4.5423
186 86.1038 9.6253
187 69.1805 4.119
188 72.1873 10.2151
189 59.5046 9.8971
190 74.3954 7.3814
191 72.0502 7.386
192 63.3492 7.7511
193 69.0959 8.5623
194 71.213 5.8901
195 65.7149 7.5667
196 85.8925 8.3196
197 69.9918 10.1125
198 77.7337 8.628
199 60.7135 6.8154
200 56.7521 8.2486
201 71.1452 6.2893
202 74.0094 6.87
203 -4.549 30.023
204 60.7384 5.2936
205 76.4979 9.1418
206 75.3259 9.6914
207 0 0
208 0 0
209 57.9917 4.924
210 66.5369 8.1576
211 76.6167 9.7364
212 66.093 4.9002
213 61.4267 4.6876
214 73.4265 4.7825
215 69.6696 9.1293
216 73.3419 8.1876
217 68.2975 5.4004
218 73.3725 5.7973
219 61.8226 6.1618
220 67.9022 5.2476
221 65.1545 5.7113
222 57.9113 8.0058
223 73.2694 7.4377
224 65.9828 8.3511
225 76.9425 6.1932
226 73.9379 5.7643
227 68.3442 4.6908
228 0 0
229 0 0
230 62.482 4.756
231 78.0868 4.047
232 80.7473 4.2708
233 73.9576 5.0042
234 67.1192 7.1863
235 68.2196 5.8471
236 75.4789 4.9289
237 73.8559 8.3016
238 74.4474 4.2464
239 71.9233 5.9821
240 61.916 4.7835
241 71.2693 3.0147
242 71.6644 6.0716
243 73.3571 6.0341
244 75.8914 5.4912
245 66.6257 4.331
246 63.1614 4.2197
247 68.3748 4.0305
248 68.8202 3.7379
249 0 0
250 0 0
251 0 0
