0 75.2028 4.8252
1 71.9952 6.3052
2 67.7879 6.1149
3 56.1062 5.6671
4 66.3729 9.2697
5 73.3081 9.0089
6 70.7115 8.8261
7 73.1386 8.237
8 62.0775 8.1184
9 77.7868 7.3228
10 72.7578 6.0951
11 68.5942 6.5959
12 72.3304 8.0697
13 66.5288 6.6929
14 71.753 7.2598
15 67.2579 7.6434
16 72.7347 7.0966
17 72.9464 6.4881
18 73.1439 5.9959
19 72.0145 6.754
20 76.2191 5.8799
21 70.0252 6.5304
22 60.9962 5.2757
23 76.7063 5.9838
24 73.8829 6.4652
25 78.5347 7.93
26 86.3573 10.0154
27 75.3982 8.4905
28 57.3145 8.933
29 60.6189 6.4504
30 73.7088 6.4361
31 68.653 5.0474
32 61.1894 6.5645
33 75.0425 6.1457
34 67.3527 13.1863
35 67.7024 6.7744
36 70.1745 6.037
37 67.4141 5.713
38 69.5415 5.6648
39 66.8081 5.4933
40 67.148 5.295
41 65.7232 4.9202
42 83.6462 4.3545
43 72.6044 5.958
44 75.3927 7.3294
45 69.3391 5.2814
46 58.4326 4.1911
47 78.2212 5.8525
48 61.8194 4.8468
49 67.5695 3.8882
50 73.3299 5.1617
51 74.1672 7.3715
52 75.1758 5.3525
53 62.36 8.0708
54 55.5591 7.4933
55 82.2839 3.1734
56 57.6492 7.1542
57 66.2085 4.2043
58 65.975 6.677
59 74.9782 8.097
60 76.4579 4.5706
61 76.2378 4.4881
62 74.7486 6.7325
63 64.5844 7.8066
64 66.5988 12.2572
65 70.1179 8.9459
66 68.7063 12.0587
67 85.796 9.2301
68 68.7511 9.6584
69 75.1824 7.9158
70 71.3256 9.3244
71 70.6842 12.9474
72 77.7993 10.0245
73 57.8829 7.6747
74 50.3642 8.6373
75 50.3099 6.6169
76 62.6871 5.4772
77 70.66 6.5175
78 56.7856 6.6076
79 63.562 9.9382
80 56.8592 10.6504
81 0 0
82 0 0
83 79.3641 7.0179
84 74.2031 5.6335
85 83.9284 5.9681
86 79.7264 5.5997
87 71.3682 5.8722
88 93.5091 6.6427
89 74.1781 9.3364
90 86.313 7.7755
91 84.7852 6.6245
92 77.7136 7.1596
93 89.494 5.9673
94 79.8615 6.4073
95 90.4796 6.0548
96 76.0209 6.2466
97 90.5343 6.898
98 75.8752 6.8597
99 65.6224 7.2216
100 59.6893 7.9722
101 82.3003 6.4325
102 0 0
103 0 0
104 58.0915 3.4557
105 65.8174 4.7224
106 71.7838 4.305
107 58.581 3.8757
108 78.716 2.9762
109 73.8702 6.0058
110 81.2978 4.975
111 73.0669 3.7181
112 75.1043 3.7512
113 88.3385 4.958
114 71.7292 3.3739
115 80.8694 3.8327
116 84.5709 5.7252
117 79.4682 9.3528
118 73.1967 6.4982
119 96.7479 4.8935
120 76.8641 5.0409
121 91.0305 5.1891
122 84.7535 6.4781
123 0 0
124 0 0
125 83.5783 3.7471
126 80.3988 4.9668
127 81.3151 4.9575
128 66.2034 4.9716
129 74.0146 4.2844
130 70.6062 6.2295
131 75.6859 8.606
132 74.4355 12.4393
133 59.9445 9.7845
134 64.1941 7.6949
135 70.784 5.7508
136 71.2514 8.2544
137 59.5898 9.7557
138 67.7748 5.4886
139 73.9847 9.8578
140 74.0755 6.7943
141 68.1794 5.4233
142 62.7594 7.328
143 64.973 5.1851
144 58.6915 5.2002
145 66.7473 6.2603
146 69.974 6.8948
147 67.4237 6.2456
148 71.6433 5.1831
149 70.554 5.3906
150 77.9991 6.0397
151 65.8491 6.5583
152 76.9165 7.7648
153 69.7269 7.7744
154 60.9621 5.9665
155 82.5557 5.605
156 80.6127 6.1928
157 70.2552 6.4673
158 76.4684 6.8431
159 83.8912 5.4055
160 85.9423 8.1054
161 87.531 7.2651
162 56.9282 7.5861
163 67.8116 7.145
164 56.3639 8.7135
165 55.6387 7.0667
166 63.2593 8.6128
167 68.9814 4.491
168 55.1859 3.6997
169 72.5684 4.1989
170 57.7003 8.3188
171 73.5773 3.7534
172 86.7635 5.9125
173 78.916 4.4611
174 77.3989 3.3238
175 74.19 3.2188
176 84.9823 4.2105
177 75.9119 4.5881
178 86.4355 4.045
179 69.2182 3.7204
180 68.9984 3.8782
181 71.2884 4.3391
182 69.0043 0.62
183 57.0383 3.8702
184 69.716 6.6488
185 62.5959 4.3942
186 85.9166 9.5661
187 69.0868 4.3606
188 72.3193 10.0813
189 59.6521 9.8958
190 74.7404 7.3622
191 72.5867 7.3497
192 63.9333 7.9828
193 69.5192 8.6325
194 71.6067 5.8708
195 65.8277 7.6668
196 86.1798 8.1165
197 70.0126 9.8849
198 78.3329 8.8963
199 60.6402 6.6334
200 55.7628 9.627
201 73.4943 0.5674
202 73.7213 6.6191
203 -55.9756 39.2977
204 61.1469 5.5234
205 77.3473 8.8223
206 74.7866 9.7802
207 0 0
208 0 0
209 58.6447 5.0005
210 66.3651 7.922
211 77.097 9.1344
212 65.7915 5.024
213 61.8405 4.865
214 74.5676 5.4504
215 70.3306 9.4574
216 73.8427 8.4961
217 68.1235 5.3683
218 73.2715 6.0255
219 61.5946 6.1106
220 68.1173 5.3941
221 65.1718 5.6771
222 57.9414 8.1332
223 73.2628 7.8972
224 66.0141 8.556
225 77.1726 6.2295
226 74.2035 5.6405
227 68.5978 4.4315
228 0 0
229 0 0
230 62.4471 4.7288
231 78.1098 4.0538
232 80.7216 4.2034
233 74.193 5.1191
234 66.5906 7.3547
235 67.9774 5.6219
236 75.372 4.9848
237 74.6473 8.0599
238 74.3129 4.2108
239 72.2069 6.0553
240 62.0139 4.8392
241 71.6992 2.9591
242 71.6282 6.0937
243 73.814 6.0943
244 75.9094 5.4788
245 66.666 4.3589
246 63.0261 4.2364
247 68.4998 4.0753
248 68.9243 3.8345
249 0 0
250 0 0
251 0 0
