0 75.064 4.9802
1 71.9253 6.4463
2 67.9612 6.2951
3 55.6509 5.9267
4 65.6208 9.6417
5 72.9135 9.655
6 69.8897 9.4588
7 73.3384 8.4712
8 62.2155 8.0786
9 77.8019 7.307
10 72.8694 5.869
11 68.5791 6.5682
12 72.5015 7.9944
13 66.4651 6.5539
14 71.7311 7.6963
15 67.0101 7.7967
16 72.5348 7.3627
17 73.2131 6.5201
18 73.153 5.9881
19 71.9617 6.8323
20 76.2647 5.7152
21 70.012 6.1799
22 61.0266 5.3612
23 76.6246 6.0075
24 74.1916 6.2817
25 78.743 7.6436
26 86.5333 10.1225
27 75.424 8.5099
28 57.3824 8.6394
29 60.7046 6.3909
30 73.6329 6.4107
31 68.4343 5.0373
32 60.875 6.4643
33 75.2388 6.1274
34 67.153 13.3848
35 68.221 6.8646
36 70.3556 6.0422
37 67.102 5.7076
38 69.3835 5.7564
39 67.0721 5.6343
40 67.2611 5.1968
41 65.519 5.0726
42 83.7136 4.4569
43 72.3237 6.0333
44 75.0983 7.3934
45 69.1987 5.3576
46 58.176 4.167
47 77.9541 5.7772
48 61.8646 4.7637
49 67.7171 3.9112
50 73.5393 5.2112
51 73.8036 7.4707
52 75.0931 5.43
53 61.9575 8.3928
54 55.2022 8.0788
55 82.0453 3.2168
56 57.5837 6.6849
57 66.2065 4.4687
58 65.6305 6.7586
59 74.8494 7.217
60 76.0041 4.355
61 76.4356 4.7276
62 74.7579 6.8698
63 64.3643 7.9884
64 65.9303 13.0604
65 70.3324 8.9421
66 68.8023 11.6442
67 86.0416 9.2088
68 68.9638 9.6663
69 75.3652 7.8932
70 71.0676 9.2703
71 70.0609 12.6918
72 77.3434 9.8771
73 58.5608 7.4013
74 48.8303 9.0634
75 46.8843 8.2259
76 63.1348 5.4877
77 70.4641 6.3802
78 56.5849 6.5208
79 63.4531 9.866
80 55.4747 11.6176
81 0 0
82 0 0
83 79.5871 6.702
84 74.5264 5.2673
85 84.2249 5.9255
86 79.8341 5.5827
87 71.7265 5.7435
88 93.4184 6.6171
89 74.287 8.9534
90 86.4454 7.6318
91 84.7595 6.653
92 77.8677 6.9718
93 89.3734 5.9601
94 79.8891 6.3221
95 91.103 6.2706
96 76.1257 6.3066
97 90.647 6.8433
98 75.965 7.1932
99 65.9399 7.4459
100 60.3924 7.6152
101 82.3331 6.571
102 0 0
103 0 0
104 57.9934 3.4519
105 65.5318 4.7564
106 71.8147 4.2219
107 58.7037 3.9234
108 78.8459 3.0565
109 74.3868 5.9588
110 81.1488 4.8767
111 73.1483 3.7157
112 75.1946 3.7059
113 88.0875 5.0806
114 71.8236 3.5272
115 81.113 3.9022
116 84.4686 5.7994
117 79.6681 9.4336
118 73.244 6.547
119 96.8415 4.7574
120 76.9592 5.0956
121 90.8718 5.1772
122 85.2556 6.5982
123 0 0
124 0 0
125 83.3951 3.7966
126 80.5675 5.0368
127 81.308 4.9226
128 66.1624 4.8245
129 74.04 4.2292
130 70.3809 6.2069
131 75.5475 8.6171
132 73.9621 12.5146
133 60.7706 9.422
134 63.7067 7.9759
135 71.0059 5.6678
136 71.3477 8.3563
137 59.4169 9.4066
138 67.8428 5.7096
139 74.0209 9.8907
140 73.9096 6.8629
141 67.8664 5.6335
142 62.4288 7.5353
143 65.035 5.1006
144 58.8253 5.0356
145 66.9504 6.0703
146 69.9471 6.7427
147 67.6164 6.4687
148 71.5518 5.2309
149 70.4 5.4397
150 77.761 5.9992
151 65.7442 6.5028
152 76.8036 7.7988
153 70.1172 8.0447
154 61.1243 6.0012
155 82.4266 5.6196
156 80.5625 6.1522
157 70.4224 6.2499
158 76.7247 6.7502
159 83.8991 5.48
160 86.3661 8.5342
161 87.4876 7.1676
162 57.2468 7.3204
163 67.6588 6.8555
164 57.1151 8.6394
165 55.9002 6.8973
166 62.6611 8.7256
167 69.0934 4.607
168 55.2193 3.8094
169 72.6146 4.1888
170 56.9109 8.599
171 73.4278 3.7172
172 86.5124 5.9362
173 78.7243 4.4745
174 77.411 3.3022
175 74.1652 3.1641
176 84.9213 4.2392
177 75.8469 4.4797
178 86.5336 4.0804
179 69.7378 4.0895
180 68.9815 3.8317
181 71.2961 4.0887
182 68.8802 0.6179
183 57.0412 3.7187
184 69.664 6.7263
185 62.5165 4.5977
186 85.3724 9.5601
187 69.1913 4.3045
188 72.5306 10.5319
189 60.2769 9.7293
190 74.6982 7.277
191 72.7255 7.4126
192 63.5384 8.0491
193 69.0037 8.6143
194 71.729 5.9641
195 65.7163 7.7547
196 86.1936 8.2765
197 70.3579 10.0453
198 78.5751 8.8265
199 60.9066 6.7833
200 55.7134 9.3815
201 73.4707 0.5702
202 73.8504 6.9386
203 -122.065 48.1091
204 60.7799 5.473
205 76.9393 9.0194
206 74.9702 9.7254
207 0 0
208 0 0
209 58.3819 4.9834
210 66.6891 8.1538
211 75.6301 10.0085
212 66.0994 4.8671
213 61.5449 4.903
214 74.459 5.0853
215 69.2878 8.8633
216 73.9048 8.1369
217 68.1321 5.4624
218 73.1143 6.1625
219 61.4552 6.3047
220 67.3216 5.6182
221 64.7545 5.8747
222 57.7435 8.6509
223 73.2483 8.2658
224 66.2397 9.227
225 76.8774 6.2052
226 74.0633 5.7623
227 68.0828 4.565
228 0 0
229 0 0
230 62.1788 4.898
231 77.9583 4.0018
232 80.7388 4.3381
233 74.1531 5.1704
234 67.1015 7.5101
235 67.9741 5.6885
236 75.3592 4.9467
237 75.0935 8.253
238 74.6581 4.3191
239 72.1178 5.982
240 61.8012 4.8657
241 71.7994 3.2557
242 71.4414 6.1603
243 73.8982 6.2018
244 76.0218 5.7601
245 66.7999 4.4666
246 62.9807 4.1654
247 68.4803 4.0407
248 68.785 3.7928
249 0 0
250 0 0
251 0 0
