0 75.3332 4.8089
1 72.1925 6.2757
2 68.0051 6.2892
3 55.9803 5.8764
4 66.5276 9.0162
5 73.0737 9.6204
6 70.5216 8.806
7 73.3263 8.4319
8 62.3019 7.9295
9 77.6748 7.2107
10 72.8633 5.978
11 68.2276 6.7597
12 72.1676 8.4177
13 66.174 7.1807
14 71.5469 7.3074
15 67.5739 7.5606
16 72.9628 7.0884
17 73.3153 6.2073
18 73.3747 5.7156
19 72.0731 6.6178
20 75.9627 5.8076
21 70.2193 6.3897
22 61.287 5.2155
23 77.2018 5.987
24 73.9798 6.3387
25 78.6634 7.4408
26 86.2694 10.0154
27 75.7936 8.662
28 57.5781 8.3879
29 60.5315 6.4622
30 73.6214 6.4459
31 68.7194 5.1087
32 60.8578 6.3985
33 75.1641 6.0907
34 67.5028 13.4854
35 68.0213 6.7515
36 70.223 5.9083
37 67.0201 5.6304
38 69.3195 5.7149
39 66.9442 5.5543
40 67.1094 5.1606
41 65.509 5.1525
42 83.7101 4.4991
43 72.4732 6.154
44 74.9631 7.5407
45 68.635 5.3294
46 57.707 4.2547
47 77.5794 5.9994
48 61.5606 4.636
49 67.331 4.0306
50 72.8645 5.2456
51 73.6344 7.3341
52 74.6533 5.3939
53 62.181 8.0771
54 55.3557 8.0088
55 82.2813 3.1238
56 57.2763 7.0223
57 66.0401 4.0895
58 65.7209 6.6595
59 75.1814 7.3604
60 76.1681 4.3539
61 63.2034 3.2162
62 74.8442 6.9858
63 64.7882 7.9753
64 66.5812 11.9179
65 69.9983 9.1161
66 68.7966 11.4973
67 85.8459 9.4145
68 69.0706 10.115
69 75.2334 8.1653
70 71.3037 9.6109
71 70.5937 13.1041
72 77.7694 10.1364
73 57.8223 7.6001
74 49.6926 8.1652
75 47.4489 7.5594
76 62.459 5.5459
77 70.2229 6.5049
78 56.3801 6.7951
79 62.7413 10.2133
80 54.627 11.8096
81 0 0
82 0 0
83 79.6682 6.6528
84 74.5106 5.4744
85 84.3059 5.7681
86 79.6099 5.7447
87 71.6251 5.7368
88 93.4958 6.5047
89 73.9558 8.9698
90 86.3358 7.6188
91 84.6891 6.4894
92 77.4464 7.3146
93 89.4634 6.0995
94 79.5312 6.5111
95 90.9613 6.1307
96 75.6801 6.1852
97 90.6663 7.0899
98 76.0525 7.0564
99 65.445 7.7171
100 59.9546 7.899
101 81.804 6.7186
102 0 0
103 0 0
104 57.8869 3.4449
105 65.8635 4.7329
106 71.8071 4.3088
107 58.5021 3.895
108 78.8378 3.055
109 73.7349 6.2901
110 80.969 4.9445
111 73.0992 3.6906
112 75.1176 3.5703
113 88.1398 4.9804
114 71.8114 3.4441
115 80.7932 3.8938
116 84.5236 5.7697
117 79.4688 8.8808
118 73.2061 6.2814
119 96.7401 4.9017
120 77.0694 5.1663
121 90.7135 4.8718
122 85.2254 6.4067
123 0 0
124 0 0
125 83.5506 3.7372
126 80.541 5.0129
127 81.3498 4.9873
128 66.2181 4.975
129 74.3111 4.1925
130 70.8522 6.2115
131 75.5136 8.6967
132 74.1369 13.1748
133 60.1033 9.8714
134 63.4651 8.0347
135 70.8921 5.7496
136 70.8644 8.2611
137 58.7731 9.877
138 67.7802 5.8243
139 73.6484 10.3815
140 74.0554 6.9369
141 67.7807 5.6655
142 62.849 7.3294
143 65.2142 5.202
144 59.0482 5.1042
145 66.7094 6
146 70.1508 6.5443
147 67.7335 6.3342
148 71.4086 5.2533
149 70.4701 5.5127
150 78.0726 5.9792
151 64.8496 6.5811
152 76.8411 7.7396
153 69.8927 7.9159
154 61.0142 6.1529
155 82.5144 5.6113
156 80.5905 6.3643
157 70.2079 6.4735
158 76.3478 6.9987
159 83.7262 5.3764
160 85.9279 8.4861
161 87.5936 7.1784
162 57.3688 7.2305
163 68.0821 6.9109
164 57.3161 7.7307
165 56.7495 6.606
166 63.2015 8.1862
167 69.1821 4.5456
168 55.1562 3.8894
169 72.686 4.1958
170 57.0005 8.8023
171 73.4156 3.6271
172 86.6508 5.7854
173 78.9271 4.4163
174 77.4288 3.3272
175 74.1892 3.2886
176 85.1354 4.1618
177 75.9814 4.2365
178 86.2113 3.9803
179 69.1447 3.6541
180 69.1358 3.88
181 71.3567 4.1883
182 69.0941 0.8263
183 57.0937 3.7278
184 70.0341 6.7555
185 62.6331 4.7538
186 86.6069 9.9451
187 68.9929 5.1116
188 72.0415 10.5469
189 59.7758 10.0289
190 74.9275 7.4924
191 72.3405 7.7049
192 63.4376 8.2551
193 68.9422 8.4951
194 71.7467 6.083
195 65.8404 7.3805
196 86.138 8.1329
197 70.4787 9.8862
198 78.3099 8.9169
199 61.096 6.7745
200 55.2169 9.817
201 70.996 6.2484
202 74.0432 6.8146
203 -18.752 32.017
204 60.9305 5.2045
205 76.9659 8.8937
206 74.7937 9.5825
207 0 0
208 0 0
209 58.9855 4.88
210 66.6242 8.1052
211 76.4477 9.3157
212 66.0843 4.9429
213 62.0872 4.8175
214 74.419 5.0055
215 70.0967 8.7358
216 73.5388 8.035
217 68.217 5.3481
218 73.4206 6.0657
219 61.6745 6.1495
220 67.8884 5.2454
221 65.108 5.7463
222 57.5649 8.6818
223 73.1087 7.5648
224 66.1411 8.4722
225 76.8254 6.2878
226 74.3429 5.7613
227 68.419 4.7387
228 0 0
229 0 0
230 61.9415 4.7712
231 77.6646 4.1081
232 80.542 4.4298
233 73.7952 5.2568
234 66.1435 7.4007
235 67.4608 6.0404
236 75.0519 5.1947
237 73.5868 8.2157
238 74.3725 4.2201
239 72.1281 5.9721
240 62.0266 4.7538
241 71.4169 3.0956
242 71.6016 5.9743
243 73.6013 6.2545
244 75.7181 5.6712
245 66.6381 4.3564
246 62.9687 4.2801
247 68.3518 4.0637
248 68.9368 3.7988
249 0 0
250 0 0
251 0 0
