0 75.3393 4.7468
1 72.2995 5.9698
2 67.862 6.3316
3 55.9591 5.8705
4 66.3827 9.1693
5 73.2564 9.0246
6 70.3669 8.6617
7 73.6671 8.4417
8 62.2951 7.882
9 77.7769 7.0323
10 73.1228 5.9098
11 68.252 6.5348
12 72.5872 7.8308
13 66.5451 6.8041
14 71.902 7.1753
15 66.8627 7.53
16 72.7737 7.2419
17 73.038 6.616
18 73.4343 5.6448
19 71.6161 6.5562
20 76.1742 5.4814
21 70.5913 6.2416
22 61.43 5.2555
23 77.2614 5.7738
24 74.0948 6.293
25 78.8628 7.5411
26 86.6905 9.6886
27 75.9453 8.1604
28 57.9094 8.229
29 60.9763 6.4157
30 73.7509 6.2072
31 68.8999 5.0869
32 61.15 6.2959
33 75.5843 5.8509
34 68.5045 12.5912
35 68.1969 6.6527
36 70.2029 6.0939
37 67.1935 5.6786
38 69.5011 5.8307
39 66.7425 5.3886
40 67.0284 5.174
41 65.9255 4.8826
42 83.7491 4.301
43 72.4824 5.7022
44 75.4473 7.211
45 68.7961 5.2555
46 58.0035 4.0887
47 77.7712 5.7287
48 61.4698 4.7598
49 67.5702 3.8383
50 73.1166 5.2258
51 73.3804 7.2006
52 74.7414 5.4158
53 62.4383 7.9681
54 55.5623 8.3296
55 82.3232 3.0666
56 57.8504 7.0201
57 66.1122 4.4243
58 66.0107 6.6198
59 74.8568 7.5686
60 76.2121 4.1143
61 70.0065 4.106
62 74.8186 6.8924
63 64.4693 8.1142
64 66.9116 11.6916
65 70.5314 8.9213
66 69.1129 11.7652
67 86.0692 9.1118
68 69.0189 9.6602
69 75.3673 7.8389
70 71.2643 9.426
71 70.4045 12.7681
72 77.7828 9.8866
73 58.3446 7.6049
74 48.1825 9.492
75 48.4656 7.1649
76 63.0716 5.476
77 70.6096 6.4111
78 56.6607 6.6741
79 63.9382 9.6083
80 55.6279 11.4218
81 0 0
82 0 0
83 79.986 6.6439
84 74.5791 5.2956
85 84.1656 5.9086
86 80.0959 5.3071
87 71.8413 5.6128
88 93.5153 6.2474
89 74.0776 8.7355
90 86.6864 7.1896
91 84.7766 6.407
92 78.4955 6.9596
93 89.8425 5.8625
94 80.3626 6.2504
95 90.9217 6.0391
96 76.0856 6.2643
97 90.4818 6.7106
98 76.4042 6.9416
99 66.0748 7.2021
100 59.7816 8.0854
101 81.9373 6.1706
102 0 0
103 0 0
104 58.2607 3.4132
105 65.9317 4.5986
106 71.9337 4.2105
107 58.8717 3.9048
108 78.7658 2.9451
109 73.966 6.0246
110 81.2393 4.9114
111 73.179 3.6852
112 75.1092 3.6435
113 88.3593 4.9138
114 71.7266 3.3698
115 81.0355 3.8279
116 84.6629 5.7632
117 80.0518 8.8319
118 73.3839 6.3403
119 96.9369 4.8059
120 77.4547 5.2902
121 91.3919 5.1318
122 85.4206 6.5151
123 0 0
124 0 0
125 83.4605 3.842
126 80.4842 4.9408
127 81.1675 5.0379
128 66.114 4.8222
129 74.4175 4.1867
130 70.6759 6.3519
131 75.7335 8.4674
132 74.0721 12.6805
133 60.3619 9.8344
134 63.414 7.7991
135 70.9528 5.6811
136 71.013 8.0184
137 59.5458 9.5071
138 68.0614 5.7544
139 73.9897 9.7274
140 73.9208 6.5593
141 68.3411 5.6075
142 62.8251 7.3316
143 65.3581 4.9295
144 59.1697 4.7671
145 66.956 5.819
146 69.679 6.7449
147 67.6188 6.2631
148 71.6485 5.2265
149 70.4058 5.3299
150 77.8877 5.8882
151 64.9276 6.332
152 76.8003 7.6111
153 70.0524 7.9493
154 61.3083 6.1403
155 82.501 5.6088
156 80.9171 6.2363
157 70.1574 6.3212
158 76.7998 6.737
159 83.8842 5.207
160 86.1387 8.2904
161 87.5126 7.2681
162 57.151 7.3181
163 67.8705 6.8316
164 57.728 7.8741
165 56.1222 6.9078
166 62.8093 8.681
167 69.242 4.3573
168 55.3864 3.7322
169 72.5287 4.1733
170 57.1668 8.4648
171 73.6653 3.6378
172 86.755 5.772
173 78.9431 4.3306
174 77.4167 3.4088
175 74.5048 3.176
176 84.9189 4.2459
177 76.0205 4.6075
178 86.3841 4.0132
179 69.7988 3.9688
180 69.1916 3.7539
181 71.6009 4.1846
182 69.2605 0.7816
183 57.0835 3.7984
184 70.2423 6.5892
185 62.8349 4.7207
186 85.8821 9.5582
187 69.3496 4.5231
188 72.685 10.2954
189 60.06 9.2984
190 74.8366 7.1453
191 72.705 7.5581
192 63.5493 8.5001
193 69.1605 8.731
194 71.8408 5.7929
195 66.2331 7.7208
196 86.0813 8.2681
197 70.0965 10.0119
198 78.5228 8.5722
199 60.5691 6.8163
200 54.9003 9.9217
201 70.7669 6.1215
202 74.0262 6.7316
203 18.005 24.7277
204 60.6321 5.4693
205 76.9957 8.6863
206 74.5422 9.3684
207 0 0
208 0 0
209 58.8344 4.9638
210 66.0939 8.0518
211 76.536 9.3573
212 65.9573 4.9606
213 62.2764 4.7159
214 74.8386 5.241
215 70.0331 8.6095
216 73.3844 8.0477
217 68.0689 5.4201
218 73.2866 5.9951
219 61.3671 6.1466
220 67.628 5.5356
221 64.8983 5.8271
222 57.193 8.9314
223 73.0078 8.2707
224 65.7107 9.0519
225 76.9975 6.1511
226 74.2455 5.7842
227 68.4164 4.6724
228 0 0
229 0 0
230 62.3977 4.7848
231 78.301 4.0074
232 80.8549 4.3497
233 74.3409 5.1807
234 67.1288 7.2872
235 68.1455 5.6497
236 75.4885 4.8773
237 74.2258 8.3549
238 74.5397 4.1874
239 72.0377 5.8607
240 61.9134 4.668
241 71.4857 3.0808
242 71.608 5.925
243 73.4566 5.9117
244 75.7676 5.4332
245 66.5658 4.4148
246 62.8852 4.3276
247 68.3881 3.9839
248 68.7681 3.7788
249 0 0
250 0 0
251 0 0
