0 75.3439 4.7876
1 72.1252 6.2845
2 68.0962 6.3363
3 55.7182 6.0413
4 66.2031 9.3406
5 73.1477 9.5177
6 70.167 9.0844
7 73.3883 8.4057
8 62.4862 7.8433
9 77.9233 6.9303
10 72.8911 5.707
11 68.7906 6.6346
12 72.5302 7.9722
13 66.6443 6.4015
14 71.6922 7.3835
15 67.5521 7.3101
16 72.8974 7.0962
17 73.4013 6.3623
18 73.2534 5.9539
19 72.4437 6.9631
20 76.2043 5.5391
21 70.716 6.265
22 61.3328 5.1386
23 77.5061 5.852
24 74.2195 6.4043
25 78.6941 7.4201
26 86.3752 9.5146
27 76.4209 8.3306
28 58.0444 8.3357
29 60.6497 6.566
30 73.8487 6.4352
31 68.6843 5.2095
32 61.1912 6.3632
33 75.2976 6.0923
34 67.6761 13.6315
35 68.0902 6.8534
36 70.145 5.9691
37 67.2214 5.8182
38 69.135 5.9857
39 66.624 5.6926
40 67.1244 5.2548
41 65.9098 4.8002
42 83.7871 4.348
43 72.4401 5.92
44 75.0762 7.2264
45 69.1857 5.2078
46 58.1881 4.0515
47 78.1262 5.7536
48 61.8577 4.6781
49 67.6133 3.9802
50 73.4338 5.2219
51 73.8964 7.1853
52 74.9747 5.1678
53 61.8224 8.0814
54 54.7605 8.2744
55 82.3464 3.1431
56 57.8461 6.4878
57 66.1434 4.4018
58 65.7282 6.4368
59 74.893 7.198
60 75.9986 4.4699
61 70.0033 4.7099
62 74.8424 6.8924
63 64.8602 7.9433
64 67.0021 11.6624
65 70.6352 8.7616
66 68.6407 11.7059
67 85.8323 9.1614
68 68.72 9.9025
69 75.5631 7.9634
70 71.4086 9.4651
71 70.6437 12.4742
72 77.6923 10.285
73 58.1994 7.6806
74 49.4686 9.184
75 50.1131 6.7839
76 63.0763 5.5413
77 70.6856 6.3764
78 56.7577 6.6928
79 63.4298 9.9324
80 56.4571 10.6563
81 0 0
82 0 0
83 79.8989 6.6225
84 74.3828 5.5573
85 84.1587 5.9099
86 79.8085 5.2971
87 71.8819 5.5672
88 93.5254 6.3162
89 74.1568 8.5496
90 86.3837 7.4594
91 84.8196 6.4739
92 78.1759 6.7688
93 89.7983 5.9876
94 80.0562 6.4643
95 91.2108 6.0155
96 76.2349 6.2294
97 90.559 6.75
98 76.0025 7.0879
99 66.0966 7.3503
100 59.9341 7.8437
101 82.3242 6.248
102 0 0
103 0 0
104 57.9372 3.4805
105 65.563 4.7741
106 71.9091 4.3896
107 58.8627 3.7759
108 78.9081 3.0261
109 74.0133 5.7917
110 81.1232 4.8475
111 73.0496 3.6984
112 74.8451 3.7505
113 88.1939 5.0486
114 71.8089 3.5291
115 81.0047 3.7774
116 84.5546 5.7923
117 79.3351 8.8319
118 73.1988 6.4481
119 96.874 4.8479
120 77.4566 5.1455
121 91.1675 4.8597
122 85.6027 6.3131
123 0 0
124 0 0
125 83.4281 3.7614
126 80.7304 5.0489
127 81.3685 4.893
128 66.1084 4.8973
129 74.4051 4.2504
130 70.3619 6.2594
131 75.9902 8.2393
132 74.4262 12.2684
133 59.8303 10.0871
134 63.7937 7.8515
135 71.199 5.6338
136 71.041 8.2396
137 59.7397 9.4938
138 68.007 5.526
139 73.7368 10.0287
140 73.6934 6.7482
141 67.945 5.6193
142 62.9164 7.5297
143 65.3517 4.9703
144 58.7002 4.9505
145 66.8825 6.3324
146 69.3108 6.9035
147 67.1884 6.4583
148 71.1495 5.2925
149 70.3676 5.5451
150 77.7773 6.0449
151 64.5277 6.6751
152 76.5136 8.097
153 69.8277 8.3779
154 60.9428 6.2178
155 82.4208 5.6133
156 80.6446 6.3103
157 70.116 6.3213
158 77.0464 6.8955
159 83.5696 5.4758
160 85.8421 8.4041
161 87.2309 7.308
162 57.5159 7.0427
163 67.9543 6.7253
164 57.7366 7.7817
165 56.3141 6.6859
166 63.2785 8.3936
167 69.1339 4.5054
168 55.3157 3.8759
169 72.4951 4.3064
170 57.6796 8.1138
171 73.46 3.6788
172 86.5064 5.9999
173 78.8966 4.4286
174 77.6105 3.289
175 74.3064 3.2139
176 85.1585 4.1829
177 75.7593 4.2957
178 86.5863 4.0289
179 69.7559 3.8463
180 68.9706 3.8776
181 71.2581 4.413
182 69.0855 0.7469
183 56.7445 3.8737
184 69.8511 6.8716
185 62.4259 4.8459
186 86.2376 9.4261
187 69.1923 4.3303
188 72.6402 10.6721
189 59.844 9.5343
190 74.8887 7.4371
191 72.6874 7.3568
192 63.5977 8.2003
193 69.4187 8.5034
194 71.742 5.947
195 65.9015 7.4664
196 86.4868 8.0885
197 70.5222 9.6979
198 78.7188 8.7933
199 60.4265 6.8984
200 55.7097 9.4912
201 70.8883 6.1457
202 73.9919 6.7278
203 -9.3764 31.1194
204 60.6301 5.4658
205 76.5163 8.9682
206 74.4327 9.6094
207 0 0
208 0 0
209 58.1874 5.3154
210 66.4897 8.3688
211 76.1155 9.0422
212 65.6711 5.1704
213 61.7601 4.9055
214 73.5696 4.8819
215 69.8203 9.1917
216 73.3333 8.3453
217 68.1334 5.4622
218 72.8735 6.1776
219 61.4511 6.4896
220 67.7765 5.5662
221 64.8772 5.8933
222 57.3965 8.6163
223 73.1851 8.1948
224 66.0448 8.5795
225 76.8559 6.1964
226 74.0818 5.7381
227 68.2687 4.6402
228 0 0
229 0 0
230 62.5196 4.8181
231 78.1738 4.1006
232 80.8637 4.4687
233 74.1688 5.3001
234 67.3791 7.1356
235 67.8264 5.8741
236 75.4874 5.0948
237 74.8974 7.8586
238 74.6545 4.3757
239 71.9782 5.9354
240 61.7019 4.7915
241 71.4166 3.1627
242 71.8505 6.2192
243 73.6857 6.1851
244 75.9986 5.7118
245 66.6139 4.4099
246 63.1047 4.1663
247 68.429 4.037
248 69.1194 3.701
249 0 0
250 0 0
251 0 0
