0 75.3612 4.8011
1 72.0459 5.9856
2 67.9879 6.2319
3 55.9064 5.9078
4 66.3119 9.2436
5 72.9213 9.044
6 70.6661 8.6757
7 73.3615 8.4899
8 62.3899 8.161
9 77.6726 7.1001
10 73.0422 5.7229
11 68.6829 6.4793
12 72.6453 7.8119
13 66.6406 6.495
14 71.5826 7.203
15 67.282 7.987
16 72.2622 7.433
17 73.0736 6.3271
18 72.8825 5.8851
19 71.9716 6.8042
20 76.1559 5.6262
21 70.1407 6.4748
22 60.9835 5.3878
23 76.6126 6.1212
24 73.8211 6.4661
25 78.7589 7.8005
26 86.6128 10.0282
27 75.7183 8.3883
28 57.6669 8.4783
29 60.7866 6.4884
30 73.6501 6.3507
31 68.6549 4.9297
32 60.936 6.3324
33 75.2294 6.2145
34 67.7941 13.1069
35 67.9706 6.6152
36 70.2049 5.7491
37 67.332 5.7318
38 69.3348 5.6625
39 66.7989 5.4318
40 66.7566 5.3213
41 65.624 4.8157
42 83.675 4.3717
43 72.2943 5.8397
44 75.2009 7.0359
45 68.8587 5.4474
46 57.8663 4.1798
47 77.7646 5.9179
48 61.5955 4.7477
49 67.5796 3.9837
50 73.4514 5.0415
51 74.0984 7.3936
52 75.1701 5.3785
53 62.5124 7.9839
54 55.9451 7.2058
55 82.3262 3.0716
56 57.8845 6.617
57 66.2626 4.2485
58 65.9684 6.6198
59 74.7473 7.529
60 76.2126 4.4014
61 62.8136 3.2466
62 74.8727 6.912
63 64.5739 8.0677
64 67.0564 12.244
65 69.9746 9.3223
66 68.7729 11.5911
67 85.9299 9.406
68 68.9705 9.6261
69 75.1092 8.111
70 71.3048 9.5866
71 70.2214 12.9159
72 77.8619 9.9606
73 58.3439 7.6882
74 50.3362 8.0521
75 49.3317 7.317
76 63.1188 5.4031
77 70.6748 6.5158
78 57.26 6.4201
79 64.1538 9.5015
80 55.6705 10.9246
81 0 0
82 0 0
83 79.6189 6.7559
84 74.3305 5.5128
85 84.2239 6.0047
86 80.0572 5.353
87 71.4937 5.6246
88 93.3756 6.3426
89 73.8803 9.2407
90 86.4904 7.7748
91 84.4611 6.6798
92 77.6118 7.4307
93 89.3316 6.0459
94 79.7352 6.5094
95 90.9026 6.3395
96 75.7284 6.5667
97 90.6728 7.0298
98 75.4961 7.0601
99 65.779 7.3413
100 59.8599 7.6974
101 82.2832 6.5002
102 0 0
103 0 0
104 57.9247 3.5272
105 65.6974 4.7988
106 71.7672 4.2576
107 58.7223 3.7365
108 78.7683 3.0364
109 74.1123 6.0316
110 81.0983 4.8592
111 73.1303 3.6843
112 75.0034 3.6081
113 88.0871 5.03
114 71.7063 3.4455
115 80.8962 3.8432
116 84.2423 5.7121
117 79.3398 8.4577
118 72.9069 6.1653
119 96.6346 4.7969
120 77.0863 5.0842
121 90.9633 5.0249
122 84.9932 6.3668
123 0 0
124 0 0
125 83.2281 3.8089
126 80.381 5.1541
127 81.2028 4.9668
128 65.9785 4.9268
129 74.1526 4.2005
130 70.4901 6.2328
131 75.9259 8.5102
132 73.7926 12.7232
133 60.306 10.0407
134 63.9336 7.8879
135 71.3159 5.6525
136 71.3807 8.2661
137 58.9522 9.7558
138 67.8927 5.6609
139 73.5788 9.8403
140 73.9186 6.6735
141 67.5997 5.6689
142 62.7857 7.6261
143 64.9712 5.113
144 58.3561 5.296
145 66.5795 6.2877
146 69.8429 6.6677
147 67.4956 6.3429
148 71.1437 5.2181
149 70.4926 5.5557
150 77.9212 5.9564
151 64.84 6.5066
152 76.8861 7.9002
153 69.9901 7.9863
154 60.5502 6.2759
155 82.2845 5.618
156 80.2893 6.294
157 70.0983 6.5274
158 76.2741 6.9651
159 83.0968 5.4373
160 85.8964 8.5245
161 87.1267 7.2734
162 57.4041 7.0614
163 68.0828 6.5901
164 57.8746 7.7539
165 56.4606 6.5114
166 63.8928 8.1357
167 68.866 4.5218
168 55.2168 3.8947
169 72.5799 4.3372
170 57.1208 8.3158
171 73.4931 3.7213
172 86.5514 5.9722
173 78.9501 4.2506
174 77.4601 3.2289
175 74.0758 3.2644
176 85.1314 4.1971
177 76.0238 4.3921
178 86.4407 4.0224
179 69.4211 3.6592
180 69.1548 3.7848
181 71.5659 4.1941
182 68.9525 0.7405
183 57.0597 3.6038
184 70.2769 6.6391
185 62.3819 4.7604
186 85.9299 9.4674
187 69.0573 4.5192
188 72.2909 10.7578
189 59.7748 10.1157
190 74.9667 7.5173
191 72.3969 7.3884
192 64.0764 8.2163
193 69.2825 8.4615
194 71.8728 5.7686
195 66.0119 7.3195
196 86.1606 7.9701
197 70.276 9.8751
198 78.4657 8.8479
199 60.7416 6.9248
200 56.5648 9.1543
201 70.9559 6.1881
202 74.4124 6.79
203 18.2113 25.488
204 61.1496 5.2567
205 77.0879 9.2438
206 74.4315 9.9046
207 0 0
208 0 0
209 58.7174 4.9305
210 66.5846 8.1717
211 76.5551 9.1063
212 65.9833 4.8856
213 61.615 4.6011
214 74.1577 4.9029
215 69.7792 9.3716
216 73.4543 8.467
217 67.9506 5.2759
218 73.357 5.6937
219 61.8112 6.0171
220 67.8279 5.2532
221 65.0439 5.7965
222 57.6705 8.2228
223 73.4942 7.8748
224 66.3749 8.4726
225 76.9901 6.1459
226 74.4857 5.7269
227 68.3783 4.5582
228 0 0
229 0 0
230 62.4913 4.8222
231 78.0831 3.9696
232 80.9689 4.3699
233 74.118 5.182
234 66.9642 7.2477
235 68.1141 5.8036
236 75.4317 5.0107
237 73.6818 8.3751
238 74.3735 4.21
239 71.9589 5.9161
240 61.8775 4.6161
241 71.3716 3.0964
242 71.4283 5.9788
243 73.619 6.0033
244 75.9316 5.6747
245 66.4405 4.4645
246 63.1208 4.0693
247 68.4348 4.0103
248 69.0199 3.7584
249 0 0
250 0 0
251 0 0
