0 75.265 4.8534
1 72.2253 6.3069
2 67.8366 6.2485
3 56.1943 6.042
4 66.1748 9.1774
5 73.2552 10.0691
6 70.8598 9.0778
7 73.2547 8.4288
8 62.029 8.2088
9 77.8508 7.1881
10 72.8272 6.0838
11 68.3238 6.6628
12 72.3558 8.1311
13 66.6086 6.8739
14 71.7201 7.6052
15 67.1188 8.0638
16 72.4849 7.3349
17 73.1474 6.7342
18 73.1512 5.9883
19 71.7785 6.8511
20 75.8401 5.8086
21 70.3465 6.4777
22 61.0392 5.4001
23 77.0724 6.094
24 73.7161 6.4759
25 78.4883 7.768
26 86.2772 10.2252
27 75.9588 8.296
28 57.7531 8.2273
29 60.6571 6.6761
30 73.3797 6.269
31 68.4201 5.1815
32 60.7822 6.5451
33 75.1003 6.156
34 67.8702 13.177
35 68.1535 7.169
36 69.9401 6.3716
37 67.1422 5.7427
38 69.3126 6.0551
39 66.5533 5.6316
40 66.7992 5.3282
41 65.539 4.9027
42 83.8423 4.4127
43 72.6104 6.039
44 75.4998 7.1697
45 69.1163 5.3413
46 58.1563 4.1387
47 77.9162 5.9524
48 61.719 4.8418
49 67.6272 3.9397
50 73.198 5.104
51 74.1386 7.438
52 74.9572 5.4985
53 61.8571 8.3041
54 55.4288 8.0137
55 82.2486 3.152
56 56.8696 7.1487
57 65.7948 4.1988
58 65.6713 6.6963
59 74.6267 7.9187
60 76.3372 4.3791
61 65.3111 3.2405
62 75.0708 7.1172
63 64.5098 8.5028
64 66.0952 12.284
65 70.0046 9.3322
66 67.9222 12.1472
67 85.3321 9.5889
68 68.8457 9.7196
69 75.1214 8.1236
70 70.9806 9.7006
71 70.4488 13.3668
72 77.5578 10.6005
73 57.3323 7.8922
74 47.6717 9.4911
75 44.5648 8.6749
76 62.3497 5.8009
77 67.2728 5.2567
78 56.2116 6.7957
79 62.5824 10.7731
80 54.0952 12.1915
81 0 0
82 0 0
83 79.6298 7.0675
84 74.0745 5.6797
85 83.8041 6.1096
86 79.6756 5.8323
87 71.2298 5.874
88 93.1925 6.6017
89 74.1934 9.801
90 86.2028 8.0217
91 84.6435 6.676
92 77.5171 7.2549
93 89.3731 5.9928
94 79.6024 6.6745
95 91.1336 6.2099
96 75.8469 6.5046
97 90.8118 7.245
98 75.6483 7.2375
99 65.6328 7.4122
100 59.9906 7.9608
101 81.9957 6.4256
102 0 0
103 0 0
104 57.8171 3.5283
105 65.7199 4.8358
106 71.9757 4.4447
107 58.6467 3.7586
108 78.7624 3.0477
109 73.9516 6.1164
110 80.9971 4.8813
111 73.0581 3.8304
112 75.0333 3.7129
113 87.9262 5.0988
114 71.6858 3.5695
115 80.9076 3.9068
116 84.5203 5.89
117 79.3936 9.2525
118 73.068 6.4137
119 96.9429 4.9903
120 77 5.2366
121 90.4831 4.9582
122 85.0343 6.4797
123 0 0
124 0 0
125 83.065 3.8941
126 80.3322 5.3272
127 81.077 4.9999
128 65.8043 5.158
129 74.198 4.2909
130 70.4625 6.5462
131 75.8223 8.8825
132 73.4551 12.5838
133 59.5544 9.868
134 63.597 7.6526
135 71.0433 5.7586
136 71.4427 8.1758
137 59.5637 9.8765
138 67.7739 5.7799
139 74.0814 10.1203
140 73.8446 6.8045
141 67.7939 5.7999
142 62.6279 7.5958
143 65.204 5.1027
144 58.8451 5.11
145 66.8992 6.2264
146 69.6004 6.8875
147 67.5843 6.6705
148 71.2211 5.4302
149 70.5156 5.6075
150 77.7897 6.1878
151 64.7955 6.6753
152 76.5073 7.9436
153 69.9004 8.4013
154 61.1604 6
155 82.5202 5.5533
156 80.6348 6.3624
157 70.1637 6.3968
158 76.6743 6.9529
159 83.7469 5.5735
160 86.1366 8.4139
161 87.5062 7.2141
162 57.4534 7.1339
163 67.8277 6.5617
164 57.1005 8.3971
165 56.5824 6.6734
166 63.3556 8.3925
167 68.9627 4.7011
168 55.2711 3.8566
169 72.4329 4.3607
170 57.0162 8.8263
171 73.6216 3.6959
172 86.4161 6.2502
173 78.796 4.4225
174 77.3623 3.3863
175 74.1839 3.3083
176 85.0129 4.2939
177 76.0361 4.6715
178 86.3228 4.0404
179 69.0886 3.4785
180 68.9571 3.8544
181 71.3009 4.1774
182 68.9693 0.7528
183 57.2327 3.8585
184 69.854 6.6899
185 62.7603 4.7289
186 86.3852 9.7689
187 69.128 4.4176
188 72.5126 10.3094
189 59.9015 9.9024
190 74.7531 7.6104
191 72.2454 7.6052
192 63.761 7.9909
193 69.0027 8.9717
194 71.3459 6.0203
195 65.8708 7.6206
196 85.9501 8.2012
197 70.0637 10.1688
198 78.3138 8.9961
199 60.8827 6.8819
200 55.6904 9.4043
201 70.8876 6.3622
202 73.5464 7.0267
203 -2.0506 31.2283
204 60.982 5.3599
205 77.2205 9.431
206 74.7323 9.8782
207 0 0
208 0 0
209 58.1236 5.3685
210 66.1977 8.2737
211 77.0093 9.5067
212 65.7164 5.0509
213 61.4625 5.0161
214 74.5556 5.432
215 69.8764 9.3357
216 73.1694 8.5791
217 68.1048 5.4232
218 72.9685 5.9945
219 61.7542 6.1854
220 67.7173 5.4468
221 65.0934 5.7862
222 57.782 8.4801
223 73.764 8.0785
224 66.1798 8.6766
225 76.8023 6.5776
226 73.8746 6.2107
227 67.9642 4.8647
228 0 0
229 0 0
230 62.3145 4.7752
231 77.9696 4.0924
232 80.8965 4.3788
233 73.8633 5.0868
234 66.4592 7.046
235 68.2743 5.9353
236 75.3789 4.9714
237 74.1784 8.128
238 74.1329 4.4132
239 71.8438 6.087
240 61.5376 4.7828
241 71.5139 3.2453
242 71.1321 6.2852
243 73.629 6.1026
244 75.7823 5.8705
245 66.4862 4.4097
246 62.8529 4.2133
247 68.3873 4.1286
248 68.5367 3.7732
249 0 0
250 0 0
251 0 0
