0 75.3385 4.9103
1 71.9856 6.4939
2 67.699 6.2547
3 55.9821 5.9742
4 66.2854 9.4838
5 72.8728 9.2917
6 70.2144 9.2185
7 73.0983 8.8031
8 62.2625 8.0439
9 77.5891 7.375
10 72.6241 5.9876
11 68.2612 6.7163
12 72.1976 8.1567
13 66.2782 6.9549
14 71.6268 7.8778
15 66.713 7.3472
16 72.3352 7.5015
17 72.9604 6.5427
18 72.9622 6.0343
19 72.1382 6.8617
20 76.133 5.9176
21 70.0217 6.413
22 60.9299 5.4304
23 76.7153 6.142
24 74.0881 6.4391
25 78.365 8.0162
26 86.7081 9.9439
27 75.6842 8.8208
28 57.4609 8.4263
29 60.6138 6.5048
30 73.6195 6.5435
31 68.6364 4.972
32 60.9787 6.4954
33 75.1592 6.1867
34 67.6781 12.7414
35 67.9228 6.7969
36 70.0202 6.0923
37 67.2827 5.7014
38 69.3832 5.7752
39 66.6712 5.6857
40 66.8972 5.2064
41 65.7426 5.1015
42 83.6611 4.4759
43 72.3842 6.0358
44 75.3056 7.5895
45 69.1579 5.2792
46 58.2996 4.0647
47 78.1444 5.9923
48 61.632 4.7033
49 67.7856 3.821
50 73.2732 5.0712
51 73.6079 7.2832
52 75.0494 5.3289
53 61.9306 8.2987
54 53.5863 9.187
55 82.1636 3.222
56 57.5152 6.8414
57 65.5199 4.4722
58 65.3933 7.0644
59 74.5998 8.1434
60 76.3527 4.4927
61 64.9769 3.2919
62 74.8077 7.0248
63 64.3954 8.1299
64 66.2816 12.3943
65 69.7725 9.0266
66 68.5694 12.0827
67 85.5234 9.4183
68 68.7928 10.1857
69 75.2095 8.1754
70 71.2008 9.6577
71 69.9771 13.3274
72 77.4923 10.3711
73 57.7167 7.8387
74 46.7289 10.1239
75 46.7516 8.1004
76 62.2567 5.7608
77 69.871 6.7283
78 56.302 6.7359
79 62.4804 10.7163
80 55.6283 11.0804
81 0 0
82 0 0
83 79.5509 6.7059
84 74.5812 5.6052
85 83.9898 5.9249
86 80.0972 5.3408
87 71.6913 5.779
88 93.475 6.3043
89 74.3041 8.804
90 86.765 7.5815
91 84.4918 6.6553
92 77.97 7.1495
93 89.4958 6.0014
94 79.8275 6.5118
95 90.8041 6.0442
96 75.7561 6.2954
97 90.3796 6.7623
98 76.1261 7.2592
99 65.2705 7.7626
100 60.0836 8.108
101 82.0984 6.6336
102 0 0
103 0 0
104 57.8601 3.5112
105 65.8457 4.785
106 71.6377 4.3463
107 58.525 3.9432
108 78.7475 3.0381
109 74.3854 6.0457
110 80.9596 5.0304
111 72.9551 3.7763
112 74.9131 3.8246
113 88.1408 5.1642
114 71.828 3.5473
115 81.1532 3.9283
116 84.4407 5.7742
117 79.2866 9.1041
118 72.918 6.3514
119 96.8531 4.8649
120 77.2096 5.1185
121 90.7474 4.9268
122 84.9181 6.5253
123 0 0
124 0 0
125 83.2926 3.7958
126 80.4972 5.2336
127 81.0816 5.0841
128 66.0428 5.0107
129 74.2427 4.2666
130 70.807 6.5063
131 75.6829 8.2006
132 74.2454 13.0615
133 60.0563 10.1673
134 63.6645 7.9877
135 70.9208 5.765
136 71.0945 8.2781
137 59.0894 9.8669
138 67.5589 5.8096
139 73.576 10.1587
140 73.9545 6.7794
141 67.8773 5.7017
142 62.7542 7.4281
143 65.17 5.0999
144 58.8185 4.9723
145 66.3613 6.3237
146 70.0498 6.7744
147 67.6666 6.2625
148 71.2493 5.3153
149 70.4889 5.3944
150 77.7586 5.9738
151 64.9062 6.5086
152 76.8557 7.5916
153 69.9602 7.8373
154 61.1168 6.1385
155 82.6357 5.6052
156 80.7021 6.3199
157 70.2226 6.5912
158 76.7957 6.7879
159 83.8597 5.4201
160 86.1044 8.8817
161 87.4064 7.4474
162 57.3633 6.9037
163 67.8164 6.6764
164 57.2742 7.911
165 56.5302 6.6808
166 63.2736 8.5171
167 68.7527 4.5242
168 54.9835 3.9449
169 72.5633 4.2637
170 57.7238 8.2228
171 73.6193 3.7133
172 86.4799 6.062
173 78.9395 4.5153
174 77.4736 3.3492
175 74.3501 3.2237
176 84.9888 4.2705
177 76.0323 4.4424
178 86.3129 4.067
179 69.4937 3.5403
180 69.1066 3.7706
181 71.5854 4.1222
182 69.2831 0.7823
183 57.208 3.7052
184 70.2697 6.5129
185 62.6051 4.6187
186 85.8526 9.3298
187 69.0082 4.8646
188 72.415 10.3453
189 60.4372 9.5768
190 74.4897 7.4666
191 71.8809 7.6307
192 63.2616 8.1268
193 69.0354 8.5012
194 71.5686 5.9399
195 65.7703 7.6639
196 86.033 8.2487
197 70.207 10.2607
198 78.8328 9.0676
199 60.8114 6.7881
200 55.1766 10.2377
201 70.8157 6.1982
202 74.2348 6.934
203 -5.8253 30.0197
204 60.7598 5.469
205 76.7494 9.3109
206 74.483 9.784
207 0 0
208 0 0
209 58.7577 4.8902
210 66.4793 7.9509
211 76.8913 9.4048
212 65.787 4.8511
213 62.3898 4.7877
214 75.14 5.2846
215 70.2251 9.143
216 73.5441 8.1469
217 68.193 5.436
218 73.1881 6.1001
219 61.5587 6.2116
220 67.502 5.5038
221 65.4102 5.893
222 57.5277 8.6878
223 73.8892 8.4385
224 66.3592 8.5043
225 76.5668 6.4165
226 74.0184 5.8394
227 68.2028 4.6525
228 0 0
229 0 0
230 61.8217 4.9517
231 77.7104 4.1794
232 80.5492 4.3936
233 73.7188 5.2716
234 66.0995 7.2866
235 67.6575 6.042
236 75.0726 5.2795
237 73.6425 8.3567
238 74.4156 4.3708
239 71.815 6.1083
240 61.4526 4.9452
241 71.5344 3.2508
242 71.149 6.2752
243 73.6054 6.1597
244 75.7855 5.7838
245 66.6106 4.5821
246 62.8091 4.28
247 68.3039 4.092
248 68.8816 3.7517
249 0 0
250 0 0
251 0 0
