0 75.0416 4.887
1 72.1004 6.1991
2 67.8422 6.1991
3 56.1875 5.7848
4 66.3646 9.3619
5 73.0727 9.2273
6 70.5148 9.2466
7 73.3547 8.5284
8 62.2025 7.9166
9 77.9376 7.4048
10 72.5927 6.0821
11 68.4825 6.4529
12 72.3563 8.3676
13 66.63 6.572
14 71.8899 7.1847
15 67.1171 7.8583
16 72.4542 7.4761
17 72.9754 6.4289
18 72.997 6.0551
19 72.013 6.9592
20 75.9922 5.6017
21 70.2636 6.4009
22 61.0725 5.2696
23 76.9497 5.9823
24 74.0407 6.3711
25 78.5168 7.6107
26 86.6539 10.1339
27 75.8949 8.4105
28 57.8641 8.1746
29 60.6561 6.7359
30 73.7459 6.4068
31 68.7314 4.9433
32 61.1513 6.5239
33 75.2137 6.1701
34 67.164 13.7438
35 67.962 7.207
36 69.9777 6.1907
37 66.9546 6.052
38 69.0807 5.8348
39 66.7187 5.6117
40 66.9027 5.0353
41 65.8128 5.039
42 83.7566 4.4484
43 72.4705 6.2262
44 75.3121 7.7568
45 68.7986 5.5573
46 57.8454 4.272
47 77.6946 5.8516
48 61.2626 5.0215
49 67.243 3.9455
50 73.0974 5.3577
51 74.2159 7.6638
52 75.0284 5.5551
53 62.0781 8.2419
54 54.6144 8.3404
55 81.8777 3.1505
56 56.527 7.4374
57 66.2915 4.4975
58 65.6804 6.5596
59 74.8658 7.84
60 76.1956 4.4199
61 65.3262 3.3317
62 74.6394 7.2397
63 64.5773 8.5096
64 66.1711 13.0064
65 70.0871 9.2546
66 67.2961 12.5828
67 85.5468 9.5052
68 68.6929 10.1123
69 75.1277 8.2665
70 71.1748 9.8656
71 71.1896 13.3271
72 77.5275 10.2227
73 57.749 8.0283
74 39.825 12.8471
75 49.0531 7.5707
76 62.5863 5.8015
77 66.8467 5.1222
78 56.7909 6.936
79 63.2325 10.736
80 55.1033 12.2791
81 0 0
82 0 0
83 79.3673 6.9347
84 73.9952 5.731
85 83.4872 6.1234
86 79.3118 6.0847
87 71.4828 5.9687
88 93.0052 6.6441
89 73.7551 9.196
90 86.1961 8.0311
91 84.3567 7.1216
92 77.2009 7.237
93 89.1874 6.3445
94 79.5645 6.7714
95 90.8291 6.495
96 75.3577 6.4067
97 90.7554 7.3065
98 75.4952 7.3484
99 65.2689 7.7481
100 59.7109 8.066
101 81.813 6.5937
102 0 0
103 0 0
104 57.696 3.686
105 65.7142 4.9068
106 71.8036 4.37
107 58.5359 3.8879
108 78.8088 3.1813
109 74.0791 6.2031
110 81.2579 5.1645
111 73.061 3.711
112 74.9484 3.7482
113 88.1581 5.2948
114 71.695 3.5243
115 80.8167 3.9722
116 84.4579 5.7757
117 79.5731 9.4644
118 73.269 6.3306
119 96.755 5.1037
120 76.905 5.3433
121 90.661 5.4479
122 84.9379 6.7509
123 0 0
124 0 0
125 83.4174 3.7058
126 80.5782 5.2559
127 81.4339 5.117
128 66.2018 4.996
129 74.2596 4.3478
130 70.8907 6.3705
131 75.6522 8.6988
132 74.1276 12.6395
133 59.36 10.0525
134 63.3928 8.06
135 70.8232 5.8792
136 70.8486 8.6808
137 59.3345 9.7492
138 67.4127 5.8469
139 74.0168 10.1443
140 74.1675 6.899
141 67.4198 5.9132
142 62.7587 7.5672
143 64.7857 5.3348
144 58.4153 5.2605
145 66.4782 6.2323
146 69.818 6.8541
147 67.4694 6.4115
148 71.2472 5.1436
149 70.4317 5.5143
150 77.7053 6.2066
151 64.7084 6.6809
152 76.8855 7.9408
153 69.8359 8.1838
154 60.6236 6.3327
155 82.411 5.7596
156 80.2714 6.6429
157 70.0213 6.7421
158 76.4434 7.1006
159 83.3904 5.8117
160 85.5559 8.826
161 87.1086 7.4245
162 57.3165 7.2724
163 67.6316 6.9398
164 56.9405 8.5715
165 56.5571 6.6968
166 63.2962 8.5323
167 69.2466 4.606
168 55.2178 3.9182
169 72.534 4.2756
170 57.1098 8.756
171 73.6315 3.6717
172 86.3093 6.2283
173 78.8418 4.4198
174 77.3244 3.419
175 74.1743 3.3893
176 85.0026 4.2185
177 76.0998 4.5826
178 86.3611 4.0205
179 68.9102 3.2055
180 68.9872 3.8466
181 71.5812 4.3638
182 68.99 0.7251
183 57.2775 3.7757
184 69.6794 6.7318
185 62.5635 4.6777
186 86.1032 9.7937
187 69.2653 4.5783
188 72.0863 10.5667
189 59.7664 10.2655
190 74.8809 7.6508
191 72.0942 7.6127
192 63.6761 8.6694
193 68.7062 8.894
194 71.5848 6.0273
195 65.9526 7.5439
196 86.1557 8.2735
197 70.2237 10.2578
198 78.3724 8.8483
199 60.3743 7.3381
200 54.3509 10.1826
201 70.6832 6.4263
202 73.3707 7.012
203 -63.9931 40.2403
204 60.1961 5.7622
205 76.7428 9.469
206 74.3231 9.9041
207 0 0
208 0 0
209 58.5256 5.071
210 66.3623 8.6035
211 76.5481 9.3632
212 65.7079 5.0145
213 61.5293 4.8203
214 74.221 4.8551
215 69.8261 9.2168
216 73.1327 7.9643
217 68.1488 5.5077
218 73.0336 6.0733
219 61.6145 6.2752
220 67.6596 5.3781
221 64.9797 5.801
222 57.3941 8.3792
223 73.4365 7.8619
224 65.8628 8.9601
225 76.6744 6.3213
226 74.1063 5.8511
227 68.4596 4.7358
228 0 0
229 0 0
230 62.3729 4.6008
231 78.0158 3.9849
232 80.7992 4.3159
233 74.1506 5.2826
234 66.8553 7.4341
235 67.9908 5.7348
236 75.3644 5.0034
237 73.2064 8.1845
238 74.0345 4.231
239 71.8124 5.7338
240 61.5171 4.656
241 71.2379 2.9343
242 71.3747 5.8906
243 73.4466 5.9161
244 75.8675 5.6806
245 66.561 4.5654
246 62.8118 4.2464
247 68.1325 4.0812
248 68.6968 3.9221
249 0 0
250 0 0
251 0 0
