0 75.3372 4.8573
1 72.124 6.5762
2 67.8285 6.5107
3 55.348 6.1871
4 65.7185 9.4028
5 72.7211 10.0739
6 70.3285 9.6751
7 73.1961 8.6115
8 62.2705 8.2273
9 77.4005 7.7074
10 72.5514 6.1303
11 68.1235 6.7945
12 71.8572 8.1955
13 66.5535 6.809
14 71.4631 7.7005
15 67.3302 7.4973
16 72.7275 7.3304
17 73.2007 6.4543
18 73.0413 5.9336
19 72.1133 6.692
20 76.0081 5.5985
21 70.0298 6.4308
22 61.0856 5.2985
23 76.9896 5.8992
24 73.9796 6.3774
25 78.1381 7.3948
26 86.395 10.3993
27 75.7576 8.3269
28 57.4072 8.7581
29 60.6762 6.7927
30 73.3944 6.541
31 68.5061 5.1697
32 60.7809 6.3774
33 75.0095 6.1803
34 67.1809 13.5501
35 68.1483 7.069
36 70.1376 6.0203
37 67.2043 5.8386
38 69.1683 5.9549
39 66.8734 5.3986
40 67.009 5.3895
41 65.5399 5.1479
42 83.771 4.5754
43 72.2895 6.1581
44 75.4569 7.5528
45 69.149 5.4195
46 58.1901 4.2198
47 78.0092 5.9261
48 61.7878 4.6956
49 67.7215 3.9116
50 73.3898 5.1767
51 74.1446 7.7302
52 74.8615 5.3145
53 61.9636 8.2627
54 55.2566 8.0472
55 82.221 3.1186
56 56.9148 6.9702
57 66.0885 4.5681
58 65.7238 6.7649
59 74.4925 7.5526
60 76.119 4.3084
61 65.2164 3.2584
62 75.0746 6.8385
63 65.2006 7.9186
64 66.9894 12.3096
65 69.896 9.6991
66 68.0891 12.8251
67 85.2767 9.7038
68 68.8503 10.0719
69 74.8428 8.2989
70 70.7831 9.8977
71 70.1437 14.1569
72 77.5809 10.5311
73 58.3148 7.4265
74 46.9334 10.3504
75 47.5216 7.9294
76 62.9764 5.6522
77 67.2893 5.3275
78 56.7103 6.7945
79 63.5986 10.2631
80 55.888 11.1921
81 0 0
82 0 0
83 79.7348 6.7335
84 74.2733 5.7631
85 83.73 5.868
86 79.5128 5.5102
87 71.4161 5.8199
88 93.525 6.4375
89 73.7308 9.3305
90 86.2498 7.9779
91 84.4469 6.833
92 77.2983 7.4471
93 89.4302 5.9907
94 79.8319 6.662
95 91.1557 6.2079
96 76.0275 6.5768
97 90.6182 7.3868
98 75.9495 7.3377
99 65.3629 7.5592
100 59.8558 8.2404
101 81.6825 6.7779
102 0 0
103 0 0
104 57.8124 3.5106
105 65.7086 4.7004
106 71.7027 4.3927
107 58.6284 3.8845
108 78.848 3.0066
109 74.1026 5.8991
110 81.0827 5.0603
111 73.0273 3.7696
112 75.0688 3.731
113 88.1481 5.3075
114 71.699 3.5613
115 81.0641 3.9779
116 84.395 5.9905
117 79.1257 8.9059
118 73.5916 6.3903
119 96.7663 4.9288
120 76.8801 5.1053
121 90.7272 5.2704
122 84.8846 6.8083
123 0 0
124 0 0
125 83.6023 3.604
126 80.6717 5.0246
127 81.4287 4.8914
128 66.0465 5.0256
129 74.2772 4.1507
130 70.9349 6.2536
131 75.5053 8.5763
132 74.1292 11.8327
133 59.7568 10.1207
134 63.2928 8.2787
135 70.8982 5.7292
136 70.52 8.6161
137 58.7911 9.9732
138 67.4261 5.9873
139 73.7431 10.2083
140 73.9105 6.6342
141 68.0155 5.5587
142 62.5166 7.4169
143 65.2265 5.0569
144 58.9179 5.1008
145 66.5731 5.8723
146 69.6948 6.9121
147 67.4436 6.4828
148 71.0916 5.387
149 70.3819 5.4793
150 77.7723 6.0467
151 64.8203 6.5699
152 76.6132 7.8468
153 69.8193 8.1685
154 60.9718 6.0502
155 82.6623 5.8462
156 80.4318 6.5053
157 70.2142 6.3575
158 76.4977 6.9132
159 83.6486 5.6718
160 86.069 8.8051
161 87.2549 7.2154
162 57.3906 7.2611
163 67.8377 6.783
164 56.6751 8.345
165 56.7321 6.5383
166 63.1213 8.1429
167 68.951 4.4076
168 55.1364 3.9408
169 72.5971 4.3297
170 57.8253 8.19
171 73.6935 3.7409
172 86.4788 5.9504
173 78.942 4.4046
174 77.3066 3.3926
175 74.2246 3.3618
176 85.0093 4.2371
177 76.1913 4.4246
178 86.3847 4.0857
179 69.2206 3.8486
180 69.1107 4.033
181 71.4053 4.2992
182 69.2809 0.7534
183 57.1289 3.8488
184 69.8058 6.8028
185 62.5944 4.8866
186 86.6099 9.7785
187 68.9629 4.7733
188 72.6358 10.2286
189 59.6777 10.0217
190 74.5626 7.3385
191 72.0529 7.5247
192 63.6741 8.4356
193 68.8867 8.4745
194 71.5499 5.9967
195 65.8664 7.4227
196 86.1262 8.0907
197 70.7333 10.2667
198 78.6643 8.6828
199 60.5134 7.0127
200 54.84 9.7179
201 70.8126 6.3893
202 73.5552 6.9444
203 -58.766 39.4941
204 60.8899 5.6503
205 76.8913 9.1728
206 74.667 9.4783
207 0 0
208 0 0
209 58.5666 5.1522
210 66.3714 8.4003
211 77.0976 9.2577
212 65.8343 4.9971
213 61.8544 4.9054
214 73.9773 4.9844
215 69.8351 9.0339
216 73.6979 8.211
217 68.3924 5.4822
218 72.9789 6.076
219 61.4528 6.2899
220 67.6486 5.6118
221 65.2135 5.8029
222 57.8675 8.1685
223 73.4797 7.7332
224 66.0049 8.9837
225 76.5951 6.3403
226 74.0062 5.8726
227 68.038 4.9263
228 0 0
229 0 0
230 61.8683 5.086
231 77.5816 4.1265
232 80.3408 4.4475
233 73.671 5.273
234 66.306 7.4487
235 67.7846 5.8825
236 75.1418 5.0563
237 73.987 8.0336
238 74.0766 4.1584
239 71.938 5.964
240 61.6151 4.6179
241 71.2378 2.9906
242 71.7172 5.8233
243 73.5511 5.9982
244 75.6761 5.429
245 66.6796 4.6199
246 62.8043 4.3368
247 68.1348 4.0517
248 68.5493 3.7343
249 0 0
250 0 0
251 0 0
