0 74.7116 5.0749
1 71.7305 6.4476
2 67.35 6.3209
3 56.0292 6.1123
4 65.9859 9.4176
5 72.684 10.1262
6 70.1978 9.7411
7 72.8973 8.7855
8 62.0605 8.0819
9 77.5346 7.8416
10 72.4556 6.2391
11 68.0432 6.7164
12 71.7709 8.6085
13 66.47 7.3725
14 71.9232 7.7955
15 66.7098 8.0938
16 72.3559 7.7746
17 72.9022 6.7892
18 72.8308 6.291
19 71.7748 7.2588
20 76.0267 5.8099
21 69.8353 6.775
22 61.0413 5.2732
23 76.9389 6.1022
24 73.7898 6.402
25 78.1303 7.7352
26 86.194 10.4113
27 76.084 8.7888
28 57.2121 8.8517
29 60.1049 6.839
30 73.519 6.6715
31 68.4688 5.5199
32 60.7902 6.7073
33 74.5392 6.5493
34 67.645 13.5756
35 68.0268 7.2782
36 69.9861 6.4235
37 66.8919 6.3214
38 69.3105 6.3567
39 66.5012 5.9962
40 66.6458 5.6391
41 65.7722 5.2176
42 83.5487 4.4726
43 72.5056 6.2094
44 75.2155 7.9629
45 68.929 5.5062
46 57.8806 4.2583
47 77.6664 6.0754
48 61.5547 4.9028
49 67.7005 4.1265
50 72.9688 5.4679
51 74.0084 7.507
52 75.1473 5.6829
53 61.5573 8.2952
54 54.0244 9.074
55 81.8164 3.2424
56 56.9827 7.1897
57 66.1092 5.0462
58 65.4115 6.8541
59 74.4527 7.921
60 76.0932 4.4711
61 65.3898 3.4136
62 74.591 7.2152
63 64.4844 8.4304
64 66.4896 12.8409
65 69.1493 9.4651
66 67.618 12.5374
67 84.9581 9.7471
68 68.5263 10.229
69 74.9114 8.5318
70 70.8087 10.1693
71 70.0874 14.1621
72 77.7881 10.7285
73 57.3479 8.0776
74 49.6368 8.6786
75 44.617 9.3166
76 62.2038 5.8696
77 69.7471 6.9565
78 56.4752 6.8282
79 62.9638 11.0252
80 54.0103 12.9516
81 0 0
82 0 0
83 79.3093 7.0167
84 74.0359 5.9551
85 83.4201 6.141
86 79.2021 5.5914
87 71.4634 6.0594
88 92.8923 6.68
89 74.1607 9.3048
90 86.254 7.8139
91 84.3507 6.8457
92 77.4116 7.6021
93 89.1185 6.0639
94 79.4726 6.8454
95 90.3605 6.3922
96 75.8309 6.6159
97 90.6114 7.4499
98 76.0227 7.3116
99 65.4047 7.8287
100 60.0211 8.0418
101 81.8882 6.7257
102 0 0
103 0 0
104 57.7174 3.6574
105 65.5218 4.9593
106 71.5399 4.4414
107 58.5502 4.0767
108 78.8033 3.2172
109 73.9731 6.3237
110 80.982 5.3027
111 72.8656 4.0029
112 74.9328 3.8058
113 87.8039 5.4259
114 71.5926 3.527
115 80.7551 4.1354
116 84.0073 6.0834
117 79.2358 9.4279
118 72.9928 6.3954
119 96.6865 4.972
120 76.9588 5.4169
121 90.6618 5.4675
122 84.5186 6.9336
123 0 0
124 0 0
125 82.7295 3.8987
126 80.0165 5.5185
127 81.1493 5.2903
128 65.6275 5.2314
129 73.8311 4.5066
130 70.1072 6.8916
131 75.6824 9.0866
132 74.0589 13.3485
133 59.3922 9.9707
134 63.436 7.9619
135 70.755 5.8187
136 70.6968 8.7085
137 58.3919 10.4681
138 67.42 6.1251
139 73.6353 11.2756
140 73.6943 7.3542
141 67.585 5.9637
142 62.7119 7.4702
143 64.7626 5.3726
144 58.622 5.3539
145 66.3672 6.4861
146 69.6268 7.1801
147 67.4046 6.7155
148 71.1361 5.5993
149 70.2992 5.8002
150 77.6274 6.3368
151 64.5371 6.8206
152 77.0418 7.8988
153 69.719 8.7428
154 60.7738 6.3864
155 82.3414 6.0081
156 80.2817 6.6385
157 70.1868 6.8376
158 76.257 7.1596
159 83.2892 5.79
160 85.7122 9.1329
161 87.6347 7.6602
162 57.1689 7.5111
163 67.3592 6.9192
164 57.6383 7.8557
165 56.6697 6.6679
166 62.7427 8.8621
167 69.0393 4.7121
168 55.0456 3.9445
169 72.5803 4.5335
170 57.2552 8.9747
171 73.7098 3.7768
172 85.9644 6.3792
173 78.6508 4.4746
174 77.2161 3.4135
175 73.8619 3.5717
176 84.8577 4.3699
177 76.1088 4.5557
178 86.1931 4.2806
179 69.3107 3.7239
180 68.825 3.9191
181 71.0849 4.4274
182 69.2162 0.7763
183 57.0386 3.9674
184 69.5481 6.9698
185 62.5198 5.0379
186 86.2006 9.5313
187 68.7436 5.0115
188 72.6902 10.2406
189 59.9093 10.4897
190 74.9179 7.8615
191 71.7525 7.6418
192 63.3063 8.5586
193 68.3604 9.0313
194 71.1297 6.2373
195 65.7523 7.7875
196 85.7904 8.4054
197 70.0939 10.6179
198 78.3375 9.0819
199 60.563 7.2373
200 55.5797 9.5744
201 70.8574 6.5266
202 73.0418 7.5915
203 -15.5775 32.7123
204 60.5299 5.7636
205 77.0682 9.8812
206 74.3924 10.3992
207 0 0
208 0 0
209 57.6584 5.1962
210 66.6408 8.5882
211 76.1279 10.1742
212 65.8363 5.2062
213 61.005 5.0436
214 74.3995 5.8555
215 69.2599 9.6875
216 73.4929 8.9843
217 67.6943 5.6684
218 72.7357 6.148
219 61.3639 6.3258
220 67.443 5.721
221 64.8081 6.2419
222 56.7205 8.8743
223 73.3949 8.1465
224 65.8304 8.8903
225 76.4548 6.5349
226 73.7541 6.0603
227 67.8919 5.0039
228 0 0
229 0 0
230 61.6798 5.1308
231 77.4466 4.2657
232 80.4192 4.567
233 73.2797 5.5641
234 66.0635 7.6686
235 67.7312 6.1812
236 75.1693 5.3623
237 73.7309 8.7144
238 73.7721 4.4415
239 71.5208 6.2951
240 61.4546 5.0917
241 71.2573 3.3138
242 71.0369 6.468
243 73.4503 6.4565
244 75.9303 6.127
245 66.4155 4.8129
246 62.4133 4.4816
247 68.2433 4.2072
248 68.4071 3.9376
249 0 0
250 0 0
251 0 0
