0 75.2227 5.1224
1 72.1021 6.5834
2 67.8517 6.6145
3 55.6149 6.0878
4 66.2875 9.5387
5 72.8428 10.1693
6 70.4427 9.2164
7 72.5694 8.8319
8 62.2462 8.1722
9 77.4331 7.5728
10 72.5024 6.0726
11 68.0819 6.9914
12 71.9736 8.5935
13 66.8095 7.4247
14 71.5065 7.6999
15 66.8313 8.4336
16 72.3336 7.9176
17 72.8529 6.8177
18 72.9538 6.2248
19 71.7615 7.4517
20 76.2707 5.8195
21 69.7029 6.7798
22 60.8786 5.4534
23 76.7703 6.4225
24 73.4591 6.9952
25 77.9905 8.1058
26 86.2823 10.1948
27 75.8632 9.096
28 57.5931 8.3138
29 59.9455 7.0888
30 73.2446 6.4956
31 68.5071 5.2525
32 60.5737 6.5171
33 74.7664 6.4576
34 67.0389 14.6884
35 67.6924 7.0651
36 69.8406 6.151
37 66.8966 6.0564
38 69.0201 6.259
39 66.6377 5.7128
40 66.8861 5.645
41 65.6271 5.1288
42 83.6521 4.5053
43 72.6958 6.3472
44 74.9355 7.6282
45 68.9228 5.6346
46 58.0325 4.279
47 77.7419 5.9919
48 61.4642 4.9049
49 67.4862 4.033
50 72.988 5.2748
51 74.0854 8.0086
52 75.0116 5.6601
53 61.1506 8.9337
54 54.2064 8.7957
55 81.9669 3.3291
56 56.4569 7.7853
57 65.6243 4.7349
58 65.3689 7.2072
59 75.0826 8.6616
60 75.9991 4.6789
61 65.6034 3.4767
62 74.8773 7.4772
63 64.8646 8.7264
64 66.4106 13.4251
65 69.3513 9.2886
66 67.2815 12.667
67 85.1597 9.8301
68 68.4109 10.0741
69 74.8792 8.4633
70 70.6203 10.1285
71 69.8097 14.1295
72 77.8583 10.9218
73 57.7309 8.092
74 -28.113 27.1652
75 50.3166 7.0224
76 62.5173 6.0877
77 70.2454 6.974
78 57.3227 6.6538
79 63.4905 10.7233
80 55.9945 12.2702
81 0 0
82 0 0
83 79.1789 7.1521
84 73.3065 5.878
85 83.4302 6.5059
86 78.9184 5.9302
87 71.3493 6.0835
88 92.8928 6.8128
89 74.1989 9.6311
90 85.8901 8.6374
91 84.1734 6.8688
92 77.3546 7.5965
93 89.2922 6.027
94 79.5567 6.7023
95 90.1248 6.2328
96 75.2061 6.4463
97 90.6764 7.4038
98 75.9691 7.738
99 65.3209 7.6673
100 59.4622 8.0085
101 81.8424 6.476
102 0 0
103 0 0
104 57.6641 3.7034
105 65.2539 4.8174
106 71.5073 4.4483
107 58.3477 4.142
108 78.4448 3.1483
109 73.9202 6.1742
110 81.0286 5.4184
111 72.8656 3.9248
112 74.703 3.9027
113 87.6257 5.4348
114 71.803 3.688
115 80.7748 4.0357
116 83.889 6.0027
117 79.3891 9.6624
118 72.8173 6.5318
119 96.6936 5.2017
120 76.7829 5.3189
121 90.14 5.3485
122 84.497 7.0606
123 0 0
124 0 0
125 82.9311 4.0038
126 80.0138 5.3115
127 81.0679 5.2282
128 65.6625 5.0842
129 73.9631 4.444
130 70.1355 6.6281
131 75.4273 8.5696
132 74.0564 13.5437
133 59.3219 10.4747
134 63.1674 7.9549
135 70.8017 5.8156
136 70.8894 8.8159
137 59.137 9.6722
138 67.0111 5.9107
139 73.4855 11.2547
140 74.089 7.2052
141 67.3556 5.9965
142 62.425 8.0227
143 64.7127 5.2204
144 58.0923 5.416
145 66.2644 6.6227
146 69.8218 6.9967
147 67.6882 6.8035
148 70.957 5.4428
149 70.4174 5.6634
150 77.6489 6.3952
151 64.6869 6.8062
152 76.9776 8.1165
153 69.9795 8.5816
154 61.365 6.1898
155 82.3329 6.0956
156 80.5305 6.6975
157 70.2447 6.7268
158 76.4138 7.1534
159 83.3704 5.7452
160 85.7212 8.8452
161 87.5629 7.617
162 57.0069 7.5078
163 67.2999 6.8507
164 57.4081 8.0877
165 56.2971 6.946
166 62.8189 8.936
167 68.9212 4.9296
168 55.1887 3.8799
169 72.2818 4.3756
170 57.2707 9.0743
171 73.4133 3.8662
172 85.9905 6.504
173 78.4595 4.5757
174 77.1659 3.5267
175 73.9443 3.4811
176 84.7252 4.4455
177 75.9776 4.6789
178 86.263 4.1873
179 68.9729 3.5038
180 68.7744 3.9932
181 71.1619 4.5352
182 69.3254 0.7939
183 56.7589 4.0352
184 69.9171 6.7654
185 62.5544 4.9531
186 85.4797 10.1319
187 69.0713 4.7141
188 72.6465 10.0911
189 60.3785 10.0459
190 74.6432 7.9853
191 71.9688 7.8035
192 62.7727 8.5321
193 68.8126 8.6756
194 71.1905 6.1307
195 65.5203 7.8223
196 85.7775 8.5946
197 69.9137 10.349
198 78.2886 9.4937
199 60.3568 7.0141
200 54.8187 10.491
201 70.5518 6.4824
202 73.6298 7.5556
203 -143.559 53.4788
204 60.4881 5.7696
205 77.4371 10.1063
206 74.4367 10.4198
207 0 0
208 0 0
209 58.3345 5.609
210 67.0134 8.0708
211 75.6908 9.7857
212 65.8323 5.0533
213 61.5651 5.0088
214 75.2488 6.0121
215 70.5733 9.4014
216 73.5159 8.6339
217 68.0123 5.5759
218 72.9414 6.2981
219 61.2351 6.4808
220 67.3607 5.7626
221 64.7981 6.2038
222 56.7385 9.2724
223 73.4991 8.45
224 65.4851 9.3086
225 76.3696 6.5175
226 73.832 6.1098
227 67.8551 5.0719
228 0 0
229 0 0
230 61.8185 5.0302
231 77.9352 4.2182
232 80.5929 4.5212
233 73.8826 5.4693
234 66.1944 7.4566
235 68.1036 6.1276
236 75.4146 5.4074
237 72.672 9.1271
238 74.067 4.5257
239 71.5336 6.1558
240 61.6694 5.1011
241 71.0044 3.414
242 70.9051 6.2874
243 73.1132 6.424
244 76.065 6.0103
245 66.5602 4.3691
246 62.6972 4.4326
247 68.2245 4.2029
248 68.4568 3.9402
249 0 0
250 0 0
251 0 0
