0 75.0985 5.0971
1 72.1246 6.4537
2 67.7135 6.5594
3 55.6738 6.0489
4 65.8358 9.4957
5 73.1864 10.3985
6 70.9624 9.8093
7 72.9832 8.6713
8 62.3888 8.1032
9 77.5112 7.3939
10 72.2968 6.1394
11 67.7543 6.8115
12 72.203 8.1398
13 66.3895 7.5794
14 71.7163 8.0874
15 67.2406 8.131
16 72.1759 7.5966
17 73.1546 6.7491
18 72.9898 6.2152
19 71.9507 6.8249
20 75.8919 5.9576
21 70.0146 6.7134
22 60.957 5.3882
23 77.2238 6.1139
24 73.3459 6.7724
25 78.0023 7.9818
26 86.302 10.7412
27 76.2316 8.7886
28 58.0298 8.3503
29 60.3632 6.9425
30 73.5154 6.6761
31 68.6245 5.3783
32 60.8065 6.3726
33 74.8296 6.2253
34 66.9543 14.2653
35 67.9646 7.3873
36 69.9678 6.2407
37 66.7344 6.2553
38 68.8883 6.2372
39 66.435 5.6953
40 66.9213 5.3205
41 65.6705 5.1571
42 83.4529 4.5704
43 72.4288 6.3057
44 75.3721 7.8566
45 68.7423 5.5777
46 58.093 4.1793
47 77.6919 6.1346
48 61.4243 4.933
49 67.4029 4.1061
50 73.1347 5.3672
51 74.2183 7.9376
52 75.1866 5.7947
53 61.7527 8.1825
54 53.5878 8.9749
55 81.8647 3.2277
56 56.7051 7.519
57 66.2838 5.1235
58 65.096 6.791
59 74.725 8.1203
60 76.1224 4.6867
61 65.4358 3.5146
62 74.8372 7.1892
63 64.8009 8.4428
64 66.9745 12.6027
65 68.9324 9.843
66 68.1658 12.4881
67 85.023 10.0253
68 68.7229 9.9729
69 74.537 8.417
70 70.6596 10.1477
71 70.1597 13.8297
72 77.6899 10.9384
73 58.3332 7.6493
74 28.9001 16.6018
75 48.7464 7.7368
76 62.8206 5.7735
77 70.4113 6.8043
78 56.994 6.709
79 63.678 10.6427
80 55.2363 12.543
81 0 0
82 0 0
83 79.7772 6.8126
84 74.0353 5.9682
85 83.3785 6.0963
86 79.4208 5.7206
87 71.11 5.9785
88 93.1157 6.5933
89 73.5553 9.4726
90 86.1549 7.7432
91 84.5127 7.0081
92 77.0668 7.5546
93 89.1425 6.3756
94 79.3599 6.6746
95 90.6966 6.585
96 75.9438 6.5785
97 90.592 7.2249
98 75.5361 7.5243
99 65.2444 7.7879
100 59.547 8.1965
101 81.4874 6.7362
102 0 0
103 0 0
104 57.7404 3.6502
105 65.6092 4.9158
106 71.6364 4.6189
107 58.1124 4.0712
108 78.5966 3.189
109 73.9088 6.4024
110 81.1663 5.3158
111 72.8208 3.8618
112 74.8351 3.8975
113 87.7321 5.3907
114 71.6434 3.5669
115 80.7422 4.0346
116 83.9791 6.1659
117 79.1146 9.1774
118 73.0691 6.7352
119 96.7589 5.1051
120 76.7295 5.4253
121 90.3432 5.1934
122 84.4086 6.8088
123 0 0
124 0 0
125 83.0824 3.9814
126 80.0242 5.4178
127 81.0685 5.2673
128 65.7472 5.3737
129 73.9347 4.4854
130 70.1904 6.7686
131 75.5331 8.9805
132 74.0713 13.796
133 59.1268 10.4881
134 63.1857 8.31
135 70.8247 5.9448
136 70.5205 8.7865
137 58.3159 10.3727
138 67.0041 6.089
139 73.5871 10.8244
140 74.0253 7.1323
141 67.8048 5.5831
142 62.7462 7.6242
143 64.9 5.361
144 58.8048 5.1611
145 66.3753 6.5086
146 69.9673 6.9777
147 67.4951 6.7936
148 70.9567 5.3557
149 70.2243 5.5866
150 77.5145 6.1517
151 64.6526 6.8291
152 76.8501 8.0008
153 70.0832 8.9783
154 60.9782 6.3604
155 82.3205 5.9674
156 80.2575 6.404
157 69.9203 6.562
158 76.2948 7.0305
159 83.3577 5.7603
160 85.7545 8.6293
161 87.3246 7.6803
162 57.087 7.5464
163 67.146 7.217
164 57.0516 8.3555
165 55.8461 7.3343
166 62.7297 8.8128
167 69.1993 4.6767
168 55.1733 3.9079
169 72.6549 4.2996
170 57.5343 8.5993
171 73.4863 3.7795
172 85.7446 6.225
173 78.6274 4.5213
174 77.4471 3.4515
175 73.7636 3.3885
176 84.8121 4.3488
177 76.0034 4.5821
178 86.2653 4.3017
179 69.3414 3.9402
180 68.8368 3.86
181 71.0178 4.3084
182 69.2215 0.7701
183 56.914 3.9183
184 69.5932 7.0729
185 62.3458 4.9694
186 86.1224 9.9692
187 69.0273 4.8228
188 73.0669 10.048
189 59.85 10.1017
190 74.7709 7.7509
191 72.1047 7.5886
192 62.7451 9.1725
193 68.7703 8.9208
194 71.3359 6.0899
195 65.7314 7.8365
196 85.873 8.6052
197 70.0548 10.5017
198 78.3306 9.2806
199 61.0842 6.9576
200 54.7656 10.2045
201 70.9213 6.6072
202 73.1778 7.2405
203 26.5234 23.4466
204 60.5074 5.6606
205 77.4933 9.884
206 74.8626 9.9438
207 0 0
208 0 0
209 58.0842 5.4985
210 66.1677 8.9786
211 76.863 9.6619
212 65.48 5.0978
213 61.6096 5.071
214 73.9155 5.2842
215 69.9328 9.4952
216 73.4367 8.7388
217 68.0033 5.5315
218 73.144 6.1887
219 61.3639 6.3654
220 67.5714 5.7061
221 64.8072 6.0627
222 57.4754 8.6414
223 73.1437 8.3568
224 65.8405 8.8906
225 76.3905 6.4885
226 74.0046 6.2496
227 67.7717 5.0197
228 0 0
229 0 0
230 61.9523 4.8485
231 78.0892 4.2763
232 80.5857 4.4306
233 73.6848 5.4494
234 66.6334 7.7487
235 68.077 6.1056
236 75.6706 5.4012
237 73.2659 8.6868
238 74.1737 4.6025
239 71.4686 6.3324
240 61.4111 5.1084
241 71.2014 3.2865
242 71.0069 6.4164
243 73.3456 6.4457
244 75.6822 6.0035
245 66.488 4.8331
246 62.4013 4.4626
247 68.0618 4.3404
248 68.1824 3.9909
249 0 0
250 0 0
251 0 0
