0 75.0315 5.1479
1 72.0004 6.4759
2 67.4751 6.7229
3 55.4463 6.0789
4 65.8369 9.5612
5 72.6718 10.7552
6 70.2371 9.9711
7 73.1697 8.7303
8 62.3308 8.139
9 77.7255 7.2683
10 72.6983 6.0785
11 68.2662 6.8098
12 72.1021 8.4486
13 66.532 7.1294
14 71.835 7.4903
15 67.3266 7.8743
16 72.6151 7.3598
17 73.3011 6.3705
18 73.1702 6.0165
19 72.0659 6.6808
20 76.0818 5.7345
21 70.1609 6.5
22 61.0727 5.3057
23 77.1168 6.0099
24 73.8004 6.5459
25 78.4638 7.7783
26 86.475 9.9767
27 76.0979 8.3932
28 57.5827 8.5761
29 60.6198 6.7136
30 73.5029 6.5517
31 68.6408 4.8912
32 60.7542 6.6344
33 74.9819 6.2519
34 67.5345 14.2032
35 68.1613 7.2444
36 70.1415 6.0751
37 67.1464 6.0186
38 69.2832 5.9154
39 66.8442 5.4378
40 66.9941 5.2742
41 65.5227 5.099
42 83.6169 4.4484
43 72.5762 6.1015
44 75.3197 7.5302
45 68.921 5.5545
46 57.83 4.3438
47 77.637 6.0418
48 61.3432 4.9196
49 67.4085 3.9546
50 73.19 5.3555
51 73.9628 7.711
52 75.2196 5.556
53 62.1583 8.3152
54 54.3992 8.519
55 82.0158 3.2018
56 57.2177 7.0298
57 66.1017 4.4715
58 65.6288 6.8346
59 74.8289 7.6771
60 76.2455 4.3345
61 65.6241 3.3512
62 74.9732 6.9335
63 65.0918 8.2445
64 66.8106 12.6845
65 69.7038 9.6665
66 68.0334 12.7446
67 85.3567 9.7591
68 68.7014 10.267
69 74.6709 8.4243
70 70.8281 10.0409
71 70.2219 13.9923
72 77.88 10.9078
73 57.8433 8.0066
74 43.9997 11.7332
75 47.3565 8.1407
76 62.8028 5.8152
77 70.478 6.7781
78 56.9189 6.8123
79 63.6266 10.5588
80 54.9847 12.3122
81 0 0
82 0 0
83 79.5475 6.8698
84 74.2552 5.6877
85 83.8097 6.1078
86 79.8635 5.7683
87 71.4427 5.8562
88 93.2981 6.6113
89 73.9152 9.6407
90 86.3688 7.8457
91 84.4594 6.9348
92 77.1745 7.67
93 89.2016 6.3347
94 79.5269 6.7936
95 90.6084 6.5274
96 75.4233 6.6893
97 90.579 7.2948
98 75.7364 7.2998
99 65.463 7.6653
100 59.7621 8.0745
101 81.8532 6.514
102 0 0
103 0 0
104 57.8683 3.5694
105 65.6986 4.8354
106 71.7438 4.3646
107 58.6844 3.9936
108 78.817 3.1001
109 74.219 6.0991
110 81.1508 4.9881
111 73.0148 3.8295
112 74.971 3.795
113 87.9804 5.2601
114 71.7741 3.558
115 80.9331 3.957
116 84.335 5.9693
117 79.6316 9.0092
118 73.1694 6.2661
119 96.8191 4.9031
120 77.0541 5.2501
121 90.8238 5.1865
122 85.0899 6.6587
123 0 0
124 0 0
125 83.2456 3.8765
126 80.3623 5.17
127 81.2002 5.1297
128 65.9138 5.0974
129 74.1803 4.2461
130 70.4686 6.4136
131 75.6154 8.4317
132 74.0181 13.198
133 59.8695 10.1054
134 63.5599 8.0628
135 71.0525 5.7005
136 70.9141 8.7062
137 58.3066 10.727
138 67.74 5.8415
139 73.9277 10.745
140 74.0383 6.7205
141 67.7433 5.8729
142 62.4893 7.7639
143 64.8421 5.228
144 58.5627 5.1617
145 66.569 6.4598
146 69.6391 7.194
147 67.6851 6.6468
148 71.1189 5.4237
149 70.2187 5.656
150 77.465 6.2638
151 64.5665 6.7578
152 76.735 7.9323
153 70.0168 8.6499
154 61.0387 6.1995
155 82.4196 5.5457
156 80.5247 6.4708
157 69.9502 6.6174
158 76.5165 6.9189
159 83.5943 5.6123
160 86.0573 8.416
161 87.3945 7.151
162 57.4873 7.2422
163 67.7395 6.9967
164 56.8003 8.5055
165 56.6041 6.6222
166 63.0356 8.7182
167 69.0685 4.5676
168 55.2705 3.9064
169 72.7177 4.2674
170 57.3336 8.7532
171 73.6099 3.8239
172 86.0786 6.4113
173 78.6055 4.5945
174 77.2002 3.4569
175 74.0737 3.4249
176 84.8736 4.4056
177 76.045 4.5798
178 86.2406 4.1285
179 69.2294 3.7388
180 69.1165 3.9138
181 71.4234 4.2965
182 69.3263 0.7668
183 57.181 3.7882
184 70.0053 6.8519
185 62.5961 4.8786
186 86.4715 9.2544
187 69.1226 4.5429
188 72.6905 10.4848
189 59.9246 10.1089
190 74.789 7.5901
191 71.8812 7.7769
192 63.4222 8.6799
193 68.9384 8.942
194 71.3098 6.1638
195 65.7968 7.7261
196 85.8352 8.4778
197 70.2326 10.6905
198 78.502 8.9139
199 60.4637 7.0454
200 54.794 10.2932
201 70.8095 6.3672
202 73.9644 7.2477
203 -0.1607 29.507
204 60.705 5.5822
205 76.8449 9.4463
206 74.7793 9.914
207 0 0
208 0 0
209 58.7686 5.0664
210 66.4434 8.4595
211 77.4164 8.8387
212 65.8891 5.0303
213 61.8856 4.8467
214 74.561 5.1798
215 69.8224 9.3212
216 73.7617 8.4823
217 67.7154 5.6986
218 72.8761 6.293
219 61.3682 6.5131
220 67.3748 5.8462
221 64.4738 6.2101
222 56.9528 9.0551
223 73.0912 8.4104
224 65.9744 9.342
225 76.6722 6.4028
226 73.954 5.9023
227 68.2383 4.7978
228 0 0
229 0 0
230 62.2601 4.9222
231 78.0038 4.0987
232 80.779 4.3816
233 73.9211 5.2723
234 66.8747 7.514
235 68.1425 5.9659
236 75.4542 5.0633
237 72.7272 8.762
238 74.0717 4.3076
239 71.7184 6.06
240 61.6579 4.9106
241 71.2445 3.2347
242 71.2284 6.1836
243 73.6814 6.0794
244 75.8438 5.6206
245 66.5196 4.6757
246 62.6671 4.4437
247 68.2394 4.1408
248 68.6833 3.844
249 0 0
250 0 0
251 0 0
