0 74.9664 4.9445
1 72.1255 6.3523
2 67.5516 6.5461
3 56.2288 5.9636
4 66.2235 9.336
5 72.6476 10.5862
6 70.2035 9.7891
7 72.9186 8.8866
8 62.1769 7.923
9 77.4018 7.659
10 72.6107 6.1122
11 67.9353 6.8356
12 72.0033 8.7919
13 66.4879 6.9426
14 71.5922 7.8289
15 67.1866 8.2199
16 72.3838 7.8532
17 73.2231 6.6419
18 73.2045 6.3462
19 71.5045 6.9655
20 75.9082 6.1158
21 69.3806 7.0615
22 60.6129 5.4887
23 76.8992 6.4185
24 73.3851 6.9715
25 77.9497 8.1177
26 85.9327 10.7044
27 75.9481 9.4135
28 57.6963 8.5511
29 60.3706 6.7626
30 73.311 6.5974
31 68.2478 5.1461
32 60.6636 6.6195
33 74.9257 6.4492
34 67.4041 14.0386
35 67.8911 7.4737
36 69.8775 6.2502
37 67.1266 5.8768
38 69.2246 6.0948
39 66.7672 5.8927
40 66.6927 5.4441
41 65.3685 5.2378
42 83.4491 4.5723
43 72.4602 6.2358
44 75.0614 7.781
45 68.8285 5.5142
46 57.8203 4.4321
47 77.5863 6.161
48 61.0262 5.1589
49 67.4483 4.2497
50 73.0379 5.6342
51 74.0487 7.8778
52 75.0616 5.6823
53 62.3454 7.9601
54 53.0321 9.0798
55 81.9561 3.2903
56 56.9017 7.1408
57 65.4296 4.8122
58 65.1833 6.9591
59 74.5143 8.4961
60 75.9683 4.6715
61 65.6799 3.2534
62 74.6053 7.2483
63 64.9016 8.5308
64 66.8173 12.6587
65 69.1363 10.1318
66 67.7967 12.9285
67 85.1952 9.938
68 68.2891 10.0737
69 74.4018 8.4613
70 70.619 10.0809
71 70.1209 13.7744
72 77.5454 10.9487
73 57.5343 8.0751
74 32.3226 15.9261
75 46.9073 8.5211
76 62.7979 5.9546
77 70.359 6.8462
78 56.8426 7.0217
79 62.5687 11.1882
80 56.0512 11.4616
81 0 0
82 0 0
83 79.1428 7.1722
84 73.7985 5.8093
85 83.4975 6.2218
86 79.4606 6.007
87 71.1065 5.9696
88 92.9545 6.8086
89 74.0613 9.8059
90 86.4095 8.3307
91 84.1877 7.2148
92 76.7802 7.5993
93 88.8281 6.5409
94 79.5777 7.0218
95 90.2353 6.5611
96 75.1626 6.8981
97 90.3995 7.7035
98 75.6521 7.728
99 65.0648 7.834
100 59.6686 8.0345
101 81.6696 6.7466
102 0 0
103 0 0
104 57.6976 3.5682
105 65.5533 5.0696
106 71.7379 4.5267
107 58.0559 3.9727
108 78.68 3.1893
109 73.9077 6.149
110 80.8975 5.181
111 72.8198 3.8142
112 74.8747 3.8462
113 87.694 5.2846
114 71.4999 3.6186
115 80.7526 4.0202
116 84.03 6.1489
117 79.2952 9.7815
118 73.1745 6.5933
119 96.5825 5.0115
120 76.7533 5.4306
121 90.1465 5.1024
122 84.5974 6.6759
123 0 0
124 0 0
125 82.9165 3.998
126 79.8032 5.4032
127 80.7382 5.2803
128 65.4964 5.3002
129 73.7327 4.4807
130 70.1915 6.7404
131 75.966 9.31
132 73.6272 13.1111
133 59.0856 10.8379
134 62.7219 8.4731
135 70.5464 6.0177
136 70.5659 8.855
137 57.6664 11.1825
138 67.1938 6.0677
139 74.2516 11.4602
140 73.8962 7.1215
141 67.7751 5.8514
142 62.3576 7.5512
143 64.8278 5.2495
144 58.8333 5.2103
145 66.2902 6.4965
146 69.5558 7.2222
147 67.3616 6.8452
148 70.7344 5.5141
149 70.0726 5.7357
150 77.6076 6.4158
151 64.6755 6.8334
152 77.0276 8.2806
153 69.8923 8.6981
154 60.8042 6.2361
155 82.2321 6.083
156 80.3086 6.6976
157 69.8176 6.7349
158 75.9298 7.3886
159 83.2506 5.8265
160 86.0905 8.8969
161 87.4887 7.8362
162 57.2546 7.5308
163 67.4974 7.0941
164 57.3489 7.8743
165 56.3906 6.9681
166 62.9516 8.4209
167 69.0883 4.8678
168 54.9562 4.0156
169 72.6089 4.2712
170 57.2425 8.7895
171 73.5092 3.8086
172 85.8475 6.3663
173 78.4167 4.7223
174 77.1607 3.5956
175 73.8605 3.5416
176 84.8438 4.4474
177 75.8091 4.814
178 86.2882 4.2645
179 69.0847 3.7584
180 68.6612 3.9677
181 71.2386 4.3463
182 69.224 0.7898
183 56.8559 4.0389
184 69.3046 7.1258
185 62.3573 5.0358
186 86.2905 10.2782
187 69.1898 4.6734
188 72.5724 10.1031
189 59.3992 10.5224
190 74.6792 7.558
191 71.6671 8.026
192 63.3252 8.1527
193 68.5551 8.8514
194 71.1842 6.2671
195 65.3215 7.796
196 85.941 8.7053
197 70.3872 10.475
198 78.3215 9.057
199 61.0092 6.8567
200 54.2385 10.3767
201 70.8274 6.3196
202 73.3296 7.4652
203 -14.8384 33.3838
204 60.6482 5.6408
205 77.2213 9.7999
206 74.5676 10.3814
207 0 0
208 0 0
209 58.5523 5.0877
210 66.195 8.6462
211 76.4563 9.6464
212 65.6972 5.0971
213 61.6583 5.17
214 74.0214 4.8687
215 69.685 9.5029
216 73.3803 8.1247
217 67.8336 5.7027
218 72.7576 6.2701
219 61.3127 6.5455
220 67.3256 5.6612
221 64.772 6.1842
222 57.0812 8.7726
223 73.5832 8.5557
224 65.8409 8.8691
225 76.3159 6.5242
226 74.0052 6.362
227 67.9098 4.9951
228 0 0
229 0 0
230 61.9661 5.0073
231 77.8448 4.1655
232 80.7075 4.4621
233 73.6819 5.5138
234 66.5377 7.3597
235 68.1263 6.1686
236 75.3042 5.2275
237 73.1522 8.3984
238 73.8816 4.4391
239 71.425 6.2172
240 61.5702 5.0072
241 71.0626 3.317
242 71.0889 6.3047
243 73.3821 6.4069
244 75.6603 5.9855
245 66.6288 4.7325
246 62.3459 4.5107
247 68.1158 4.3342
248 68.4859 4.0063
249 0 0
250 0 0
251 0 0
