0 74.2839 7.1441
1 78.3932 5.7606
2 72.8676 6.0682
3 71.1463 7.3041
4 57.2521 6.4942
5 68.8092 9.5927
6 72.8047 8.7969
7 71.4851 8.3649
8 76.1302 9.3274
9 63.5728 8.9991
10 78.8595 6.9644
11 75.0069 6.5215
12 71.7168 7.7916
13 76.3629 9.7734
14 66.5639 6.4687
15 71.2813 7.1748
16 69.2291 6.9406
17 75.3184 7.5081
18 74.1261 6.2603
19 73.6801 5.6999
20 73.4025 6.7823
21 76.3921 5.7
22 73.7989 7.3916
23 62.3351 5.4651
24 77.3813 5.279
25 77.7872 7.3455
26 82.351 8.5684
27 87.7742 9.0244
28 76.365 7.5248
29 60.215 10.4952
30 63.7398 7.8764
31 75.8787 6.81
32 69.0213 4.6228
33 64.149 7.5473
34 77.7265 6.6796
35 69.2988 11.3185
36 68.3386 6.6045
37 71.1965 6.1968
38 68.9866 6.5607
39 71.0135 6.2122
40 67.9285 6.028
41 68.0817 5.8348
42 67.4558 6.0045
43 84.3038 5.2207
44 72.2211 6.3016
45 75.4075 7.7264
46 71.2371 7.0299
47 59.7449 6.1057
48 79.7954 7.5302
49 66.1452 7.2459
50 68.8 4.9597
51 78.201 7.8587
52 74.0657 8.1133
53 75.2312 5.8471
54 68.0915 12.2528
55 61.431 12.9121
56 84.5922 4.6509
57 62.1547 11.402
58 72.3799 7.0125
59 68.9039 9.3
60 74.9783 7.1861
61 75.9139 4.7749
62 61.3416 7.0088
63 75.3611 6.2648
64 65.9603 6.8653
65 68.2716 10.384
66 76.9196 11.7144
67 77.8702 16.1434
68 91.0919 11.5648
69 73.1967 11.6425
70 76.07 7.8646
71 72.4863 9.5994
72 71.9574 11.6462
73 71.258 9.6349
74 60.1819 9.6064
75 55.7631 12.3476
76 47.8329 11.9878
77 65.6031 6.7326
78 72.2897 7.2606
79 58.0272 7.1629
80 63.9406 8.6491
81 56.9668 9.5636
82 0 0
83 0 0
84 80.37 6.7797
85 79.1055 7.1451
86 87.0481 6.7924
87 85.8106 7.39
88 73.0304 5.8867
89 98.4454 7.5432
90 75.2203 8.177
91 87.0603 6.7944
92 85.1698 6.1604
93 83.445 8.4415
94 92.8807 6.9223
95 81.8179 6.555
96 93.968 6.6666
97 81.3222 7.8192
98 90.6807 0.9143
99 76.4746 6.2757
100 68.9493 8.3931
101 61.5453 9.0612
102 86.0457 7.7496
103 0 0
104 0 0
105 59.6585 4.2449
106 68.0213 6.2246
107 72.6747 4.9486
108 61.415 5.7714
109 80.4835 3.8688
110 74.3307 6.409
111 80.881 5.3107
112 75.5042 5.2043
113 76.5134 4.7
114 92.8668 7.5561
115 73.4997 4.598
116 81.9782 4.556
117 88.8261 7.9231
118 80.3162 9.2815
119 73.1786 6.76
120 97.5017 5.6476
121 78.5071 6.2218
122 97.5413 8.1253
123 87.9314 8.4035
124 0 0
125 0 0
126 86.6713 4.7441
127 82.4728 5.8375
128 83.0984 5.8061
129 67.6336 5.6438
130 75.9118 4.9581
131 74.114 7.6777
132 75.3121 7.7672
133 74.268 11.144
134 66.0557 13.7577
135 66.592 9.0753
136 71.8965 6.0303
137 73.5865 9.1415
138 66.2771 14.0155
139 73.2816 7.8169
140 74.4272 9.2816
141 74.064 6.4266
142 71.295 7.2132
143 65.5669 9.5418
144 67.9614 6.5893
145 64.4294 7.9172
146 69.0614 7.1739
147 72.3097 7.3509
148 68.9354 6.159
149 74.2528 5.8261
150 71.6275 4.992
151 79.2004 5.6819
152 66.8192 5.4154
153 77.2876 6.8549
154 70.9528 7.1467
155 62.2454 6.4952
156 83.0264 5.1887
157 82.4563 6.3714
158 72.0822 6.796
159 79.1472 7.0662
160 88.7069 6.9966
161 86.5087 7.7819
162 87.7528 6.7033
163 58.1063 8.2884
164 71.7105 9.1893
165 58.6435 11.3015
166 57.7685 6.5819
167 69.9445 11.6108
168 69.6084 4.6731
169 57.4766 5.1154
170 73.1554 4.153
171 58.1579 8.0483
172 74.5189 4.0567
173 92.1881 8.1204
174 81.1382 5.3887
175 79.58 4.441
176 78.5703 4.9378
177 86.0147 4.7885
178 76.3027 4.5626
179 85.8825 4.1932
180 64.0961 10.7152
181 70.7318 6.6913
182 60.3264 8.9494
183 78.6473 1.1809
184 66.4212 6.0292
185 62.9264 12.4795
186 55.3451 7.683
187 78.8484 13.4118
188 58.2425 9.196
189 79.7466 6.5436
190 61.2152 8.4742
191 74.9901 6.8075
192 77.541 8.9084
193 72.1806 10.5734
194 73.2653 9.8672
195 75.9904 6.656
196 69.2667 7.5193
197 89.215 8.847
198 71.3889 8.8795
199 79.1662 7.8482
200 63.9699 8.3631
201 60.9787 13.332
202 72.5153 6.1091
203 80.3795 8.6871
204 64.1289 11.1302
205 62.9195 6.7727
206 77.632 8.1729
207 75.4816 8.5844
208 0 0
209 0 0
210 64.6847 6.6543
211 63.5326 7.4996
212 78.3948 6.1094
213 70.5382 5.8847
214 65.188 5.6111
215 81.7015 6.1937
216 71.7851 7.0244
217 71.8371 7.7185
218 69.1372 5.2818
219 74.5983 6.2813
220 63.0542 6.5742
221 70.7909 6.4995
222 68.4267 7.358
223 61.7712 12.4443
224 73.5215 7.2397
225 66.532 7.8757
226 80.9361 7.4816
227 81.214 7.9687
228 73.7414 6.2014
229 0 0
230 0 0
231 54.1616 10.3981
232 56.5662 7.4506
233 65.6206 6.6023
234 61.83 10.9494
235 49.7815 16.215
236 57.9541 9.6461
237 62.0023 7.949
238 71.1834 6.0956
239 83.8733 6.4987
240 75.5395 8.9193
241 65.6476 6.5102
242 85.2114 5.4466
243 77.0248 10.1741
244 64.905 8.1986
245 78.263 7.1646
246 79.6744 6.6538
247 70.4597 6.9455
248 82.226 6.532
249 67.2529 5.9734
250 0 0
251 0 0
