0 74.7025 6.8603
1 78.2017 5.5896
2 73.0347 5.9408
3 70.8576 6.9894
4 57.8214 6.3223
5 68.9225 9.348
6 73.1692 8.4773
7 71.3514 8.1127
8 76.4777 8.8415
9 63.9224 8.5342
10 79.1491 6.6991
11 75.463 6.1516
12 72.0824 7.3938
13 76.6309 9.271
14 66.9939 6.0905
15 71.6186 6.6839
16 69.2618 6.9282
17 75.2149 7.4854
18 74.1033 6.207
19 73.5067 5.8703
20 73.5299 6.7107
21 76.2544 5.5364
22 73.976 7.2903
23 62.4044 5.3565
24 77.5994 5.1975
25 77.7684 7.141
26 82.3921 8.4403
27 87.7431 8.8472
28 76.456 7.3049
29 60.4286 10.0551
30 63.7658 7.5463
31 75.6807 6.4743
32 69.0567 4.4639
33 64.1002 7.1609
34 77.6403 6.3985
35 69.334 10.9422
36 68.5304 6.3858
37 71.1955 5.9243
38 69.1464 6.5067
39 70.9462 6.1207
40 67.8588 5.9442
41 68.1216 5.647
42 67.284 5.8105
43 84.348 5.0875
44 72.5071 6.1292
45 75.6182 7.4384
46 71.425 6.7776
47 60.0721 5.8273
48 79.9003 7.3022
49 66.4198 6.9852
50 69.0256 4.8231
51 78.2908 7.5496
52 74.0917 7.7791
53 75.1765 5.7328
54 68.0821 12.2055
55 61.4456 12.9157
56 84.7404 4.6264
57 62.6109 11.2631
58 72.2765 6.8299
59 68.9932 9.0458
60 74.9553 7.2241
61 76.1031 4.6737
62 61.5882 6.7844
63 75.3968 6.2169
64 65.7794 6.933
65 68.0427 10.6701
66 76.9109 11.3841
67 78.2119 15.4125
68 91.1401 11.1609
69 73.5553 11.1612
70 76.4751 7.4437
71 72.8018 9.1383
72 72.5911 11.0349
73 71.4054 9.1961
74 60.0069 9.8598
75 55.4479 12.8235
76 48.2914 11.9099
77 65.6946 6.8176
78 72.3571 7.3606
79 58.1476 7.3429
80 63.9817 8.806
81 56.5236 9.8935
82 0 0
83 0 0
84 80.3642 6.6439
85 79.2064 6.9876
86 87.0734 6.7781
87 85.8702 7.2975
88 73.0919 5.845
89 98.5607 7.4591
90 75.2815 8.0413
91 87.0873 6.7054
92 85.5976 6.0332
93 83.3449 8.2725
94 93.1261 6.9135
95 81.8693 6.4626
96 94.6312 6.5063
97 81.5374 7.604
98 91.1637 0.9344
99 76.5417 6.1386
100 69.6015 7.9051
101 61.8282 8.7223
102 86.1263 7.5185
103 0 0
104 0 0
105 59.7667 4.1634
106 68.1043 6.1215
107 72.7318 4.8786
108 61.379 5.6383
109 80.3992 3.8147
110 74.0225 6.4166
111 80.8898 5.2863
112 75.5121 5.1869
113 76.596 4.725
114 92.9094 7.662
115 73.6038 4.6024
116 82.0812 4.5923
117 88.8778 7.9635
118 80.2366 9.3245
119 73.2134 6.7537
120 97.7169 5.5432
121 78.5331 6.0569
122 97.7127 7.8275
123 88.2217 8.2601
124 0 0
125 0 0
126 86.8222 4.6466
127 82.5258 5.7194
128 83.0848 5.7154
129 67.732 5.5119
130 76.1398 4.8763
131 74.1267 7.532
132 75.4113 7.5492
133 74.3376 10.8501
134 66.1874 13.4135
135 66.6655 8.8853
136 71.8449 5.9031
137 73.4704 8.873
138 66.3399 13.7362
139 73.2332 7.7354
140 74.3831 9.1289
141 74.0939 6.2565
142 71.5446 6.8118
143 65.9047 9.019
144 68.2071 6.2034
145 64.7445 7.3848
146 69.1597 6.7966
147 72.1797 7.2651
148 68.8465 6.1255
149 74.1954 5.716
150 71.6679 4.9645
151 79.1603 5.6635
152 66.7647 5.4267
153 77.5025 6.7483
154 70.8355 7.1537
155 62.1917 6.5234
156 83.0576 5.1425
157 82.3419 6.4724
158 72.2425 6.8429
159 79.172 7.0254
160 88.7422 7.0004
161 86.4794 7.6783
162 87.8337 6.6558
163 58.0097 8.1676
164 71.667 9.0727
165 58.5664 11.1765
166 58.0894 6.4857
167 70.0665 11.4601
168 69.6475 4.6402
169 57.3507 5.0588
170 73.098 4.1253
171 58.1943 7.9497
172 74.4228 3.8998
173 92.2886 7.9318
174 81.1087 5.2359
175 79.7391 4.2856
176 78.5662 4.8119
177 86.0124 4.6513
178 76.3031 4.4664
179 86.0068 4.0638
180 63.7763 10.8997
181 70.1332 6.9127
182 59.7737 9.1786
183 77.8556 1.8733
184 66.0386 6.1296
185 61.9296 13.0129
186 54.7518 7.9152
187 78.4017 13.8534
188 58.4198 9.0262
189 79.8436 6.2994
190 61.2661 8.1352
191 75.0034 6.5325
192 77.6499 8.7215
193 72.1521 10.4513
194 73.2455 9.8434
195 76.0124 6.6728
196 69.4021 7.4555
197 89.1258 8.8134
198 71.3621 8.8228
199 79.2659 7.7815
200 64.1536 8.1707
201 61.019 13.0237
202 72.5572 6.076
203 80.2179 8.4076
204 64.6652 10.9031
205 63.1417 6.4456
206 78.0335 7.9297
207 75.2428 8.4238
208 0 0
209 0 0
210 64.6729 6.6384
211 63.6221 7.5533
212 78.468 6.1303
213 70.5936 5.9627
214 65.0563 5.6761
215 81.629 6.3155
216 71.6965 7.0376
217 71.8743 7.6507
218 69.2593 5.0029
219 74.8378 6.0894
220 63.2832 6.2863
221 71.0406 6.1946
222 68.4726 6.9991
223 62.272 11.6959
224 73.4857 6.862
225 66.4346 7.4159
226 81.0915 7.3013
227 81.2609 7.737
228 73.757 6.1006
229 0 0
230 0 0
231 54.039 10.2309
232 56.2989 7.3828
233 65.3986 6.4699
234 61.8944 10.6501
235 48.5387 16.7341
236 58.1579 9.4507
237 61.6546 7.739
238 71.2986 5.9423
239 83.7116 6.3379
240 75.5328 8.7367
241 65.3186 6.3763
242 85.5584 5.3657
243 77.072 9.8469
244 65.0705 8.0241
245 78.3125 7.0408
246 79.8955 6.5706
247 70.2205 6.7871
248 82.3501 6.4833
249 66.9463 5.8496
250 0 0
251 0 0
