0 73.3913 14.5423
1 78.3707 10.8732
2 72.2353 12.3408
3 68.6723 15.0119
4 54.6506 13.0971
5 64.0284 20.7403
6 70.4688 18.5682
7 69.3653 16.7239
8 74.3871 17.8254
9 58.3228 18.7603
10 78.9321 12.9205
11 74.7608 12.7771
12 70.3881 15.5891
13 73.6023 19.7419
14 64.9515 13.2861
15 70.0777 14.6905
16 66.9452 14.6105
17 73.7893 16.3773
18 73.662 12.3758
19 72.9751 11.3623
20 72.0549 14.3362
21 76.2592 10.4734
22 72.8064 13.548
23 60.8774 10.8279
24 77.3314 9.7458
25 77.4874 13.5597
26 82.0819 15.2795
27 87.7566 15.0563
28 76.0531 12.9939
29 55.6335 19.9254
30 60.1508 16.124
31 75.0652 13.078
32 69.0216 8.5505
33 61.3767 15.3173
34 76.868 13.0941
35 67.5275 19.0285
36 66.6486 14.2056
37 69.7569 12.9914
38 66.8636 13.9159
39 68.8044 13.7053
40 65.8101 12.9084
41 66.3111 11.9092
42 67.7293 8.9019
43 84.9142 7.4589
44 72.4927 9.8829
45 75.5381 12.4794
46 71.4764 10.0362
47 59.4835 8.6201
48 80.0093 10.8531
49 66.0651 10.922
50 69.2577 6.9791
51 78.2209 11.4725
52 73.4583 12.3747
53 75.3302 8.6866
54 65.6365 19.3864
55 58.8776 19.7254
56 84.735 6.9551
57 58.4027 19.9401
58 71.8513 10.7521
59 67.6214 15.1245
60 74.7194 12.6213
61 76.0298 7.0228
62 59.0783 12.3232
63 74.825 11.871
64 64.7881 13.1865
65 66.3278 17.7783
66 75.8407 18.5974
67 77.2083 19.1544
68 90.125 18.5228
69 71.433 20.5406
70 75.5062 15.1857
71 70.6462 18.1783
72 70.5101 19.8174
73 68.8612 18.0772
74 59.3301 15.359
75 55.1302 16.9656
76 45.9691 18.1443
77 63.6114 14.4478
78 71.5523 14.4201
79 55.2546 13.8564
80 60.8668 17.5354
81 45.3077 21.4443
82 0 0
83 0 0
84 80.9952 12.1689
85 79.1812 13.0987
86 87.4196 12.2104
87 86.1096 13.1708
88 73.3437 10.9959
89 98.8246 13.7573
90 74.3867 15.8833
91 87.2323 12.0752
92 85.7808 11.0552
93 82.9281 16.5615
94 93.3267 12.5728
95 82.0448 11.5769
96 94.1384 12.0566
97 80.9043 14.3655
98 91.3717 0.8836
99 76.6551 11.9785
100 66.9111 17.5116
101 55.6056 20.0852
102 86.3011 15.1204
103 0 0
104 0 0
105 59.6028 6.2367
106 67.891 9.4085
107 72.9117 7.1028
108 61.26 8.6568
109 80.4037 5.4908
110 74.4668 10.0801
111 80.9822 8.0022
112 75.6118 7.4497
113 76.7616 6.7453
114 92.3715 11.6561
115 73.4844 6.6706
116 81.8559 6.8737
117 88.7703 11.8965
118 79.0939 15.0885
119 73.0338 11.1683
120 97.7248 8.4325
121 78.7876 9.3482
122 97.4272 12.6027
123 87.9532 13.8322
124 0 0
125 0 0
126 86.9349 8.1258
127 82.6655 9.6631
128 83.0871 9.7991
129 66.9179 10.7218
130 75.5705 8.3999
131 72.8577 14.2012
132 74.5325 13.9051
133 73.5377 16.5033
134 62.2099 22.2518
135 61.7353 19.395
136 70.8264 12.2924
137 70.6128 19.4406
138 57.4705 26.9881
139 71.0241 17.1003
140 69.8463 20.8279
141 72.9773 13.206
142 70.0796 14.6155
143 59.9078 19.8255
144 66.3185 13.5188
145 61.1173 16.3307
146 66.9836 14.5284
147 71.3214 14.7649
148 68.5005 12.4602
149 74.0617 11.5373
150 71.3083 9.7965
151 79.7669 10.595
152 66.602 10.6599
153 76.7172 13.3856
154 69.548 14.7571
155 60.2158 13.7561
156 83.406 9.8808
157 82.271 12.2379
158 71.2977 14.3916
159 78.3757 13.5232
160 88.6711 12.8605
161 86.3193 14.1099
162 87.4407 12.7272
163 56.6796 14.956
164 67.5803 19.9669
165 50.3503 22.9873
166 55.3894 12.7542
167 57.9347 27.7966
168 69.7671 6.8206
169 56.9535 7.692
170 73.3556 6.0493
171 56.472 12.6246
172 74.9407 5.4467
173 92.6542 11.9395
174 81.2961 7.6154
175 80.0008 6.2362
176 78.8742 6.9924
177 86.3387 6.7459
178 76.7293 6.1881
179 86.299 5.8275
180 61.7579 16.9556
181 69.9514 9.7902
182 56.9541 14.7643
183 78.4905 1.2162
184 65.8631 9.1882
185 58.7465 20.898
186 53.9578 11.5013
187 73.4514 25.198
188 55.7586 14.4566
189 79.4459 9.1696
190 60.0599 13.8922
191 74.3777 12.719
192 76.2676 17.2221
193 70.1518 18.3316
194 71.965 17.308
195 75.1107 13.1109
196 67.9284 15.4428
197 88.9652 16.5863
198 70.0014 16.625
199 78.4796 15.2972
200 61.8666 16.3593
201 58.7776 19.0868
202 71.5424 12.3818
203 78.988 16.0173
204 59.2887 21.3814
205 61.3907 12.6133
206 75.9847 17.1739
207 72.3607 19.7193
208 0 0
209 0 0
210 63.1487 14.0431
211 60.023 15.9483
212 78.3485 12.0191
213 69.4459 11.9233
214 63.437 12.0554
215 81.2157 11.9654
216 69.9098 14.6923
217 69.796 16.0639
218 68.9486 10.0927
219 74.3025 11.6702
220 61.0658 13.0211
221 70.1326 12.3659
222 67.3508 14.1154
223 55.6836 22.9998
224 72.8825 14.4384
225 64.1226 15.8295
226 3 0
227 80.3377 16.1956
228 73.1359 13.1034
229 0 0
230 0 0
231 54.8688 14.5974
232 55.5713 11.0998
233 64.3754 10.2414
234 59.9895 16.3509
235 37.9478 25.2846
236 56.7464 14.6507
237 60.2385 12.5483
238 71.023 9.0673
239 83.5428 9.4588
240 74.4358 13.9307
241 64.8464 10.0901
242 85.4355 8.0722
243 76.5175 15.9972
244 64.133 12.6378
245 78.1171 10.4486
246 79.686 9.9508
247 69.8092 10.9303
248 82.1733 9.8918
249 66.6728 8.9463
250 0 0
251 0 0
