0 74.1712 7.3381
1 78.5697 5.7701
2 72.9073 6.304
3 71.0506 7.1267
4 57.239 6.4336
5 68.7478 9.4106
6 72.8011 8.6552
7 71.1772 8.1349
8 76.6168 8.9282
9 63.3849 8.7232
10 78.9967 6.8241
11 75.2281 6.4597
12 72.0552 7.4399
13 76.9061 9.3672
14 66.6578 6.1481
15 71.3935 6.7644
16 68.9388 6.7556
17 75.27 7.5082
18 74.1183 6.3666
19 73.5546 5.7795
20 73.3968 6.9532
21 76.4041 5.6996
22 73.9379 7.3608
23 62.3336 5.3139
24 77.4385 5.2985
25 77.7922 7.2496
26 82.6109 8.6052
27 87.6635 9.1168
28 76.0666 7.4662
29 60.3161 10.1978
30 63.6653 7.7389
31 75.739 6.7033
32 68.8644 4.4549
33 64.214 7.2949
34 77.5858 6.7211
35 69.4593 10.6111
36 68.5623 6.2835
37 71.0447 5.9549
38 69.1854 6.2177
39 71.0472 6.1443
40 68.0713 5.7898
41 68.2996 5.6289
42 67.3136 5.7929
43 84.197 5.1009
44 72.171 6.3321
45 75.5766 7.5704
46 71.4531 6.7375
47 59.9808 5.7349
48 79.5941 7.2802
49 66.2552 6.9238
50 69.1286 4.8094
51 78.1614 7.6203
52 74.24 7.9962
53 75.1217 5.7443
54 67.5249 12.4326
55 61.359 13.0396
56 84.7769 4.8096
57 62.6421 11.3925
58 71.9505 6.8817
59 68.9319 9.285
60 75.1612 7.6029
61 75.9521 4.9959
62 61.2162 6.7085
63 75.2499 6.0998
64 65.8515 6.8798
65 68.0509 10.0632
66 76.7188 11.0851
67 77.9087 15.3654
68 90.7932 11.1709
69 73.2398 10.7166
70 76.5044 7.398
71 72.6957 9.1196
72 72.5107 11.0359
73 71.3068 8.9053
74 60.313 9.5324
75 56.8155 11.3204
76 48.4787 11.7385
77 65.5699 6.6833
78 72.2103 7.1297
79 58.1122 6.9118
80 63.8963 8.4332
81 56.9011 9.4821
82 0 0
83 0 0
84 80.5319 6.6368
85 79.0958 6.7641
86 87.2393 6.7233
87 85.8623 7.2092
88 73.2577 5.7842
89 98.2862 7.3277
90 75.3551 7.7677
91 87.0185 6.6514
92 85.3514 5.9996
93 83.2931 8.3305
94 92.9319 6.635
95 81.7595 6.6111
96 94.7212 6.563
97 81.5061 7.7375
98 90.9763 0.9393
99 76.3307 6.3134
100 69.4331 8.3257
101 61.5058 8.8714
102 86.3476 7.748
103 0 0
104 0 0
105 59.5898 4.1383
106 68.025 6.1184
107 72.5293 4.9894
108 61.3908 5.6945
109 80.3831 3.8917
110 73.9801 6.4792
111 80.7983 5.5012
112 75.2551 5.2972
113 76.5195 4.7173
114 92.7969 7.6256
115 73.5554 4.5709
116 81.8304 4.5035
117 88.9514 8.0594
118 80.0944 9.4248
119 73.1741 6.7723
120 97.534 5.4706
121 78.2724 6.2755
122 97.3261 8.4237
123 87.4805 8.4871
124 0 0
125 0 0
126 86.5969 4.7418
127 82.4442 5.7661
128 82.9642 5.9081
129 67.6861 5.6415
130 76.054 4.9693
131 74.0039 8.0792
132 75.7184 7.5994
133 73.961 11.1672
134 66.7775 13.1856
135 66.4977 8.7635
136 71.6882 5.9646
137 73.595 8.9409
138 66.4813 13.234
139 73.3992 7.6765
140 74.4794 8.9192
141 74.1108 6.51
142 71.2361 7.0084
143 65.6634 9.5221
144 67.8549 6.4144
145 64.0773 7.511
146 69.0132 7.2525
147 72.2995 7.2366
148 68.7428 6.1184
149 74.2414 5.7922
150 71.6695 5.0912
151 79.1738 5.5804
152 66.8014 5.5066
153 77.2267 6.973
154 70.9795 7.2244
155 61.5797 6.8705
156 82.954 5.2154
157 82.1083 6.745
158 72.0621 7.0859
159 79.0751 7.3504
160 88.3463 7.2331
161 86.3862 8.1167
162 87.6374 6.9882
163 58.1159 7.9047
164 71.8877 8.8657
165 59.3518 10.667
166 58.2407 6.2824
167 69.7261 10.874
168 69.3603 4.8072
169 57.3063 5.1585
170 73.1905 4.2122
171 58.1221 8.1286
172 74.4223 3.9056
173 92.0374 7.8422
174 81.0333 5.2395
175 79.8007 4.2282
176 78.6289 4.7454
177 86.2573 4.7007
178 76.2179 4.3417
179 86.0192 4.1491
180 63.785 10.7981
181 70.4026 6.7439
182 59.6246 9.0301
183 78.3408 1.0447
184 65.858 6.0541
185 61.7878 12.7755
186 55.1326 7.8637
187 78.2222 13.5622
188 58.4599 8.7394
189 79.8185 6.5924
190 61.2784 8.3658
191 75.0266 6.6361
192 77.8047 8.6564
193 72.1372 10.3246
194 72.9888 9.8857
195 75.8677 6.6028
196 69.3163 7.4744
197 88.9409 8.7589
198 71.5973 8.816
199 79.134 7.7961
200 63.7019 8.1625
201 60.8174 12.8972
202 72.3595 6.0255
203 80.233 8.7
204 64.3972 10.6361
205 62.8628 6.6396
206 77.2849 8.0206
207 75.1149 8.7248
208 0 0
209 0 0
210 64.4999 6.5246
211 63.6563 7.4121
212 78.4088 6.1437
213 70.6547 5.9587
214 64.9149 5.5991
215 81.6607 6.2053
216 71.7817 6.9457
217 71.9864 7.7575
218 69.3235 5.192
219 74.8355 6.1483
220 63.0821 6.3383
221 71.0468 6.2795
222 68.6702 6.8974
223 62.1607 11.76
224 73.6219 6.9789
225 66.5541 7.3967
226 80.9193 7.5728
227 81.0049 8.1162
228 73.4997 6.6123
229 0 0
230 0 0
231 53.3835 10.5765
232 56.1167 7.7029
233 65.5601 6.5809
234 62.2431 10.9375
235 47.4271 16.5854
236 58.6412 9.4196
237 61.9336 7.8996
238 71.0995 5.9814
239 83.3864 6.4127
240 75.2903 8.9055
241 65.3305 6.561
242 85.3437 5.4041
243 77.0182 9.9509
244 64.677 8.0802
245 78.0518 7.109
246 79.7261 6.5707
247 70.2206 6.6435
248 82.0924 6.6383
249 66.7563 5.7989
250 0 0
251 0 0
