0 74.626 6.6951
1 78.237 5.4083
2 72.94 5.7472
3 70.7469 6.7814
4 57.694 6.167
5 69.0349 8.9021
6 73.1134 8.1277
7 71.3142 7.8268
8 76.4742 8.5076
9 63.9305 8.2445
10 78.9771 6.4254
11 75.373 5.9465
12 71.884 6.8282
13 76.614 8.6982
14 66.8477 5.772
15 71.574 6.4073
16 69.3492 6.4671
17 75.4718 6.9732
18 74.1124 5.6877
19 73.9221 5.5121
20 73.3044 6.2774
21 76.3664 5.3844
22 73.6545 6.9983
23 62.342 5.1778
24 77.2716 5.0552
25 77.7881 6.9509
26 82.31 8.075
27 87.7521 8.6577
28 75.9725 7.0837
29 60.2249 10.1324
30 63.6676 7.4428
31 75.8184 6.4394
32 69.0377 4.1874
33 64.2499 7.0515
34 77.5983 6.3965
35 69.4111 10.6304
36 68.3093 6.1447
37 71.0613 5.7281
38 69.0466 6.0968
39 70.8207 5.8436
40 67.822 5.3624
41 68.0437 5.2635
42 67.3877 5.4436
43 84.3869 4.657
44 72.5677 5.737
45 75.4657 7.0201
46 71.3895 6.3367
47 59.9807 5.56
48 79.9137 6.9963
49 66.3267 6.6414
50 68.9081 4.4712
51 78.162 7.1483
52 74.0072 7.4306
53 75.0865 5.4272
54 68.2124 11.4233
55 61.476 12.1579
56 84.7089 4.2798
57 62.7005 10.5904
58 72.3286 6.4831
59 69.0446 8.5587
60 75.1195 6.9718
61 76.0545 4.4812
62 61.5826 6.5384
63 75.3845 5.8234
64 65.9187 6.3918
65 68.3555 9.8569
66 77.1599 10.6122
67 78.6563 14.5557
68 91.4545 10.5506
69 73.9622 10.6075
70 76.2429 7.1819
71 72.9132 8.8037
72 72.5596 10.5288
73 71.6549 8.7417
74 60.0312 9.4003
75 55.4374 12.2515
76 47.5475 11.7823
77 65.5972 6.5546
78 72.238 6.9345
79 58.1011 6.9009
80 64.0367 8.3015
81 56.8158 9.0895
82 0 0
83 0 0
84 80.2337 6.4956
85 79.1042 6.8764
86 86.857 6.6673
87 85.7018 7.0977
88 73.0222 5.7341
89 98.565 7.2339
90 75.3277 7.7494
91 86.9965 6.49
92 85.6703 5.6801
93 83.3889 7.9747
94 93.1559 6.4456
95 81.9125 6.0914
96 94.6682 6.3032
97 81.6228 7.2448
98 91.2487 0.9045
99 76.7129 5.8098
100 69.5764 7.4948
101 62.0372 8.1533
102 86.1158 7.0603
103 0 0
104 0 0
105 59.7401 4.0644
106 67.8973 5.9205
107 72.8678 4.6599
108 61.3183 5.4146
109 80.4867 3.6306
110 74.007 6.0838
111 81.0867 5.0096
112 75.3983 4.8939
113 76.6988 4.4499
114 92.799 7.1706
115 73.6579 4.2737
116 82.0366 4.2839
117 88.8108 7.5579
118 80.14 8.66
119 73.2235 6.3242
120 97.9369 5.3442
121 78.7568 5.8562
122 97.9935 7.5165
123 88.2371 7.8134
124 0 0
125 0 0
126 87.0793 4.4029
127 82.7455 5.3373
128 83.3501 5.4686
129 67.8182 5.2517
130 76.3449 4.6539
131 74.3047 7.1708
132 75.4612 7.1818
133 74.6465 10.4071
134 66.4447 13.0702
135 66.7758 8.5695
136 71.8525 5.7328
137 73.6149 8.4571
138 66.5792 13.2083
139 73.3701 7.2225
140 74.4248 8.7005
141 73.9998 6.1398
142 71.5297 6.6763
143 65.9744 8.7051
144 68.2842 5.9443
145 64.7088 7.2271
146 69.2624 6.5013
147 72.2398 7.0615
148 69.0013 5.8635
149 74.2226 5.4935
150 71.5975 4.7815
151 79.0149 5.465
152 66.7822 5.1332
153 77.3681 6.4965
154 70.9391 6.8188
155 62.5355 6.2425
156 83.1098 4.9456
157 82.4638 6.1187
158 72.2944 6.4432
159 79.4781 6.6345
160 89.002 6.5529
161 86.6318 7.2609
162 88.0579 6.1946
163 58.2118 7.7989
164 71.7056 8.4934
165 58.9035 10.597
166 58.1686 6.1778
167 70.0643 10.9391
168 69.7869 4.4417
169 57.6763 4.7915
170 73.218 3.9459
171 58.553 7.5296
172 74.6604 3.7288
173 92.3759 7.542
174 81.2885 4.972
175 79.9331 4.1337
176 78.7426 4.606
177 86.0728 4.4578
178 76.3545 4.1963
179 86.2342 3.8495
180 63.9611 10.3119
181 70.5872 6.2969
182 60.0901 8.5153
183 78.124 1.1153
184 66.1885 5.6205
185 62.8085 11.9504
186 54.982 7.5427
187 78.5435 12.4708
188 58.6988 8.651
189 79.8672 5.9873
190 61.3724 7.9684
191 75.0801 6.3982
192 77.7294 8.3764
193 72.1114 9.8701
194 73.4846 9.3451
195 76.0422 6.3788
196 69.4348 7.0852
197 89.3096 8.3732
198 71.6076 8.4854
199 79.5079 7.3303
200 63.788 8.094
201 61.166 12.815
202 72.3345 5.9578
203 80.423 8.2438
204 64.033 10.5953
205 62.9425 6.2519
206 77.6193 7.6881
207 75.2891 8.0737
208 0 0
209 0 0
210 64.4143 6.5025
211 63.1884 7.4227
212 78.1973 5.8995
213 70.3151 5.6835
214 65.0386 5.4166
215 81.4036 6.1267
216 71.7103 6.6496
217 71.7904 7.4078
218 69.1475 4.9206
219 74.661 5.8478
220 63.1569 6.0336
221 70.8835 5.8801
222 68.5221 6.6552
223 62.359 11.0377
224 73.7148 6.4535
225 66.5886 7.1423
226 81.1629 6.7536
227 81.3065 7.1192
228 74.0434 5.7357
229 0 0
230 0 0
231 54.7123 9.7702
232 56.519 7.0896
233 65.5267 6.297
234 62.0625 10.2346
235 49.3984 16.4395
236 58.3385 8.9544
237 61.9954 7.3747
238 71.5507 5.6837
239 83.9429 6.0152
240 75.7703 8.3101
241 65.7195 5.9626
242 85.7152 5.12
243 77.4031 9.1593
244 65.3977 7.5951
245 78.5605 6.6537
246 80.104 6.1596
247 70.7676 6.3294
248 82.6509 6.0799
249 67.3829 5.3944
250 0 0
251 0 0
