0 74.113 14.9108
1 78.2122 11.4716
2 72.6283 12.2754
3 69.4823 15.029
4 55.5132 13.5736
5 66.8297 19.3815
6 71.0618 18.634
7 69.1989 17.1245
8 74.2173 19.9365
9 61.6911 18.242
10 78.8925 13.0101
11 75.3732 13.1331
12 70.9407 15.9183
13 73.3189 21.2559
14 65.7992 13.5452
15 69.9893 15.0917
16 66.7863 15.6352
17 73.9344 16.9596
18 74.4694 12.2521
19 73.6605 11.8203
20 72.9971 14.7277
21 76.2762 11.0187
22 72.9635 13.9103
23 61.719 11.0057
24 77.9543 10.0328
25 77.1434 14.5014
26 82.2213 15.3381
27 87.5253 15.4101
28 75.8372 12.6908
29 55.6626 18.8263
30 60.6479 16.4319
31 75.2972 13.6075
32 69.2982 8.1413
33 61.8992 15.5256
34 77.4048 13.4291
35 67.2463 17.9813
36 66.5386 13.946
37 70.1472 12.616
38 67.2524 13.2751
39 69.7205 13.6233
40 66.4673 12.5527
41 66.6514 12.6427
42 68.0734 9.1744
43 85.2326 7.7676
44 73.0483 9.534
45 75.563 12.2145
46 72.1009 10.192
47 60.0428 8.8639
48 80.7579 11.1348
49 66.2029 11.2954
50 69.6145 7.2582
51 78.446 11.889
52 73.9991 12.4871
53 75.4897 8.9079
54 65.9005 19.3115
55 56.7576 22.0004
56 84.9338 7.2044
57 57.6962 20.83
58 71.9333 11.422
59 67.8617 15.7318
60 74.3707 13.6743
61 76.4592 7.1365
62 59.6742 12.6903
63 70.4856 12.1972
64 60.1443 13.979
65 62.0241 17.4407
66 70.0939 19.5128
67 72 19.7763
68 101.254 3.1594
69 66.6883 19.5351
70 70.8859 15.583
71 67.2898 17.2071
72 66.1282 20.8751
73 66.0801 19.3545
74 56.4731 14.8271
75 52.3635 16.7494
76 42.9227 18.1449
77 61.789 14.2224
78 69.2557 14.9411
79 52.7025 14.3095
80 57.5311 18.5859
81 46.6203 20.6773
82 0 0
83 0 0
84 80.8968 12.5829
85 79.6307 13.3295
86 87.7726 12.5726
87 86.4027 13.5509
88 73.8602 11.0258
89 99.2317 13.8811
90 74.6668 15.3074
91 87.7088 12.209
92 86.0698 11.0589
93 83.5259 16.7255
94 93.7707 13.0946
95 82.3658 12.5124
96 94.6105 12.4842
97 81.5479 15.0156
98 91.5086 0.8778
99 76.7066 12.3356
100 67.503 17.1557
101 57.642 18.5824
102 86.9135 13.7226
103 0 0
104 0 0
105 60.2414 6.3721
106 68.3737 10.1977
107 73.3499 7.3687
108 61.0903 8.8037
109 81.2018 5.6694
110 74.444 9.8825
111 81.5273 8.1146
112 75.7968 7.427
113 77.0949 6.8292
114 93.7585 12.0238
115 74.2004 6.5995
116 82.5335 6.6109
117 89.8071 12.0366
118 79.354 14.8034
119 73.5118 11.0921
120 98.0974 8.225
121 79.3319 9.2427
122 98.1637 12.1072
123 88.7365 13.0124
124 0 0
125 0 0
126 86.5579 8.884
127 82.6007 10.6327
128 82.7662 10.7937
129 66.3822 11.9759
130 75.6893 9.2581
131 73.0977 14.1028
132 74.2129 14.34
133 72.5679 17.7056
134 61.6607 22.2366
135 61.784 20.2878
136 70.6096 13.4113
137 69.5773 20.6852
138 60.3488 25.4178
139 70.5832 17.0329
140 71.4224 19.0426
141 72.5408 13.7342
142 68.8762 15.9954
143 59.7673 20.5937
144 65.3883 14.2957
145 60.117 16.8444
146 66.4764 15.5835
147 70.8116 15.5083
148 67.0754 13.2896
149 73.8569 11.6811
150 71.1856 10.3127
151 79.4129 11.3418
152 64.2895 14.8449
153 76.8116 13.7681
154 69.6971 15.347
155 60.1302 13.3844
156 83.2124 10.0248
157 82.3619 12.2653
158 71.5488 14.1005
159 78.1356 13.7269
160 88.585 12.8532
161 86.3718 14.1995
162 87.8874 12.8542
163 53.4117 16.5329
164 67.1431 20.9017
165 54.1008 22.2904
166 54.8342 13.1852
167 62.0945 25.2125
168 69.6996 7.1539
169 56.6597 7.9559
170 73.1986 6.1475
171 56.3203 13.0592
172 74.3367 5.7796
173 92.4281 12.6666
174 81.3313 7.66
175 79.6847 6.2962
176 78.1791 7.4135
177 86.0632 7.0537
178 76.266 6.5602
179 86.4697 6.0079
180 61.5816 18.0234
181 70.1296 10.4768
182 57.5779 14.3672
183 78.1558 1.0287
184 65.4012 9.4654
185 58.0735 21.7793
186 51.7473 12.9262
187 73.1411 24.0924
188 54.2808 16.0702
189 79.5378 9.22
190 58.7835 14.6441
191 74.5831 12.6874
192 76.5139 16.3308
193 70.3412 16.9295
194 71.6151 17.0928
195 75.4508 13.5284
196 68.3985 14.9448
197 89.1707 15.3048
198 70.1927 16.8154
199 78.3289 14.9945
200 60.8211 16.8863
201 57.036 19.3002
202 71.0075 12.5788
203 79.0116 15.8178
204 60.797 20.9164
205 61.7503 13.0482
206 75.8889 17.2071
207 71.6316 19.6347
208 0 0
209 0 0
210 61.1642 14.8661
211 60.1212 16.2127
212 77.6471 12.1309
213 69.1875 12.3072
214 63.8096 11.9236
215 81.1811 11.956
216 70.7288 14.2431
217 69.4015 16.0201
218 68.68 10.069
219 74.3908 12.0448
220 61.442 13.2601
221 69.921 12.8835
222 67.1356 14.0814
223 57.0522 22.7819
224 72.287 14.5146
225 63.3128 16.6069
226 80.631 14.3809
227 80.3518 15.6344
228 73.0756 12.2005
229 0 0
230 0 0
231 52.9705 15.292
232 55.0612 11.5106
233 64.9381 10.5547
234 60.1986 16.9002
235 45.8782 21.2635
236 56.0592 14.8316
237 60.556 12.6077
238 71.1069 9.5228
239 83.7802 9.9156
240 74.5362 14.3633
241 64.5068 10.5638
242 85.1786 7.9209
243 76.029 16.4782
244 63.8535 13.435
245 78.0837 11.2705
246 79.5567 10.0776
247 70.5724 10.5042
248 82.403 9.6406
249 66.712 8.8503
250 0 0
251 0 0
