0 74.4948 6.9143
1 78.0965 5.7203
2 72.8978 5.952
3 70.6961 7.0121
4 57.7852 6.2199
5 68.785 9.2633
6 73.1634 8.2651
7 71.0268 8.1134
8 76.3124 8.7971
9 63.8208 8.3342
10 78.6852 6.9012
11 74.8709 6.2926
12 72.108 7.6968
13 76.3821 9.1546
14 66.9046 6.0365
15 71.2698 6.8435
16 69.3611 6.6544
17 75.2915 7.4364
18 74.0461 6.0111
19 73.5283 5.6672
20 73.5727 6.791
21 76.2951 5.6105
22 73.6754 7.3188
23 62.3357 5.5062
24 77.3754 5.275
25 77.7889 7.2166
26 82.1756 8.4779
27 87.7706 9.1489
28 75.6088 7.4171
29 60.2383 10.1801
30 63.6568 7.5073
31 75.8737 6.7256
32 68.8897 4.6138
33 64.2161 7.2028
34 77.493 6.4382
35 69.2989 10.5029
36 68.3629 6.3693
37 71.0677 6.1545
38 69.4544 6.3848
39 71.0228 6.2669
40 68.0282 5.8803
41 68.1393 5.622
42 67.3449 5.7131
43 84.3077 5.0338
44 72.2187 6.2364
45 75.478 7.3055
46 71.5146 6.5489
47 59.8421 5.7068
48 80.0191 7.2465
49 66.2961 6.9118
50 69.0018 4.809
51 78.0723 7.7297
52 74.2365 7.7876
53 74.8253 5.6686
54 68.0408 12.1266
55 61.0406 12.4262
56 84.4998 4.5268
57 62.4215 11.066
58 72.3079 6.8407
59 68.9806 8.8911
60 75.2419 7.3432
61 75.9909 4.731
62 61.2284 6.9593
63 75.379 6.1189
64 65.9377 6.6194
65 68.1826 10.1835
66 76.8524 10.8516
67 78.2243 14.7649
68 90.8334 11.048
69 73.3614 11.062
70 76.47 7.1246
71 72.4517 8.9864
72 72.5314 10.6947
73 71.1817 8.938
74 60.3053 9.4342
75 56.2469 12.2962
76 48.6894 11.5197
77 65.6046 6.5008
78 72.4194 7.2722
79 58.4278 6.9802
80 64.0154 8.6787
81 56.6313 9.7821
82 0 0
83 0 0
84 80.4506 6.634
85 79.1488 6.9912
86 86.6578 6.8216
87 85.3148 7.2141
88 73.3528 5.8721
89 98.3487 7.3538
90 75.5869 7.9026
91 86.861 6.4693
92 85.2038 6.1447
93 83.3243 8.4173
94 92.9177 7.0721
95 81.7847 6.4181
96 94.4861 6.5957
97 81.4735 7.7636
98 91.0358 0.928
99 76.3455 6.2531
100 68.9362 8.149
101 61.8163 8.8878
102 86.1096 7.7844
103 0 0
104 0 0
105 59.6969 4.2383
106 67.906 6.3301
107 72.8001 5.0003
108 61.1133 5.8019
109 80.3927 3.9357
110 73.8832 6.4758
111 80.8321 5.4004
112 75.4224 5.1343
113 76.5485 4.6933
114 92.8195 7.643
115 73.4877 4.5752
116 81.9084 4.5158
117 88.8503 7.7317
118 80.0782 9.1951
119 73.1046 6.7227
120 97.7135 5.6615
121 78.605 6.1445
122 97.6897 7.7598
123 88.271 8.5012
124 0 0
125 0 0
126 86.7316 4.729
127 82.348 5.6648
128 82.9823 5.9615
129 67.5571 5.5401
130 75.8872 4.8829
131 74.1444 7.6461
132 75.5789 7.7163
133 74.4849 10.9565
134 66.3314 13.2
135 66.5413 8.7289
136 72.0005 6.0724
137 73.7344 8.8047
138 66.2426 13.5899
139 73.3563 7.88
140 74.2816 8.9444
141 74.0957 6.2767
142 71.4335 6.7206
143 65.872 8.8544
144 68.2283 6.3168
145 64.6882 7.3307
146 69.0328 6.9474
147 72.3179 7.2912
148 68.7911 6.0678
149 74.3044 5.6524
150 71.6316 4.9906
151 78.8854 5.6085
152 66.7825 5.4219
153 77.34 7.0545
154 71.0313 7.163
155 62.1799 6.2389
156 82.8945 5.1883
157 82.3178 6.4441
158 72.1953 6.9245
159 79.0902 7.1048
160 88.5411 6.9928
161 86.589 7.7564
162 87.8559 6.6977
163 58.2306 7.8903
164 71.9186 8.9187
165 58.5573 10.7635
166 57.8194 6.5916
167 70.5828 11.1194
168 69.2512 4.786
169 57.1372 5.1545
170 73.184 4.0806
171 58.0241 8.1835
172 74.4908 3.9425
173 92.1109 7.8637
174 81.0163 5.2875
175 79.6841 4.3341
176 78.395 4.7926
177 85.9866 4.6505
178 76.341 4.4701
179 85.9031 4.0031
180 63.9237 10.5267
181 70.1828 6.3949
182 60.338 8.7563
183 78.1201 1.0182
184 66.0906 5.7713
185 62.5031 12.1412
186 54.9469 7.7265
187 78.4179 13.1019
188 58.9532 8.5595
189 79.6332 6.4171
190 61.0561 8.1355
191 74.8779 6.6659
192 77.4328 8.7718
193 72.1636 10.3138
194 73.0262 9.6914
195 75.9003 6.417
196 69.3957 7.3536
197 89.0991 8.8666
198 71.0401 8.9255
199 79.4726 7.784
200 64.0576 8.0921
201 61.1089 13.3122
202 72.4238 6.1281
203 80.2862 8.691
204 64.7452 10.6333
205 63.019 6.4296
206 77.8956 8.0969
207 75.2078 8.3289
208 0 0
209 0 0
210 64.8078 6.6078
211 63.5276 7.5186
212 78.2876 6.0354
213 70.2146 5.8147
214 65.3608 5.592
215 81.5582 6.0341
216 71.8799 6.9162
217 72.0118 7.5902
218 69.2077 5.0453
219 74.9677 6.062
220 63.1379 6.2216
221 70.8327 6.3018
222 68.6273 6.9672
223 61.9248 11.5596
224 73.5963 6.886
225 66.4961 7.2585
226 81.0239 7.5001
227 80.822 7.8229
228 73.6129 6.1998
229 0 0
230 0 0
231 54.4138 9.9535
232 56.5635 7.0425
233 65.5696 6.5791
234 61.8138 10.9572
235 48.8529 16.1936
236 58.3169 9.4411
237 61.9661 7.7182
238 71.3365 6.0438
239 83.8299 6.4539
240 75.2563 8.6948
241 65.464 6.4681
242 85.4909 5.3017
243 77.1879 9.7241
244 64.8944 7.867
245 78.2036 6.9791
246 79.8832 6.5349
247 70.2105 6.7405
248 82.2962 6.4182
249 66.9677 5.7884
250 0 0
251 0 0
