0 74.6809 6.9455
1 78.3415 5.5703
2 72.9204 5.9645
3 70.8123 7.0303
4 57.8266 6.2739
5 68.9679 9.3236
6 73.1972 8.4369
7 71.2734 8.0728
8 76.5117 8.8956
9 63.8286 8.6434
10 79.1489 6.7871
11 75.4061 6.2948
12 72.0537 7.4665
13 76.5229 9.4092
14 66.8178 6.1911
15 71.5492 6.6647
16 69.0728 7.086
17 75.3806 7.4808
18 74.1438 6.1462
19 73.8174 5.8461
20 73.1261 6.7477
21 76.2849 5.5297
22 73.817 7.1424
23 62.3649 5.2794
24 77.4139 5.2171
25 77.8847 7.0915
26 82.3739 8.4001
27 87.82 8.671
28 76.355 7.2737
29 60.2889 10.2831
30 63.796 7.6183
31 75.8863 6.5438
32 68.956 4.3756
33 64.1663 7.2507
34 77.5954 6.482
35 69.2476 11.1555
36 68.3499 6.4442
37 71.2412 5.9607
38 69.1143 6.5571
39 70.9202 6.1859
40 67.8244 5.9682
41 68.0663 5.5581
42 67.3982 5.9623
43 84.3221 5.1907
44 72.4016 6.2747
45 75.5364 7.6182
46 71.4677 6.7064
47 60.0925 5.7857
48 79.8924 7.3028
49 66.4552 6.9662
50 68.9214 4.8373
51 78.2087 7.4914
52 74.1863 7.7331
53 75.1295 5.7147
54 67.8332 12.3234
55 61.409 12.8177
56 84.7609 4.5655
57 62.4952 11.3153
58 72.4368 6.87
59 69.0415 9.062
60 75.0469 7.2375
61 75.9921 4.6929
62 61.4633 7.0578
63 75.2402 6.3104
64 65.4971 6.9714
65 68.1548 10.4982
66 77.0311 11.4762
67 77.9863 15.7286
68 91.273 11.3526
69 73.7603 11.214
70 76.2503 7.6473
71 72.7895 9.3651
72 72.3267 11.1849
73 71.5058 9.3219
74 59.9364 9.7687
75 55.3459 12.6214
76 48.4887 11.6787
77 65.6135 6.7451
78 72.2487 7.2311
79 57.8981 7.239
80 63.9741 8.7512
81 56.7693 9.6876
82 0 0
83 0 0
84 80.5508 6.4782
85 79.4208 6.872
86 87.1154 6.6267
87 86.0267 7.0647
88 73.0692 5.6854
89 98.3535 7.3123
90 75.1178 7.8267
91 86.9851 6.5765
92 85.5134 6.0618
93 83.2186 8.4028
94 93.0215 6.9847
95 81.8685 6.5698
96 94.6755 6.5702
97 81.3724 7.7334
98 91.1917 0.9421
99 76.4652 6.296
100 69.2997 8.2682
101 61.7379 8.9387
102 86.0098 7.6602
103 0 0
104 0 0
105 59.6483 4.3139
106 67.9033 6.3098
107 72.6935 5.0344
108 61.3569 5.7957
109 80.4859 3.9029
110 74.0585 6.4698
111 80.8703 5.4053
112 75.5192 5.1696
113 76.6671 4.7332
114 92.8476 7.6639
115 73.6323 4.6269
116 82.0527 4.5971
117 88.8417 7.959
118 80.1335 9.3535
119 73.113 6.8283
120 97.7774 5.6914
121 78.5526 6.1478
122 97.7267 8.0654
123 87.9975 8.3986
124 0 0
125 0 0
126 86.8654 4.55
127 82.5781 5.6298
128 83.1787 5.5932
129 67.8152 5.3824
130 76.1923 4.7824
131 74.0968 7.3825
132 75.3211 7.3535
133 74.5525 10.6716
134 65.8685 13.6074
135 66.3909 9.0438
136 71.8529 5.9967
137 73.4033 9.0854
138 66.2127 13.9881
139 73.2312 7.8114
140 74.3433 9.3175
141 74.0209 6.2813
142 71.5036 6.7868
143 65.8834 9.0999
144 68.2195 6.2573
145 64.5906 7.5667
146 69.1375 6.9409
147 72.2388 7.1696
148 68.7927 6.1148
149 74.2259 5.7429
150 71.7626 4.9881
151 79.2903 5.6766
152 66.9066 5.3971
153 77.3358 6.8124
154 70.9146 7.0869
155 62.2311 6.5073
156 83.0638 5.1985
157 82.3583 6.4376
158 72.366 6.6243
159 79.2314 6.9563
160 88.7982 6.9973
161 86.5396 7.6893
162 87.9335 6.6436
163 57.8938 8.3932
164 71.7368 9.0488
165 58.7073 11.0959
166 58.0231 6.4865
167 69.9387 11.4792
168 69.5285 4.6731
169 57.356 5.0468
170 73.0784 4.1466
171 58.1634 7.9647
172 74.4357 3.8925
173 92.2567 7.9086
174 81.0538 5.2337
175 79.6785 4.3265
176 78.5862 4.8163
177 85.993 4.6785
178 76.3232 4.474
179 86.0741 4.0878
180 63.7605 10.6627
181 70.3105 6.6888
182 59.9305 8.9234
183 78.0095 1.3556
184 66.0955 5.9812
185 62.5914 12.3628
186 54.765 7.7994
187 78.3967 13.3432
188 58.4816 9.0791
189 79.8328 6.2904
190 61.1981 8.1284
191 74.9809 6.5948
192 77.5581 8.8299
193 72.0343 10.459
194 73.296 9.7428
195 75.9604 6.628
196 69.4917 7.4531
197 89.1318 8.7815
198 71.5074 8.8735
199 79.1948 7.7614
200 64.0244 8.3396
201 60.8368 13.2692
202 72.5328 6.1595
203 80.0611 8.4638
204 64.3889 10.8335
205 62.9861 6.593
206 77.8375 8.1054
207 75.301 8.589
208 0 0
209 0 0
210 64.8573 6.3685
211 63.9867 7.3157
212 78.4733 5.8981
213 70.7326 5.7084
214 65.0939 5.4743
215 81.6487 6.0614
216 71.7996 6.812
217 71.9921 7.4583
218 69.2158 5.1395
219 74.6937 6.1966
220 63.0956 6.4461
221 70.9289 6.2763
222 68.2665 7.2029
223 61.9245 12.0511
224 73.3858 7.189
225 66.3174 7.8048
226 80.9967 7.3954
227 81.1131 7.858
228 73.6576 6.2016
229 0 0
230 0 0
231 54.1233 10.2176
232 56.3328 7.4351
233 65.4604 6.4697
234 61.7201 10.7418
235 48.5353 16.7724
236 58.207 9.3307
237 61.8134 7.7353
238 71.3079 5.918
239 83.7488 6.291
240 75.485 8.734
241 65.3089 6.3822
242 85.5961 5.3658
243 77.0692 9.8334
244 65.0605 7.9997
245 78.2963 6.9967
246 79.8227 6.6189
247 70.1193 6.8271
248 82.2619 6.5135
249 66.8371 5.8498
250 0 0
251 0 0
