0 74.4519 6.9579
1 78.227 5.5758
2 72.8011 5.9309
3 70.7219 7.0402
4 57.6034 6.2737
5 68.9971 9.1635
6 73.1444 8.4327
7 71.2741 7.9262
8 76.4623 8.7852
9 63.6333 8.552
10 78.8932 6.7032
11 75.2026 6.1835
12 71.8592 7.1736
13 76.533 9.1262
14 66.6138 6.0232
15 71.4406 6.6744
16 69.3145 6.6529
17 75.4017 7.1381
18 74.1668 5.9734
19 73.5703 5.5503
20 73.4968 6.4679
21 76.238 5.4779
22 73.8219 7.0671
23 62.4795 5.2141
24 77.5268 5.0373
25 77.6356 7.0681
26 82.3153 8.2321
27 87.896 8.584
28 76.2869 7.2368
29 60.0183 10.2587
30 63.6946 7.3524
31 75.7298 6.4107
32 68.845 4.2569
33 64.2286 7.0387
34 77.6151 6.2122
35 69.455 10.7061
36 68.3054 6.09
37 70.929 5.6688
38 69.0887 6.0394
39 70.7834 5.8691
40 68.0394 5.4263
41 68.012 5.1456
42 67.4615 5.7175
43 84.3754 4.9994
44 72.4646 6.0199
45 75.4798 7.3556
46 71.5185 6.4145
47 60.1566 5.6126
48 80.0432 7.0118
49 66.2934 6.7191
50 68.9244 4.5455
51 78.2373 7.2998
52 74.0822 7.6097
53 75.1152 5.4914
54 68.1999 11.8183
55 61.3847 12.4214
56 84.7321 4.3189
57 62.5895 10.8269
58 72.483 6.6907
59 69.1862 8.712
60 74.9853 7.06
61 75.9751 4.6005
62 61.5442 6.5956
63 75.4671 5.9903
64 66.1151 6.5037
65 68.3469 9.9451
66 77.2286 10.8034
67 77.8856 14.8975
68 91.2983 10.8593
69 73.2811 10.8332
70 76.6719 7.2822
71 72.6741 8.9625
72 72.5623 10.8203
73 71.3377 8.8797
74 60.1071 9.474
75 55.3138 12.4873
76 48.6731 11.294
77 65.647 6.6282
78 72.3426 7.0167
79 58.3299 6.8843
80 64.1861 8.2322
81 56.7842 9.3472
82 0 0
83 0 0
84 80.2695 6.5822
85 79.1513 6.8829
86 87.0268 6.741
87 85.8345 7.2064
88 73.149 5.6879
89 98.5382 7.3352
90 75.2045 7.7632
91 87.0755 6.5758
92 85.4715 5.9507
93 83.2308 8.2594
94 92.9511 6.8104
95 81.8618 6.2848
96 94.4438 6.479
97 81.3278 7.4267
98 91.0106 0.917
99 76.395 6.1112
100 69.2818 7.9902
101 61.7767 8.7136
102 86.0989 7.3145
103 0 0
104 0 0
105 59.8561 4.0805
106 68.0336 5.959
107 72.687 4.7177
108 61.2088 5.4946
109 80.3916 3.6819
110 73.973 6.145
111 81.0054 5.0905
112 75.5184 4.8333
113 76.5469 4.416
114 92.7597 7.2228
115 73.4718 4.3005
116 81.7556 4.3525
117 88.8334 7.4456
118 79.9144 8.6847
119 73.4239 6.3182
120 97.7934 5.3031
121 78.6149 5.823
122 97.6934 7.4223
123 88.0631 7.7995
124 0 0
125 0 0
126 86.9501 4.551
127 82.5271 5.5266
128 83.3102 5.6848
129 67.8164 5.3736
130 76.0731 4.8175
131 74.1478 7.3802
132 75.4584 7.407
133 74.4047 10.8183
134 66.3466 13.3749
135 66.553 8.8731
136 71.9287 5.9109
137 73.5828 8.786
138 66.5369 13.6037
139 73.3303 7.5544
140 74.3881 9.0169
141 73.9801 6.1931
142 71.7024 6.5431
143 65.9545 8.7394
144 68.2663 6.1211
145 64.8036 7.2763
146 69.1651 6.6392
147 72.2022 7.26
148 68.866 6.0976
149 74.327 5.6461
150 71.5204 4.9442
151 79.1714 5.6784
152 66.7566 5.2653
153 77.33 6.7899
154 70.9839 7.1347
155 62.0902 6.503
156 82.9607 5.1442
157 82.429 6.3179
158 72.2594 6.6716
159 79.2541 6.9164
160 88.8467 6.8738
161 86.4736 7.5473
162 87.8639 6.5626
163 58.2292 7.8632
164 71.7176 8.5424
165 58.9501 10.6502
166 58.2524 6.2086
167 70.2865 10.8089
168 69.7696 4.4977
169 57.4663 4.977
170 73.2676 4.0588
171 58.2879 7.8379
172 74.5848 3.8692
173 92.2126 7.9335
174 81.1611 5.1898
175 79.6584 4.3526
176 78.5755 4.7849
177 85.8915 4.7076
178 76.3549 4.3932
179 86.0119 4.0313
180 63.7925 10.4592
181 70.3968 6.4508
182 60.2389 8.5124
183 78.1153 1.0608
184 66.145 5.7903
185 62.6915 12.0705
186 55.0324 7.6253
187 78.4536 12.8726
188 58.4804 8.8903
189 79.8848 6.0733
190 61.4539 7.9216
191 75.0578 6.3455
192 77.7009 8.6922
193 72.0078 10.2491
194 73.4444 9.6888
195 75.9644 6.5965
196 69.3257 7.3333
197 89.1763 8.5958
198 71.3939 8.6332
199 79.3026 7.6468
200 63.8658 8.0836
201 61.3291 13.0078
202 72.3839 6.0019
203 80.3202 8.4881
204 64.1363 10.7752
205 63.0415 6.4363
206 77.6228 7.8626
207 75.4145 8.2812
208 0 0
209 0 0
210 64.6629 6.5355
211 63.5299 7.4318
212 78.4188 5.91
213 70.4066 5.7268
214 65.2052 5.4722
215 81.5748 6.1406
216 71.7252 6.8141
217 71.931 7.4207
218 69.1968 5.0968
219 74.6983 6.1102
220 63.0255 6.3218
221 70.9102 6.1319
222 68.3761 6.9379
223 62.1403 11.7517
224 73.6092 6.8112
225 66.6681 7.3551
226 81.1021 6.9748
227 81.1609 7.5282
228 73.9356 6.0308
229 0 0
230 0 0
231 54.378 9.9728
232 56.5366 7.2228
233 65.7821 6.459
234 61.8922 10.6529
235 48.6887 16.8482
236 58.191 9.2455
237 62.0505 7.5335
238 71.4016 5.8966
239 83.955 6.1942
240 75.8592 8.5169
241 65.7415 6.1563
242 85.4392 5.2116
243 77.1401 9.501
244 65.1105 7.8376
245 78.4619 6.7502
246 79.4495 6.2995
247 70.1866 6.5092
248 81.9456 6.0103
249 66.8063 5.5975
250 0 0
251 0 0
