0 75.4635 7.2514
1 79.0983 5.8649
2 73.621 6.1198
3 71.6405 7.2341
4 58.6605 6.5093
5 69.9128 9.6331
6 74.078 8.6751
7 72.2072 8.3963
8 77.4883 9.1927
9 65.005 8.7613
10 80.1292 7.0413
11 76.4006 6.5278
12 72.9109 7.7265
13 77.5452 9.5573
14 67.6822 6.3434
15 72.4688 6.8833
16 70.2492 6.9156
17 76.2646 7.5371
18 75.108 5.962
19 74.6492 5.9078
20 74.3239 6.8694
21 76.9256 5.726
22 74.424 7.4084
23 63.0147 5.4582
24 78.266 5.2446
25 78.3703 7.4322
26 83.0013 8.5722
27 88.309 8.9934
28 77.02 7.5745
29 61.0698 10.4217
30 64.5265 7.7736
31 76.4706 6.7271
32 69.7828 4.5774
33 64.943 7.3472
34 78.2925 6.5723
35 70.1401 11.1529
36 69.0927 6.5296
37 71.6867 5.9888
38 69.7087 6.4277
39 71.5971 6.1066
40 68.6064 5.8433
41 68.7686 5.5302
42 67.9181 5.9168
43 84.8633 5.2029
44 72.9906 6.3205
45 76.2368 7.6758
46 71.997 6.8223
47 60.6638 5.8816
48 80.6302 7.4487
49 67.2527 7.1442
50 69.7725 4.8857
51 79.0185 7.6627
52 74.8714 7.9071
53 75.7761 5.8071
54 68.878 12.7519
55 62.5456 13.3965
56 85.6865 4.8185
57 63.5072 11.6713
58 73.0415 7.1659
59 69.5303 9.5421
60 75.5296 7.6431
61 76.6593 4.9925
62 62.7998 6.9709
63 76.2285 6.279
64 66.8677 6.8905
65 69.2415 10.4696
66 78.0256 11.6257
67 79.1282 15.7744
68 92.1371 11.5617
69 74.6165 11.4587
70 77.4343 7.7212
71 73.6979 9.5391
72 73.4661 11.2473
73 72.5752 9.4953
74 60.927 9.7302
75 56.5548 12.5454
76 49.1895 11.9222
77 66.4391 6.7831
78 72.9292 7.3067
79 58.6446 7.1713
80 64.7955 8.7038
81 57.7475 9.4815
82 0 0
83 0 0
84 81.2165 6.7486
85 79.5487 7.1433
86 87.6164 6.9139
87 86.0934 7.3481
88 74.1107 5.8603
89 99.0435 7.5427
90 76.0639 8.0492
91 87.4815 6.7576
92 86.2586 6.3178
93 84.023 8.5308
94 93.688 7.1447
95 82.5394 6.7608
96 95.2639 6.7907
97 82.0291 8.0014
98 91.7098 0.9726
99 77.0872 6.3512
100 70.0088 8.3399
101 62.5365 8.909
102 86.8038 7.7114
103 0 0
104 0 0
105 56.9713 4.4607
106 65.51 6.3958
107 70.1459 5.0245
108 58.582 5.9961
109 77.859 3.9208
110 71.5601 6.5471
111 78.1908 5.4126
112 72.679 5.2981
113 73.5512 4.7444
114 89.6137 7.6118
115 69.4308 4.6711
116 77.5496 4.7358
117 84.3165 8.0609
118 75.3538 9.8441
119 68.0571 7.2713
120 90.5002 6.5004
121 98.0628 1.9201
122 90.5255 8.6912
123 81.0308 8.8951
124 0 0
125 0 0
126 86.6789 4.9257
127 82.4838 5.9276
128 83.0401 5.9507
129 67.6173 5.7705
130 75.9599 5.0951
131 73.9803 7.8433
132 75.4495 8.0696
133 74.1023 11.5262
134 66.2628 13.923
135 66.5034 9.253
136 71.9116 6.0479
137 73.4167 9.3504
138 66.3131 14.2012
139 73.2991 7.9302
140 74.4323 9.4173
141 74.0238 6.4937
142 71.682 7.0426
143 65.8966 9.2687
144 68.2436 6.4562
145 64.7092 7.6932
146 69.0841 6.9931
147 72.2865 7.3393
148 68.869 6.1974
149 74.2016 5.7078
150 71.5932 5.1153
151 79.0575 5.7593
152 66.7646 5.4465
153 77.2709 6.9153
154 70.8306 7.2335
155 61.8674 6.7455
156 83.0147 5.2846
157 82.2486 6.6337
158 72.2793 7.0243
159 79.0267 7.1854
160 88.6044 7.2065
161 86.4375 7.9804
162 87.9064 6.8937
163 58.0817 8.2952
164 71.5586 9.1173
165 58.6561 11.2353
166 58.1061 6.6053
167 69.9276 11.5153
168 69.5457 4.7248
169 57.3769 5.1896
170 73.0367 4.2128
171 58.3138 7.9957
172 74.4767 4.0131
173 92.3242 8.0426
174 81.0577 5.3334
175 79.6949 4.4209
176 78.5702 4.8683
177 86.0303 4.7771
178 76.2438 4.528
179 86.0518 4.2
180 63.7731 10.8555
181 70.2665 6.7929
182 59.8288 9.2091
183 78.1344 1.155
184 66.1676 6.0925
185 62.4275 12.6992
186 55.2288 7.6895
187 78.4671 13.6815
188 57.9274 9.5153
189 79.7669 6.473
190 61.1754 8.2963
191 75.0303 6.5944
192 77.5883 9.052
193 71.983 10.8436
194 73.222 10.1483
195 75.9252 6.8752
196 69.3422 7.7248
197 89.218 9.045
198 71.3878 9.1462
199 79.2187 7.9742
200 63.8452 8.4836
201 61.2131 13.2726
202 72.5132 6.3465
203 80.4005 8.8543
204 64.0181 11.2389
205 62.8534 6.8159
206 77.688 8.0898
207 75.3474 8.6093
208 0 0
209 0 0
210 64.6238 6.7158
211 63.7056 7.5764
212 78.5756 6.1656
213 70.6083 5.9794
214 64.9903 5.7211
215 81.5712 6.2904
216 71.7869 7.0475
217 71.9184 7.8673
218 69.1199 5.1316
219 75.0093 6.137
220 63.1026 6.364
221 71.0673 6.3568
222 68.4204 7.1197
223 62.0939 11.9455
224 73.3504 7.1475
225 66.3656 7.7538
226 80.8989 7.5814
227 81.2318 8.0926
228 73.5679 6.2921
229 0 0
230 0 0
231 54.1811 10.7008
232 56.2572 7.7407
233 65.4117 6.8757
234 61.6591 11.3745
235 48.6281 16.9266
236 57.6394 9.9457
237 61.8142 8.1972
238 71.2295 6.2914
239 83.8124 6.6163
240 75.4233 9.1871
241 65.4491 6.6584
242 85.4577 5.6187
243 77.177 10.4357
244 65.0079 8.484
245 78.2682 7.4134
246 79.7986 6.7465
247 70.4363 6.9493
248 82.3349 6.4989
249 66.9563 6.0044
250 0 0
251 0 0
