0 75.5046 7.3502
1 79.0591 5.9637
2 73.7473 6.3218
3 71.6187 7.3631
4 58.8485 6.6146
5 69.8185 9.8911
6 73.9591 8.9947
7 72.0922 8.52
8 77.6127 9.5505
9 64.9541 8.9795
10 80.282 7.1399
11 76.2288 6.6748
12 73.0828 7.8953
13 77.5134 9.7682
14 67.8363 6.5145
15 72.43 7.1762
16 70.2214 7.212
17 76.2978 7.8127
18 75.0495 6.175
19 74.6335 6.0073
20 74.3944 7.0703
21 76.9731 5.8734
22 74.3487 7.5902
23 63.0018 5.6563
24 78.0919 5.469
25 78.5002 7.6066
26 82.9706 9.0025
27 88.5438 9.1707
28 77.0213 7.7235
29 61.0168 10.8185
30 64.4054 8.1339
31 76.7007 7.0506
32 69.7942 4.6763
33 65.0422 7.6721
34 78.255 6.9099
35 69.9171 11.7375
36 69.1119 6.8659
37 71.8341 6.3479
38 70.6524 6.9574
39 71.5175 6.4804
40 68.5001 6.3106
41 68.8257 5.9198
42 68.2131 6.1523
43 84.9625 5.3917
44 73.0864 6.4703
45 76.2347 7.9269
46 72.1135 6.9396
47 60.8381 6.0249
48 80.7584 7.6032
49 67.0515 7.2299
50 69.8135 4.9504
51 78.9923 7.8455
52 74.7274 8.1009
53 75.8664 5.9521
54 69.1872 12.461
55 62.2812 13.1869
56 85.5373 4.6908
57 63.4819 11.4734
58 73.3022 7.1324
59 69.7516 9.2977
60 75.8287 7.4749
61 76.7984 4.8113
62 62.8464 7.0547
63 76.233 6.3878
64 66.8999 6.9362
65 69.263 10.6108
66 78.1234 11.6229
67 78.8883 15.8041
68 92.0714 11.7858
69 74.4919 11.3825
70 77.649 7.7802
71 73.7692 9.6138
72 73.7067 11.4106
73 72.3896 9.674
74 60.7976 10.2017
75 56.5301 12.9479
76 48.9674 12.336
77 66.3292 7.1177
78 73.0251 7.6645
79 58.9657 7.3823
80 64.6975 8.9823
81 57.5609 9.9541
82 0 0
83 0 0
84 81.1331 6.9357
85 79.5731 7.3035
86 87.5941 7.106
87 86.038 7.5875
88 74.1284 6.0421
89 99.0777 7.7352
90 76.1021 8.4354
91 87.3794 6.9738
92 86.2943 6.3125
93 83.9957 8.7811
94 93.7408 7.1729
95 82.4752 6.782
96 95.339 6.8019
97 82.2361 7.947
98 91.7627 0.974
99 77.1845 6.3653
100 69.9585 8.6294
101 62.3985 9.2918
102 86.807 8.0334
103 0 0
104 0 0
105 57.1074 4.5644
106 65.4753 6.5276
107 70.1548 5.1625
108 58.4681 6.1274
109 77.8729 4.0436
110 71.6171 6.6692
111 78.2491 5.5495
112 72.5622 5.3371
113 73.6035 4.843
114 89.5518 7.8635
115 69.5466 4.7524
116 77.3896 4.7931
117 84.1507 8.2129
118 75.0786 9.8938
119 68.1164 7.416
120 90.574 6.7001
121 98.0341 1.8509
122 90.6179 8.8612
123 80.9088 9.1374
124 0 0
125 0 0
126 86.6393 4.9721
127 82.3897 6.0312
128 83.1035 6.061
129 67.6254 5.8619
130 75.8197 5.2197
131 73.8211 8.0516
132 75.2785 8.1043
133 74.2019 11.519
134 66.0534 14.1717
135 66.6564 9.5105
136 71.7201 6.3266
137 73.4983 9.5339
138 66.0401 14.7541
139 73.2924 8.2071
140 74.2364 9.7711
141 74.0683 6.6854
142 71.5076 7.3628
143 65.7752 9.7411
144 68.0299 6.7541
145 64.4758 8.0828
146 69.1706 7.3341
147 72.0552 7.6379
148 68.6299 6.4302
149 74.1631 5.9949
150 71.4589 5.2484
151 79.1177 5.9883
152 66.7168 5.788
153 77.2218 7.2238
154 70.7632 7.5777
155 61.9499 6.9607
156 82.888 5.5317
157 82.3555 6.8473
158 72.1529 7.3039
159 79.083 7.4961
160 88.615 7.5187
161 86.3292 8.1375
162 87.8091 6.9864
163 58.2016 8.2867
164 71.7691 9.3115
165 58.8547 11.3289
166 58.1886 6.6714
167 69.9192 11.7887
168 69.6867 4.9671
169 57.4212 5.3707
170 73.2852 4.3775
171 58.2627 8.4098
172 3 0
173 92.3902 8.2417
174 3 0
175 79.992 4.4647
176 3 0
177 3 0
178 3 0
179 86.3333 24.2742
180 63.357 11.4077
181 69.9451 6.9831
182 59.5568 9.3061
183 78.0463 1.1043
184 65.8081 6.2559
185 62.0446 12.9901
186 54.7231 7.9217
187 77.9893 13.9733
188 57.755 9.6418
189 79.7103 6.6861
190 61.1335 8.4925
191 75.0579 6.8628
192 77.614 9.1751
193 71.9993 10.9636
194 73.144 10.3665
195 75.9336 7.0425
196 69.2737 7.8513
197 89.2157 9.2283
198 71.2653 9.3542
199 79.2089 8.1488
200 63.7081 8.7558
201 61.3559 13.0174
202 72.4487 6.4883
203 80.2163 9.028
204 63.899 11.5973
205 62.7918 6.9696
206 77.6297 8.3599
207 75.2903 8.907
208 0 0
209 0 0
210 64.5767 7.0388
211 63.6017 8.0678
212 78.5403 6.3394
213 70.5527 6.2447
214 65.1149 5.9238
215 81.635 6.563
216 71.787 7.3516
217 71.869 8.0261
218 69.3493 5.3713
219 74.6366 6.3843
220 63.2197 6.5329
221 70.7915 6.5086
222 68.6008 7.366
223 62.1596 12.1623
224 73.6725 7.2254
225 66.2209 7.7844
226 80.7979 7.7248
227 80.9527 8.1871
228 73.747 6.483
229 0 0
230 0 0
231 54.3425 10.672
232 56.3462 7.699
233 65.5498 6.9006
234 61.8084 11.2265
235 49.7691 16.2666
236 57.9483 9.8866
237 61.8734 8.1476
238 71.2801 6.3595
239 83.755 6.5346
240 75.393 9.1857
241 65.4083 6.6841
242 85.5038 5.6638
243 77.0705 10.4678
244 65.0922 8.4632
245 78.2245 7.457
246 79.8035 6.8204
247 70.3954 7.0736
248 82.3567 6.6265
249 66.9731 6.1277
250 0 0
251 0 0
