0 75.4066 7.3481
1 79.2795 5.9107
2 73.8201 6.2458
3 72.1904 7.3241
4 58.4251 6.716
5 69.7748 9.7352
6 73.8819 9.0139
7 72.4182 8.5034
8 77.5053 9.6961
9 64.7305 9.3786
10 80.2592 7.1348
11 76.0994 6.8662
12 72.9255 8.0753
13 77.311 10.1409
14 67.7212 6.718
15 72.3807 7.4263
16 70.3027 7.208
17 76.3402 7.97
18 75.0489 6.2383
19 74.706 5.958
20 74.3331 7.0669
21 77.0948 5.9066
22 74.4668 7.6381
23 63.0351 5.6967
24 78.315 5.523
25 78.7103 7.6185
26 83.1496 8.9184
27 88.5679 9.3536
28 76.999 7.7729
29 61.0374 10.5535
30 64.5561 7.8117
31 76.5303 6.9529
32 69.6832 4.5568
33 64.9283 7.5059
34 78.2432 6.8011
35 69.9684 11.43
36 69.1611 6.7094
37 71.5415 6.3797
38 70.6235 7.0141
39 71.2958 6.5657
40 68.4491 6.2906
41 68.4654 5.9574
42 68.544 6.1379
43 85.3339 5.3972
44 73.4473 6.4545
45 76.4271 7.911
46 72.1482 6.9328
47 60.9564 6.0543
48 80.9238 7.5154
49 67.3989 7.2348
50 69.8892 5.0015
51 79.2021 7.8916
52 75.0116 8.1286
53 75.998 5.9518
54 69.18 12.6397
55 62.4045 13.4184
56 85.6893 4.7611
57 63.6222 11.5076
58 73.0297 7.2044
59 69.6787 9.4913
60 75.6976 7.4708
61 76.7999 4.8469
62 62.9588 7.0726
63 76.2303 6.3751
64 66.8585 6.9873
65 69.3236 10.6211
66 77.9952 11.5591
67 78.9057 15.8735
68 92.1628 11.6356
69 74.7206 11.3792
70 77.3667 7.7119
71 73.842 9.6734
72 73.6055 11.391
73 72.4123 9.444
74 60.8237 10.0963
75 56.3368 13.1743
76 49.2904 12.3497
77 66.3658 7.1146
78 72.9507 7.7632
79 58.7738 7.5358
80 64.7134 9.112
81 57.4371 10.0221
82 0 0
83 0 0
84 81.4785 6.7596
85 80.1163 7.1096
86 88.0919 7.015
87 86.5608 7.4175
88 74.1891 5.936
89 99.1996 7.6031
90 76.0343 8.1838
91 87.8574 6.8669
92 86.4408 6.4175
93 84.1229 8.7895
94 93.7689 7.1489
95 82.6033 6.7575
96 95.4163 6.8833
97 82.2556 7.9619
98 91.9446 0.9898
99 77.2624 6.3554
100 70.4932 8.5009
101 62.7472 9.2065
102 87.236 7.9493
103 0 0
104 0 0
105 57.0763 4.559
106 65.5482 6.5473
107 70.193 5.1854
108 58.7942 6.0194
109 77.9373 4.0234
110 71.8007 6.6319
111 78.2875 5.5641
112 72.7419 5.4112
113 73.6949 4.878
114 89.7367 7.9119
115 69.6683 4.8125
116 77.6497 4.8533
117 84.4271 8.3353
118 75.3552 9.9319
119 68.2318 7.4045
120 90.6439 6.5264
121 97.9734 1.953
122 90.6971 8.6981
123 81.2505 9.0124
124 0 0
125 0 0
126 86.778 4.8581
127 82.4034 5.993
128 83.212 5.9923
129 67.5378 5.8666
130 76.0185 5.1213
131 74.0737 8.0216
132 75.4316 7.903
133 74.3633 11.4488
134 66.0443 14.0656
135 66.5539 9.4885
136 71.755 6.3087
137 73.512 9.5441
138 66.0334 14.5142
139 73.1996 8.1754
140 74.0274 9.7369
141 73.9389 6.6619
142 71.4211 7.4986
143 65.7726 9.9496
144 68.1054 6.9828
145 64.4188 8.2345
146 69.204 7.5352
147 72.3778 7.6859
148 68.9928 6.4734
149 74.5411 5.9883
150 71.7043 5.227
151 79.1545 5.8705
152 66.9178 5.8344
153 77.3561 7.3062
154 70.9452 7.6132
155 62.0751 7.0068
156 82.93 5.4722
157 82.2309 6.7517
158 72.1013 7.2373
159 79.0923 7.3186
160 88.6797 7.49
161 86.4388 8.0945
162 87.7994 6.9015
163 57.9789 8.5283
164 71.613 9.7096
165 58.3879 11.5463
166 57.7568 6.8592
167 69.602 12.1963
168 70.0297 4.9258
169 57.7894 5.3251
170 73.6972 4.4264
171 58.6194 8.3212
172 3 0
173 92.4212 8.1722
174 3 0
175 79.8816 4.6061
176 3 0
177 82.1699 8.554
178 3 0
179 85.6792 0.249
180 63.1961 11.2967
181 70.0478 6.9359
182 59.5075 9.3693
183 78.166 1.0952
184 65.4532 6.2548
185 61.9463 12.9786
186 54.6247 7.9974
187 78.0736 14.0847
188 57.8699 9.6164
189 79.8884 6.8566
190 61.3502 8.6337
191 75.1583 6.9597
192 77.745 9.2279
193 72.1944 10.9552
194 73.2936 10.3074
195 76.035 6.9634
196 69.404 7.7722
197 89.3311 9.174
198 71.3367 9.3374
199 79.3423 8.0392
200 63.6938 8.5527
201 61.0796 12.8234
202 72.4517 6.2903
203 80.2063 8.9636
204 63.921 11.3766
205 62.9152 6.8988
206 77.5809 8.3327
207 75.0987 8.8901
208 0 0
209 0 0
210 64.9893 6.8161
211 64.1099 7.6993
212 78.7098 6.2124
213 70.8521 6.0766
214 65.3573 5.7763
215 81.8847 6.3833
216 71.9781 7.1081
217 72.11 7.804
218 69.3769 5.3552
219 74.8835 6.4129
220 63.2914 6.6429
221 70.8167 6.5645
222 68.7929 7.3505
223 62.2544 12.2785
224 73.7712 7.196
225 66.3267 7.759
226 81.1916 7.701
227 81.2976 8.1382
228 74.0131 6.4269
229 0 0
230 0 0
231 54.5162 10.5742
232 56.3588 7.6528
233 65.5632 6.9509
234 61.3458 11.4597
235 49.6139 16.2725
236 57.967 9.8231
237 61.8842 8.2506
238 71.2859 6.356
239 83.8599 6.53
240 75.5585 9.2589
241 65.4737 6.73
242 85.4215 5.6179
243 77.0165 10.5091
244 64.9884 8.3954
245 78.3324 7.4677
246 79.7669 6.8526
247 70.258 7.1737
248 82.2431 6.7956
249 66.9127 6.1422
250 0 0
251 0 0
