0 74.3155 7.3388
1 78.2738 5.8767
2 72.76 6.1936
3 70.9516 7.3501
4 57.0926 6.707
5 68.7284 9.8298
6 72.8898 8.9568
7 71.2585 8.4742
8 76.4626 9.3861
9 63.6606 8.9304
10 78.9833 6.8825
11 75.2132 6.5445
12 71.8277 7.6166
13 76.5751 9.5468
14 66.8123 6.4056
15 71.4099 7.0092
16 69.3316 7.0743
17 75.2391 7.7124
18 74.1339 6.123
19 73.7796 5.8298
20 73.3923 6.9642
21 76.3214 5.6883
22 73.9261 7.4612
23 62.4106 5.5761
24 77.664 5.3135
25 77.5707 7.4512
26 82.4127 8.7312
27 87.6556 9.044
28 76.4841 7.5785
29 60.1094 10.374
30 63.7658 7.8151
31 75.8873 6.7378
32 69.1827 4.4801
33 64.1504 7.4016
34 77.6874 6.6479
35 69.5832 11.1215
36 68.5562 6.4469
37 71.1394 5.9171
38 69.2496 6.572
39 70.9678 6.2974
40 68.0207 5.9144
41 68.3065 5.4933
42 67.414 5.8843
43 84.2495 5.1745
44 72.5332 6.2026
45 75.4989 7.5955
46 71.4359 6.8424
47 60.2204 5.8717
48 80.146 7.287
49 66.535 7.1012
50 69.0797 4.8975
51 78.2116 7.6176
52 74.0933 7.9717
53 75.1794 5.8446
54 68.0994 12.1446
55 61.2221 12.9737
56 84.7171 4.6026
57 62.6579 11.2373
58 72.403 6.9367
59 69.0889 9.1393
60 74.903 7.2799
61 75.9811 4.8273
62 61.463 7.0507
63 75.4302 6.2276
64 66.1086 6.8394
65 68.4297 10.3712
66 76.8057 11.4139
67 77.8517 15.7198
68 90.9322 11.4493
69 73.1923 11.338
70 76.4199 7.6169
71 72.7503 9.6487
72 72.3819 11.2146
73 71.1943 9.3203
74 60.1355 9.624
75 55.8036 12.5498
76 48.9312 11.8103
77 65.7164 6.6787
78 72.3335 7.3001
79 58.2669 7.081
80 64.2184 8.5522
81 57.085 9.5076
82 0 0
83 0 0
84 80.1343 6.7874
85 79.0441 7.1214
86 86.8702 7.0045
87 85.7022 7.3152
88 73.1268 5.927
89 98.4775 7.5909
90 75.1178 8.3966
91 86.8949 6.9019
92 85.3347 6.2347
93 83.1499 8.6554
94 92.9778 7.0507
95 81.7118 6.6943
96 94.4486 6.6843
97 81.461 7.8632
98 91.092 0.942
99 76.4492 6.3157
100 69.0267 8.2903
101 61.5366 9.0537
102 86.1486 7.769
103 0 0
104 0 0
105 59.8296 4.2413
106 68.1383 6.2661
107 72.7994 5.0447
108 61.3869 5.7503
109 80.4119 3.8578
110 74.2769 6.4786
111 80.9477 5.3405
112 75.6918 5.1678
113 76.6764 4.6836
114 92.8146 7.6314
115 73.681 4.5494
116 82.0117 4.5633
117 88.7453 7.8814
118 80.2609 9.1809
119 73.3162 6.7941
120 97.5671 5.6443
121 82.428 0.4856
122 97.6523 8.0275
123 87.951 8.4043
124 0 0
125 0 0
126 86.6805 4.8235
127 82.359 5.9472
128 83.0856 5.9006
129 67.5302 5.7486
130 75.8695 5.182
131 73.907 8.0003
132 75.4488 7.9453
133 74.1553 11.5563
134 66.0928 13.9623
135 66.6314 9.1253
136 71.8718 6.1254
137 73.5428 9.2101
138 66.4511 14.1414
139 73.2002 7.9976
140 74.4308 9.4748
141 73.9672 6.4432
142 71.5811 7.1237
143 65.6589 9.3971
144 68.0042 6.5428
145 64.6082 7.7233
146 69.1893 7.0069
147 72.227 7.7368
148 68.6467 6.483
149 74.1283 6.0143
150 71.418 5.3326
151 78.8021 5.9912
152 66.6803 5.8053
153 76.9544 7.215
154 70.8118 7.5828
155 61.8391 6.9358
156 82.8697 5.4269
157 82.1771 6.704
158 71.9273 7.2234
159 78.9935 7.3927
160 88.4453 7.3607
161 86.186 8.0445
162 87.676 6.8811
163 58.31 8.0569
164 71.8901 9.1603
165 59.0915 10.8571
166 58.2905 6.458
167 70.0844 11.4502
168 69.4577 4.7854
169 57.1305 5.2381
170 73.1768 4.2525
171 58.1615 8.248
172 74.3339 4.1191
173 92.0522 8.39
174 80.8953 5.4766
175 79.5485 4.5415
176 78.3561 4.982
177 85.8557 4.9022
178 76.216 4.6214
179 85.8855 4.2538
180 63.3357 11.1481
181 70.192 6.8103
182 59.979 9.097
183 78.1377 1.1516
184 65.8745 6.1032
185 62.6266 12.4976
186 54.7064 7.8776
187 78.1309 13.601
188 58.1231 9.3426
189 79.7593 6.5117
190 61.3267 8.2107
191 74.9812 6.7327
192 77.5144 9.0534
193 71.946 10.6824
194 73.0736 10.1607
195 75.8213 6.867
196 69.1851 7.6435
197 89.1481 8.9942
198 71.2701 9.0978
199 79.0663 7.9286
200 64.0161 8.4508
201 61.4846 12.8909
202 72.5877 6.1959
203 80.3584 8.7255
204 64.1261 11.2534
205 63.1151 6.688
206 77.8283 8.079
207 75.3529 8.5838
208 0 0
209 0 0
210 64.6229 6.8828
211 63.4679 7.8379
212 78.6572 6.3139
213 70.3949 6.202
214 65.1291 5.7874
215 81.7226 6.4107
216 71.9471 7.1903
217 71.8833 7.8296
218 69.1709 5.2586
219 74.6882 6.3518
220 62.9546 6.6028
221 70.844 6.3389
222 68.3468 7.2714
223 61.9947 12.0337
224 73.5769 7.0649
225 66.472 7.6689
226 81.0012 7.2666
227 80.9861 7.7645
228 73.6882 6.2428
229 0 0
230 0 0
231 53.9726 10.5419
232 56.1814 7.6465
233 65.4282 6.711
234 61.9455 11.1329
235 49.5918 16.0792
236 58.1598 9.556
237 61.7494 7.9863
238 71.3332 6.161
239 83.5836 6.4587
240 75.5061 9.0395
241 65.3746 6.5805
242 85.4389 5.4754
243 77.1302 10.1486
244 65.1401 8.1894
245 78.2671 7.2451
246 79.733 6.6085
247 70.2639 6.8976
248 82.2753 6.587
249 66.8968 5.9541
250 0 0
251 0 0
