0 74.5248 7.0742
1 78.2176 5.7481
2 72.7675 5.964
3 70.6541 7.2462
4 57.5776 6.5234
5 68.8384 9.5942
6 73.1606 8.7583
7 71.2809 8.2194
8 76.5643 9.0255
9 63.8481 8.5328
10 79.0644 6.6515
11 75.2801 6.2793
12 71.9563 7.5611
13 76.6476 9.3558
14 66.8702 6.1955
15 71.5392 6.8037
16 69.1859 7.0815
17 75.1776 7.5661
18 74.1236 6.2222
19 73.454 5.8587
20 73.4175 6.9657
21 76.4377 5.7893
22 73.6093 7.5349
23 62.2519 5.5868
24 77.2537 5.3725
25 77.9322 7.4758
26 82.3442 8.743
27 88.0167 9.1992
28 75.9791 7.6958
29 60.0957 10.3523
30 63.7366 7.7202
31 75.6907 6.6569
32 68.8064 4.5426
33 64.1895 7.2361
34 77.7204 6.5288
35 69.5407 11.0019
36 68.5145 6.3884
37 71.0393 5.8421
38 69.1686 6.3009
39 70.9068 5.9467
40 68.1032 5.6984
41 68.0761 5.4597
42 67.4139 5.8799
43 84.3492 5.0588
44 72.4464 6.0997
45 75.5322 7.5286
46 71.4774 6.6425
47 60.0993 5.7923
48 80.0207 7.1937
49 66.5074 6.9673
50 69.0439 4.8114
51 78.2502 7.4902
52 74.2033 7.7851
53 75.2195 5.6675
54 68.0719 12.1401
55 61.4711 12.8745
56 84.7962 4.5998
57 62.8781 11.119
58 72.2024 6.8583
59 69.0017 9.0976
60 74.9022 7.245
61 76.1205 4.6772
62 61.5519 6.9515
63 75.2706 6.2366
64 65.8155 6.8998
65 67.9588 10.5421
66 77.0939 11.2484
67 78.0767 15.5423
68 91.24 11.2792
69 73.556 11.0783
70 76.5079 7.5621
71 72.7294 9.2613
72 72.4891 11.1225
73 71.5209 9.2784
74 60.2141 9.6398
75 55.8513 12.3688
76 48.798 11.5675
77 65.6601 6.6656
78 72.2446 7.0669
79 58.1286 7.1058
80 64.0967 8.4497
81 56.901 9.3934
82 0 0
83 0 0
84 80.4052 6.6865
85 79.1268 7.0658
86 87.0381 6.8321
87 85.7102 7.2091
88 73.2551 5.8872
89 98.5025 7.3819
90 75.3714 8.0313
91 86.8519 6.6439
92 85.5474 6.0888
93 83.4512 8.4469
94 93.1396 6.8803
95 81.7494 6.6215
96 94.7068 6.591
97 81.6648 7.6139
98 91.2294 0.9314
99 76.5082 6.144
100 69.4751 8.0848
101 61.8355 8.6938
102 86.1802 7.4018
103 0 0
104 0 0
105 59.7687 4.2358
106 68.0423 6.1653
107 72.7935 4.9541
108 61.4554 5.6399
109 80.4766 3.8382
110 74.2314 6.347
111 80.922 5.3563
112 75.5044 5.0984
113 76.5724 4.5765
114 92.7622 7.4732
115 73.571 4.4057
116 82.0486 4.4826
117 88.938 7.7435
118 80.2157 9.0428
119 73.3041 6.5611
120 97.7653 5.5566
121 78.6743 6.1073
122 97.8551 7.7603
123 88.326 8.1485
124 0 0
125 0 0
126 86.7811 4.8074
127 82.4038 5.8167
128 83.0942 5.8363
129 67.7209 5.7144
130 76.0135 5.0096
131 74.083 7.8108
132 75.4443 7.8771
133 74.2604 11.2851
134 66.1041 13.7922
135 66.4402 9.1424
136 71.8811 6.0728
137 73.4091 9.0904
138 66.0496 14.088
139 73.2301 7.8397
140 74.3237 9.3441
141 74.1021 6.3606
142 71.5891 6.9931
143 65.8757 9.1871
144 68.1828 6.4111
145 64.7417 7.531
146 69.1573 6.8448
147 72.2119 7.3423
148 68.725 6.2031
149 74.1167 5.7827
150 71.6419 4.9695
151 79.1998 5.6235
152 66.7852 5.4532
153 77.263 6.9295
154 70.7883 7.2066
155 62.0539 6.6101
156 83.0366 5.2917
157 82.3151 6.5163
158 72.1415 6.93
159 79.1236 7.0281
160 88.744 6.9864
161 86.373 7.6116
162 87.9424 6.6673
163 58.1431 8.2443
164 71.7147 9.1013
165 58.7902 11.1033
166 57.959 6.553
167 70.0707 11.3642
168 69.4813 4.74
169 57.3268 5.1311
170 72.9795 4.1279
171 58.0628 8.1445
172 74.3859 4.0129
173 92.1893 8.1024
174 81.0501 5.3774
175 79.7162 4.4701
176 78.5585 4.9095
177 85.9425 4.8101
178 76.139 4.5692
179 85.9542 4.1854
180 63.7199 11.0845
181 70.034 6.8962
182 59.7043 9.2749
183 78.1101 1.1365
184 65.9302 6.1517
185 62.2393 12.757
186 54.5577 8.0225
187 78.106 13.7901
188 57.9382 9.409
189 79.8268 6.3565
190 61.2627 8.1522
191 74.9921 6.57
192 77.6226 8.7476
193 71.9531 10.5947
194 73.2961 9.8615
195 75.968 6.7308
196 69.2584 7.4487
197 89.177 8.741
198 71.5026 8.8484
199 79.1804 7.7689
200 64.1092 8.4039
201 61.011 13.1954
202 72.5967 6.165
203 80.2715 8.5518
204 64.3028 10.9478
205 62.9782 6.5736
206 77.8918 7.9839
207 75.2492 8.3464
208 0 0
209 0 0
210 64.3194 6.904
211 63.4267 7.7463
212 78.5066 6.2767
213 70.5437 6.0492
214 64.8471 5.7883
215 81.4924 6.3574
216 71.6157 7.1678
217 71.8229 7.8533
218 69.2185 5.1519
219 74.8331 5.9806
220 63.2099 6.2237
221 71.088 6.0552
222 68.3969 7.0121
223 62.1453 11.6795
224 73.5412 6.8393
225 66.6784 7.3614
226 81.041 7.2387
227 81.2171 7.7701
228 73.7216 6.0122
229 0 0
230 0 0
231 54.1314 10.5699
232 56.0787 7.7853
233 65.4361 6.7867
234 61.581 11.1488
235 48.3474 17.1916
236 57.4718 9.9185
237 61.9397 8.0851
238 71.3307 6.1316
239 83.9446 6.5394
240 75.5079 9.0233
241 65.4394 6.495
242 85.6028 5.4761
243 77.1062 10.1828
244 65.1305 8.2235
245 78.3301 7.158
246 79.4065 6.587
247 69.8555 6.9305
248 81.9458 6.4733
249 66.6423 5.9698
250 0 0
251 0 0
