0 74.3823 7.3485
1 78.0897 5.8794
2 72.6986 6.1595
3 70.6185 7.3693
4 57.4848 6.677
5 68.8885 9.8707
6 72.9319 9.0381
7 71.1093 8.513
8 76.5004 9.3156
9 63.5945 8.9515
10 78.9305 7.0049
11 75.2651 6.5329
12 71.9069 7.8131
13 76.5574 9.7253
14 66.8288 6.4068
15 71.5068 7.1069
16 68.9315 7.4123
17 74.9697 8.1459
18 73.8787 6.4399
19 73.321 6.2099
20 73.2866 7.3003
21 76.5575 5.8622
22 73.9851 7.5075
23 62.4995 5.6073
24 77.5462 5.3905
25 77.9516 7.5199
26 82.5918 8.7945
27 88.0275 9.2249
28 76.5007 7.7322
29 60.2995 10.903
30 63.6626 8.1819
31 75.9653 6.956
32 69.0774 4.5385
33 64.1763 7.6932
34 77.6431 6.7599
35 69.2904 11.7122
36 68.6281 6.8206
37 71.268 6.3547
38 69.1006 6.7621
39 71.0929 6.4938
40 68.1545 6.2531
41 68.3049 5.827
42 67.8317 5.9701
43 84.6183 5.1907
44 72.8611 6.3067
45 75.8431 7.739
46 71.6116 6.7724
47 60.4766 5.8665
48 80.3131 7.3725
49 66.6673 7.1097
50 69.2559 4.9653
51 78.4599 7.7007
52 74.258 7.9965
53 75.3925 5.8465
54 68.1771 12.2581
55 61.2447 13.1188
56 84.731 4.6483
57 62.7259 11.4157
58 72.3791 7.0172
59 69.1005 9.3284
60 74.8781 7.4231
61 76.1258 4.8162
62 61.5286 7.1278
63 75.2325 6.4297
64 65.7815 7.0969
65 67.9709 10.9595
66 76.8332 11.5343
67 77.8093 15.8237
68 91.0657 11.6639
69 73.3298 11.3819
70 76.2828 7.6453
71 72.6642 9.6178
72 72.3084 11.3421
73 71.1033 9.5272
74 60.1307 10.1326
75 55.6713 13.0882
76 48.3504 12.3776
77 65.7514 7.0875
78 72.5712 7.4938
79 58.4611 7.3919
80 64.3402 8.9497
81 57.2079 9.8218
82 0 0
83 0 0
84 80.5174 6.8862
85 79.3558 7.3676
86 87.1383 7.0508
87 85.9759 7.4777
88 73.3184 6.0442
89 98.501 7.725
90 75.4302 8.3455
91 87.119 6.9162
92 85.2634 6.2578
93 83.4813 8.5308
94 93.1582 7.0287
95 81.8777 6.614
96 94.1449 6.822
97 81.3522 7.8911
98 90.7969 0.9234
99 76.5553 6.2627
100 69.5715 8.3495
101 62.262 8.98
102 86.6267 7.7678
103 0 0
104 0 0
105 59.8862 4.3585
106 68.2165 6.3599
107 72.8228 5.1015
108 61.3937 5.8384
109 80.5897 3.9166
110 74.3957 6.4592
111 81.0606 5.3997
112 75.8625 5.3187
113 76.9354 4.7087
114 93.1738 7.6841
115 73.9448 4.5739
116 82.3737 4.63
117 89.0575 7.9688
118 80.3868 9.4918
119 73.525 6.8364
120 97.5478 5.6757
121 82.3838 0.5003
122 97.6888 7.9864
123 87.8437 8.371
124 0 0
125 0 0
126 86.6254 4.9727
127 82.402 6.0583
128 83.0192 6.1268
129 67.5788 5.9155
130 75.8799 5.2353
131 73.9454 8.075
132 75.4595 8.1051
133 74.183 11.812
134 66.2311 14.0074
135 66.4103 9.4419
136 71.8499 6.2484
137 73.6953 9.5159
138 66.3907 14.2804
139 73.1528 8.1621
140 74.3333 9.6398
141 73.9515 6.5399
142 71.5563 7.2381
143 65.7778 9.4947
144 68.2347 6.6262
145 64.7496 7.8238
146 69.3404 7.1361
147 72.452 7.5952
148 69.0606 6.3797
149 74.3159 5.8912
150 71.7643 5.1614
151 79.1336 5.9029
152 66.9608 5.6628
153 77.3677 7.115
154 70.9656 7.5268
155 62.0886 6.7993
156 82.8614 5.4015
157 82.2816 6.717
158 72.1249 7.1132
159 79.0434 7.2835
160 88.7973 7.2039
161 86.2446 7.9737
162 87.7993 6.8711
163 57.9951 8.4403
164 71.6177 9.4803
165 58.8175 11.4239
166 57.9554 6.6998
167 69.8791 11.9214
168 69.7643 4.8468
169 57.5448 5.249
170 73.3606 4.369
171 58.5567 8.179
172 74.4974 4.0512
173 92.3098 8.2378
174 81.1307 5.4797
175 79.6689 4.522
176 78.5018 4.909
177 86.1039 4.8655
178 76.3525 4.6255
179 86.1252 4.2588
180 63.02 11.8031
181 70.1661 7.1844
182 59.4056 9.6353
183 78.3916 1.15
184 65.6669 6.4467
185 61.9612 13.3595
186 54.6033 8.1345
187 78.2056 14.4414
188 58.1919 9.4356
189 79.796 6.6303
190 61.5381 8.2801
191 75.2967 6.7209
192 77.5933 9.1926
193 72.0965 10.8435
194 73.1273 10.2303
195 76.026 6.8603
196 69.359 7.735
197 89.3545 9.0622
198 71.3824 9.1962
199 79.3268 8.0135
200 63.7304 8.6335
201 61.2776 13.1934
202 72.5296 6.3283
203 80.3648 8.8089
204 63.943 11.3889
205 63.0176 6.7618
206 77.6626 8.2968
207 75.3508 8.7095
208 0 0
209 0 0
210 64.5988 7.0767
211 63.7401 7.9813
212 78.7056 6.3438
213 70.6925 6.2712
214 65.2005 5.8935
215 81.7244 6.5776
216 71.9187 7.2361
217 72.3256 7.9489
218 69.2088 5.242
219 75.0205 6.2656
220 63.3048 6.4455
221 71.1979 6.3136
222 68.571 7.1356
223 62.4572 11.7983
224 73.6996 6.8022
225 66.7327 7.4619
226 81.3389 7.3247
227 81.3536 7.8286
228 73.9721 6.3028
229 0 0
230 0 0
231 54.6784 10.5551
232 56.318 7.7419
233 65.7055 6.8702
234 61.5446 11.3974
235 49.3996 16.4093
236 57.7335 10.0017
237 61.8935 8.1051
238 71.1687 6.2509
239 83.7639 6.533
240 75.4883 9.1638
241 65.7459 6.5857
242 85.2793 5.5187
243 77.0998 10.2355
244 64.9825 8.34
245 78.2782 7.3783
246 79.7398 6.6607
247 70.4754 6.9656
248 82.4079 6.6089
249 67.2788 5.9949
250 0 0
251 0 0
