0 75.4828 7.2612
1 79.0581 5.8677
2 73.6948 6.2317
3 71.6095 7.2751
4 58.8677 6.5186
5 69.7768 9.6316
6 73.9678 8.7743
7 72.1118 8.4326
8 77.4416 9.4597
9 64.9374 9.0719
10 80.1427 7.0792
11 76.2145 6.745
12 72.8059 7.9741
13 77.4142 9.8561
14 67.5965 6.5813
15 72.3684 7.1768
16 70.1926 7.1346
17 76.4081 7.8459
18 75.0899 6.287
19 74.8787 5.9814
20 74.1607 6.975
21 77.0142 5.955
22 74.1006 7.8915
23 62.7862 5.8203
24 77.695 5.5852
25 78.4539 7.7597
26 82.8965 9.1624
27 88.4595 9.5178
28 76.6859 7.9579
29 61.0876 10.496
30 64.4574 7.8408
31 76.4399 6.7626
32 69.5606 4.5533
33 64.9072 7.4386
34 78.2916 6.6886
35 69.9886 11.2182
36 69.0638 6.5946
37 71.5516 6.0927
38 69.6946 6.5906
39 71.4569 6.2514
40 68.5941 5.9251
41 68.6459 5.5943
42 68.0093 6.1497
43 84.8735 5.3818
44 72.8646 6.4922
45 76.2483 7.8116
46 71.8804 7.0353
47 60.5127 6.1388
48 80.5711 7.651
49 66.876 7.3909
50 69.5549 5.0199
51 79.0321 7.9068
52 74.6832 8.2353
53 75.9127 6.0133
54 69.2348 12.3738
55 62.2298 13.1989
56 85.5959 4.7328
57 63.4664 11.48
58 73.3239 7.1063
59 69.7638 9.3622
60 75.7964 7.5021
61 76.6935 4.9223
62 62.7938 7.1408
63 76.2789 6.3378
64 66.8371 6.9275
65 69.3149 10.535
66 77.7904 11.6477
67 79.1734 15.9523
68 92.2399 11.7175
69 74.5812 11.5538
70 77.3619 7.84
71 73.7402 9.6922
72 73.4277 11.5258
73 72.6078 9.5778
74 60.6114 10.1014
75 56.3775 13.1546
76 48.9957 12.3427
77 66.1231 7.0858
78 72.8281 7.6192
79 58.485 7.5985
80 64.3255 9.1722
81 57.1265 10.0661
82 0 0
83 0 0
84 80.9488 7.0111
85 79.6842 7.3815
86 87.5355 7.182
87 86.4357 7.606
88 73.5734 6.161
89 99.024 7.8473
90 75.6274 8.5735
91 87.6182 7.1106
92 86.1162 6.2818
93 84.1044 8.6152
94 93.7067 7.0509
95 82.4824 6.7686
96 95.1387 6.7862
97 82.1356 8.0293
98 91.6135 0.9698
99 77.1092 6.4501
100 69.6274 8.7989
101 62.3707 9.3938
102 86.8736 8.0733
103 0 0
104 0 0
105 56.893 4.6159
106 65.2138 6.6538
107 70.133 5.085
108 58.4356 6.1548
109 77.8158 4.0663
110 71.5861 6.7337
111 78.2055 5.6994
112 72.653 5.2765
113 73.575 4.7899
114 89.7097 7.7309
115 69.4466 4.7245
116 77.5614 4.7887
117 84.337 8.2061
118 75.2781 9.9109
119 68.1707 7.3221
120 90.5601 6.5837
121 98.0502 1.9019
122 90.5183 8.7283
123 80.9647 8.9359
124 0 0
125 0 0
126 86.6887 4.8677
127 82.5256 5.9085
128 83.0931 5.9227
129 67.6179 5.7856
130 75.817 5.056
131 74.0543 7.91
132 75.4135 7.9507
133 74.4034 11.4485
134 65.9146 14.1652
135 66.0369 9.4988
136 71.6508 6.2878
137 73.2807 9.4977
138 66.3458 14.684
139 73.2193 8.232
140 74.3095 9.6333
141 73.8314 6.6474
142 71.4717 7.2312
143 65.9235 9.4454
144 68.0149 6.606
145 64.3938 7.9603
146 68.923 7.2627
147 72.1955 7.4715
148 68.8757 6.2557
149 74.2697 5.8717
150 71.6706 5.1045
151 79.2978 5.7774
152 66.7349 5.5243
153 77.3101 7.0281
154 70.8811 7.3111
155 61.9513 6.7515
156 82.9254 5.2927
157 82.283 6.5771
158 72.135 7.0472
159 79.0845 7.1845
160 88.6967 7.2464
161 86.3916 7.9282
162 87.7739 6.9355
163 58.1299 8.113
164 71.7982 9.0703
165 59.0753 10.9341
166 58.2192 6.4979
167 70.1779 11.2417
168 69.7113 4.8665
169 57.4122 5.2435
170 73.2495 4.2763
171 58.0471 8.401
172 3 0
173 92.3875 8.0656
174 3 0
175 79.904 4.3784
176 3 0
177 3 0
178 3 0
179 88.0001 2.0797
180 63.0215 11.1199
181 69.9928 6.8707
182 59.5165 9.2475
183 78.2486 1.1178
184 65.4588 6.2516
185 62.1683 12.782
186 54.4947 7.9733
187 78.118 13.8227
188 57.8236 9.5336
189 79.6531 6.6025
190 61.0393 8.4294
191 74.9687 6.7417
192 77.5989 9.1603
193 71.8957 10.7244
194 73.1678 10.1654
195 75.694 6.8898
196 69.3063 7.7227
197 89.126 9.0262
198 71.4193 9.1567
199 79.2127 7.9574
200 63.7287 8.5871
201 61.0664 13.3128
202 72.4598 6.3342
203 80.2639 8.9475
204 63.9324 11.4291
205 62.8702 6.8958
206 77.6238 8.2159
207 75.4504 8.744
208 0 0
209 0 0
210 64.8521 6.7523
211 63.9277 7.6587
212 78.5971 6.1809
213 70.7457 5.968
214 65.2187 5.7231
215 81.7983 6.3754
216 71.6608 7.1648
217 71.9714 7.8808
218 69.3425 5.3329
219 74.7592 6.2998
220 63.24 6.5379
221 70.7509 6.3981
222 68.7592 7.2764
223 62.3416 12.0464
224 73.7596 7.1051
225 66.3743 7.8105
226 80.7808 7.6561
227 81.0098 8.2074
228 73.54 6.39
229 0 0
230 0 0
231 54.5002 10.4362
232 56.2563 7.6511
233 65.5232 6.7481
234 61.788 11.024
235 48.0533 16.9838
236 58.1213 9.6992
237 61.7205 8.0699
238 71.1811 6.2435
239 83.7822 6.4715
240 75.3819 9.0355
241 65.4129 6.6397
242 85.521 5.538
243 77.0087 10.3449
244 65.0486 8.4119
245 78.2098 7.2654
246 79.7186 6.9701
247 70.089 7.3093
248 82.2636 6.8707
249 66.835 6.3075
250 0 0
251 0 0
