0 75.3491 7.1104
1 78.9998 5.7691
2 73.7354 6.0813
3 71.5994 7.1861
4 58.7204 6.3961
5 69.856 9.4728
6 74.0246 8.6932
7 72.1228 8.2776
8 77.5926 9.1304
9 64.9326 8.7571
10 80.1555 6.8829
11 76.344 6.3586
12 72.9304 7.6258
13 77.5453 9.4746
14 67.7701 6.2734
15 72.4468 6.8477
16 70.2086 6.8907
17 76.3493 7.4271
18 75.0196 6.2435
19 74.6741 5.7792
20 74.2272 6.6837
21 76.9496 5.6064
22 74.4954 7.1876
23 63.0131 5.3557
24 78.26 5.224
25 78.4099 7.2155
26 83.1007 8.4483
27 88.3213 8.8452
28 77.0312 7.4977
29 61.018 10.1182
30 64.537 7.609
31 76.3849 6.5448
32 69.7074 4.369
33 64.9988 7.1402
34 78.3988 6.5354
35 70.1472 10.9847
36 69.0988 6.4104
37 71.6116 5.8555
38 69.7201 6.3106
39 71.5627 6.004
40 68.5387 5.6465
41 68.7859 5.4433
42 68.1174 5.902
43 84.9589 5.0868
44 73.1522 6.1125
45 76.386 7.567
46 72.1034 6.5901
47 60.8067 5.7159
48 80.7489 7.135
49 67.2781 6.8817
50 69.6826 4.7002
51 79.0311 7.4918
52 74.682 7.6692
53 75.7765 5.6722
54 69.3211 11.9963
55 62.4998 12.6757
56 85.685 4.5792
57 63.4278 10.9617
58 73.4047 6.7668
59 69.8223 9.0159
60 75.8379 7.2879
61 76.667 4.6478
62 62.8274 6.7285
63 76.3051 6.082
64 66.9702 6.6889
65 69.2855 10.2182
66 78.18 11.3019
67 79.2666 15.5831
68 92.2784 11.2974
69 74.9434 11.1196
70 77.4578 7.5971
71 73.7482 9.3414
72 73.6241 11.1232
73 72.6072 9.2745
74 60.9359 9.2797
75 56.4717 12.1756
76 49.5769 11.3272
77 66.3594 6.557
78 72.8591 7.0278
79 58.8632 6.8418
80 64.8061 8.246
81 57.8911 9.0379
82 0 0
83 0 0
84 81.1504 6.5712
85 79.8891 6.9534
86 87.8512 6.7184
87 86.5404 7.0537
88 73.9365 5.7767
89 99.1329 7.3861
90 75.9111 7.9205
91 87.6838 6.5402
92 86.2785 6.0674
93 84.2881 8.2389
94 93.9187 6.8311
95 82.6671 6.5008
96 95.0853 6.564
97 82.0761 7.5426
98 91.5642 0.9426
99 77.221 6.0529
100 70.2052 8.0662
101 62.6322 8.86
102 86.8951 7.4958
103 0 0
104 0 0
105 57.1327 4.3887
106 65.5139 6.2536
107 70.1854 4.9144
108 58.4207 5.8175
109 77.7913 3.8411
110 71.3607 6.3241
111 78.175 5.2549
112 72.6112 5.0605
113 73.4701 4.5778
114 89.5682 7.486
115 69.445 4.5465
116 77.2887 4.5222
117 84.0311 7.9253
118 75.0816 9.4481
119 68.0141 6.9789
120 90.6542 6.2098
121 891.413 175.109
122 90.6484 8.1417
123 81.0646 8.4159
124 0 0
125 0 0
126 86.7559 4.8
127 82.3933 5.9126
128 83.1428 5.7627
129 67.6271 5.7805
130 75.9722 4.9965
131 73.91 7.8453
132 75.4124 7.8921
133 74.2731 11.3612
134 65.739 14.019
135 66.198 9.4039
136 71.7038 6.1761
137 73.3775 9.4148
138 66.2005 14.2705
139 73.027 8.0708
140 74.2787 9.6651
141 73.906 6.5622
142 71.5638 7.0316
143 65.8734 9.3142
144 68.2025 6.4491
145 64.6508 7.6843
146 69.0641 7.0414
147 72.0744 7.4373
148 68.721 6.2174
149 74.1883 5.7676
150 71.5865 5.0694
151 79.2332 5.7367
152 66.7559 5.4493
153 77.2085 6.9283
154 70.8099 7.3106
155 61.9057 6.6608
156 82.9901 5.2492
157 82.262 6.5446
158 72.2966 6.8565
159 79.1306 7.101
160 88.6662 7.1386
161 86.4256 7.8161
162 87.8997 6.6891
163 58.0926 8.2285
164 71.831 9.2525
165 58.7032 11.3267
166 57.9009 6.6677
167 69.9407 11.6636
168 69.4053 4.755
169 57.2078 5.2274
170 72.9858 4.2296
171 58.124 8.0824
172 74.485 3.9657
173 92.2268 8.0455
174 81.122 5.2239
175 79.7471 4.4216
176 78.6436 4.8323
177 85.997 4.7474
178 76.3077 4.4781
179 86.0071 4.0986
180 63.7895 10.7578
181 70.2524 6.6362
182 59.8276 8.9869
183 78.1159 1.1277
184 66.0293 6.0166
185 62.4429 12.4131
186 54.8838 7.7232
187 78.53 13.1747
188 58.4412 9.0866
189 79.7104 6.4448
190 61.1567 8.2324
191 75.1103 6.6368
192 77.6148 8.8419
193 71.9508 10.5537
194 73.2821 9.8934
195 75.9382 6.6883
196 69.3623 7.5504
197 89.2049 8.837
198 71.4793 8.9182
199 79.3365 7.8609
200 64.0638 8.353
201 60.8662 13.2001
202 72.4422 6.2354
203 80.2033 8.5559
204 64.3009 10.9993
205 62.9828 6.5498
206 77.9185 8.0194
207 75.3213 8.414
208 0 0
209 0 0
210 64.3427 7.0249
211 63.4308 7.899
212 78.2674 6.3052
213 70.4596 6.1216
214 64.7507 5.892
215 81.406 6.3746
216 71.6298 7.2149
217 71.776 7.9164
218 69.1501 5.0275
219 74.8271 6.1412
220 63.1279 6.3144
221 70.9687 6.2295
222 68.4412 6.9734
223 62.2556 11.6106
224 73.4757 6.8295
225 66.6044 7.38
226 81.0993 7.394
227 81.1688 7.7893
228 73.7889 6.0837
229 0 0
230 0 0
231 54.1466 10.3818
232 56.2077 7.5131
233 65.3559 6.6629
234 61.834 11.0326
235 49.5685 16.4986
236 58.044 9.53
237 61.7693 7.9593
238 71.3651 6.0663
239 83.8927 6.4089
240 75.4399 8.8809
241 65.4253 6.4813
242 85.5626 5.4158
243 77.0604 10.0369
244 65.1532 8.194
245 78.2821 7.1075
246 79.3357 6.4428
247 69.9611 6.6866
248 81.8597 6.2822
249 66.4028 5.774
250 0 0
251 0 0
