0 75.357 7.2086
1 79.1187 5.8121
2 73.7212 6.1567
3 71.6636 7.2198
4 58.846 6.4537
5 69.8887 9.5678
6 74.0399 8.7566
7 72.1874 8.3778
8 77.5626 9.4611
9 64.8543 8.9353
10 80.1328 7.0918
11 76.2643 6.6835
12 72.9838 7.7954
13 77.4052 9.7778
14 67.749 6.3803
15 72.3597 7.09
16 70.1612 7.162
17 76.0789 7.9651
18 74.8633 6.4202
19 74.4196 6.1653
20 74.3928 7.0691
21 76.8775 5.7363
22 74.2676 7.5706
23 62.7485 5.6065
24 77.9009 5.4752
25 78.4538 7.5666
26 82.9351 8.9103
27 88.3674 9.1699
28 76.7441 7.8031
29 60.9489 10.9483
30 64.4441 8.1112
31 76.6666 7.0881
32 69.7094 4.7816
33 64.912 7.7513
34 78.285 6.9631
35 70.0187 11.6412
36 68.9782 6.9541
37 71.4667 6.1613
38 69.7431 6.5951
39 71.419 6.3458
40 68.572 5.9059
41 68.4663 5.6695
42 68.061 5.9281
43 84.9208 5.1797
44 73.0866 6.2171
45 75.9973 7.6419
46 72.0496 6.8939
47 60.6421 5.9286
48 80.5308 7.4605
49 67.1469 7.1671
50 69.57 4.9109
51 78.8744 7.7703
52 74.6584 8.0128
53 75.6785 5.9216
54 69.0613 12.3786
55 62.364 13.0439
56 85.5108 4.7717
57 63.4931 11.3932
58 73.2042 7.0658
59 69.6336 9.2723
60 75.7161 7.3913
61 76.7035 4.8858
62 62.7578 7.0092
63 76.1927 6.4447
64 66.5363 7.1089
65 68.8513 10.8134
66 77.8035 11.6009
67 78.8061 15.7265
68 92.1926 11.6405
69 74.5062 11.4125
70 77.5546 7.7798
71 73.7402 9.6169
72 73.5249 11.4949
73 72.4553 9.5156
74 60.8284 10.216
75 56.3557 13.0897
76 49.2657 12.1713
77 66.424 7.0886
78 72.8145 7.5992
79 58.6272 7.5695
80 64.537 9.1775
81 57.3978 9.8998
82 0 0
83 0 0
84 81.0944 6.7784
85 79.7547 7.0819
86 87.5878 6.9121
87 86.4251 7.3444
88 73.8054 5.8847
89 99.0278 7.553
90 75.8356 8.3357
91 87.6588 6.8406
92 86.2055 6.3545
93 84.0756 8.6449
94 93.6571 7.2026
95 82.4367 6.8211
96 95.1697 6.844
97 82.0903 8.1368
98 91.5523 0.9745
99 77.0169 6.4534
100 70.0112 8.3697
101 62.5654 8.9661
102 86.5682 7.8502
103 0 0
104 0 0
105 57.1824 4.4385
106 65.6117 6.4147
107 70.1523 5.0696
108 58.2136 6.0517
109 77.701 3.9952
110 71.2876 6.5096
111 78.302 5.4994
112 72.7001 5.3398
113 73.632 4.8222
114 89.5154 7.8115
115 69.5319 4.6906
116 77.3818 4.7342
117 84.203 8.1493
118 75.1568 9.8731
119 68.0425 7.375
120 90.7567 6.5355
121 98.3198 2.8149
122 90.4563 8.7836
123 80.7865 9.039
124 0 0
125 0 0
126 86.8032 4.8557
127 82.421 5.9151
128 83.1139 5.9841
129 67.6959 5.7
130 75.964 5.087
131 74.123 7.8356
132 75.3737 7.9086
133 74.3223 11.4661
134 66.1714 13.9006
135 66.5841 9.2059
136 71.8877 6.1708
137 73.6009 9.314
138 66.1402 14.3068
139 73.3606 8.0114
140 74.3868 9.52
141 74.0462 6.5046
142 71.4286 7.3091
143 65.7543 9.6968
144 68.023 6.6549
145 64.3016 7.9712
146 69.1419 7.2325
147 72.11 7.4951
148 68.7881 6.2616
149 74.1533 5.8947
150 71.6605 5.1539
151 79.234 5.7693
152 66.7228 5.5339
153 77.2661 6.9339
154 70.7645 7.3179
155 61.9763 6.6716
156 83.067 5.3158
157 82.1784 6.59
158 72.158 7.0453
159 79.0769 7.1411
160 88.6986 7.3218
161 86.2714 7.8547
162 87.9047 6.7817
163 58.2139 8.1948
164 71.8161 9.0854
165 58.9492 11.0311
166 58.3101 6.4421
167 70.1505 11.3539
168 69.287 4.7195
169 57.2445 5.1275
170 72.7857 4.1819
171 58.3901 8.0366
172 74.3369 4.1553
173 91.9923 8.2608
174 81.0055 5.5246
175 79.6122 4.5444
176 78.4125 5.009
177 85.7936 4.9113
178 76.1771 4.6435
179 85.9725 4.3198
180 63.7578 11.2782
181 70.231 7.0391
182 59.8578 9.3963
183 78.1453 1.1279
184 66.0949 6.3224
185 62.2798 13.0502
186 54.7947 8.1675
187 78.2375 14.1859
188 58.5871 9.3253
189 79.7483 6.694
190 61.1847 8.497
191 74.9975 6.8434
192 77.5455 9.0476
193 71.8728 10.8528
194 73.1572 10.1456
195 75.9629 6.8278
196 69.1872 7.6716
197 89.1428 9.0771
198 71.4513 9.1574
199 79.2326 8.0128
200 63.7458 8.4404
201 61.5076 13.0938
202 72.3928 6.3102
203 80.3574 8.8793
204 64.0016 11.3962
205 62.7476 6.8453
206 77.5729 8.3214
207 75.3077 8.748
208 0 0
209 0 0
210 64.6663 6.7474
211 63.672 7.6366
212 78.4892 6.1507
213 70.6871 5.9877
214 65.1589 5.7238
215 81.6006 6.2995
216 71.7035 7.1594
217 72.0139 7.8472
218 69.198 5.1835
219 74.8508 6.117
220 63.0238 6.4515
221 70.8409 6.4675
222 68.3744 7.2177
223 62.0115 12.0463
224 73.4224 7.1795
225 66.4012 7.8931
226 80.664 7.5876
227 81.3901 8.0329
228 73.6637 6.2579
229 0 0
230 0 0
231 54.5888 10.436
232 56.463 7.6295
233 65.5691 6.7977
234 61.7178 11.2104
235 49.5311 16.3314
236 58.2795 9.6461
237 61.8943 8.063
238 71.2662 6.2314
239 83.8092 6.5204
240 75.4876 9.0701
241 65.524 6.6708
242 85.5227 5.5716
243 77.048 10.3142
244 65.0373 8.4517
245 78.3305 7.2988
246 79.5941 6.895
247 70.1314 7.1834
248 82.081 6.7605
249 66.9273 6.1856
250 0 0
251 0 0
