0 74.0295 7.7403
1 78.2206 6.2091
2 72.599 6.4621
3 70.6767 7.7161
4 56.8136 6.9757
5 68.4756 10.3667
6 72.8108 9.6249
7 71.0427 8.9349
8 76.5077 9.6934
9 63.5566 9.2186
10 79.0775 7.1986
11 75.1729 6.7632
12 71.7829 8.1219
13 76.365 10.0503
14 66.7192 6.6964
15 71.4435 7.4572
16 69.0528 7.4822
17 75.1451 8.1811
18 73.9878 6.4971
19 73.4655 6.2091
20 73.2661 7.4918
21 76.2753 5.9195
22 73.695 7.7346
23 62.3842 5.7187
24 77.4779 5.4726
25 77.7039 7.6186
26 82.4779 8.9735
27 87.7704 9.4149
28 76.3262 7.8045
29 60.1352 11.1158
30 63.7363 8.3143
31 75.9325 7.0373
32 69.1553 4.7128
33 64.1581 7.9864
34 77.6835 7.0616
35 69.2274 12.0554
36 68.4276 7.0873
37 71.1077 6.2681
38 69.153 6.8247
39 70.8649 6.3629
40 68.0103 6.1945
41 68.1572 5.7909
42 67.4589 6.125
43 84.2802 5.3438
44 72.5667 6.4407
45 75.5984 7.7722
46 71.4578 7.088
47 60.0901 6.148
48 80.0074 7.694
49 68.5204 6.7907
50 69.0907 5.0572
51 78.2056 7.9766
52 74.0079 8.2394
53 75.2207 5.9881
54 68.1085 12.6413
55 61.3426 13.494
56 84.8372 4.8477
57 62.7616 11.7663
58 72.246 7.3021
59 68.9573 9.566
60 74.8924 7.7271
61 76.1525 4.9136
62 61.3148 7.2363
63 75.1564 6.5869
64 65.7724 7.3498
65 68.0272 11.1418
66 76.9338 11.7972
67 78.1147 15.7044
68 91.1803 12.0086
69 73.357 11.6501
70 76.3312 7.8656
71 72.5607 9.8864
72 72.4331 11.4941
73 71.2177 9.775
74 60.1943 10.0751
75 55.466 13.1451
76 48.5922 12.1735
77 65.6555 7.1667
78 72.1971 7.7186
79 57.7545 7.7359
80 63.9145 9.2177
81 56.7225 10.1567
82 0 0
83 0 0
84 80.5093 6.9897
85 78.9033 7.392
86 86.9538 7.1887
87 85.4101 7.5687
88 73.2664 6.158
89 98.366 7.8209
90 75.2147 8.4527
91 86.807 7.0136
92 85.3341 6.324
93 83.399 8.7446
94 93.046 7.1595
95 81.7397 6.8083
96 94.42 6.9732
97 81.4571 8.0193
98 90.9926 0.9535
99 76.4756 6.4867
100 69.1838 8.6548
101 61.5935 9.2591
102 86.1276 7.9824
103 0 0
104 0 0
105 59.9159 4.4381
106 68.1767 6.4443
107 72.8006 5.2199
108 61.166 5.9781
109 80.3889 4.0026
110 74.1395 6.6987
111 80.9682 5.5511
112 75.5905 5.4033
113 76.61 4.8529
114 92.9093 7.8494
115 73.6154 4.7516
116 81.952 4.741
117 88.8706 8.2079
118 80.0909 9.6895
119 73.3214 7.0414
120 97.7501 5.869
121 82.4719 0.4751
122 97.6148 8.2776
123 87.8957 8.6193
124 0 0
125 0 0
126 86.625 4.998
127 82.3188 6.0989
128 83.1166 6.1319
129 67.6564 5.9914
130 75.8318 5.271
131 73.9234 8.1736
132 75.5155 8.2052
133 74.1695 11.831
134 66.0352 14.202
135 66.4431 9.5277
136 71.9259 6.2649
137 73.5345 9.6623
138 66.1587 14.5273
139 73.3373 8.2385
140 74.2316 9.7758
141 73.9582 6.6304
142 71.4478 7.3799
143 65.8033 9.6814
144 68.1147 6.852
145 64.5648 8.0387
146 69.1475 7.4064
147 72.2701 7.5777
148 68.9187 6.2983
149 74.3543 5.9024
150 71.7344 5.1285
151 79.0647 5.9347
152 66.9696 5.6633
153 77.2712 6.998
154 70.9317 7.4374
155 62.1519 6.8286
156 82.9773 5.4107
157 82.4112 6.704
158 72.0455 7.1398
159 79.2264 7.3066
160 88.7263 7.2919
161 86.5322 7.9605
162 87.8889 6.8664
163 58.1663 8.521
164 71.7193 9.701
165 58.7852 11.5573
166 58.1668 6.7769
167 69.7915 12.0777
168 69.4876 4.9633
169 57.3546 5.3012
170 73.1281 4.4328
171 58.0226 8.5262
172 74.529 4.2061
173 92.1885 8.474
174 81.084 5.6793
175 79.6801 4.6664
176 78.7614 5.1504
177 85.8735 5.0288
178 76.3389 4.7502
179 85.9647 4.4166
180 63.4753 11.4984
181 70.3861 7.0235
182 59.7421 9.3656
183 78.1865 1.1124
184 65.9824 6.3053
185 62.1907 13.125
186 54.6757 8.1723
187 78.279 14.2783
188 58.196 9.5125
189 79.7503 6.8376
190 61.3168 8.5447
191 74.9473 6.8727
192 77.6232 9.3181
193 71.9046 11.0619
194 73.1331 10.4798
195 75.6298 7.0117
196 69.3791 7.7826
197 89.1471 9.1986
198 71.2527 9.4362
199 79.1042 8.1562
200 64.0358 8.6216
201 61.0871 12.9603
202 72.6405 6.3492
203 80.1624 8.976
204 64.1319 11.582
205 63.0422 6.9245
206 77.8235 8.4304
207 75.3167 8.9046
208 0 0
209 0 0
210 64.4513 6.895
211 63.8057 7.8239
212 78.5116 6.3644
213 70.7408 6.1138
214 64.7623 5.8826
215 81.522 6.5065
216 71.5149 7.2808
217 72.1274 7.9948
218 69.1837 5.5286
219 74.646 6.5292
220 62.9925 6.8537
221 70.7888 6.7859
222 68.2426 7.6088
223 61.7382 12.6447
224 73.3577 7.5801
225 66.2991 8.2373
226 80.8032 7.8791
227 80.9335 8.3841
228 73.6312 6.5498
229 0 0
230 0 0
231 54.1817 10.9919
232 56.3656 7.893
233 65.5182 7.008
234 61.7688 11.5351
235 49.3035 16.3747
236 57.9769 9.9818
237 61.818 8.3156
238 71.2159 6.3622
239 83.7624 6.6234
240 75.4702 9.2497
241 65.5164 6.7226
242 85.5479 5.6166
243 77.0125 10.4465
244 65.0883 8.5093
245 78.3582 7.4688
246 79.7885 6.958
247 70.1225 7.5243
248 82.3246 6.9351
249 66.9134 6.4019
250 0 0
251 0 0
