0 74.3305 8.0111
1 78.3723 6.3974
2 72.8002 6.7478
3 70.9671 7.989
4 57.0039 7.1559
5 68.5669 10.6632
6 72.5942 9.8343
7 71.202 9.3302
8 76.296 10.2076
9 63.5942 9.6655
10 78.942 7.6027
11 75.2546 7.0883
12 71.7539 8.6521
13 76.4697 10.6349
14 66.7302 6.9555
15 71.4358 7.7271
16 69.1639 7.8426
17 75.3451 8.6273
18 74.1869 6.7825
19 73.8636 6.5573
20 73.3212 7.8141
21 76.2502 6.1933
22 73.7129 8.0855
23 62.3444 5.9985
24 77.5116 5.7181
25 77.7463 8.0174
26 82.329 9.4216
27 87.5958 9.89
28 76.3855 8.1796
29 59.7243 11.8609
30 63.5037 8.8781
31 75.9995 7.4811
32 69.1375 5.1373
33 63.9827 8.3366
34 77.6222 7.4521
35 69.1949 12.0409
36 68.3792 7.5252
37 71.2451 6.8518
38 69.0653 7.4617
39 70.9578 7.2089
40 67.8636 6.8376
41 68.0776 6.5139
42 67.378 6.5826
43 84.4008 5.6865
44 72.5128 6.8169
45 75.6338 8.4807
46 71.3807 7.5005
47 60.0485 6.5161
48 80.1657 8.0503
49 66.3751 7.8784
50 69.1469 5.3654
51 78.2955 8.5068
52 74.2227 8.7449
53 75.3167 6.3269
54 67.9793 13.6249
55 61.5587 13.9544
56 84.7912 5.1565
57 62.2544 12.4198
58 72.3138 7.81
59 68.7194 10.3465
60 74.8749 8.3459
61 75.9332 5.3368
62 61.2819 7.7346
63 75.5309 6.7433
64 65.9408 7.4153
65 68.4817 11.2484
66 76.9266 12.3834
67 78.4331 15.1992
68 91.0742 12.7861
69 73.8713 12.2148
70 76.1194 8.2637
71 72.6153 10.546
72 71.9847 12.2172
73 71.401 10.2487
74 60.0506 10.7686
75 56.0166 12.8636
76 48.6111 12.9298
77 65.5701 7.6312
78 72.3493 8.2044
79 58.2985 7.9408
80 64.1611 9.4593
81 56.8226 10.6889
82 0 0
83 0 0
84 80.5176 7.3271
85 79.2459 7.6869
86 87.0079 7.4402
87 85.9083 7.8403
88 73.0371 6.371
89 98.468 8.112
90 75.163 8.7952
91 87.022 7.3013
92 85.5843 6.6955
93 83.3305 9.431
94 93.1108 7.5813
95 81.6851 7.2333
96 94.8392 7.3905
97 81.6163 8.6489
98 91.1028 7.1076
99 76.4966 6.903
100 69.3417 9.0723
101 61.7394 9.6911
102 86.3133 8.293
103 0 0
104 0 0
105 59.9259 4.7406
106 68.1051 6.9439
107 72.8156 5.474
108 61.3086 6.3944
109 80.3699 4.2327
110 74.2543 7.0188
111 80.9397 5.8478
112 75.592 5.6577
113 76.7017 5.1309
114 92.8857 8.2049
115 73.6508 4.9452
116 81.9232 4.9166
117 88.9226 8.6795
118 80.1346 10.1738
119 73.367 7.4513
120 97.7512 6.2303
121 82.4608 0.4855
122 97.6646 8.7065
123 87.9614 9.1283
124 0 0
125 0 0
126 87.2752 5.2038
127 83.0216 6.4827
128 83.6855 6.5256
129 68.2774 6.2455
130 76.4711 5.6247
131 74.5634 8.5466
132 75.8823 8.6453
133 74.9094 11.2479
134 66.8699 14.6947
135 67.2444 10.1039
136 72.536 6.7289
137 74.1846 10.3532
138 67.0913 15.2716
139 73.985 8.8621
140 75.0441 10.5318
141 74.7498 7.089
142 72.3159 7.9068
143 66.3438 10.1951
144 68.746 7.3621
145 65.3543 8.5311
146 69.7353 7.9404
147 69.4789 8.3969
148 66.1546 6.9457
149 71.5183 6.4061
150 68.8909 5.6854
151 75.994 6.4541
152 64.0347 6.4106
153 74.3374 7.7572
154 67.9318 8.3907
155 58.7066 7.9896
156 79.6276 6.5149
157 77.9041 7.8185
158 67.304 8.5468
159 97.1518 12.2344
160 83.9359 8.7706
161 81.8983 9.2665
162 83.5087 8.1976
163 52.5385 9.6534
164 67.1215 10.9594
165 53.7723 12.7315
166 52.7985 7.859
167 64.7396 13.6416
168 70.0946 5.2748
169 57.9541 5.6405
170 73.7878 4.6838
171 58.6633 8.8308
172 75.0529 4.4091
173 92.7308 8.895
174 81.7105 5.8664
175 80.3776 4.9068
176 79.2501 5.377
177 86.7631 5.3324
178 77.0235 4.9826
179 86.7581 4.6044
180 64.4133 12.1993
181 70.9351 7.7066
182 60.3811 10.2574
183 78.342 1.0552
184 66.6492 7.0275
185 62.6814 14.2298
186 55.276 8.6277
187 78.7294 15.7128
188 58.4796 10.3158
189 80.2945 7.2291
190 61.8691 8.9619
191 75.6948 7.2251
192 78.2326 9.756
193 72.7291 11.6678
194 74.1245 10.8465
195 76.7969 7.3343
196 70.2075 8.2362
197 90.1073 9.7878
198 72.1602 9.8545
199 80.1145 8.6609
200 64.8026 9.0001
201 62.7001 12.6059
202 73.3019 6.6786
203 81.1836 9.5907
204 65.1261 11.9935
205 63.6984 7.2721
206 78.3946 8.915
207 75.9683 5.7549
208 0 0
209 0 0
210 65.0315 7.463
211 64.0386 8.4581
212 79.1051 6.9362
213 71.0286 6.7257
214 65.7062 6.2976
215 82.3067 7.0392
216 72.3051 7.868
217 72.4799 8.5706
218 69.8247 5.6831
219 75.5369 6.7153
220 63.7975 6.9853
221 71.7129 6.8794
222 69.0668 7.587
223 63.0353 12.5798
224 74.1536 7.5764
225 67.0699 8.0661
226 81.8077 8.0499
227 81.794 8.4713
228 74.4268 6.7456
229 0 0
230 0 0
231 55.5099 11.3049
232 57.2635 8.2534
233 66.3275 7.4011
234 62.6095 12.2229
235 51.3799 15.6301
236 58.7851 10.5437
237 62.7261 8.7259
238 72.0956 6.7581
239 84.7661 7.087
240 76.4841 9.8549
241 66.3301 7.1007
242 86.4234 6.0064
243 77.9583 11.1323
244 65.8365 8.9706
245 79.0404 7.8671
246 80.7806 7.4742
247 71.1374 7.8295
248 83.2752 7.2252
249 67.8735 6.6961
250 0 0
251 0 0
