0 74.2374 8.0231
1 78.2951 6.2512
2 72.7604 6.5648
3 70.8606 7.897
4 56.9704 7.0779
5 68.6786 10.4931
6 72.8077 9.7234
7 71.1274 9.1665
8 76.4245 10.2147
9 63.231 9.7987
10 78.9698 7.5754
11 75.0756 7.1301
12 71.6812 8.4105
13 76.3074 10.5836
14 66.5571 7.0159
15 71.2921 7.8799
16 68.9401 7.9876
17 75.2137 8.5958
18 73.9006 6.7883
19 73.7203 6.6597
20 73.1813 7.8917
21 76.293 6.0388
22 73.8412 7.9618
23 62.3971 5.8979
24 77.548 5.6631
25 77.712 7.791
26 82.472 9.1729
27 87.6573 9.5807
28 76.3687 8.1311
29 60.1147 11.1262
30 63.5703 8.413
31 75.7674 7.1527
32 69.0989 4.6945
33 64.0539 7.9153
34 77.6709 7.0574
35 69.1996 11.9563
36 68.3875 7.1505
37 71.1767 6.4932
38 69.1817 7.0566
39 71.0081 6.8351
40 68.0848 6.3391
41 68.1517 6.1944
42 67.5413 6.3646
43 84.37 5.5505
44 72.6632 6.6339
45 75.3766 8.2178
46 71.4397 7.4326
47 60.1049 6.4467
48 80.07 7.9669
49 66.4067 7.7644
50 69.0644 5.3328
51 78.2506 8.3108
52 74.2241 8.6929
53 75.326 6.2901
54 67.9221 13.3376
55 61.1602 13.9614
56 84.8141 5.0786
57 62.4839 12.0997
58 72.2245 7.6355
59 68.9846 10.0209
60 74.9296 8.0433
61 76.114 5.1597
62 61.2558 7.5961
63 75.2587 6.8821
64 65.4831 7.5762
65 67.9836 11.4281
66 76.8127 12.3294
67 78.2192 15.6324
68 91.1085 12.5325
69 73.5842 12.0111
70 75.9534 8.2039
71 72.5199 10.3905
72 71.9257 12.1098
73 71.1195 10.1419
74 60.1832 10.5182
75 56.1785 12.8976
76 48.7579 12.7575
77 65.8352 7.394
78 72.4636 8.042
79 58.129 7.9797
80 64.2086 9.4379
81 56.5986 10.6773
82 0 0
83 0 0
84 80.5099 7.0902
85 79.0045 7.4044
86 86.9168 7.3204
87 85.2693 7.7918
88 73.3926 6.283
89 98.3453 8.0368
90 75.3144 8.6754
91 86.7417 7.2448
92 85.3529 6.4612
93 83.3957 9.0675
94 92.9762 7.4213
95 81.7292 7.0279
96 94.1852 7.2002
97 81.349 8.4153
98 90.7998 6.883
99 76.4038 6.6288
100 69.1735 8.8312
101 61.5192 9.5645
102 86.2062 8.2828
103 0 0
104 0 0
105 59.7981 4.5809
106 67.9569 6.7276
107 72.7458 5.3376
108 61.5157 6.1911
109 80.4882 4.165
110 74.4909 6.956
111 80.8514 5.7855
112 75.6491 5.6205
113 76.6459 5.0467
114 92.9174 8.2187
115 73.6527 4.9328
116 82.1939 4.8933
117 89.1017 8.6689
118 80.3709 10.092
119 73.271 7.4282
120 97.4696 6.2
121 82.5703 0.5051
122 97.5501 8.7134
123 88.0733 9.181
124 0 0
125 0 0
126 86.5466 5.0921
127 82.3713 6.4002
128 82.9891 6.3592
129 67.6538 6.0853
130 75.7874 5.5261
131 73.8871 8.395
132 75.2546 8.4129
133 74.1994 11.3802
134 66.0457 14.6669
135 66.3622 9.9274
136 71.9085 6.6398
137 73.4783 10.1867
138 66.2284 15.15
139 73.2074 8.69
140 74.2203 10.3752
141 73.9466 6.9125
142 71.6154 7.6266
143 65.6039 9.9685
144 68.0177 7.1134
145 64.6554 8.2453
146 69.0619 7.6381
147 72.1928 7.9944
148 68.7724 6.7232
149 74.1478 6.226
150 71.6672 5.4339
151 79.0893 6.2446
152 66.7426 6.0536
153 77.2262 7.5244
154 70.6199 8.0212
155 61.7994 7.1947
156 82.8539 5.7131
157 82.2555 7.118
158 71.9869 7.6013
159 79.0783 7.5888
160 88.5936 7.7271
161 86.3549 8.2803
162 87.553 7.2442
163 58.0373 8.6613
164 71.74 9.838
165 58.894 11.7038
166 58.2169 6.7803
167 70.0522 12.2239
168 69.487 5.1886
169 57.4027 5.5616
170 73.2406 4.5834
171 58.0778 8.6877
172 74.5368 4.364
173 92.1215 8.8183
174 81.1564 5.8756
175 79.5224 4.8917
176 78.5543 5.4129
177 85.9535 5.3116
178 76.4582 4.9198
179 85.892 4.5679
180 63.4941 11.7991
181 70.1912 7.2611
182 59.6898 9.7221
183 78.018 1.0787
184 65.9854 6.5655
185 62.1449 13.4882
186 54.8596 8.2546
187 77.8562 14.6443
188 58.0445 10.005
189 79.6775 6.9765
190 61.0478 8.7783
191 74.8486 7.0533
192 77.6049 9.5251
193 71.9279 11.302
194 73.01 10.7067
195 75.7682 7.1334
196 69.2407 8.1471
197 89.0501 9.495
198 71.0919 9.7412
199 79.0175 8.4818
200 63.8909 9.1023
201 61.0634 13.0784
202 72.4809 6.7432
203 80.1448 9.675
204 64.158 12.0894
205 62.7194 7.4377
206 77.7584 9.0169
207 75.3404 5.6798
208 0 0
209 0 0
210 64.6155 7.1568
211 63.7315 8.1419
212 78.6171 6.6335
213 70.6236 6.4397
214 65.1412 6.1373
215 81.7378 6.7888
216 71.8675 7.5968
217 72.1625 8.3201
218 69.1763 5.6041
219 74.7314 6.7264
220 63.0245 7.0448
221 70.966 6.9183
222 68.4265 7.7576
223 61.6656 13.2432
224 73.5046 7.9579
225 66.2553 8.6051
226 80.9755 8.3192
227 81.0587 8.6477
228 73.6439 6.7423
229 0 0
230 0 0
231 53.8056 11.406
232 56.2521 8.0526
233 65.4715 7.2505
234 61.6834 11.9614
235 50.8724 15.6793
236 58.1312 10.1496
237 61.8456 8.4032
238 71.2535 6.6627
239 83.6565 6.8989
240 75.4434 9.7631
241 65.354 7.0769
242 85.5077 5.9363
243 77.0704 11.0405
244 64.8382 8.8974
245 78.1198 7.7931
246 79.7048 7.2847
247 70.0192 7.6901
248 82.1323 7.1383
249 66.8303 6.5456
250 0 0
251 0 0
