0 74.1242 7.7124
1 78.4452 6.4523
2 72.9741 6.7777
3 71.0615 7.893
4 57.06 6.9908
5 68.7555 10.1114
6 72.6863 9.4355
7 71.1723 9.1083
8 76.5583 9.7037
9 63.4139 9.4379
10 78.8202 7.3886
11 75.2683 7.1299
12 71.9438 8.1716
13 76.3926 10.0793
14 66.8323 6.7248
15 71.5299 7.5191
16 69.2177 7.6986
17 75.0742 8.3099
18 73.9575 6.9326
19 73.6543 6.6854
20 73.344 7.8461
21 76.3481 6.0402
22 73.8861 7.7717
23 62.241 5.883
24 77.3647 5.6655
25 77.6294 7.7206
26 82.3873 9.2288
27 87.9058 9.8035
28 76.2833 8.1264
29 59.9258 11.0554
30 63.6955 8.1371
31 75.8125 7.4155
32 68.9379 4.917
33 64.154 7.8104
34 77.5265 7.5152
35 69.137 11.8991
36 68.4839 7.2059
37 70.9177 6.6968
38 69.2781 7.0589
39 70.7911 6.7579
40 67.8508 6.3373
41 68.0765 6.2326
42 67.5789 6.4064
43 84.3972 5.4939
44 72.6922 6.6691
45 75.668 8.0275
46 71.189 7.4495
47 59.9154 6.5532
48 80.2722 8.0157
49 66.4878 7.7509
50 68.9421 5.5368
51 78.4834 8.4912
52 73.988 8.6928
53 75.3815 6.3702
54 67.9835 13.1464
55 61.3556 13.6077
56 84.7785 5.1546
57 61.8737 12.5676
58 72.2787 7.8282
59 68.6907 9.918
60 74.9929 8.5497
61 75.8815 5.3031
62 61.5332 7.5063
63 75.1371 6.7222
64 65.5281 7.4628
65 68.2638 11.2742
66 76.6857 12.0546
67 78.2004 15.6845
68 90.6966 12.5303
69 72.9805 12.2185
70 76.2944 8.2113
71 72.5463 10.1753
72 72.0248 12.3514
73 71.1204 10.1717
74 59.9607 10.2743
75 56.3511 12.2715
76 48.0885 12.6691
77 65.666 7.1953
78 72.1489 7.7776
79 57.5835 7.8558
80 63.9537 9.1668
81 56.7065 10.5168
82 0 0
83 0 0
84 80.5462 7.4448
85 79.2219 7.4432
86 86.9803 7.3434
87 85.7071 7.8362
88 73.3207 6.2591
89 98.1872 7.9417
90 74.8669 8.6671
91 86.8503 7.1608
92 85.1838 6.4966
93 83.3464 9.5827
94 93.2361 7.6319
95 81.8207 7.3412
96 94.2891 7.5522
97 81.2797 8.561
98 90.8392 0.9953
99 76.3887 6.847
100 69.2743 8.9464
101 61.8201 9.3304
102 86.089 8.573
103 0 0
104 0 0
105 59.9109 4.6339
106 68.047 6.7281
107 72.7189 5.3754
108 61.0752 6.1962
109 80.4928 4.1771
110 74.3304 7.0735
111 80.6993 5.8612
112 75.501 5.4456
113 76.727 5.1104
114 92.9045 8.1363
115 73.5239 4.8298
116 82.107 4.765
117 88.9518 8.4333
118 80.119 10.2335
119 73.2829 7.1684
120 97.7327 6.1679
121 82.438 0.4844
122 97.7092 8.6761
123 87.7484 8.9415
124 0 0
125 0 0
126 86.7252 5.1685
127 82.31 6.4592
128 82.9841 6.4272
129 67.7625 6.0219
130 75.7874 5.5494
131 74.0154 8.2047
132 75.031 8.3259
133 74.4421 10.9622
134 66.0018 14.7301
135 66.4341 9.9435
136 72.1806 6.5341
137 73.3323 9.8713
138 66.1872 14.525
139 72.9877 8.5007
140 74.1947 10.1541
141 74.0636 6.9789
142 71.5389 7.6667
143 65.7664 10.0421
144 68.0147 7.0894
145 64.4342 8.465
146 68.8977 7.899
147 72.4564 8.0702
148 68.8549 6.663
149 74.1669 6.4456
150 71.6175 5.5581
151 78.9819 6.2095
152 66.9912 5.9584
153 77.4191 7.6737
154 70.7234 7.9048
155 61.9352 7.4137
156 82.9777 5.8139
157 81.9313 7.0996
158 72.1965 7.6433
159 78.9284 7.818
160 88.6451 7.8732
161 86.0877 8.3865
162 87.4562 7.4004
163 58.1982 8.6294
164 71.5253 9.7937
165 58.849 11.3318
166 58.3512 6.8393
167 69.9125 11.8376
168 69.1592 5.2939
169 57.0145 5.7548
170 73.1737 4.6745
171 57.8911 8.903
172 74.5531 4.2844
173 92.1453 8.8422
174 81.024 5.9437
175 79.4128 4.8625
176 78.5335 5.3875
177 85.947 5.27
178 76.2949 4.8132
179 85.988 4.4953
180 63.6314 11.8646
181 70.0381 7.5596
182 59.2167 9.9859
183 78.2575 1.1042
184 65.888 6.8904
185 62.0704 13.5774
186 54.8927 8.1221
187 77.8379 15.456
188 57.5172 9.9687
189 79.6427 7.334
190 61.0047 8.8621
191 75.1263 7.3309
192 77.3141 9.5192
193 72.3387 11.3415
194 73.3428 10.6976
195 76.0616 7.2218
196 69.3042 8.1477
197 89.0435 9.5592
198 71.1771 9.5662
199 79.1767 8.4965
200 63.8372 8.6375
201 61.6325 12.4789
202 72.4047 6.6407
203 80.1704 9.3964
204 63.9432 11.6203
205 62.6736 7.0443
206 77.9217 8.6355
207 75.1121 5.6055
208 0 0
209 0 0
210 64.142 7.6562
211 63.7014 8.3754
212 78.6782 6.8277
213 70.6258 6.5845
214 64.6439 6.336
215 81.277 6.9451
216 71.3869 7.7052
217 71.6175 8.1981
218 69.3534 5.632
219 74.6932 6.5329
220 63.0588 6.8375
221 71.0469 6.7359
222 68.5234 7.6116
223 62.7015 11.9758
224 73.7059 7.6286
225 66.4527 7.9371
226 80.8636 8.1712
227 80.8448 8.6959
228 73.3449 7.0338
229 0 0
230 0 0
231 54.3127 10.8963
232 56.1068 8.2856
233 65.7809 7.3317
234 61.3917 12.3302
235 49.7154 16.2069
236 58.2389 9.9583
237 61.9314 8.2314
238 71.4261 6.7246
239 83.5935 6.8883
240 75.339 9.617
241 65.2483 6.959
242 85.6593 5.692
243 76.7195 10.8147
244 65.1615 8.6579
245 78.2934 7.9782
246 79.6819 7.1779
247 70.47 7.4987
248 82.3085 7.2075
249 66.9896 6.3271
250 0 0
251 0 0
