0 74.3541 8.0996
1 78.0241 6.4873
2 72.7718 6.7043
3 70.6121 8.0535
4 57.3128 7.2276
5 68.5617 10.6829
6 72.93 9.8472
7 71.0098 9.2252
8 76.1469 10.6466
9 63.2924 10.069
10 78.8469 7.9581
11 74.8376 7.3798
12 71.6615 8.8347
13 76.2304 11.1779
14 66.5742 7.2687
15 71.2465 8.2408
16 68.844 8.1791
17 74.8616 9.0046
18 73.909 7.0144
19 73.4475 6.7458
20 73.291 8.09
21 76.2845 6.2436
22 73.7204 8.1251
23 62.4022 5.9507
24 77.3968 5.7401
25 77.8331 8.0136
26 82.3533 9.2957
27 87.6102 9.7739
28 76.3153 8.255
29 59.9094 11.6063
30 63.6511 8.6355
31 75.7578 7.477
32 69.0127 4.9544
33 64.1409 8.1588
34 77.699 7.319
35 69.1919 11.887
36 68.3894 7.3475
37 71.1021 6.6647
38 69.0901 7.2706
39 70.8917 7.0414
40 67.9452 6.6914
41 68.0958 6.4126
42 67.399 6.6601
43 84.3054 5.6992
44 72.378 6.872
45 75.5541 8.5253
46 71.281 7.7231
47 59.8399 6.6837
48 79.9996 8.2549
49 66.234 8.0789
50 68.9414 5.5631
51 78.3192 8.6655
52 74.1263 8.9592
53 75.249 6.5056
54 67.6867 13.9089
55 61.1409 14.5858
56 84.8521 5.2519
57 62.2257 12.7113
58 72.159 8.0061
59 68.592 10.6668
60 74.7473 8.4945
61 75.9351 5.4185
62 61.3976 7.7574
63 75.29 6.9609
64 65.6427 7.7243
65 67.9756 11.729
66 76.8328 12.3785
67 77.9165 15.1259
68 91.1665 12.8269
69 73.2233 12.2875
70 76.4606 8.3402
71 72.5413 10.7533
72 72.331 12.175
73 71.0691 10.2271
74 60.0761 10.4566
75 55.9637 12.6639
76 48.9095 12.7491
77 65.6613 7.5051
78 72.2784 8.1122
79 58.0328 7.8696
80 64.0411 9.3842
81 56.9171 10.6722
82 0 0
83 0 0
84 80.4244 7.2892
85 78.8125 7.8049
86 86.8871 7.5109
87 85.3959 7.8902
88 73.3467 6.4181
89 98.5145 8.1203
90 75.2681 8.9447
91 86.7757 7.3631
92 85.4911 6.6442
93 83.302 9.3479
94 93.1223 7.5184
95 81.7752 7.1686
96 94.6465 7.3503
97 81.547 8.5795
98 91.0815 7.1051
99 76.5481 6.7561
100 69.0764 9.2099
101 61.6271 9.7703
102 86.1333 8.5808
103 0 0
104 0 0
105 59.9439 4.7264
106 68.1465 6.9149
107 72.7994 5.5208
108 61.1844 6.3734
109 80.3834 4.2628
110 74.1561 7.0419
111 80.9652 5.9342
112 75.5558 5.7403
113 76.6735 5.1063
114 92.857 8.3433
115 73.5928 5.0374
116 81.8463 5.0041
117 88.8212 8.74
118 80.1194 10.3572
119 73.2673 7.6406
120 97.7037 6.3189
121 82.4768 0.4818
122 97.6404 8.7406
123 87.7116 9.1802
124 0 0
125 0 0
126 87.1838 5.3915
127 82.9939 6.728
128 83.5587 6.623
129 68.2392 6.346
130 76.3961 5.7594
131 74.5589 8.7683
132 75.9065 8.768
133 74.9493 11.5878
134 66.7656 14.7708
135 67.1973 10.1034
136 72.5194 6.7705
137 74.1732 10.4199
138 66.9295 15.3545
139 73.9628 8.8673
140 74.9554 10.6103
141 74.615 7.2185
142 72.2848 7.9703
143 66.3624 10.2235
144 68.7287 7.3771
145 65.2693 8.6611
146 69.8552 7.8372
147 69.5634 8.5842
148 65.9871 7.1732
149 71.2733 6.6079
150 68.7241 5.8074
151 76.1 6.5962
152 64.065 6.487
153 74.4723 7.919
154 67.8981 8.4892
155 58.3978 8.0953
156 79.6401 6.6059
157 77.8501 7.9513
158 67.1577 8.6691
159 88.1262 18.1917
160 83.622 8.883
161 81.7475 9.411
162 83.4395 8.2904
163 52.6357 9.5276
164 67.1614 10.9141
165 53.6428 12.763
166 53.1331 7.7213
167 64.8087 13.7586
168 69.956 5.3855
169 57.7238 5.8847
170 73.7405 4.828
171 58.6007 9.0532
172 75.0379 4.4345
173 92.8252 8.9979
174 81.7363 5.9148
175 80.307 4.9116
176 79.3987 5.3874
177 86.7222 5.3332
178 77.0791 4.9825
179 86.7069 4.6237
180 64.1918 12.255
181 70.8529 7.7399
182 60.4049 10.1211
183 78.2414 1.0333
184 66.7783 7.0191
185 62.9014 14.0241
186 55.39 8.7157
187 78.4914 15.9767
188 58.8422 10.157
189 80.2947 7.1938
190 61.9804 8.8333
191 75.6614 7.2309
192 78.3198 9.8331
193 72.8876 11.6928
194 74.0106 11.08
195 76.7217 7.421
196 70.081 8.3106
197 89.9463 9.7559
198 72.038 9.93
199 80.0543 8.7512
200 65.1433 8.9842
201 62.1987 12.576
202 73.3482 6.7047
203 80.9558 9.6819
204 65.4168 11.9178
205 63.8851 7.2271
206 78.6669 8.8816
207 75.9797 5.5086
208 0 0
209 0 0
210 65.0379 7.6182
211 64.0532 8.5576
212 79.0852 7.0186
213 70.9631 6.8305
214 65.5643 6.3767
215 82.1683 7.0777
216 72.1825 8.0239
217 72.3922 8.7187
218 69.9056 5.7511
219 75.3752 6.8558
220 63.8328 7.1351
221 71.535 7.0274
222 69.31 7.7204
223 62.8763 12.6666
224 74.2234 7.7184
225 66.9711 8.2698
226 81.8379 8.3402
227 81.678 8.8445
228 74.2743 7.0361
229 0 0
230 0 0
231 55.4245 11.3958
232 57.0904 8.3461
233 66.2262 7.4809
234 62.7403 12.1438
235 52.0129 15.3425
236 58.8114 10.4672
237 62.5389 8.7864
238 72.016 6.826
239 84.6581 7.1714
240 76.3848 10.0751
241 66.2793 7.1755
242 86.2327 6.0583
243 77.8681 11.192
244 65.7628 9.1293
245 78.9954 7.9916
246 80.5565 7.4798
247 71.0579 7.6903
248 83.1732 7.2416
249 67.7787 6.5241
250 0 0
251 0 0
