0 74.1762 7.8378
1 78.2415 6.2195
2 72.6824 6.6903
3 70.766 7.8562
4 56.999 7.1227
5 68.5648 10.5112
6 72.9017 9.7584
7 71.0967 9.1718
8 76.3762 10.0841
9 63.386 9.6721
10 78.9379 7.5346
11 75.021 7.0571
12 71.7596 8.3754
13 76.3451 10.6372
14 66.5984 7.1247
15 71.2897 7.8494
16 69.1658 7.5925
17 75.2141 8.2771
18 73.8989 6.5588
19 73.674 6.309
20 73.4889 7.5176
21 76.5049 6.1402
22 73.7457 8.0397
23 62.227 6.0248
24 77.2671 5.7293
25 78.1154 7.9315
26 82.6642 9.3363
27 88.1001 9.8505
28 76.3296 8.1955
29 60.0594 11.053
30 63.6173 8.3017
31 75.8053 7.0338
32 68.8674 4.8049
33 64.1741 7.8462
34 77.5931 6.9092
35 69.2146 11.8702
36 68.4459 6.9778
37 70.7699 6.4044
38 69.0844 6.9285
39 70.8516 6.6417
40 67.9325 6.323
41 67.9144 6.0342
42 67.8021 6.4523
43 84.6632 5.5742
44 72.7275 6.7433
45 75.9072 8.2543
46 71.4965 7.1812
47 60.2505 6.2503
48 80.1741 7.7925
49 66.6442 7.535
50 69.1254 5.255
51 78.2396 8.0987
52 74.1655 8.4028
53 75.332 6.1361
54 67.8498 13.511
55 61.1975 14.1268
56 84.7509 5.1451
57 62.25 12.4366
58 72.1533 7.7108
59 68.722 10.2503
60 74.8045 8.1662
61 75.9088 5.1596
62 61.6133 7.4426
63 75.4338 6.6131
64 65.9769 7.3355
65 68.0121 11.1368
66 77.004 12.4204
67 78.0807 16
68 91.2508 12.5483
69 73.3731 12.1765
70 76.2432 8.251
71 72.4257 10.4618
72 72.0755 12.0626
73 71.2815 10.2749
74 59.9613 10.2838
75 55.6886 12.8729
76 48.4381 12.447
77 65.6262 7.2948
78 72.216 7.8486
79 57.8535 7.6659
80 64.0291 9.2629
81 56.8324 10.2769
82 0 0
83 0 0
84 80.4346 7.205
85 79.3396 7.5838
86 87.2071 7.353
87 86.0805 7.833
88 73.4142 6.3274
89 98.6843 8.098
90 75.3082 8.8129
91 87.1356 7.3597
92 85.4712 6.6213
93 83.4325 9.1231
94 93.1095 7.3307
95 81.8448 7.0557
96 94.5908 7.0967
97 81.5436 8.3496
98 91.0884 0.9629
99 76.5549 6.6063
100 69.541 8.9198
101 61.969 9.6493
102 86.5036 8.3753
103 0 0
104 0 0
105 59.9336 4.5228
106 68.2 6.6661
107 72.8827 5.3409
108 61.2334 6.13
109 80.5316 4.1399
110 74.33 6.8283
111 81.0428 5.7179
112 75.7362 5.5567
113 76.8464 4.9579
114 93.0435 8.1351
115 73.7893 4.7717
116 82.0469 4.833
117 89.0641 8.4452
118 80.2904 9.93
119 73.4617 7.087
120 97.8089 6.0195
121 82.4644 0.4834
122 97.6134 8.4447
123 87.943 8.642
124 0 0
125 0 0
126 86.7768 5.0727
127 82.4475 6.2157
128 83.153 6.1812
129 67.7151 6.0016
130 76.0836 5.3955
131 74.0307 8.2704
132 75.3218 8.298
133 74.3566 11.3381
134 65.8877 14.5435
135 66.5373 9.772
136 71.8007 6.4724
137 73.3237 9.993
138 66.2524 14.8041
139 73.2433 8.4963
140 74.1622 10.1309
141 73.9039 6.9033
142 71.7212 7.5814
143 65.7849 10.0323
144 68.267 7.0797
145 64.6981 8.2226
146 69.2319 7.6197
147 72.2789 7.9544
148 69.0822 6.6414
149 74.3333 6.2675
150 71.7245 5.4532
151 79.2669 6.2101
152 66.9298 5.9892
153 77.3557 7.4189
154 70.8559 7.8902
155 62.0485 7.2138
156 83.0098 5.69
157 82.2177 7.0293
158 72.0464 7.5062
159 79.2589 7.6113
160 88.8137 7.6281
161 86.4654 8.3095
162 87.8789 7.1698
163 57.9225 8.721
164 71.3066 10.0808
165 58.7309 11.8385
166 57.881 7.0588
167 69.6284 12.5997
168 69.6153 5.0445
169 57.5992 5.3765
170 73.2415 4.5337
171 58.3597 8.5483
172 74.4314 4.2729
173 92.2143 8.5947
174 81.1686 5.7209
175 79.6511 4.7308
176 78.4812 5.1992
177 85.9863 5.1721
178 76.2961 4.7934
179 86.031 4.4598
180 63.358 11.8009
181 70.4564 7.2839
182 59.8455 9.4948
183 78.3303 1.1356
184 65.6274 6.6501
185 62.0375 13.4088
186 54.3695 8.4019
187 78.2691 14.7911
188 58.2446 9.8708
189 79.9311 6.9134
190 61.5314 8.6177
191 75.1084 7.0401
192 77.7997 9.5665
193 72.0574 11.3925
194 73.2061 10.6743
195 76.0298 7.1815
196 69.383 8.0289
197 89.3909 9.4841
198 71.4086 9.6168
199 79.3522 8.3973
200 63.723 8.8536
201 61.2325 12.8024
202 72.2953 6.6467
203 80.2239 9.1856
204 63.8758 11.8248
205 62.7487 7.1452
206 77.5464 8.6887
207 74.9882 9.208
208 0 0
209 0 0
210 64.7892 7.2575
211 63.4945 8.1415
212 78.5254 6.6106
213 70.4966 6.4782
214 65.3659 6.02
215 81.7388 6.7229
216 71.8374 7.4871
217 71.9806 8.3379
218 69.102 5.6876
219 74.5889 6.7787
220 62.9258 7.0613
221 70.7772 6.8903
222 68.5104 7.7418
223 61.8786 12.8569
224 73.7594 7.6168
225 66.4704 8.3035
226 81.2742 7.7763
227 81.5442 8.2096
228 73.9883 6.6051
229 0 0
230 0 0
231 54.432 11.0217
232 56.4002 8.0482
233 65.3925 7.2246
234 61.78 11.8542
235 49.659 16.2604
236 58.1487 10.1627
237 61.7882 8.4446
238 71.2482 6.5983
239 83.7103 6.903
240 75.3967 9.5783
241 65.4896 7.0403
242 85.5108 5.8914
243 76.8981 10.9129
244 65.033 8.8329
245 78.3638 7.755
246 79.7048 7.1483
247 70.0436 7.5565
248 82.1642 6.975
249 66.9688 6.3862
250 0 0
251 0 0
