0 74.2315 8.0286
1 78.3316 6.3735
2 72.8353 6.6148
3 70.9344 7.923
4 56.9444 7.221
5 68.5587 10.7333
6 72.6488 9.8058
7 71.3575 9.1932
8 76.3843 10.0717
9 63.4821 9.7103
10 78.9792 7.5055
11 75.3132 7.0403
12 71.7522 8.2941
13 76.518 10.4999
14 66.8808 6.9568
15 71.5664 7.7521
16 69.1177 7.8837
17 75.3049 8.4696
18 74.0352 6.7255
19 73.8705 6.6047
20 73.1491 7.7496
21 76.3225 6.1606
22 73.8328 8.0023
23 62.3744 5.8946
24 77.4454 5.6899
25 77.8836 7.9485
26 82.345 9.3352
27 87.7435 9.6822
28 76.4172 8.0933
29 60.2335 11.3576
30 63.5886 8.7635
31 75.9538 7.3532
32 69.0301 5.0315
33 63.9802 8.1975
34 77.6989 7.3472
35 69.1055 12.2305
36 68.3086 7.4015
37 71.1359 6.7816
38 69.0987 7.2956
39 70.9886 7.1917
40 67.9158 6.7482
41 68.2243 6.5353
42 67.4046 6.5426
43 84.3391 5.723
44 72.5448 6.8385
45 75.529 8.4559
46 71.305 7.5957
47 59.7602 6.7061
48 79.9825 8.054
49 66.12 7.9612
50 68.9148 5.3724
51 78.2756 8.5586
52 74.0426 8.846
53 75.2627 6.4586
54 67.8906 13.3972
55 61.3836 14.0979
56 84.8548 5.06
57 62.5829 12.2523
58 72.1478 7.7329
59 68.8906 10.1816
60 74.8167 8.4556
61 76.213 5.2056
62 61.291 7.7139
63 75.4515 6.8031
64 65.8614 7.4315
65 68.2781 11.2508
66 76.8538 12.2492
67 78.0053 15.1255
68 91.0217 12.4899
69 73.1372 12.1526
70 76.5045 8.1672
71 72.6071 10.4644
72 72.4545 11.9713
73 70.9815 10.1866
74 60.1912 10.4449
75 55.9959 12.6936
76 49.4921 12.413
77 65.5545 7.4558
78 72.1342 8.0282
79 57.9588 7.8184
80 63.8715 9.4208
81 56.8332 10.5042
82 0 0
83 0 0
84 80.2615 7.3962
85 79.0155 7.7179
86 86.9303 7.557
87 85.8181 8.0995
88 73.0013 6.5339
89 98.436 8.3008
90 75.1084 9.0183
91 86.8858 7.4131
92 85.3955 6.6837
93 83.2515 9.4419
94 93.0486 7.7298
95 81.9162 7.2559
96 94.5841 7.4175
97 81.4079 8.7006
98 91.0829 7.1548
99 76.3848 6.9625
100 69.1959 9.1375
101 61.5601 9.8073
102 86.1786 8.4685
103 0 0
104 0 0
105 59.7889 4.7129
106 68.154 6.7982
107 72.8051 5.4587
108 61.2502 6.2783
109 80.4185 4.2592
110 74.2529 6.9646
111 80.892 5.8687
112 75.5777 5.6751
113 76.6439 5.0879
114 92.8727 8.3846
115 73.5555 4.9707
116 81.948 4.9898
117 88.7991 8.668
118 80.2466 10.2318
119 73.3648 7.4888
120 97.8435 6.1534
121 82.5059 0.482
122 97.6742 8.5735
123 87.8455 9.0747
124 0 0
125 0 0
126 86.7217 5.1483
127 82.3484 6.4203
128 83.0583 6.3133
129 67.6348 6.1335
130 76.0913 5.5782
131 73.8369 8.4604
132 75.2003 8.5702
133 74.2842 11.1835
134 66.0887 14.7892
135 66.3734 10.0271
136 71.8644 6.839
137 73.5638 10.2245
138 66.0766 15.2738
139 73.1507 8.7893
140 74.2073 10.3895
141 73.8733 7.0304
142 71.5745 7.8093
143 65.5657 10.0779
144 68.0809 7.3057
145 64.5288 8.454
146 69.1443 7.8191
147 72.1406 8.2886
148 68.5967 6.9762
149 74.07 6.4124
150 71.5778 5.6377
151 79.066 6.4976
152 66.8596 6.2348
153 77.1097 7.7339
154 70.7766 8.2377
155 61.7554 7.4566
156 82.9345 5.8501
157 82.2143 7.2164
158 72.1284 7.8585
159 78.8675 7.9218
160 88.6245 7.96
161 86.305 8.4953
162 87.878 7.4679
163 58.162 8.6361
164 71.6871 9.9641
165 58.8525 11.9069
166 58.1485 6.984
167 69.7109 12.3118
168 69.555 5.2414
169 57.2293 5.6884
170 73.0825 4.6919
171 57.8913 8.9644
172 74.3772 4.406
173 92.1941 8.8913
174 81.0932 5.8883
175 79.6896 4.8108
176 78.4238 5.3675
177 85.9349 5.3021
178 76.3226 4.901
179 86.0509 4.5602
180 63.6015 12.0424
181 70.2515 7.4715
182 59.528 9.865
183 78.1605 1.0953
184 65.9825 6.7637
185 61.9479 13.7486
186 54.8473 8.3291
187 77.9153 15.0745
188 57.9006 10.2323
189 79.664 7.0227
190 61.0902 8.8026
191 75.007 7.0715
192 77.5589 9.7294
193 71.9541 11.5099
194 73.0688 10.8832
195 75.8277 7.2754
196 69.1375 8.2224
197 89.1289 9.6612
198 71.1456 9.8501
199 79.0587 8.6085
200 63.7963 9.0304
201 61.1308 12.7709
202 72.478 6.6584
203 80.2612 9.6094
204 63.7144 12.2495
205 62.5895 7.3848
206 77.5744 9.0939
207 75.1497 5.7527
208 0 0
209 0 0
210 64.0304 7.6924
211 63.0727 8.7433
212 78.4812 7.0323
213 70.2878 6.9263
214 64.5872 6.4839
215 81.1491 7.1651
216 71.4187 8.1201
217 71.746 8.9157
218 69.03 5.643
219 74.8812 6.6945
220 63.0278 6.9616
221 70.9687 6.8329
222 68.3762 7.6443
223 62.0772 12.682
224 73.5029 7.6144
225 66.4714 8.1008
226 81.0311 8.0421
227 81.0532 8.5037
228 73.7349 6.7119
229 0 0
230 0 0
231 54.2148 11.4118
232 55.9929 8.3244
233 65.4649 7.4549
234 61.624 12.1965
235 49.9361 15.8844
236 57.757 10.5306
237 61.6965 8.7161
238 71.0778 6.8833
239 83.866 7.2083
240 75.495 9.9334
241 65.504 7.2749
242 85.2626 6.0537
243 76.9871 11.3281
244 64.685 9.1352
245 78.3486 7.9132
246 79.7121 7.3674
247 70.4995 7.721
248 82.4281 7.179
249 67.0835 6.4458
250 0 0
251 0 0
