0 74.4448 7.9746
1 78.2496 6.525
2 72.642 6.5336
3 70.5013 7.6374
4 57.4892 6.8411
5 68.5993 10.3548
6 72.8563 9.7963
7 70.9522 9.0059
8 76.5484 10.2483
9 63.4718 9.5152
10 78.6367 7.6922
11 75.0508 7.0307
12 71.6242 8.5137
13 76.0139 10.597
14 66.7191 7.093
15 71.3493 7.8727
16 69.1681 7.7408
17 75.4323 8.5208
18 74.0648 6.7243
19 73.6774 6.5588
20 73.4894 7.6662
21 76.4615 6.211
22 73.6923 7.7463
23 62.2038 5.9005
24 77.0109 5.6693
25 77.9055 8.0066
26 82.03 9.3825
27 87.8824 9.8032
28 76.1529 8.3995
29 60.2892 11.0387
30 63.564 8.2035
31 75.4405 7.176
32 68.9694 5.0965
33 64.2319 7.848
34 77.7947 7.1488
35 69.207 11.6631
36 68.4111 7.1198
37 71.0385 6.5229
38 69.2391 7.0877
39 70.5969 6.7303
40 67.9078 6.3333
41 68.1381 6.1077
42 67.2983 6.3966
43 84.4626 5.5808
44 72.4516 6.8044
45 75.678 8.2628
46 71.4239 7.3268
47 60.0888 6.3876
48 79.9664 7.9779
49 66.2886 7.6097
50 68.936 5.384
51 78.3723 8.3435
52 74.1469 8.6889
53 75.2543 6.3468
54 67.7888 13.259
55 60.4364 14.5764
56 84.8933 5.0451
57 62.4506 11.6485
58 72.3674 7.4889
59 68.8514 10.0026
60 74.7739 8.2104
61 75.7353 5.2143
62 61.1265 7.4009
63 75.3937 6.7511
64 66.0239 7.3922
65 68.6887 10.7545
66 76.5048 12.2883
67 78.1038 15.7657
68 91.0967 12.3931
69 73.0661 12.121
70 76.212 8.2571
71 72.5853 10.5312
72 72.0955 12.4392
73 71.1767 10.0925
74 59.915 10.1244
75 55.8856 12.6981
76 48.2444 12.3518
77 65.5456 7.2584
78 72.3753 7.7311
79 58.2744 7.871
80 64.1838 9.4939
81 56.7389 10.468
82 0 0
83 0 0
84 80.3287 7.2327
85 79.3785 7.8414
86 86.8707 7.413
87 85.723 7.9463
88 72.8637 6.3379
89 98.2624 8.1139
90 74.9634 8.8079
91 86.8802 7.2985
92 85.2114 6.473
93 83.5768 9.1405
94 93.0895 7.4972
95 81.623 7.167
96 93.9241 7.235
97 81.0943 8.5411
98 90.7693 0.9506
99 76.4886 6.8793
100 69.2376 9.0297
101 61.5405 9.4278
102 86.1063 8.7519
103 0 0
104 0 0
105 59.8244 4.5401
106 67.958 6.7899
107 72.5282 5.4056
108 61.3458 6.1228
109 80.5656 4.1039
110 74.0674 7.0586
111 80.9543 5.8101
112 75.7996 5.5363
113 76.5233 5.0502
114 93.091 8.006
115 73.6253 4.8765
116 81.9781 4.9029
117 88.7393 8.6462
118 80.2081 10.1451
119 73.4094 7.3081
120 97.5816 6.001
121 82.4705 0.4765
122 97.5649 8.8519
123 87.5731 8.9303
124 0 0
125 0 0
126 86.5578 5.1208
127 82.5013 6.486
128 83.0637 6.1309
129 67.5665 6.0947
130 76.1277 5.5192
131 74.0611 8.5931
132 75.4529 8.4233
133 74.0794 11.2237
134 65.4125 15.0772
135 66.2639 9.7129
136 71.7194 6.6105
137 73.4347 10.2371
138 65.5464 15.1511
139 73.4307 8.3112
140 74.1571 10.404
141 73.9093 6.9861
142 71.553 7.5655
143 65.422 9.8985
144 68.0148 7.1312
145 64.5279 8.3131
146 69.2243 7.1907
147 72.2224 8.2342
148 68.7069 6.7129
149 73.9778 6.4562
150 71.4532 5.5944
151 79.007 6.3851
152 66.6838 6.1749
153 77.273 7.5982
154 70.6467 7.9084
155 61.86 7.3083
156 82.7397 5.7834
157 82.1886 7.053
158 72.1899 7.5365
159 78.7281 8.0286
160 88.5585 7.8412
161 86.1836 8.76
162 87.8756 7.6353
163 58.2539 8.6614
164 71.5266 10.1084
165 59.4523 11.3826
166 58.2579 6.9632
167 69.5261 12.4202
168 69.5955 5.1673
169 57.3526 5.4759
170 73.2746 4.5783
171 58.4497 8.5191
172 74.5316 4.3665
173 92.3172 8.776
174 80.9767 5.8834
175 79.6672 4.7783
176 78.4908 5.2412
177 86.1107 5.2423
178 76.2173 4.881
179 85.829 4.4818
180 63.0332 11.6571
181 70.4303 7.2937
182 59.9314 9.2753
183 78.3031 1.1068
184 65.7587 6.7096
185 62.1603 13.3603
186 54.9118 8.2738
187 78.005 14.5822
188 57.5769 10.1754
189 79.5027 7.35
190 61.0036 8.8694
191 75.0982 7.155
192 77.3159 9.7267
193 72.0155 11.3821
194 72.9186 10.7
195 75.9417 7.1946
196 69.2928 7.8654
197 88.9775 9.4824
198 70.6972 9.8428
199 79.0222 8.7194
200 64.1651 8.9187
201 61.6642 11.9767
202 72.3159 6.4919
203 80.3543 9.2847
204 64.3845 11.4032
205 62.7646 7.0808
206 77.9723 8.7081
207 75.0504 5.5596
208 0 0
209 0 0
210 64.5387 7.1928
211 63.082 8.2784
212 78.5328 6.7319
213 70.402 6.6315
214 65.2267 6.1509
215 81.5616 6.9151
216 71.8248 7.7552
217 72.0716 8.3627
218 69.2266 5.8362
219 74.7541 6.9627
220 63.0578 7.0076
221 71.0748 6.8793
222 68.4099 7.9528
223 61.5569 12.9701
224 73.6361 7.7293
225 66.4884 8.2429
226 80.9149 7.8418
227 81.014 8.4504
228 73.651 6.7261
229 0 0
230 0 0
231 53.7807 11.297
232 56.49 8.1556
233 65.4859 7.415
234 61.9634 11.3985
235 48.6373 15.8741
236 57.452 10.5865
237 61.9941 8.3581
238 71.2975 6.7011
239 83.8398 6.9316
240 75.3616 9.9434
241 65.241 7.3802
242 85.4844 6.0389
243 76.8453 11.0821
244 65.1898 8.899
245 78.1738 8.1284
246 79.0343 7.3242
247 69.629 7.7897
248 81.8262 7.1366
249 66.1523 6.6822
250 0 0
251 0 0
