0 74.4019 7.894
1 75.2443 0.4919
2 72.7146 6.4544
3 70.6737 7.5966
4 57.4892 6.9349
5 68.6469 10.3549
6 72.8417 9.5211
7 71.0843 9.0785
8 76.4152 9.9688
9 63.5263 9.4717
10 78.8601 7.3427
11 75.2825 6.9882
12 71.6901 8.2724
13 76.5155 10.2959
14 66.7018 6.9068
15 71.4293 7.7027
16 69.0582 7.8877
17 75.1548 8.4824
18 74.1133 6.85
19 73.7278 6.4784
20 73.3099 7.7339
21 76.2469 6.1802
22 73.6425 8.1165
23 62.0691 5.9756
24 77.1854 5.6945
25 77.6487 7.9907
26 82.2322 9.3328
27 87.5544 9.8529
28 76.099 8.2878
29 60.0038 11.0268
30 63.5536 8.4214
31 75.714 7.1765
32 68.9675 4.9424
33 64.096 8.0132
34 77.5727 7.2618
35 69.2711 12.2753
36 68.4389 7.1438
37 71.1821 6.6307
38 69.0538 7.2999
39 70.9006 7.1337
40 67.8879 6.6752
41 68.0685 6.3741
42 67.4937 6.4038
43 84.3434 5.5793
44 72.5096 6.6889
45 75.662 8.2636
46 71.5928 7.3685
47 60.2258 6.3494
48 80.0833 7.867
49 66.5053 7.6355
50 69.1014 5.2728
51 78.2787 8.1951
52 74.2254 8.4908
53 75.2267 6.1497
54 68.166 13.1556
55 61.3779 13.7205
56 84.8022 4.9765
57 62.4439 12.0152
58 72.3714 7.5158
59 68.9398 9.972
60 74.9964 8.068
61 76.1333 5.169
62 61.3662 7.786
63 75.7797 6.6846
64 66.3841 7.2989
65 68.7071 11.1076
66 77.1023 11.9829
67 78.4456 15.4779
68 91.3487 12.5968
69 74.0748 11.6343
70 76.3122 7.9804
71 72.6677 10.5845
72 72.5198 11.8516
73 71.5662 9.9922
74 60.184 10.1056
75 55.9285 13.0305
76 48.8086 12.6211
77 65.7792 7.3894
78 72.3923 7.8523
79 58.14 7.7066
80 64.0144 9.2896
81 56.5337 10.5185
82 0 0
83 0 0
84 80.4369 7.0757
85 78.9344 7.4473
86 86.9412 7.2601
87 85.4559 7.7338
88 73.244 6.2576
89 98.4488 7.9856
90 75.1586 8.7108
91 86.7372 7.0736
92 85.4526 6.5686
93 83.1722 9.0056
94 93.0557 7.4514
95 81.7191 7.0574
96 94.5168 7.3
97 81.5206 8.4168
98 91.0874 7.0061
99 76.3693 6.7469
100 68.8712 9.219
101 61.7418 9.7947
102 86.1918 8.4226
103 0 0
104 0 0
105 59.8049 4.6035
106 68.0903 6.7058
107 72.8572 5.3781
108 61.3394 6.2607
109 80.2997 4.165
110 74.2831 6.9263
111 80.8881 5.7565
112 75.5342 5.6126
113 76.6104 5.0316
114 92.6185 8.2289
115 73.5543 4.9462
116 81.9347 4.929
117 88.9379 8.6924
118 80.274 10.2073
119 73.2742 7.5035
120 97.7727 6.2415
121 78.118 5.7556
122 97.6291 8.8229
123 87.9804 9.2726
124 0 0
125 0 0
126 86.4645 5.1633
127 82.2856 6.5428
128 82.9772 6.3904
129 67.4702 6.1635
130 75.8695 5.5699
131 73.8239 8.4745
132 75.2693 8.5014
133 74.0537 11.5074
134 65.8055 14.8556
135 66.3665 10.0638
136 71.783 6.6041
137 73.5145 10.258
138 65.9206 15.2232
139 73.0735 8.8306
140 74.1787 10.5774
141 73.9557 7.0763
142 71.5482 7.6273
143 65.8455 10.0156
144 68.1423 7.2212
145 64.5685 8.3156
146 69.0014 7.7644
147 72.4463 7.8784
148 69.046 6.5016
149 74.4402 6.0927
150 71.7529 5.3053
151 79.1984 6.173
152 67.0581 5.889
153 77.4566 7.2115
154 70.9741 7.6752
155 62.1606 7.011
156 82.953 5.5628
157 82.4984 6.8777
158 72.0614 7.5205
159 70.2466 7.2541
160 88.8635 7.6428
161 86.414 8.2786
162 87.9594 7.2715
163 57.9637 8.8867
164 71.4899 10.0725
165 58.358 12.2961
166 58.0134 6.9868
167 69.5647 13.1147
168 69.5157 5.1047
169 57.2447 5.5435
170 73.2623 4.5774
171 58.1426 8.8148
172 74.4249 4.3414
173 92.2549 8.7446
174 81.1247 5.7512
175 79.7049 4.7964
176 78.6223 5.2456
177 86.157 5.1197
178 76.4072 4.8488
179 86.0945 4.4953
180 63.3683 11.9587
181 70.3761 7.3828
182 59.582 9.8975
183 78.2796 1.1281
184 65.8471 6.6781
185 62.2968 13.4702
186 54.6219 8.4502
187 78.0381 14.9864
188 57.9616 10.1211
189 79.5992 7.1665
190 61.1848 8.5923
191 75.0964 6.9724
192 77.4517 9.7161
193 72.0347 11.5684
194 73.0666 10.6763
195 75.9093 7.2005
196 69.4407 8.2295
197 89.1725 9.6005
198 71.3173 9.666
199 79.2831 8.4643
200 63.759 9.1889
201 61.1371 12.9906
202 72.5417 6.7261
203 80.3003 9.4705
204 64.04 11.9223
205 62.6638 7.3338
206 77.5677 8.7766
207 75.4107 5.5302
208 0 0
209 0 0
210 64.4843 7.2033
211 63.6598 8.2359
212 78.5022 6.6499
213 70.6462 6.4698
214 64.7011 6.1733
215 81.5739 6.8993
216 71.3941 7.7961
217 71.9165 8.3987
218 69.1495 5.72
219 74.6052 6.8612
220 62.9137 7.214
221 70.6654 6.9573
222 68.0951 7.9415
223 61.7243 13.2624
224 73.4188 7.8424
225 66.1635 8.589
226 80.7425 8.1158
227 81.0246 8.5542
228 74.2894 6.7407
229 0 0
230 0 0
231 54.0205 11.356
232 56.3967 8.0282
233 65.5067 7.234
234 61.9969 11.9053
235 49.0571 16.5073
236 58.4482 9.9538
237 61.7094 8.476
238 71.4481 6.5434
239 83.9408 6.9559
240 75.5699 9.6809
241 65.5208 7.0154
242 85.5757 5.921
243 77.2881 10.9574
244 65.1561 8.8349
245 78.357 7.7508
246 79.7249 7.4261
247 70.1341 7.7788
248 82.3514 7.3048
249 66.987 6.6829
250 0 0
251 0 0
