0 74.2765 8.0927
1 71.5234 6.7432
2 72.535 6.6997
3 70.4759 7.7604
4 57.4213 6.9975
5 68.7962 10.7203
6 72.8722 9.7737
7 71.1589 8.9845
8 76.1811 10.2585
9 62.9624 9.7255
10 78.8061 7.7344
11 75.1563 7.2417
12 71.7983 8.4566
13 76.4057 10.279
14 66.7244 7.0726
15 71.2498 8.2639
16 69.0248 8.0694
17 75.2266 8.6577
18 73.9188 7.1055
19 73.4594 6.9647
20 73.2409 7.8723
21 76.1848 6.3065
22 73.991 8.113
23 62.24 5.8838
24 77.4352 5.8006
25 77.3972 7.9433
26 82.2758 9.6756
27 87.4024 10.087
28 76.4311 8.5119
29 59.8339 11.5971
30 63.3872 8.9053
31 75.5434 7.6046
32 69.0108 5.0777
33 64.0709 8.305
34 77.5138 7.3753
35 69.1557 11.3033
36 68.182 7.6272
37 71.1974 6.7872
38 68.8431 7.3235
39 71.1044 7.1407
40 67.9009 6.8029
41 68.1531 6.6031
42 67.5348 6.7676
43 84.343 5.8526
44 72.3156 7.1499
45 75.4896 8.7717
46 71.4282 7.72
47 60.1059 6.4681
48 80.1165 8.2103
49 66.1457 8.0141
50 69.0289 5.5203
51 78.3636 8.6043
52 74.363 8.9147
53 75.4752 6.4075
54 68.3562 12.6544
55 60.7869 14.2189
56 84.924 5.3191
57 62.4323 12.3486
58 72.1704 7.9158
59 68.9606 10.4214
60 74.439 8.3285
61 76.0299 5.3991
62 61.0679 8.2714
63 75.6265 6.9914
64 66.2562 7.5194
65 68.4198 11.269
66 76.6384 12.3977
67 78.4817 15.0873
68 90.9219 13.0246
69 73.8547 12.3475
70 75.9334 8.1448
71 72.3598 10.8082
72 72.0512 11.8248
73 71.1702 10.6005
74 60.192 10.4248
75 55.8698 13.3467
76 50.9686 11.6939
77 65.8309 7.4145
78 72.5527 8.1052
79 57.9476 8.1043
80 64.4586 9.3522
81 57.1211 10.2727
82 0 0
83 0 0
84 80.4209 7.2709
85 79.1465 7.7006
86 87.2241 7.3591
87 85.8746 7.9562
88 73.1638 6.5041
89 98.5955 8.2728
90 75.0119 8.866
91 86.9989 7.3489
92 85.1883 6.6913
93 82.9728 9.2845
94 92.7607 7.6584
95 81.4619 7.2458
96 94.5624 7.6918
97 81.4037 8.6133
98 91.1314 7.0431
99 76.4488 6.9784
100 69.0636 9.5022
101 61.9438 10.0189
102 86.2532 8.7297
103 0 0
104 0 0
105 59.6689 4.7387
106 67.9023 7.0953
107 72.8661 5.6794
108 61.4749 6.4834
109 80.3121 4.3971
110 73.981 7.3728
111 80.7592 6.1067
112 75.5916 5.8735
113 76.468 5.2328
114 92.5789 8.7664
115 73.5995 5.252
116 81.9436 5.2491
117 88.7837 9.1424
118 80.254 10.5366
119 73.3003 7.9652
120 97.4191 6.5465
121 78.0152 6.0104
122 97.5641 8.8544
123 87.7204 9.2275
124 0 0
125 0 0
126 86.7065 5.0889
127 82.3832 6.6054
128 83.027 6.3714
129 67.6683 6.1729
130 75.7137 5.6639
131 73.8936 8.3069
132 75.2797 8.2909
133 74.1932 10.9448
134 65.4786 14.6928
135 66.6507 9.7573
136 72.0312 6.7573
137 73.3401 10.3224
138 65.9138 15.3369
139 73.3661 8.5339
140 74.3575 10.369
141 74.053 7.3094
142 71.5354 8.0112
143 65.442 10.5181
144 67.7104 7.4802
145 63.8729 8.8036
146 69.1832 8.0582
147 72.693 7.7721
148 68.8831 6.7227
149 74.2218 6.3997
150 71.7503 5.5557
151 79.3196 6.2162
152 66.9926 6.2927
153 76.9074 7.6178
154 71.0255 8.0634
155 61.3815 7.5889
156 82.7412 6.0175
157 82.1335 7.4333
158 71.8915 8.0401
159 69.4254 7.6856
160 88.3745 8.3723
161 86.1105 8.9172
162 87.6332 7.7885
163 58.7388 8.3188
164 71.3203 10.2871
165 58.5853 12.0779
166 58.0329 7.217
167 69.6066 12.6142
168 69.2902 5.375
169 57.1934 5.6621
170 73.0576 4.8013
171 57.5165 8.8438
172 74.2986 4.5366
173 92.1465 9.0993
174 81.0679 6.0345
175 79.6568 5.0615
176 78.3356 5.4943
177 86.215 5.2509
178 76.1655 5.0352
179 85.8616 4.7512
180 63.9054 12.0943
181 70.4058 7.5827
182 59.669 9.8037
183 77.6374 2.6452
184 65.9121 6.8353
185 62.792 13.6516
186 54.5765 8.5795
187 78.1637 15.2053
188 58.0685 10.3099
189 79.8881 7.3142
190 61.1672 8.7572
191 75.1273 7.2913
192 77.5852 9.9218
193 71.6748 11.947
194 73.233 10.8801
195 75.8555 7.1652
196 69.0044 8.3594
197 88.998 9.797
198 71.3869 9.9201
199 78.9872 8.8093
200 64.1722 9.1807
201 62.1953 11.8042
202 72.3266 6.7986
203 79.9982 9.676
204 64.1351 11.7636
205 62.9291 7.143
206 77.6958 8.9131
207 75.314 6.0208
208 0 0
209 0 0
210 64.8709 7.167
211 63.9121 7.9076
212 78.7866 6.6705
213 70.5388 6.6736
214 65.1868 6.1648
215 81.8559 7.0068
216 72.1702 7.7709
217 71.9478 8.2708
218 69.0025 5.8884
219 74.6962 7.0421
220 62.8098 7.365
221 70.7936 7.152
222 68.0252 8.1527
223 62.072 12.8612
224 73.2964 8.2415
225 66.3375 8.7924
226 80.5877 8.4602
227 80.6695 9.0179
228 73.9595 7.0847
229 0 0
230 0 0
231 54.6499 11.1515
232 56.2392 8.2698
233 65.6471 7.4914
234 61.8986 12.3763
235 50.662 15.173
236 57.8973 10.497
237 61.7451 8.7911
238 71.2164 7.0318
239 83.8929 7.3013
240 75.1334 10.0096
241 65.3667 7.2249
242 85.4531 6.2303
243 76.6649 11.5112
244 65.1564 9.5192
245 78.4568 8.1985
246 79.5628 7.6098
247 70.2396 8.0726
248 82.3317 7.8226
249 67.0369 6.68
250 0 0
251 0 0
