0 73.7293 8.5078
1 78.0035 6.7112
2 72.402 6.9885
3 70.3006 8.3044
4 56.5729 7.3664
5 68.0134 11.2974
6 72.4137 10.4303
7 70.7544 9.8076
8 76.2401 10.3145
9 63.492 9.8255
10 78.708 7.6851
11 75.1267 7.2042
12 71.6973 8.5891
13 76.2513 10.6838
14 66.6306 7.0346
15 71.4387 7.905
16 68.9697 8.0423
17 75.139 8.7859
18 73.9449 6.8957
19 73.6869 6.7163
20 73.1946 7.9354
21 76.1761 6.2587
22 73.6316 8.2809
23 62.0595 6.0489
24 77.3261 5.7236
25 77.4725 8.2396
26 82.1939 9.6233
27 87.5411 10.0311
28 76.1018 8.4488
29 59.6786 11.8573
30 63.5539 8.8798
31 75.7156 7.6579
32 68.8997 5.146
33 63.7863 8.4458
34 77.6295 7.5212
35 69.0994 12.0273
36 68.2493 7.5081
37 71.2099 6.9361
38 69.0228 7.477
39 70.7983 7.2734
40 67.7169 6.9466
41 68.0726 6.621
42 67.4991 6.7671
43 84.2574 5.8792
44 72.2539 7.1051
45 75.5201 8.8299
46 71.3014 7.7498
47 59.9134 6.6766
48 79.9782 8.2845
49 66.1906 8.0566
50 68.9357 5.584
51 78.1016 8.7366
52 74.0272 8.9689
53 75.2145 6.5785
54 67.6646 13.6044
55 61.0784 14.3855
56 84.7662 5.206
57 62.3184 12.6627
58 72.2097 7.9607
59 68.7896 10.5853
60 74.7351 8.5239
61 75.9803 5.4257
62 61.1984 7.9935
63 75.6133 6.8607
64 66.0982 7.4932
65 68.4669 11.4705
66 76.892 12.5138
67 78.5895 15.135
68 91.2244 13.0294
69 73.9681 12.3717
70 76.2315 8.3064
71 72.6189 10.8664
72 72.1849 12.3035
73 71.4704 10.2372
74 60.1646 10.3774
75 55.9448 12.593
76 48.3676 12.8957
77 65.6659 7.445
78 72.3096 8.0591
79 57.8978 7.8923
80 63.9664 9.4381
81 57.0337 10.3996
82 0 0
83 0 0
84 80.3012 7.2433
85 79.3029 7.7879
86 87.0896 7.5495
87 85.8958 7.9386
88 73.005 6.4205
89 98.4443 8.1427
90 74.9776 8.931
91 87.0546 7.2996
92 85.3572 6.5678
93 83.4259 9.3271
94 93.1137 7.593
95 81.8424 7.1555
96 94.3343 7.2637
97 81.5469 8.4819
98 90.8486 6.9873
99 76.5188 6.8645
100 69.0276 9.307
101 61.6716 9.8465
102 86.1979 8.5873
103 0 0
104 0 0
105 59.5676 4.8216
106 67.9008 6.9779
107 72.6956 5.5957
108 61.2901 6.5218
109 80.3363 4.3532
110 74.2063 7.2511
111 80.8219 6.0586
112 75.4851 5.8273
113 76.5258 5.2392
114 92.6641 8.4607
115 73.5356 5.1142
116 81.8462 5.0632
117 88.8564 8.9038
118 80.1517 10.6658
119 73.1472 7.6549
120 97.6034 6.4094
121 78.1627 5.8378
122 97.5869 8.9219
123 87.7999 9.229
124 0 0
125 0 0
126 86.6636 5.2995
127 82.3652 6.5216
128 83.0474 6.4341
129 67.4775 6.2557
130 75.8869 5.7166
131 73.9143 8.6147
132 75.3783 8.6094
133 74.3363 11.149
134 66.0534 14.8067
135 66.3958 10.238
136 71.8028 6.8291
137 73.2945 10.474
138 66.0329 15.5301
139 73.0748 8.9646
140 74.1814 10.7282
141 73.8531 7.1137
142 71.5133 7.8322
143 65.7164 10.3342
144 68.0939 7.4016
145 64.6541 8.538
146 69.0764 7.9874
147 72.2239 8.3096
148 68.687 6.9307
149 74.079 6.401
150 71.5466 5.5597
151 79.0724 6.4133
152 66.8132 6.2647
153 77.1446 7.6718
154 70.8204 8.2207
155 61.7548 7.3375
156 82.82 5.8616
157 82.2124 7.1441
158 72.0799 7.8563
159 69.8991 7.529
160 88.6301 8.0546
161 86.2938 8.7306
162 87.9208 7.5583
163 57.7969 8.9332
164 71.6104 10.1747
165 58.8604 12.0778
166 58.1569 7.0833
167 69.8848 12.8542
168 69.3981 5.321
169 57.1404 5.7673
170 73.2556 4.706
171 57.7774 9.2192
172 74.4933 4.3933
173 92.2377 9.1161
174 81.2234 5.9999
175 79.6834 4.9478
176 78.6854 5.4029
177 85.9773 5.3398
178 76.3987 5.0311
179 85.9564 4.6387
180 63.3518 12.1512
181 70.3598 7.5298
182 59.6916 9.9799
183 78.2447 1.1791
184 65.7455 6.9099
185 62.0341 13.9756
186 54.7238 8.4392
187 77.7924 15.7091
188 57.4374 10.5615
189 79.7018 7.1619
190 61.3075 8.7649
191 75.0981 7.1324
192 77.6351 9.7271
193 71.9351 11.5024
194 73.2478 10.8631
195 75.9151 7.3529
196 69.3262 8.4065
197 89.1704 9.658
198 71.4755 9.7288
199 79.2793 8.5014
200 63.8668 9.014
201 61.5394 12.4724
202 72.4826 6.6419
203 80.3199 9.3944
204 63.9211 11.9239
205 62.8848 7.2729
206 77.7027 8.8856
207 75.1786 5.5983
208 0 0
209 0 0
210 64.2488 7.7081
211 63.3189 8.6408
212 78.5265 6.9048
213 70.3258 6.8295
214 64.7801 6.5311
215 81.4491 7.1329
216 71.5066 8.1854
217 71.8041 9.049
218 69.0918 5.8361
219 74.6566 6.8779
220 62.791 7.1947
221 70.8322 7.0962
222 68.3732 7.9324
223 61.6166 13.1948
224 73.4675 7.8916
225 66.159 8.5292
226 80.8435 8.5103
227 80.877 8.911
228 74.1334 6.9997
229 0 0
230 0 0
231 53.767 12.0051
232 55.998 8.6136
233 65.5101 7.6797
234 61.4387 12.6412
235 50.5801 15.8221
236 57.3774 10.9767
237 61.7767 9.0118
238 71.3536 7.0436
239 83.8171 7.356
240 75.3446 10.2545
241 65.4299 7.3944
242 85.489 6.1664
243 77.0798 11.6373
244 64.9629 9.3564
245 78.3201 8.1172
246 79.7649 7.3575
247 70.3715 7.6808
248 82.2553 7.1601
249 67.0221 6.5815
250 0 0
251 0 0
