0 74.2805 8.1111
1 75.2456 0.4946
2 72.4818 6.6671
3 70.6335 7.969
4 57.3775 7.101
5 68.5825 10.6192
6 72.7559 9.8125
7 70.9224 9.3056
8 76.3273 10.2067
9 63.3381 9.7614
10 78.8642 7.6281
11 75.1985 7.09
12 71.6602 8.6562
13 76.5307 10.6498
14 66.7035 7.0701
15 71.3396 7.9037
16 68.8998 8.1534
17 75.1612 8.9496
18 74.0438 7.0542
19 73.8424 6.6972
20 73.0773 8.0624
21 76.2821 6.3437
22 73.6591 8.2571
23 62.0425 6.0875
24 77.1894 5.9032
25 77.5886 8.2718
26 82.1855 9.4608
27 87.597 10.1315
28 76.1733 8.466
29 60.0575 11.5067
30 63.4809 8.7002
31 75.8241 7.3383
32 68.9148 4.9623
33 64.0755 8.2164
34 77.6404 7.4232
35 69.2388 12.0987
36 68.4166 7.3688
37 71.0662 6.5959
38 69.1733 7.2068
39 70.9612 7.1175
40 67.9477 6.6806
41 68.1703 6.3871
42 67.3727 6.4624
43 84.42 5.617
44 72.6097 6.6992
45 75.5645 8.3729
46 71.6173 7.489
47 60.329 6.4361
48 80.1543 7.9207
49 66.4386 7.7836
50 69.1753 5.3233
51 78.2569 8.3612
52 74.2343 8.5975
53 75.2889 6.2623
54 68.0342 13.4207
55 61.1911 14.1521
56 84.8333 5.1896
57 62.6959 12.3342
58 72.19 7.8029
59 68.9125 10.1883
60 74.8712 8.2999
61 76.1622 5.2662
62 61.2272 7.9333
63 75.6049 6.8923
64 66.0338 7.4892
65 68.493 11.4284
66 76.9253 12.2955
67 78.5433 15.0757
68 91.2449 12.8643
69 74.0319 11.8788
70 76.4203 8.0806
71 72.7106 10.5991
72 72.5041 11.9284
73 71.4162 10.0348
74 60.2846 10.3642
75 55.6026 13.13
76 49.3888 12.6177
77 65.8596 7.4867
78 72.4741 7.9943
79 58.2398 7.86
80 64.0804 9.4943
81 56.9805 10.4735
82 0 0
83 0 0
84 80.2091 7.3956
85 79.0569 7.7344
86 86.8461 7.4818
87 85.7564 8.0827
88 72.992 6.4063
89 98.4216 8.2361
90 75.0364 9.0938
91 86.8646 7.4783
92 85.2871 6.7879
93 83.0216 9.4038
94 92.9733 7.6601
95 81.6534 7.2645
96 94.5829 7.5003
97 81.4845 8.593
98 90.9773 7.108
99 76.3632 6.9391
100 69.2752 9.0924
101 61.7648 9.6811
102 86.184 8.3197
103 0 0
104 0 0
105 59.7943 4.7612
106 67.9041 6.9046
107 72.7855 5.5157
108 61.2738 6.3996
109 80.2879 4.316
110 74.1957 7.2166
111 80.8891 5.928
112 75.6031 5.7021
113 76.68 5.1138
114 92.6976 8.3321
115 73.6386 5.0036
116 81.761 4.9961
117 88.937 8.8538
118 80.1108 10.3896
119 73.2598 7.4705
120 97.6344 6.2694
121 78.2163 5.7617
122 97.444 8.7252
123 87.8073 9.0517
124 0 0
125 0 0
126 86.6398 5.2004
127 82.2099 6.6067
128 82.9625 6.3944
129 67.5666 6.2587
130 75.831 5.7593
131 73.9215 8.5389
132 75.2521 8.5607
133 74.1928 11.274
134 65.9432 15.0158
135 66.4045 10.1193
136 71.8394 6.827
137 73.3241 10.4997
138 66.0554 15.2744
139 73.233 8.8725
140 74.2241 10.6663
141 73.8932 7.1683
142 71.581 7.9088
143 65.6224 10.1685
144 68.0495 7.3865
145 64.5114 8.5427
146 69.1517 7.8852
147 72.3037 8.0687
148 68.9582 6.6527
149 74.407 6.2352
150 71.7578 5.3855
151 79.2056 6.1914
152 67.0892 6.1662
153 77.2208 7.5022
154 70.8953 7.9058
155 61.9219 7.3335
156 82.9531 5.7235
157 82.3402 7.0816
158 71.9099 7.7452
159 70.0946 7.4503
160 88.7999 7.8074
161 86.3978 8.5234
162 87.9433 7.5508
163 57.8365 9.0994
164 71.5286 10.4047
165 58.5026 12.4314
166 57.9989 7.2439
167 69.639 13.3441
168 69.6078 5.2431
169 57.3315 5.6923
170 73.3041 4.6628
171 58.2317 8.877
172 74.523 4.4658
173 92.0887 9.2025
174 81.1039 6.0034
175 79.4659 4.9831
176 78.5667 5.479
177 85.9805 5.3557
178 76.3659 5.0842
179 85.9525 4.7204
180 63.5362 11.992
181 70.3689 7.5097
182 59.8133 9.8982
183 78.2101 1.127
184 65.8848 6.8206
185 62.1355 13.8457
186 54.7602 8.4074
187 78.0314 15.2156
188 57.9803 10.2255
189 79.8429 7.1293
190 61.3739 8.6989
191 75.0714 7.1651
192 77.5593 9.6909
193 72.0011 11.564
194 73.1287 10.7399
195 75.9008 7.2435
196 69.3285 8.3539
197 89.213 9.5736
198 71.2938 9.821
199 79.3301 8.505
200 64.3061 9.003
201 61.4864 12.4279
202 72.5988 6.6844
203 80.2572 9.3382
204 64.1743 11.8969
205 63.0156 7.1548
206 77.9802 8.6708
207 75.2903 5.6062
208 0 0
209 0 0
210 64.2763 7.6268
211 63.3814 8.654
212 78.5994 6.9195
213 70.3845 6.859
214 64.8245 6.4999
215 81.4221 7.1163
216 71.6775 8.2002
217 71.7799 8.985
218 69.0232 5.8602
219 74.677 6.9617
220 62.9186 7.2351
221 70.7125 7.0965
222 68.082 8.1256
223 61.8019 13.3562
224 73.2703 7.9976
225 66.1541 8.7071
226 80.8241 8.2501
227 80.9081 8.8022
228 74.2274 6.8961
229 0 0
230 0 0
231 54.4518 11.3494
232 56.0992 8.3856
233 65.5861 7.4756
234 61.5687 12.3293
235 49.7544 16.1257
236 58.0385 10.3929
237 61.7575 8.6678
238 71.3018 6.8116
239 83.7226 7.1322
240 75.5076 10.0422
241 65.5209 7.1967
242 85.604 6.0865
243 77.0262 11.233
244 64.98 9.0492
245 78.2492 7.9698
246 79.197 7.6427
247 69.5941 7.9878
248 81.8545 7.43
249 66.4438 6.8345
250 0 0
251 0 0
