0 65.582 9.4831
1 87.3568 1.6966
2 65.2212 7.8465
3 63.4417 9.0684
4 48.6824 8.3866
5 62.1338 11.7378
6 67.4295 10.808
7 65.9811 10.1601
8 70.7722 10.995
9 57.7382 10.6574
10 74.8698 8.146
11 71.4167 7.6301
12 67.9729 9.2642
13 72.865 11.3908
14 63.3011 7.6621
15 68.1824 8.4376
16 65.3558 8.62
17 71.603 9.3353
18 70.7161 7.3337
19 70.297 7.0304
20 69.6566 8.5437
21 76.6912 6.4672
22 74.3558 8.4893
23 62.7546 6.1397
24 78.1331 6.0071
25 78.0716 8.4289
26 82.742 9.8042
27 88.0289 10.2692
28 77.0462 8.677
29 60.56 11.8153
30 64.391 8.8294
31 76.5137 7.7221
32 69.7827 4.9417
33 64.5911 8.5042
34 78.2887 7.6022
35 69.8876 11.625
36 69.031 7.6645
37 71.6675 7.0192
38 69.6137 7.517
39 71.4993 7.4505
40 68.4453 6.9567
41 68.8193 6.7145
42 68.3924 6.8084
43 85.0109 5.9296
44 73.2765 7.1307
45 76.1821 8.8114
46 72.1036 7.8944
47 60.7634 6.8002
48 80.8978 8.4629
49 67.1912 8.2179
50 69.8771 5.6504
51 79.0354 8.8617
52 74.8692 9.1433
53 75.8468 6.711
54 68.7102 13.3269
55 62.2592 14.1815
56 85.4323 5.3625
57 63.0864 12.8619
58 73.0335 8.1822
59 69.5229 10.7097
60 75.4303 8.5857
61 76.6701 5.4779
62 61.8922 8.1301
63 77.0872 7.0834
64 67.5203 7.7095
65 69.8796 11.6853
66 78.0224 12.7635
67 79.4837 14.6808
68 92.4639 13.3229
69 74.9688 12.6077
70 77.4323 8.5278
71 73.8886 11.0357
72 73.5672 12.4547
73 72.7537 10.557
74 60.9979 11.0198
75 57.0954 12.6938
76 50.0971 13.1934
77 66.4071 7.9872
78 72.9391 8.5965
79 58.5719 8.3799
80 64.5871 9.98
81 57.1515 11.2054
82 0 0
83 0 0
84 81.0862 7.5895
85 79.6681 8.0699
86 87.7499 7.7882
87 86.5019 8.3849
88 73.8508 6.6536
89 99.146 8.5318
90 75.6692 9.3229
91 87.634 7.6866
92 86.072 6.8554
93 84.2022 9.3789
94 93.8117 7.8002
95 82.4816 7.4028
96 94.9353 7.4457
97 82.0557 8.8708
98 91.3653 7.2071
99 77.1213 7.067
100 70.0453 9.3129
101 62.4128 9.8956
102 86.8855 8.7088
103 0 0
104 0 0
105 60.4863 4.9355
106 68.6741 7.2094
107 73.3678 5.7009
108 61.8776 6.6632
109 81.0161 4.4513
110 74.8438 7.5062
111 81.608 6.1603
112 76.3119 5.9992
113 77.4087 5.3908
114 93.5852 8.8442
115 74.4111 5.2537
116 82.7092 5.2863
117 89.6331 9.2716
118 80.8777 10.9108
119 73.9483 7.8652
120 98.5859 6.6328
121 79.0966 6.0937
122 98.3689 9.2365
123 88.6947 9.7459
124 0 0
125 0 0
126 86.5466 5.4675
127 82.3909 6.9026
128 82.9913 6.7008
129 67.5418 6.5398
130 75.917 5.8589
131 73.875 8.89
132 75.2276 8.9406
133 74.2687 11.2569
134 66.2691 14.6395
135 66.2057 10.6001
136 71.7768 7.1022
137 73.4173 10.8326
138 66.009 15.7925
139 73.2078 9.3626
140 74.1564 11.0952
141 73.8212 7.4176
142 71.4135 8.3286
143 65.6152 10.6651
144 67.9387 7.7965
145 64.5136 9.0789
146 69.037 8.3901
147 72.3727 8.3075
148 68.8381 6.9531
149 74.2666 6.4483
150 71.6547 5.6502
151 79.0707 6.4511
152 66.9593 6.4573
153 77.3605 7.8568
154 70.8871 8.4636
155 61.5999 7.6458
156 82.8281 6.126
157 82.1988 7.4967
158 71.8934 8.2575
159 69.8858 7.8696
160 88.6413 8.2674
161 86.306 8.9194
162 87.884 7.866
163 57.991 9.022
164 71.6282 10.6186
165 58.749 12.3437
166 58.0004 7.4011
167 69.6804 13.3736
168 69.0831 5.6308
169 56.8357 6.0875
170 73.1615 4.9703
171 57.7428 9.4774
172 74.5799 4.4959
173 92.0905 9.3571
174 81.2213 6.092
175 79.4295 5.0757
176 78.7604 5.6463
177 86.0675 5.5131
178 76.3933 5.1835
179 85.9262 4.7925
180 63.2605 12.5897
181 70.0704 7.8575
182 59.5442 10.333
183 77.9808 1.1281
184 65.7315 7.1296
185 62.0899 14.0824
186 54.4845 8.7216
187 77.6967 15.7973
188 57.965 10.4533
189 79.629 7.2654
190 61.2789 9.1149
191 75.0775 7.4097
192 77.491 10.0758
193 71.8243 11.8258
194 73.222 11.0469
195 75.9158 7.4398
196 69.2311 8.5744
197 89.0505 9.8758
198 71.3366 10.0725
199 79.1776 8.8927
200 63.8295 9.3728
201 61.3795 12.7047
202 72.5048 7.0161
203 80.309 9.9667
204 63.7339 12.5418
205 62.7494 7.5962
206 77.4998 9.3918
207 75.308 5.7957
208 0 0
209 0 0
210 64.3158 7.7766
211 63.3897 8.727
212 78.6351 7.0034
213 70.4473 6.9509
214 65.1468 6.5607
215 81.6541 7.2641
216 71.9526 8.2511
217 71.7968 9.0801
218 69.3556 5.9138
219 74.6156 6.9795
220 62.9017 7.3872
221 70.7528 7.232
222 68.5472 8.0937
223 61.9117 13.3813
224 73.7501 7.9612
225 65.9654 8.802
226 80.6842 8.7892
227 80.8267 9.1766
228 73.9116 7.3837
229 0 0
230 0 0
231 54.0338 11.8533
232 56.0347 8.6392
233 65.3538 7.8274
234 61.7663 12.7794
235 50.3225 15.2504
236 57.8913 10.8838
237 61.609 9.1149
238 71.2166 7.1269
239 83.7537 7.4591
240 75.2881 10.4595
241 65.4484 7.5198
242 85.5622 6.2741
243 77.0175 11.7809
244 64.9327 9.5584
245 78.1434 8.257
246 79.6495 7.6538
247 69.9224 8.2858
248 82.3393 7.553
249 66.8282 7.1104
250 0 0
251 0 0
