0 74.2253 8.3916
1 71.6259 7.0444
2 72.7002 6.8817
3 71.0049 8.163
4 56.8885 7.4025
5 68.4587 11.0759
6 72.646 10.2785
7 71.1114 9.6403
8 76.4081 10.7906
9 63.1702 10.1296
10 78.8387 8.0525
11 74.9389 7.4635
12 71.6701 9.0077
13 76.3035 11.2548
14 66.485 7.5301
15 71.2068 8.3703
16 68.6924 8.6023
17 74.8338 9.4567
18 73.7227 7.3818
19 73.3146 6.996
20 73.0861 8.6174
21 76.3631 6.5107
22 73.4736 8.6471
23 61.9607 6.2513
24 77.0139 6.0482
25 77.7479 8.5958
26 82.1586 9.9165
27 87.6813 10.5412
28 75.9243 8.8785
29 60.076 11.7139
30 63.2559 9.0199
31 75.7396 7.7156
32 68.8706 5.0365
33 63.9211 8.4769
34 77.5821 7.5342
35 69.3846 11.6352
36 68.2561 7.6071
37 71.1077 6.9496
38 69.2729 7.4623
39 70.9301 7.3301
40 68.0747 6.8849
41 68.1156 6.6744
42 67.3485 6.8061
43 84.2207 5.9551
44 72.3728 7.2082
45 75.3907 8.9068
46 71.4466 7.7962
47 60.1596 6.7682
48 80.1704 8.4036
49 66.3393 8.285
50 69.1374 5.6234
51 78.289 8.8067
52 74.0965 9.2457
53 75.3487 6.619
54 67.9346 13.4436
55 60.9942 14.2786
56 84.6182 5.3349
57 62.1691 12.9393
58 72.33 8.0804
59 68.783 10.6911
60 74.7561 8.6828
61 75.9529 5.4751
62 61.1568 8.2278
63 75.4495 7.1538
64 65.8323 7.8215
65 67.9434 11.9782
66 77.0196 12.6824
67 78.0449 14.8072
68 91.1691 13.3861
69 73.3142 12.4697
70 76.4179 8.4568
71 72.5633 11.0917
72 72.5654 12.2539
73 70.916 10.463
74 60.2775 10.6641
75 56.2717 12.6897
76 49.039 13.1234
77 66.007 7.6474
78 72.5721 8.3094
79 58.2801 8.0987
80 64.2661 9.7403
81 56.9555 10.8408
82 0 0
83 0 0
84 80.185 7.5016
85 78.9579 7.946
86 86.8929 7.8236
87 85.7037 8.2261
88 73.0364 6.646
89 98.4485 8.5443
90 74.9589 9.5131
91 86.8603 7.5869
92 85.2435 6.9118
93 83.0323 9.4944
94 92.9533 7.8578
95 81.6139 7.3344
96 94.3508 7.5112
97 81.3119 8.9635
98 90.8867 7.1979
99 76.2798 7.1323
100 68.9039 9.522
101 61.584 10.0745
102 86.1391 8.7327
103 0 0
104 0 0
105 59.6539 4.987
106 67.982 7.2441
107 72.7641 5.7364
108 61.269 6.7281
109 80.3575 4.4908
110 74.358 7.5415
111 80.7226 6.2262
112 75.7153 6.0029
113 76.7177 5.3875
114 92.8283 8.839
115 73.7069 5.2659
116 82.1598 5.2359
117 89.0277 9.2019
118 80.1943 10.9113
119 73.2741 7.8682
120 97.4373 6.5548
121 78.0587 6.0634
122 97.3605 9.1354
123 87.8179 9.5457
124 0 0
125 0 0
126 86.5784 5.3712
127 82.314 6.8838
128 82.937 6.6087
129 67.4801 6.4562
130 75.8237 5.8955
131 73.8355 8.7792
132 75.2699 8.9083
133 74.1312 11.3048
134 66.0667 14.7798
135 66.1494 10.5191
136 71.8305 7.0116
137 73.4227 10.859
138 66.006 15.6745
139 72.9185 9.3038
140 74.0934 10.9846
141 73.8461 7.37
142 71.3995 8.2836
143 65.5007 10.6003
144 68.0101 7.7157
145 64.4063 9.0183
146 69.0285 8.2575
147 72.469 8.527
148 68.767 7.0515
149 74.216 6.5263
150 71.7389 5.6289
151 79.138 6.4713
152 67.0767 6.471
153 77.2715 7.8693
154 70.7687 8.3273
155 61.4981 7.6609
156 82.8731 5.9919
157 82.2038 7.4189
158 72.0871 8.1162
159 69.8055 7.7986
160 88.5383 8.257
161 86.1685 8.9633
162 87.808 7.8191
163 58.1294 8.9671
164 71.5284 10.4898
165 58.7959 12.3792
166 58.0739 7.3187
167 69.7294 13.1777
168 69.1159 5.5847
169 56.9159 5.9791
170 73.0751 4.9299
171 57.5916 9.4831
172 74.4633 4.5205
173 92.1678 9.414
174 81.0942 6.104
175 79.6178 5.0861
176 78.5379 5.6193
177 86.0597 5.4695
178 76.2402 5.1573
179 85.9976 4.7645
180 63.2689 12.929
181 70.0345 8.1051
182 59.5348 10.4094
183 78.2604 1.3182
184 65.7762 7.3576
185 61.7797 14.7112
186 54.4163 9.0767
187 77.7839 16.5866
188 57.6129 10.7967
189 79.7038 7.3107
190 61.4188 9.0777
191 75.0261 7.285
192 77.4676 9.9692
193 71.89 11.9195
194 72.9997 11.0988
195 75.9422 7.4533
196 69.1816 8.5828
197 89.2488 9.8964
198 71.2154 10.1392
199 79.2432 8.8835
200 64.3093 9.1038
201 61.5072 12.531
202 72.6926 6.233
203 80.3421 9.6737
204 64.4444 12.1486
205 62.9495 7.4639
206 78.0834 9.1941
207 75.2311 5.589
208 0 0
209 0 0
210 64.6443 7.7726
211 63.4896 8.7123
212 78.6446 7.1256
213 70.4942 6.9119
214 65.0779 6.5754
215 81.7558 7.3605
216 71.8856 8.2509
217 71.9404 9.1517
218 69.1933 5.9554
219 74.722 7.1107
220 63.0403 7.3811
221 70.6962 7.2536
222 68.2966 8.1916
223 62.0134 13.4305
224 73.685 7.9915
225 66.1542 8.6597
226 80.6589 8.613
227 80.795 9.3363
228 74.0478 7.2319
229 0 0
230 0 0
231 54.3389 11.7741
232 55.994 8.5751
233 65.391 7.7976
234 61.8223 12.7053
235 50.4123 15.2154
236 57.9831 10.7871
237 61.918 8.9967
238 71.1212 7.0829
239 83.6778 7.4046
240 75.1797 10.4077
241 65.2141 7.4642
242 85.3467 6.2995
243 76.9231 11.6525
244 64.8746 9.3743
245 78.1803 8.2194
246 79.7478 7.6547
247 70.0488 8.0396
248 82.1382 7.5607
249 66.8466 6.9206
250 0 0
251 0 0
