0 65.9549 9.0333
1 85.4276 1.2105
2 65.3732 7.6033
3 63.7366 8.7757
4 48.759 8.12
5 62.1629 11.4574
6 67.4824 10.5626
7 66.1911 9.8783
8 70.9545 10.9566
9 57.8014 10.4712
10 74.9845 7.9263
11 71.4578 7.5224
12 67.848 9.1136
13 72.8642 11.3018
14 63.1281 7.6469
15 68.1598 8.3671
16 65.2849 8.5761
17 71.4476 9.3428
18 70.5863 7.283
19 70.1898 6.9614
20 69.82 8.459
21 76.7318 6.4371
22 74.1968 8.3758
23 62.6732 6.1511
24 77.7285 5.9875
25 78.4028 8.4223
26 82.775 9.7305
27 88.2416 10.3213
28 76.7398 8.7222
29 60.5924 11.6423
30 64.2243 8.7222
31 76.4886 7.6638
32 69.4647 4.9775
33 64.7264 8.3622
34 78.1932 7.4809
35 70.1004 11.3824
36 68.9289 7.5079
37 71.6007 6.7607
38 69.8547 7.2864
39 71.5713 7.295
40 68.7657 6.7606
41 68.7681 6.5918
42 68.2063 6.8228
43 85.0071 5.9396
44 73.2426 7.1737
45 76.269 8.8641
46 72.2281 7.8164
47 60.8523 6.7437
48 80.8509 8.3796
49 67.3324 8.1277
50 69.8977 5.6952
51 79.0771 8.7587
52 74.8739 9.1419
53 76.0726 6.6304
54 68.959 13.2712
55 61.7656 14.4661
56 85.5032 5.3078
57 63.0617 12.8119
58 73.1399 8.0811
59 69.5875 10.488
60 75.6107 8.5751
61 76.686 5.4973
62 61.9338 8.0781
63 77.0326 7.1475
64 67.5347 7.6068
65 69.9168 11.6229
66 77.9859 12.716
67 79.4257 14.8695
68 92.4 13.298
69 74.8176 12.4849
70 77.6673 8.515
71 73.8123 11.0504
72 73.663 12.3618
73 72.5566 10.383
74 61.0296 10.8651
75 57.1198 12.9079
76 49.4766 13.4428
77 66.4495 7.9265
78 73.167 8.4985
79 58.8381 8.2847
80 64.7669 9.8913
81 57.4447 11.0187
82 0 0
83 0 0
84 81.26 7.4515
85 79.885 7.8732
86 87.7568 7.5772
87 86.5543 8.1136
88 73.8551 6.47
89 99.1416 8.2516
90 75.8674 9.0373
91 87.6296 7.4063
92 86.0474 6.792
93 84.1003 9.4742
94 93.7856 7.7343
95 82.5864 7.3247
96 94.9756 7.508
97 82.0857 8.8394
98 91.3996 7.1034
99 77.0732 7.0159
100 69.9098 9.4004
101 62.5667 9.9112
102 86.9721 8.7016
103 0 0
104 0 0
105 60.4638 4.8544
106 68.5724 7.1051
107 73.3467 5.6689
108 61.9708 6.5634
109 81.0125 4.4532
110 74.8729 7.3815
111 81.5272 6.1382
112 76.4107 5.932
113 77.5133 5.3105
114 93.6665 8.6441
115 74.4438 5.2267
116 82.743 5.1866
117 89.7133 8.9974
118 80.9429 10.8014
119 74.0409 7.7904
120 98.666 6.5316
121 79.1047 6.0054
122 98.42 9.1124
123 88.7115 9.4011
124 0 0
125 0 0
126 86.4982 5.4848
127 82.2117 6.8386
128 82.7579 6.6322
129 67.3659 6.5899
130 75.8215 5.9499
131 73.7139 8.9014
132 75.3352 9.0165
133 74.075 11.4111
134 66.2108 14.8163
135 66.3601 10.4457
136 71.8708 6.8975
137 73.4902 10.6621
138 66.1104 15.5035
139 73.3485 9.178
140 74.226 10.9344
141 73.9852 7.3352
142 71.4536 8.1878
143 65.5325 10.4586
144 68.0258 7.617
145 64.4432 8.9103
146 69.1472 8.1929
147 72.3199 8.343
148 68.9056 6.8983
149 74.3848 6.4475
150 71.7684 5.6047
151 79.2234 6.3696
152 67.0177 6.3193
153 77.4665 7.6578
154 70.904 8.1532
155 61.6849 7.5111
156 82.9603 6.008
157 82.3442 7.3406
158 71.9787 8.0846
159 69.9413 7.6885
160 88.5301 8.0782
161 86.3752 8.8338
162 87.926 7.8045
163 58.0553 8.9239
164 71.574 10.5161
165 58.5784 12.4468
166 58.0941 7.3249
167 69.6593 13.3692
168 69.2291 5.6093
169 56.997 5.9689
170 73.0989 4.9699
171 57.8998 9.4774
172 74.521 4.4959
173 92.2319 9.3283
174 81.1242 6.0696
175 79.6841 5.0378
176 78.6123 5.5484
177 86.0683 5.4225
178 76.3663 5.1295
179 85.989 4.7547
180 63.4466 12.9227
181 70.3963 8.0863
182 59.5243 10.5885
183 78.4897 1.2477
184 66.0624 7.2904
185 61.9474 14.6942
186 54.5502 9.0576
187 78.0583 16.5404
188 57.6285 10.7957
189 79.7688 7.3658
190 61.3517 8.9654
191 75.0753 7.25
192 77.551 9.9379
193 71.8053 11.8387
194 73.137 11.0878
195 75.9211 7.4192
196 69.2456 8.5594
197 89.0903 9.7874
198 71.2486 10.0585
199 79.2103 8.7193
200 63.9602 9.3504
201 61.5853 12.6386
202 72.4809 6.9715
203 80.3435 9.8674
204 63.8534 12.4879
205 62.7339 7.5201
206 77.5781 9.293
207 75.3177 5.8089
208 0 0
209 0 0
210 64.2145 7.9367
211 63.4422 8.8755
212 78.5884 7.1869
213 70.5428 7.0551
214 64.7515 6.6372
215 81.3799 7.3823
216 71.6084 8.4563
217 71.6904 9.3268
218 69.161 5.9687
219 74.64 7.0586
220 62.8971 7.3631
221 70.7401 7.2429
222 68.3205 8.1303
223 61.6332 13.5664
224 73.4299 8.0635
225 66.0604 8.7293
226 80.9039 8.7122
227 80.8859 9.381
228 74.0796 7.3314
229 0 0
230 0 0
231 54.3514 11.9581
232 56.0113 8.8058
233 65.4692 7.9245
234 61.5519 12.8705
235 50.8519 15.407
236 57.6901 11.0257
237 61.6786 9.3203
238 71.2283 7.2561
239 83.8683 7.4551
240 75.3233 10.6891
241 65.3534 7.6833
242 85.4845 6.3563
243 77.0913 11.8775
244 64.964 9.5071
245 78.4309 8.3429
246 79.7355 7.5396
247 70.2389 7.9092
248 82.2907 7.3828
249 66.9647 6.7653
250 0 0
251 0 0
