0 73.9432 8.6343
1 71.3669 7.2278
2 72.5644 7.0188
3 70.5401 8.4044
4 56.8557 7.4832
5 68.2759 11.3499
6 72.5606 10.5568
7 70.9168 9.8585
8 76.2787 10.702
9 63.1317 10.2843
10 78.9673 7.8687
11 74.9003 7.4747
12 71.7531 8.959
13 76.2668 11.2456
14 66.4632 7.4892
15 71.1741 8.3158
16 68.7282 8.6024
17 74.7511 9.4605
18 73.8416 7.3947
19 73.2649 7.1321
20 73.0635 8.5419
21 76.2268 6.3839
22 73.5725 8.4238
23 62.0767 6.1707
24 77.3375 5.9726
25 77.4414 8.4192
26 82.3493 9.6953
27 87.4579 10.3371
28 76.3027 8.676
29 60.0763 11.69
30 63.3137 8.9947
31 75.7234 7.7158
32 69.0516 5.1472
33 63.8797 8.4574
34 77.5171 7.5037
35 69.3878 11.6003
36 68.337 7.5612
37 71.1415 7.0076
38 69.2138 7.4728
39 71.0237 7.4209
40 68.0869 6.8859
41 68.2904 6.704
42 67.2875 6.7215
43 84.2407 5.8028
44 72.3959 6.9869
45 75.4547 8.6692
46 71.4152 7.9046
47 60.1306 6.8551
48 80.159 8.3611
49 66.4486 8.1688
50 69.0426 5.6636
51 78.2701 8.825
52 74.237 9.2206
53 75.3174 6.6071
54 67.8485 13.5237
55 60.998 14.5151
56 84.6059 5.4292
57 62.2928 12.9447
58 72.3118 8.207
59 68.7709 10.8701
60 74.8447 8.8768
61 75.9563 5.4978
62 61.1982 8.1531
63 75.3596 7.3104
64 65.7773 7.9474
65 68.0664 12.0021
66 76.7943 12.8381
67 78.2109 14.7217
68 91.0312 13.4938
69 73.342 12.4945
70 76.3717 8.492
71 72.4313 11.2694
72 72.482 12.429
73 70.8525 10.5309
74 60.2878 10.6174
75 56.1286 12.3493
76 48.7892 13.0068
77 65.8273 7.5695
78 72.4338 8.2874
79 58.0459 8.1375
80 64.1214 9.7198
81 56.8304 10.8462
82 0 0
83 0 0
84 80.3515 7.601
85 79.065 8.0552
86 86.8728 7.7843
87 85.706 8.2677
88 72.9098 6.6921
89 98.428 8.5369
90 74.9354 9.393
91 86.8901 7.6442
92 85.2803 6.9014
93 83.0289 9.5874
94 92.9854 7.8297
95 81.5127 7.4311
96 94.5278 7.6261
97 81.4669 8.8877
98 90.8061 7.1995
99 76.358 7.0088
100 69.0459 9.2745
101 61.598 9.8609
102 86.1076 8.5051
103 0 0
104 0 0
105 59.6421 4.9673
106 67.9414 7.2355
107 72.7446 5.7118
108 61.2281 6.7366
109 80.3121 4.4925
110 74.3799 7.4985
111 80.7925 6.1471
112 75.5522 5.9709
113 76.7082 5.4054
114 92.8372 8.781
115 73.6157 5.2225
116 81.9883 5.1724
117 88.9127 9.1014
118 80.1574 10.9152
119 73.3112 7.8975
120 97.375 6.6628
121 78.0076 6.0871
122 97.4153 9.2085
123 87.8495 9.7275
124 0 0
125 0 0
126 86.5894 5.3723
127 82.3127 6.7457
128 82.9362 6.6832
129 67.4576 6.4138
130 75.883 5.8877
131 73.7103 8.8857
132 75.313 8.8601
133 74.2437 11.1649
134 66.1326 14.8006
135 66.2682 10.601
136 71.794 6.9973
137 73.3774 10.8104
138 65.9264 15.8143
139 73.185 9.2142
140 74.1301 11.047
141 73.9177 7.4397
142 71.5086 8.2866
143 65.5286 10.6185
144 67.8673 7.7707
145 64.3755 9.0486
146 68.9265 8.3388
147 72.5286 8.4075
148 68.9007 6.9463
149 74.4074 6.4178
150 71.7364 5.5964
151 79.2008 6.4049
152 67.0509 6.3342
153 77.3094 7.7292
154 70.8684 8.2272
155 61.8495 7.4843
156 82.9015 5.9386
157 82.1768 7.312
158 71.9566 8.072
159 69.9746 7.669
160 88.6011 8.152
161 86.2608 8.8155
162 87.8146 7.6908
163 57.7559 9.3508
164 71.456 10.889
165 58.6154 12.7297
166 57.8608 7.5688
167 69.7814 13.6583
168 69.1708 5.5725
169 56.8974 5.983
170 73.051 4.9342
171 57.777 9.4326
172 74.4433 4.5303
173 92.2705 9.3063
174 81.1078 6.0627
175 79.5795 5.0554
176 78.4772 5.5903
177 86.0532 5.4916
178 76.3732 5.1013
179 85.9554 4.7523
180 63.2594 12.7902
181 70.0211 8.094
182 59.4637 10.4651
183 78.1996 1.2934
184 65.8612 7.3365
185 62.0218 14.6423
186 54.412 9.0201
187 77.7109 16.4681
188 57.7804 10.72
189 79.6725 7.3385
190 61.3515 8.9951
191 74.9104 7.3067
192 77.4633 9.9835
193 71.8352 11.8633
194 73.1081 11.032
195 75.8298 7.4142
196 69.2385 8.55
197 89.128 9.8602
198 71.35 10.1116
199 79.1898 8.8587
200 64.1768 9.332
201 61.8129 12.3257
202 72.6606 6.5244
203 80.3006 9.9171
204 63.9972 12.4584
205 62.9137 7.5565
206 77.794 9.2413
207 75.3257 5.7666
208 0 0
209 0 0
210 64.3136 8.0164
211 63.3142 8.9874
212 78.7594 7.2127
213 70.4487 7.0974
214 64.805 6.7296
215 81.4598 7.4059
216 71.6687 8.5138
217 71.8839 9.3662
218 69.1082 5.9649
219 74.7406 7.1148
220 62.9954 7.4249
221 70.7293 7.2813
222 68.3243 8.2264
223 61.8333 13.5114
224 73.5728 8.1499
225 66.1164 8.7781
226 80.7764 8.86
227 80.8148 9.31
228 73.91 7.424
229 0 0
230 0 0
231 54.2041 11.8397
232 56.1209 8.5656
233 65.4357 7.8312
234 61.5323 12.6765
235 50.4945 15.2608
236 58.1351 10.7455
237 61.7476 9.0419
238 71.121 7.1127
239 83.5804 7.4552
240 75.2405 10.4945
241 65.2843 7.5294
242 85.3346 6.2433
243 77.0044 11.7191
244 64.8256 9.4884
245 78.1111 8.3356
246 79.1176 7.782
247 69.4184 8.1026
248 81.5279 7.4996
249 66.2425 6.9418
250 0 0
251 0 0
