0 74.0589 8.075
1 75.1689 0.4978
2 72.5689 6.8362
3 70.5908 8.0707
4 57.3713 7.0364
5 68.4474 10.5718
6 73.1188 9.9779
7 70.8634 9.37
8 76.2636 10.311
9 63.3423 10.1184
10 78.9602 8.0797
11 75.1328 7.4558
12 71.7386 8.7802
13 76.5642 10.7828
14 66.6416 7.2518
15 71.2958 7.9189
16 68.7002 7.983
17 75.1525 9.0684
18 74.0407 7.1144
19 73.4746 6.7645
20 73.0942 8.2452
21 76.2543 6.5496
22 73.564 8.4951
23 62.0414 6.1499
24 77.0788 5.9435
25 77.6169 8.5685
26 82.2875 9.7359
27 87.5679 10.8369
28 75.8142 8.5408
29 59.4007 11.6917
30 63.1161 8.9273
31 75.651 7.4808
32 68.7279 5.4219
33 63.8498 8.357
34 77.4121 7.4375
35 69.084 11.3487
36 68.3479 7.3025
37 71.0801 6.9095
38 69.0685 7.4284
39 70.8398 7.263
40 67.911 6.7121
41 67.8821 6.4269
42 67.3731 6.6773
43 84.5361 5.843
44 72.1766 7.114
45 75.6037 8.7354
46 71.4323 7.8316
47 60.1639 6.5918
48 80.2303 8.3357
49 66.2865 7.9896
50 68.9139 5.6442
51 78.423 8.6617
52 73.972 8.9564
53 75.3462 6.6202
54 67.2827 13.9833
55 60.4273 14.7403
56 84.5606 5.5011
57 62.4462 12.9059
58 71.7207 8.1872
59 68.5689 10.744
60 75.0653 8.6198
61 75.9161 5.6357
62 61.1332 7.7952
63 75.5106 7.1083
64 66.215 7.4421
65 68.2726 11.3105
66 77.2465 12.3854
67 78.7015 14.3447
68 90.7824 13.1106
69 73.4144 12.3841
70 76.4365 8.4111
71 72.6246 11.0257
72 72.3638 12.523
73 71.3712 10.1139
74 60.1772 10.7317
75 54.7401 12.9985
76 47.5279 13.3105
77 65.7047 7.5885
78 72.3091 7.9748
79 58.4447 8.0351
80 64.065 9.5448
81 56.8086 10.7731
82 0 0
83 0 0
84 80.4701 7.4463
85 78.9485 7.8339
86 86.8141 7.5295
87 85.1877 7.837
88 73.1863 6.486
89 98.2394 8.2043
90 75.0156 8.8985
91 86.9445 7.2688
92 85.2625 6.8402
93 83.0827 9.5985
94 92.8761 7.8613
95 81.8348 7.3904
96 94.349 7.6555
97 81.416 9.1616
98 90.7577 7.2021
99 76.1414 7.1156
100 68.9324 9.2458
101 61.7324 9.8121
102 86.2877 8.7227
103 0 0
104 0 0
105 59.6726 4.828
106 67.8814 7.0437
107 72.8505 5.6732
108 61.2371 6.5681
109 80.3391 4.5502
110 74.3686 7.321
111 80.6561 6.1836
112 75.5944 5.9315
113 76.5191 5.3421
114 92.6583 8.6336
115 73.2973 5.239
116 81.8057 5.371
117 88.675 9.1867
118 80.0201 10.8927
119 73.4935 7.666
120 97.5383 6.6189
121 77.8536 6.0767
122 97.3828 9.1668
123 87.6966 9.6384
124 0 0
125 0 0
126 86.7066 5.3555
127 82.2335 6.6907
128 83.0471 6.5035
129 67.5037 6.4076
130 75.8042 5.8479
131 74.0379 8.7355
132 75.1601 8.7766
133 74.1491 11.0641
134 65.5827 15.2213
135 66.4803 10.0394
136 71.9829 7.0324
137 73.4522 10.6292
138 66.8864 14.4644
139 72.9754 8.8956
140 74.3635 10.8614
141 74.0586 7.3492
142 71.433 8.2557
143 65.264 10.5641
144 67.4911 8.1008
145 64.2793 9.0591
146 68.8575 8.528
147 72.2854 8.0548
148 69.0102 6.6059
149 74.1885 6.4827
150 71.8246 5.5845
151 79.1317 6.3564
152 67.0092 6.2074
153 77.3419 7.7031
154 71.0733 8.2352
155 61.87 7.5444
156 82.7566 5.9737
157 82.0677 7.3368
158 71.8253 7.9915
159 69.7871 7.7116
160 88.4404 8.0936
161 86.2927 8.6666
162 87.9891 7.8157
163 58.1336 8.976
164 71.5548 10.3165
165 58.5426 12.1934
166 58.1383 7.1029
167 69.6851 12.9025
168 69.4167 5.463
169 57.4647 5.8089
170 73.2344 4.8289
171 57.9336 9.1582
172 74.4915 4.5823
173 92.2754 9.3856
174 81.1113 6.0233
175 79.3766 4.9992
176 78.6631 5.548
177 86.1622 5.4891
178 76.3906 5.2321
179 85.8788 4.7222
180 64.0519 12.1123
181 69.8722 7.9145
182 59.3371 10.274
183 78.0301 1.0887
184 65.7059 7.1325
185 60.9671 14.769
186 54.854 8.686
187 77.4368 15.7576
188 58.4047 10.3065
189 79.6513 7.6425
190 61.0399 9.08
191 75.0802 7.4164
192 77.3856 9.8042
193 72.1551 11.6518
194 73.3193 11.0185
195 75.9861 7.3417
196 69.1435 8.6329
197 88.9296 9.897
198 71.3025 9.6154
199 79.2374 8.7702
200 63.7786 9.0315
201 61.583 12.5588
202 72.3724 6.8874
203 80.5589 9.6018
204 63.8884 12.1526
205 62.7719 7.299
206 77.7178 9.2268
207 75.4023 5.9563
208 0 0
209 0 0
210 64.8065 7.2702
211 63.8946 8.4904
212 78.5459 6.6794
213 70.7304 6.5568
214 65.0054 6.1937
215 81.6502 7.2188
216 71.5435 7.8781
217 71.912 8.6168
218 69.1248 5.7628
219 74.6471 6.933
220 62.9766 7.1534
221 70.7802 6.9199
222 68.3462 7.9365
223 62.383 13.2004
224 73.6987 7.8957
225 66.1671 8.9479
226 80.4383 8.4083
227 80.7618 9.0011
228 73.7777 7.0799
229 0 0
230 0 0
231 55.1704 11.05
232 56.5966 8.1189
233 65.3347 7.7409
234 62.0148 12.2379
235 50.6433 15.0461
236 57.878 10.6638
237 61.55 9.0351
238 71.1482 7.0151
239 83.6818 7.419
240 75.4272 10.4026
241 65.5812 7.4932
242 85.3121 6.2754
243 76.7316 11.5338
244 64.7119 9.2005
245 78.1056 8.2942
246 79.6617 7.4551
247 70.5484 7.5777
248 82.2626 7.3981
249 67.2156 6.5909
250 0 0
251 0 0
