0 74.6321 8.859
1 72.1972 7.4307
2 73.3937 7.3497
3 71.3277 8.6611
4 57.9417 7.622
5 69.2971 11.72
6 73.5313 10.9141
7 71.6969 10.2189
8 77.2983 11.0353
9 64.5062 10.3511
10 80.0712 8.2869
11 76.2884 7.6718
12 72.7985 9.2929
13 77.1749 11.4872
14 67.5253 7.639
15 72.18 8.6226
16 69.928 8.6179
17 75.8582 9.546
18 74.8833 7.5239
19 74.4638 7.2173
20 74.2431 8.7298
21 76.7731 6.5959
22 74.1775 8.8984
23 62.6429 6.3946
24 77.9667 6.1538
25 78.3283 8.6304
26 82.8479 10.0302
27 88.1381 10.2321
28 77.0018 8.5765
29 60.4609 12.4451
30 64.2409 9.4528
31 76.6147 8.2135
32 69.7988 5.3512
33 64.4987 9.0473
34 78.1351 8.1306
35 70.0553 11.657
36 68.8108 8.0381
37 71.6165 7.2314
38 69.5991 7.8802
39 71.414 7.8267
40 68.4656 7.2647
41 68.7345 7.0908
42 68.0901 7.4565
43 84.9131 6.4415
44 72.8688 7.7754
45 75.9714 9.3017
46 71.9428 8.2597
47 60.8214 7.134
48 80.6839 8.8276
49 67.0882 8.7022
50 69.9182 6.0195
51 78.9131 9.414
52 74.8094 9.451
53 75.7921 7.0229
54 68.9972 13.2693
55 62.0095 14.2672
56 85.3685 5.7495
57 62.8957 13.4978
58 73.1233 8.728
59 69.2527 11.3511
60 75.4435 9.3102
61 76.5308 5.834
62 62.6708 8.9015
63 76.423 7.4019
64 66.8588 7.8909
65 69.2723 11.7968
66 78.0031 12.9291
67 79.3539 14.385
68 92.1853 14.0566
69 74.4361 13.2237
70 77.3823 8.9452
71 73.4998 12.028
72 73.3122 13.3687
73 72.2486 11.2611
74 61.2216 10.365
75 57.4506 11.4532
76 50.4565 12.0303
77 66.3112 8.0241
78 73.0006 8.7062
79 58.5785 8.4529
80 64.541 10.2499
81 57.6269 11.2372
82 0 0
83 0 0
84 81.0234 7.8895
85 79.6318 8.1977
86 87.64 8.1856
87 86.3314 8.6954
88 73.7158 6.972
89 98.9998 8.915
90 75.6811 9.8885
91 87.5333 7.9514
92 86.1389 7.2945
93 83.8369 10.0988
94 93.6996 8.3066
95 82.3216 7.9032
96 95.0459 8.0272
97 82.1038 9.4939
98 91.4876 7.5849
99 76.9164 7.474
100 69.4739 10.2625
101 62.0551 10.9004
102 86.8977 9.6666
103 0 0
104 0 0
105 54.5098 6.0969
106 63.2059 8.3234
107 68.1127 6.7461
108 55.8363 7.9112
109 75.6122 5.4902
110 69.1321 9.0627
111 611.154 94.7966
112 70.331 6.7241
113 71.9942 5.9366
114 88.2921 9.4597
115 70.1183 5.7624
116 78.4501 5.6835
117 85.5488 9.956
118 76.9276 11.4718
119 70.0281 8.7163
120 93.9546 7.0016
121 74.3208 6.5785
122 93.7192 10.0485
123 84.1544 10.6309
124 0 0
125 0 0
126 86.6387 5.2469
127 82.3253 6.6678
128 83.0951 6.3869
129 67.5264 6.1896
130 75.9638 5.7556
131 73.9292 8.5076
132 75.3486 8.3875
133 74.4477 11.0612
134 66.0314 14.7291
135 66.2942 10.0113
136 71.8778 6.8301
137 73.3414 10.6341
138 65.8783 15.4203
139 73.0856 8.9808
140 74.2287 10.8055
141 73.8524 7.2706
142 71.393 8.1506
143 65.5957 10.336
144 68.0044 7.6972
145 64.3787 8.8708
146 68.988 8.2209
147 72.662 7.9929
148 69.1454 6.7073
149 74.4273 6.25
150 71.7113 5.4356
151 79.1587 6.2238
152 67.0936 6.2097
153 77.3578 7.4131
154 70.7717 7.8638
155 62.1737 7.215
156 83.1403 5.7278
157 82.4257 7.0452
158 72.0453 7.5821
159 70.2681 7.4073
160 88.9676 7.8044
161 86.294 8.5438
162 87.8408 7.504
163 58.2464 8.8606
164 71.3314 10.275
165 58.6252 12.4573
166 58.0473 7.1343
167 69.8355 12.9385
168 69.3446 5.2455
169 57.2496 5.6441
170 73.0463 4.6802
171 58.161 8.7852
172 74.3972 4.4703
173 92.2248 9.0802
174 81.2848 5.9622
175 79.6686 4.9274
176 78.5745 5.4793
177 86.2038 5.3863
178 76.328 5.0211
179 86.073 4.6492
180 63.3745 12.2214
181 70.0809 7.7536
182 59.6012 10.1793
183 77.7661 1.8749
184 66.0044 7.0552
185 61.8484 14.3076
186 54.5791 8.8866
187 77.6765 16.0716
188 57.7346 10.558
189 79.4956 7.3687
190 61.3157 8.8326
191 74.9858 7.1525
192 77.6311 9.5453
193 71.8687 11.467
194 73.1998 10.5816
195 75.8823 7.0646
196 69.3992 8.1703
197 89.2448 9.4408
198 71.3331 9.7131
199 79.1075 8.4808
200 64.2581 8.8724
201 61.8404 12.3156
202 70.136 7.5863
203 80.482 9.3432
204 64.2506 11.868
205 63.0414 7.2065
206 77.9808 8.9192
207 75.3864 5.6484
208 0 0
209 0 0
210 65.0117 7.1365
211 63.8321 8.0618
212 78.7166 6.5775
213 70.7844 6.5022
214 65.3175 6.1997
215 81.9114 6.8309
216 71.9983 7.6103
217 72.0047 8.3606
218 69.1322 5.5688
219 74.8657 6.7038
220 63.2103 7.0736
221 71.0128 6.8422
222 68.2537 7.8214
223 61.9369 13.2134
224 73.4913 7.8468
225 66.4642 8.4253
226 80.6484 8.2759
227 81.1216 8.9021
228 74.0705 7.1254
229 0 0
230 0 0
231 53.739 11.7819
232 56.3283 8.2532
233 65.3076 7.4629
234 61.6955 12.3832
235 49.7613 15.6931
236 57.8689 10.4787
237 61.8516 8.8604
238 71.1398 6.9151
239 83.6242 7.1781
240 75.3273 10.1104
241 65.3108 7.3575
242 85.4661 6.2031
243 76.9102 11.5537
244 64.809 9.3433
245 78.2867 8.1919
246 79.2113 7.7218
247 69.4212 8.0833
248 81.5416 7.6405
249 66.0814 7.0253
250 0 0
251 0 0
