0 74.0183 8.7334
1 71.4319 7.2886
2 72.5922 7.0696
3 70.5701 8.5057
4 56.7257 7.5128
5 68.2604 11.3617
6 72.5712 10.6779
7 70.9188 9.9605
8 76.1264 10.8798
9 63.3638 10.2584
10 78.7761 8.1118
11 75.0592 7.566
12 71.6288 9.2041
13 76.1998 11.3335
14 66.4865 7.4856
15 71.273 8.4847
16 68.9474 8.4136
17 74.9333 9.292
18 73.9204 7.3
19 73.5529 6.9435
20 73.1273 8.4404
21 76.233 6.4857
22 73.5786 8.6423
23 62.0551 6.31
24 77.4688 6.0541
25 77.537 8.6241
26 82.1109 9.9382
27 87.3842 10.3185
28 76.094 8.8187
29 59.4746 12.4234
30 63.1877 9.3618
31 75.9083 8.0992
32 69.0439 5.2067
33 63.8414 8.7859
34 77.4717 7.9556
35 69.2343 11.7022
36 68.2044 7.9632
37 71.1031 7.3351
38 69.0494 7.877
39 70.773 7.7974
40 67.7072 7.2499
41 68.0361 7.1259
42 67.5692 7.0692
43 84.4013 6.1243
44 72.4165 7.4067
45 75.5553 9.1453
46 71.2802 8.0206
47 60.1588 6.884
48 80.0388 8.6307
49 66.4084 8.4377
50 69.1329 5.8131
51 78.264 9.0815
52 74.0607 9.4215
53 75.1551 6.8003
54 67.8339 13.4703
55 61.4731 14.0955
56 84.5908 5.4867
57 62.3173 13.008
58 72.0678 8.3972
59 68.6118 10.8334
60 74.7743 8.6763
61 76.0069 5.5337
62 61.125 8.3426
63 75.6457 7.1508
64 66.0309 7.7423
65 68.3218 11.7965
66 76.9355 12.7311
67 78.229 14.5234
68 91.0824 13.7922
69 73.4967 12.709
70 76.3522 8.5966
71 72.5483 11.4198
72 72.2538 12.7486
73 71.1477 10.7224
74 60.0723 11.0031
75 56.6816 12.0839
76 48.9379 12.7934
77 65.7473 7.8808
78 72.2868 8.4282
79 58.0898 8.201
80 63.8118 9.8105
81 56.6503 10.9865
82 0 0
83 0 0
84 80.5003 7.618
85 78.7047 8.0427
86 86.8115 7.9067
87 85.3027 8.2261
88 73.3366 6.6914
89 98.4199 8.513
90 75.2252 9.3834
91 86.6863 7.5578
92 85.4105 6.7497
93 83.309 9.4785
94 93.2267 7.8208
95 81.8326 7.3137
96 94.3948 7.5846
97 81.4928 8.9357
98 90.84 7.204
99 76.4768 7.1498
100 69.0784 9.6106
101 61.6191 10.1995
102 86.3087 8.8093
103 0 0
104 0 0
105 59.8538 4.9627
106 68.0132 7.3127
107 72.7341 5.7157
108 61.2932 6.7573
109 80.2952 4.53
110 74.2195 7.5633
111 80.8448 6.2044
112 75.5957 6.0583
113 76.6614 5.3765
114 92.8649 8.7722
115 73.6463 5.3476
116 81.8976 5.3038
117 89.0884 9.1989
118 80.2614 11.0055
119 73.2565 7.9865
120 97.6735 6.644
121 78.1645 6.1261
122 97.5208 9.2522
123 87.9123 9.6824
124 0 0
125 0 0
126 86.6539 5.4399
127 82.3387 7.0329
128 83.0423 6.6902
129 67.5727 6.4889
130 75.9319 5.97
131 73.9586 9.0267
132 75.2045 9.0388
133 74.2652 10.9352
134 65.99 14.5743
135 66.0946 10.7412
136 71.7508 7.1941
137 73.3997 11.0871
138 65.7771 16.0443
139 73.1159 9.4078
140 74.2256 11.3019
141 73.8743 7.5254
142 71.5441 8.4727
143 65.4687 10.9061
144 67.9876 7.932
145 64.4069 9.1576
146 68.9513 8.4999
147 72.1771 8.6877
148 68.8084 7.1867
149 74.1117 6.6157
150 71.4978 5.8187
151 78.974 6.5867
152 66.8224 6.6509
153 77.0007 8.1511
154 70.6308 8.608
155 62.0544 7.6401
156 82.8707 6.1198
157 82.348 7.5729
158 71.763 8.2217
159 69.9204 7.8654
160 88.6373 8.2972
161 86.3907 9.0773
162 87.872 7.9084
163 58.0165 9.0867
164 71.5173 10.4398
165 58.6775 12.3041
166 58.1372 7.3447
167 69.7052 13.4303
168 69.3715 5.6342
169 57.1431 6.0091
170 73.1545 4.9459
171 57.8064 9.3513
172 74.3177 4.6123
173 92.2308 9.5327
174 81.1335 6.2584
175 79.6563 5.1556
176 78.4325 5.6473
177 86.0783 5.5957
178 76.254 5.2013
179 86.0251 4.8016
180 63.1774 12.6711
181 70.1473 7.9453
182 59.5144 10.4752
183 78.2701 1.0439
184 65.6958 7.3278
185 61.8044 14.5667
186 54.7764 8.7231
187 77.7944 15.9262
188 57.494 10.983
189 79.7814 7.1831
190 61.2513 9.1222
191 75.0117 7.3629
192 77.5079 10.2047
193 71.9191 11.8747
194 73.031 11.185
195 75.8695 7.5701
196 69.1599 8.6412
197 89.1746 10.0154
198 71.2071 10.2689
199 79.107 8.9804
200 63.9386 9.3791
201 61.7798 12.3141
202 70.0168 7.8515
203 80.38 9.9713
204 63.9102 12.427
205 62.7677 7.5748
206 77.655 9.3517
207 75.1908 5.8703
208 0 0
209 0 0
210 64.6773 7.7
211 63.4198 8.6194
212 78.4767 6.8953
213 70.374 6.9005
214 65.27 6.4938
215 81.7316 7.2013
216 71.7235 8.0356
217 71.8278 9.0573
218 69.0309 6.2512
219 74.5634 7.3847
220 62.9241 7.598
221 70.6888 7.5099
222 67.993 8.3992
223 61.625 13.7536
224 73.3733 8.3511
225 66.1165 8.9111
226 80.7844 8.5326
227 80.98 9.065
228 74.1866 7.2435
229 0 0
230 0 0
231 54.0636 11.909
232 56.0569 8.7933
233 65.5448 7.929
234 61.4544 13.0177
235 51.4472 14.5931
236 57.8464 10.9759
237 61.7439 9.2244
238 71.2463 7.2479
239 83.6919 7.486
240 75.3534 10.6183
241 65.4211 7.6555
242 85.5118 6.4
243 77.0185 11.9708
244 64.8735 9.6798
245 78.3677 8.3955
246 79.8682 7.7328
247 70.4973 8.0237
248 82.4308 7.4383
249 67.1868 6.8335
250 0 0
251 0 0
