0 74.2435 9.133
1 71.5529 7.7666
2 72.8046 7.3452
3 70.7669 8.7578
4 57.1244 7.6928
5 68.4953 11.8365
6 72.6889 10.939
7 71.0107 10.2532
8 76.364 11.4911
9 63.25 10.8067
10 78.968 8.4807
11 75.2459 7.883
12 71.6254 9.6375
13 76.5492 12.046
14 66.5334 7.9153
15 71.3619 8.9796
16 68.9326 9.0639
17 74.8637 10.0546
18 74.0356 7.9726
19 73.582 7.6207
20 73.1067 9.1606
21 76.1634 6.7687
22 73.6538 9.1041
23 61.9511 6.6596
24 77.4275 6.3251
25 77.4616 9.0242
26 82.1747 10.0206
27 87.4334 10.1698
28 76.4215 8.555
29 59.6113 12.7631
30 63.229 9.8253
31 75.846 8.4777
32 69.0198 5.8351
33 63.8024 9.3308
34 77.4917 8.5071
35 69.3408 11.6186
36 68.1802 8.5299
37 71.021 7.8494
38 68.946 8.5152
39 70.6726 8.4284
40 67.8321 7.8677
41 68.1531 7.5844
42 67.707 7.3461
43 84.1841 6.4015
44 72.6362 7.6891
45 75.1301 8.9747
46 71.4116 8.4766
47 60.1677 7.4135
48 80.2914 9.255
49 66.3698 8.9746
50 69.1557 6.1806
51 78.272 9.567
52 74.3115 9.363
53 75.2393 7.1582
54 68.0457 13.1826
55 61.1943 14.2234
56 84.6601 6.1148
57 61.9532 13.6744
58 72.0375 9.3008
59 68.099 12.1446
60 74.5671 9.6564
61 75.957 6.2679
62 61.076 8.941
63 75.4976 7.5462
64 66.1047 8.1471
65 68.2407 11.8562
66 76.9395 12.8681
67 78.3915 14.243
68 91.1671 13.7264
69 73.1861 13.4338
70 76.2346 9.0523
71 72.3449 12.4381
72 72.1661 13.2714
73 71.0897 11.5147
74 60.5921 10.6448
75 56.9837 11.8366
76 50.0897 12.1233
77 65.8341 8.5519
78 72.5714 9.2991
79 58.1628 9.0186
80 63.8686 10.9771
81 56.3983 12.1996
82 0 0
83 0 0
84 80.4142 8.1177
85 78.9977 8.539
86 87.0074 8.456
87 85.6214 8.8883
88 73.1182 7.1551
89 98.4193 9.0175
90 75.0971 10.2117
91 86.8814 8.2266
92 85.2974 7.4106
93 83.2684 10.3382
94 93.0494 8.5085
95 81.6856 8.0389
96 94.1904 8.2397
97 81.2788 9.7177
98 90.5872 7.8206
99 76.3478 7.7267
100 68.9167 10.1453
101 61.2533 10.7364
102 86.0105 9.4691
103 0 0
104 0 0
105 59.727 5.339
106 68.0793 7.7104
107 72.6593 6.2117
108 61.1922 7.2305
109 80.2482 4.9273
110 74.1593 8.1181
111 81.0052 0.452
112 75.6414 6.5587
113 76.6223 5.9438
114 92.6707 9.1744
115 73.4342 5.803
116 81.7961 5.7464
117 88.8761 9.7816
118 80.0381 11.0481
119 73.1156 8.7051
120 97.3749 7.2416
121 77.7211 6.6608
122 97.1939 10.2316
123 87.4586 10.7463
124 0 0
125 0 0
126 86.7173 5.6974
127 82.3268 7.3962
128 83.0691 7.0461
129 67.5338 6.7965
130 75.8567 6.4292
131 73.9352 9.4248
132 75.2819 9.1533
133 74.5147 10.8952
134 66.6953 13.8362
135 66.6027 10.8888
136 72.0187 7.5507
137 73.4244 11.5469
138 65.9646 15.9681
139 73.1124 9.9196
140 74.1837 11.8244
141 73.9828 7.9397
142 71.1021 9.2182
143 64.9917 11.6224
144 67.6008 8.8435
145 63.9986 10.0506
146 68.7671 9.5052
147 72.4285 9.0042
148 68.8769 7.5302
149 74.4146 7.0061
150 71.53 6.1819
151 79.0306 7.0795
152 66.9087 7.2209
153 77.1152 8.5959
154 70.6586 9.0963
155 61.7584 8.1119
156 82.7795 6.5821
157 82.2175 8.1278
158 71.7693 8.906
159 69.9452 8.4816
160 88.4669 8.9101
161 86.3005 9.7612
162 87.707 8.6067
163 58.1873 9.5803
164 71.4905 11.4087
165 58.5685 13.134
166 58.0006 7.8897
167 69.5638 14.2367
168 69.2814 6.0261
169 57.1781 6.358
170 73.0795 5.2226
171 57.7007 9.6745
172 74.2359 5.0583
173 92.0964 9.8998
174 81.0594 6.812
175 79.517 5.4876
176 78.3034 6.0599
177 86.0333 5.9943
178 76.2141 5.6136
179 86.0003 5.1974
180 63.2284 13.3785
181 70.1508 8.7038
182 59.2798 11.364
183 78.2112 1.6469
184 65.3931 7.9467
185 61.7933 15.6748
186 54.3984 9.5984
187 78.2183 15.6724
188 57.3227 11.5581
189 79.6312 7.1089
190 62.0312 9.263
191 74.9609 8.0626
192 77.5697 10.646
193 71.782 11.6878
194 73.1066 11.5152
195 75.7087 7.8964
196 69.0228 9.0013
197 89.0708 10.4972
198 71.2701 10.8341
199 79.1618 9.473
200 64.0306 9.8582
201 62.1059 11.9864
202 70.1431 8.4452
203 80.5229 10.4775
204 63.9552 13.0763
205 62.7585 8.1217
206 77.6661 10.1427
207 75.2952 6.3267
208 0 0
209 0 0
210 64.4023 8.2159
211 63.5807 9.3208
212 78.7221 7.6443
213 70.6708 7.5938
214 64.6583 7.1601
215 81.4784 7.8483
216 71.4996 8.9314
217 71.7972 9.8268
218 69.1632 6.2839
219 74.8425 7.3669
220 63.0286 7.8535
221 70.8281 7.7768
222 68.1546 8.7064
223 62.0425 13.2379
224 73.2771 8.8026
225 66.3047 9.2723
226 80.5577 9.1125
227 80.8466 9.9348
228 74.0762 7.9527
229 0 0
230 0 0
231 54.0833 11.738
232 55.7967 9.3393
233 65.1151 8.5325
234 61.4894 13.1344
235 50.6129 14.3284
236 57.9138 11.6249
237 61.4211 10.049
238 70.9406 7.8932
239 83.4526 8.2728
240 75.0721 10.3405
241 64.9419 8.3441
242 85.2114 6.961
243 76.8315 11.763
244 64.4629 10.3763
245 78.1398 9.0757
246 79.6413 8.5766
247 69.7304 8.9907
248 81.8549 8.3447
249 66.5098 7.7674
250 0 0
251 0 0
