0 74.3907 8.8852
1 71.4885 7.6446
2 72.8524 7.3549
3 70.3844 8.8173
4 57.8459 7.2191
5 68.6845 11.7583
6 72.6272 10.6344
7 70.418 10.1808
8 76.4106 11.4959
9 63.5316 10.4973
10 78.6544 8.6041
11 75.2124 8.0519
12 71.844 9.5324
13 75.9996 11.6237
14 66.5648 7.9769
15 71.0532 8.8774
16 68.8778 9.005
17 74.5134 9.7758
18 73.6644 8.0329
19 73.28 7.5485
20 73.1221 9.06
21 76.4688 6.8609
22 73.3736 8.9567
23 61.8579 6.6871
24 77.1531 6.5104
25 77.7298 8.9397
26 82.1839 10.0762
27 87.72 10.5093
28 76.2902 8.7311
29 60.2217 12.1752
30 63.1248 9.6758
31 75.6338 8.2324
32 68.8963 5.707
33 63.863 8.7986
34 77.6532 8.0302
35 69.4468 11.1923
36 68.3969 8.1335
37 71.1594 7.7399
38 68.9497 8.3535
39 70.6252 8.3133
40 67.8784 7.6652
41 67.6216 7.4264
42 67.0922 7.6303
43 84.1379 6.4746
44 72.4005 7.8064
45 75.4714 9.3646
46 71.5897 8.4575
47 60.1824 7.3214
48 80.2756 9.2741
49 66.5128 9.025
50 69.2358 6.1359
51 78.4266 9.3325
52 74.0846 9.4222
53 75.3295 7.1662
54 68.5242 12.8245
55 61.7985 13.228
56 84.6336 5.7865
57 62.2663 13.0411
58 72.2653 8.7146
59 68.7663 11.5388
60 74.701 9.3689
61 76.0387 6.046
62 61.0229 8.8029
63 75.5012 7.5685
64 65.7783 8.1853
65 67.8046 12.3328
66 77.088 12.3136
67 78.2831 13.6358
68 90.8685 13.1882
69 73.2619 12.7142
70 76.6772 8.6106
71 72.6052 11.8033
72 72.3641 12.6462
73 71.1313 10.6737
74 60.8455 10.6581
75 57.4734 11.5131
76 50.781 11.8819
77 65.8705 8.2084
78 72.6731 9.0863
79 58.3752 8.5488
80 63.9746 10.5926
81 57.0741 11.5692
82 0 0
83 0 0
84 80.493 8.125
85 78.8243 8.2753
86 86.7659 8.3337
87 85.1841 8.9593
88 73.5979 7.0909
89 98.4737 8.9171
90 75.3274 9.8666
91 86.4092 8.0493
92 85.3053 7.3399
93 83.0759 10.2828
94 92.7189 8.3735
95 81.7697 7.9987
96 94.5411 8.0957
97 81.4849 9.7591
98 90.8567 7.5556
99 76.5978 7.486
100 69.1686 10.2515
101 61.1986 11.0367
102 86.4802 9.8795
103 0 0
104 0 0
105 59.4407 5.4881
106 67.8823 7.5642
107 72.7588 6.1862
108 61.0202 7.1741
109 80.1444 4.9618
110 74.2562 7.7717
111 80.9884 0.462
112 75.5127 6.3723
113 76.5822 5.7351
114 92.7817 9.3015
115 73.5783 5.7621
116 81.7046 5.7514
117 88.9816 9.9379
118 79.9127 10.5428
119 73.2536 8.4778
120 97.4259 7.0565
121 78.0024 6.5514
122 97.3855 9.589
123 87.8033 10.2966
124 0 0
125 0 0
126 86.7992 5.7228
127 82.359 7.2615
128 83.0136 6.8759
129 67.3583 6.8056
130 75.9334 6.3167
131 73.603 9.2128
132 75.2011 9.1119
133 74.3556 10.8911
134 66.5589 13.7185
135 66.3402 10.9895
136 71.8018 7.533
137 72.9042 11.3815
138 65.6343 15.8028
139 73.0606 9.686
140 74.1456 11.5367
141 73.8748 7.9582
142 71.4882 8.9581
143 65.76 10.7783
144 67.8171 8.3523
145 64.4464 9.5343
146 69.0371 8.7922
147 72.5012 8.4675
148 68.9763 7.2629
149 74.4302 6.8008
150 71.6175 6.0419
151 79.2824 7.0579
152 66.9318 7.0372
153 77.67 8.3709
154 70.7836 8.8403
155 61.5664 7.8763
156 82.9955 6.5234
157 82.1975 8.0361
158 72.0181 8.4333
159 70.2383 8.3787
160 88.7637 8.7543
161 86.2997 9.6332
162 87.676 8.3874
163 57.8581 9.5208
164 71.2721 11.337
165 58.4618 12.9565
166 57.9965 7.7331
167 69.4079 14.2884
168 69.2773 5.9263
169 57.223 6.1647
170 73.2355 5.2232
171 57.562 9.8607
172 74.2428 4.8777
173 92.2479 9.9976
174 81.0004 6.6927
175 79.7002 5.4451
176 78.4646 6.0309
177 86.1534 5.7888
178 76.0578 5.5634
179 85.908 5.0927
180 63.1703 13.1033
181 69.8123 8.7054
182 59.5652 11.1587
183 77.1759 3.9338
184 65.7229 7.8169
185 60.8647 15.9447
186 54.7817 9.2701
187 78.0517 15.9362
188 57.8047 11.3835
189 79.609 6.8161
190 62.3837 8.8322
191 74.9044 7.6066
192 77.3547 10.4566
193 71.8113 12.1099
194 73.2002 11.4686
195 75.6628 7.9873
196 68.8446 8.9587
197 88.7026 10.4585
198 70.9627 10.8657
199 78.9801 9.2635
200 64.0148 9.4945
201 61.8311 11.8013
202 69.8791 8.2503
203 80.3209 10.2902
204 64.0351 12.9183
205 63.0887 7.9369
206 77.703 9.9403
207 75.1516 6.5173
208 0 0
209 0 0
210 64.8045 7.7598
211 63.4238 8.9269
212 78.5894 7.126
213 70.489 7.2067
214 65.2455 6.4414
215 81.8566 7.3992
216 72.0458 8.3444
217 71.8867 9.2028
218 68.8077 6.0536
219 74.8855 7.4031
220 62.7784 7.5949
221 70.9151 7.6457
222 67.7326 8.8983
223 62.4252 12.7546
224 73.0631 8.7726
225 66.0011 9.717
226 80.5601 8.9506
227 81.1492 9.5631
228 73.9464 7.6884
229 0 0
230 0 0
231 53.7405 11.8909
232 56.0333 8.9333
233 65.0892 8.2254
234 61.6773 12.7826
235 51.2804 13.727
236 58.2629 11.2702
237 61.7076 9.7615
238 70.8895 7.519
239 83.4615 8.0863
240 75.1931 10.346
241 64.9548 8.1149
242 85.4699 6.748
243 76.5004 11.8631
244 64.4679 10.3203
245 78.4454 8.7043
246 78.9823 8.4641
247 69.3012 8.8105
248 81.4128 8.1357
249 66.0913 7.5467
250 0 0
251 0 0
