0 74.9003 9.1119
1 72.3272 7.8021
2 73.4825 7.5192
3 71.4397 8.8911
4 57.9685 7.7324
5 69.2955 11.9823
6 73.597 11.104
7 71.7266 10.3963
8 77.3035 11.3472
9 64.8219 10.5935
10 80.0337 8.451
11 76.256 7.8689
12 72.9016 9.4586
13 77.3541 11.7959
14 67.5901 7.8454
15 72.2656 8.7038
16 69.7081 9.0931
17 75.6793 10.214
18 74.6782 7.9608
19 74.1779 7.5059
20 74.1127 9.1498
21 76.7201 6.8482
22 74.2359 9.1623
23 62.633 6.5502
24 78.0903 6.3739
25 78.2287 8.9479
26 82.7474 9.9684
27 88.1378 10.3046
28 77.0258 8.5818
29 60.48 12.3302
30 64.1382 9.4296
31 76.3547 8.1724
32 69.8019 5.4932
33 64.6754 8.9274
34 78.1316 8.1374
35 70.0464 11.2166
36 68.9975 8.109
37 71.7902 7.5844
38 69.4506 8.1592
39 71.4413 8.1037
40 68.4333 7.5601
41 68.8683 7.3037
42 68.0939 7.601
43 84.9162 6.5596
44 73.08 7.8825
45 76.093 9.2872
46 72.0485 8.46
47 60.7789 7.3249
48 80.6949 9.1635
49 67.0594 8.8988
50 69.8366 6.2459
51 78.9461 9.5433
52 74.7632 9.4157
53 75.7252 7.1774
54 69.1259 13.082
55 62.3101 14.2451
56 85.5465 5.8943
57 63.1983 13.5114
58 72.8101 9.1891
59 69.1292 11.9013
60 75.3461 9.5715
61 76.5899 6.0994
62 62.7047 8.7516
63 76.2937 7.6398
64 66.6493 8.3293
65 69.0681 12.0714
66 77.8996 12.5835
67 79.288 13.7686
68 92.0614 13.5205
69 74.4279 13.1305
70 77.5564 8.8691
71 73.6612 11.939
72 73.6099 12.8446
73 72.1298 11.1059
74 61.2895 10.2878
75 57.6317 11.3619
76 50.8868 11.7348
77 66.2731 8.2584
78 72.8956 9.003
79 58.59 8.6567
80 64.57 10.4194
81 57.6097 11.4897
82 0 0
83 0 0
84 81.0974 7.9151
85 79.8735 8.288
86 87.7555 8.117
87 86.4405 8.65
88 73.7661 6.9283
89 99.1139 8.752
90 75.7601 9.8457
91 87.7021 7.9132
92 86.2355 7.304
93 83.9894 10.2312
94 93.8419 8.3766
95 82.5073 7.9919
96 95.2491 8.0899
97 82.1831 9.4981
98 91.4424 7.6457
99 77.0395 7.5708
100 69.7098 10.2972
101 62.2637 10.8663
102 86.8624 9.5464
103 0 0
104 0 0
105 54.4301 5.776
106 62.9834 8.0642
107 67.7483 6.5579
108 55.9598 7.6682
109 75.3353 5.1353
110 68.9732 8.7534
111 81.0065 0.4597
112 70.2651 6.7111
113 71.729 5.9498
114 88.0974 9.3029
115 69.9343 5.8277
116 78.3287 5.6918
117 85.5597 9.8464
118 77.0358 11.2334
119 69.9976 8.8053
120 93.5545 7.3149
121 74.0483 6.7346
122 93.7707 10.2546
123 84.0596 10.7427
124 0 0
125 0 0
126 87.0613 5.8929
127 82.7702 7.5366
128 83.517 7.1829
129 67.9674 6.9174
130 76.413 6.5219
131 74.2014 9.5751
132 75.8881 9.2796
133 74.7925 11.159
134 67.3753 13.7181
135 67.0649 11.0746
136 72.6386 7.5884
137 74.027 11.6975
138 67.0649 15.6138
139 73.7607 10.0019
140 74.6127 11.8258
141 74.5088 8.0622
142 72.2405 9.2818
143 66.4418 11.6379
144 68.7375 8.7984
145 65.2731 9.9486
146 69.8284 9.3668
147 73.2213 8.9513
148 69.5572 7.4461
149 75.0927 6.8602
150 72.3392 6.054
151 79.8975 6.9522
152 67.8142 7.0574
153 78.0447 8.4737
154 71.58 8.8957
155 63.0097 7.9584
156 83.8084 6.5601
157 83.3248 8.0048
158 72.9455 8.6524
159 71.0321 8.2626
160 89.6988 8.7158
161 87.1745 9.4141
162 88.6858 8.2023
163 58.7144 9.7688
164 72.058 11.5058
165 59.097 13.4201
166 58.6175 7.9962
167 70.1763 14.4561
168 70.0832 5.9627
169 57.9594 6.2694
170 73.8391 5.2038
171 58.6147 9.584
172 75.2176 5.0292
173 92.7911 10.1095
174 81.7658 6.8088
175 80.1695 5.6231
176 79.3518 6.1768
177 86.7378 6.1089
178 77.1468 5.754
179 86.6395 5.2672
180 64.0454 13.2916
181 70.9491 8.4531
182 60.519 11.0731
183 78.1795 0.9938
184 66.5705 7.8281
185 62.6033 15.4241
186 55.1591 9.5072
187 78.8494 15.5585
188 58.4304 11.3938
189 72.9413 7.4592
190 73.5411 1.0517
191 68.6565 8.6446
192 70.5252 11.2268
193 65.1501 12.0501
194 67.0255 11.8299
195 70.5957 8.0981
196 63.6115 9.3999
197 84.7884 10.7002
198 67.6126 10.9747
199 75.8303 9.5146
200 60.184 10.1946
201 58.3395 12.2204
202 66.9398 8.4835
203 77.2097 10.6323
204 60.0548 13.3787
205 59.5215 8.2733
206 74.528 10.1359
207 72.6983 6.3221
208 0 0
209 0 0
210 65.1824 8.1223
211 64.3131 9.1023
212 79.2688 7.5054
213 71.3146 7.4345
214 65.5276 6.9386
215 82.3409 7.6601
216 72.2143 8.4865
217 72.6341 9.425
218 69.8013 6.4211
219 75.3811 7.67
220 63.6551 7.9815
221 71.2057 7.9341
222 68.945 8.7879
223 62.8787 13.3757
224 74.1874 8.8383
225 67.0567 9.444
226 81.4535 9.066
227 81.7176 9.8229
228 74.964 7.7
229 0 0
230 0 0
231 55.0382 11.6869
232 56.8631 9.239
233 66.1373 8.4092
234 62.5522 13.199
235 51.5518 14.4116
236 58.6585 11.5267
237 62.5542 9.8185
238 72.006 7.6081
239 84.5254 7.8927
240 76.2052 10.3279
241 66.2049 8.1329
242 86.2473 6.7745
243 77.8676 11.6104
244 65.4409 10.1028
245 78.8899 8.8561
246 80.6485 8.5058
247 70.8483 8.807
248 83.098 8.2756
249 67.7437 7.6453
250 0 0
251 0 0
