0 75.2658 8.934
1 72.4123 7.5793
2 73.628 7.3014
3 71.4897 8.6448
4 58.5671 7.577
5 69.6222 11.5874
6 73.7806 10.749
7 71.8049 10.2702
8 77.4042 11.3141
9 64.5761 10.7445
10 80.0526 8.5203
11 76.2953 7.9419
12 72.8959 9.5668
13 77.2459 11.7977
14 67.649 7.8495
15 72.1671 8.8308
16 69.7182 9.1466
17 75.7126 10.0954
18 74.7383 7.9269
19 74.1805 7.6319
20 74.098 9.1922
21 76.8284 6.7336
22 74.1043 8.9902
23 62.7077 6.452
24 77.921 6.324
25 78.3589 8.8592
26 82.8508 9.9816
27 88.1988 10.2267
28 76.8994 8.463
29 60.7896 12.4462
30 64.0256 9.5816
31 76.519 8.3205
32 69.6252 5.2922
33 64.6204 9.1421
34 78.1216 8.1796
35 70.1637 11.3113
36 68.9738 8.1677
37 71.6954 7.7225
38 69.5878 8.4321
39 71.3328 8.2631
40 68.4553 7.7127
41 68.6472 7.4177
42 68.1381 7.4248
43 84.9246 6.4824
44 73.0479 7.7544
45 76.0027 9.104
46 72.1037 8.5259
47 60.8057 7.3047
48 80.734 9.1662
49 67.1741 9.0257
50 69.8813 6.2157
51 78.8821 9.5674
52 74.7959 9.4751
53 75.7902 7.2876
54 69.1041 12.9507
55 62.066 14.0055
56 85.3908 5.8504
57 62.8681 13.3207
58 73.2192 8.9258
59 69.2527 11.6086
60 75.5725 9.3035
61 76.5479 6.0006
62 62.5682 8.8449
63 76.2569 7.7275
64 66.5743 8.4168
65 68.7963 12.206
66 77.9533 12.659
67 79.2865 13.7947
68 92.0524 13.3904
69 74.3915 13.0982
70 77.5087 8.9023
71 73.6413 11.964
72 73.5845 12.8661
73 72.1892 11.1575
74 61.2086 10.7111
75 57.4798 11.8027
76 50.6921 12.1078
77 66.418 8.5519
78 73.0037 9.2227
79 58.7974 8.8609
80 64.5079 10.7753
81 56.8859 12.2052
82 0 0
83 0 0
84 81.1868 7.835
85 79.7668 8.2252
86 87.7629 8.1568
87 86.3403 8.6148
88 73.8739 7.0138
89 99.1268 8.7465
90 75.7997 9.8208
91 87.4787 7.9147
92 86.2665 7.3039
93 84.2316 10.1099
94 93.8877 8.2601
95 82.5524 7.8255
96 95.1708 8.0864
97 82.3015 9.3469
98 91.5379 7.5901
99 77.1529 7.5158
100 69.9633 9.9762
101 62.5187 10.467
102 86.8956 9.4767
103 0 0
104 0 0
105 54.4726 5.7731
106 63.1148 7.9795
107 67.7917 6.4822
108 56.0001 7.6968
109 75.4716 5.1245
110 69.2639 8.6664
111 81.1073 0.4608
112 70.3672 6.7555
113 71.7378 6.0245
114 88.2637 9.3354
115 69.9146 5.8347
116 78.3531 5.7663
117 85.655 9.8793
118 77.0103 11.179
119 70.0626 8.7842
120 93.5809 7.2456
121 74.1031 6.6586
122 93.7329 10.1756
123 84.2009 10.5336
124 0 0
125 0 0
126 86.6613 5.7193
127 82.4975 7.3557
128 83.1349 7.0306
129 67.5747 6.8236
130 75.8095 6.3889
131 73.8344 9.3875
132 75.2552 9.127
133 74.3864 10.9034
134 66.4521 13.9176
135 66.3308 10.9285
136 71.7858 7.5992
137 73.181 11.7112
138 66.0133 15.8021
139 72.9327 9.8982
140 74.1457 11.7371
141 73.8934 8.0028
142 71.3786 8.8711
143 65.2169 11.401
144 67.8191 8.4212
145 64.2946 9.7038
146 68.987 9.0262
147 72.595 8.8843
148 68.8546 7.447
149 74.3947 6.8665
150 71.5421 5.9777
151 78.9517 6.9664
152 66.9492 7.0412
153 77.3775 8.4972
154 70.7238 8.9452
155 61.9017 8.0552
156 82.8632 6.5749
157 82.4446 8.0594
158 71.9348 8.7111
159 69.973 8.3147
160 88.7067 8.7113
161 86.4352 9.4553
162 87.8994 8.2793
163 57.9814 9.5506
164 71.2581 11.332
165 58.7071 13.0689
166 57.9811 7.7425
167 69.5704 14.1603
168 69.3651 5.964
169 57.0753 6.3787
170 73.1349 5.2715
171 58.0334 9.699
172 74.3736 4.9123
173 92.1889 9.9376
174 80.987 6.6078
175 79.6157 5.457
176 78.3934 6.0143
177 85.9909 5.8899
178 76.2588 5.5624
179 85.8966 5.1547
180 62.6365 13.8759
181 70.084 8.8695
182 58.9626 11.5199
183 78.485 1.0655
184 65.2852 8.1049
185 61.205 16.1858
186 54.0422 9.83
187 77.7925 16.2453
188 57.3784 11.5337
189 79.5599 7.0024
190 61.216 9.4502
191 74.8772 7.7506
192 77.6217 10.7057
193 71.8719 11.7255
194 73.1134 11.4936
195 75.7227 7.8938
196 69.1514 9.0989
197 89.1354 10.4387
198 71.4218 10.7241
199 79.1665 9.3442
200 64.076 9.7346
201 61.975 11.9554
202 69.9688 8.1375
203 80.3772 10.3779
204 63.9151 12.9964
205 62.9291 7.8642
206 77.8551 9.8161
207 75.2546 6.0908
208 0 0
209 0 0
210 64.7047 7.9637
211 63.5015 8.8908
212 78.5739 7.2883
213 70.4261 7.2507
214 65.2354 6.7066
215 81.9299 7.4616
216 71.7567 8.3693
217 71.832 9.3174
218 69.0626 6.2667
219 74.8547 7.4082
220 62.9261 7.788
221 70.8392 7.7503
222 68.1197 8.608
223 62.3385 13.196
224 73.4559 8.5861
225 66.3478 9.0675
226 80.6211 9.0343
227 80.8276 9.7988
228 73.9732 7.7586
229 0 0
230 0 0
231 53.9613 11.7441
232 55.961 9.1547
233 65.2695 8.3213
234 61.3578 13.1999
235 51.2516 14.1786
236 57.8225 11.5395
237 61.3689 9.9344
238 70.9611 7.7251
239 83.5284 8.0074
240 75.149 10.4266
241 65.2365 8.1999
242 85.25 6.7639
243 76.7468 11.762
244 64.4275 10.248
245 78.034 8.9375
246 79.1477 8.5011
247 69.2214 8.8903
248 81.6354 8.1814
249 66.1219 7.6757
250 0 0
251 0 0
