0 75.9408 9.3895
1 73.4254 7.9604
2 74.4286 7.5824
3 72.4535 8.8716
4 59.1724 7.8856
5 70.4515 12.0949
6 74.4342 11.1577
7 72.886 10.4907
8 78.5469 11.8769
9 65.819 10.9957
10 81.2882 8.8669
11 77.2128 8.0536
12 74.0444 10.0714
13 78.3859 12.4898
14 68.4394 8.2362
15 73.12 9.272
16 70.7243 9.2879
17 76.7564 10.3146
18 75.7037 8.2342
19 75.2078 7.842
20 74.916 9.3278
21 77.5019 6.8339
22 74.763 9.0715
23 63.2637 6.6458
24 78.4984 6.5029
25 79.0088 9.2109
26 83.5032 10.0421
27 88.8126 10.3007
28 77.4369 8.6144
29 61.4907 12.2498
30 64.8639 9.6979
31 77.3298 8.5225
32 70.4653 5.6115
33 65.4791 9.1442
34 78.9866 8.4095
35 70.7689 11.1675
36 69.4837 8.3371
37 72.3271 7.8228
38 70.2373 8.4193
39 72.098 8.3235
40 69.1772 7.7557
41 69.2905 7.5595
42 63.2317 7.7204
43 80.7238 6.5241
44 68.885 7.9057
45 71.7026 9.1923
46 67.849 8.8235
47 56.1261 7.5856
48 76.4683 9.3571
49 62.043 9.2374
50 77.1771 0.7811
51 74.3401 9.5576
52 71.6001 9.6386
53 72.7222 7.5447
54 65.1905 12.7816
55 58.5033 13.8858
56 82.0895 6.0621
57 59.4503 13.6918
58 69.5414 9.3399
59 65.6688 12.1743
60 72.5155 9.6206
61 73.6979 6.142
62 58.894 9.2538
63 77.1536 7.8498
64 67.4637 8.4846
65 69.8538 12.185
66 78.9995 12.6893
67 80.3789 13.6173
68 93.2909 13.3037
69 75.4813 13.3462
70 78.7119 9.0517
71 74.6782 12.0047
72 74.833 12.9763
73 73.4498 11.1913
74 62.0134 10.4833
75 58.534 11.4748
76 51.52 12.0299
77 67.0522 8.5976
78 73.6702 9.4563
79 59.357 9.0876
80 65.1103 10.9413
81 57.9353 11.9989
82 0 0
83 0 0
84 81.7726 8.0595
85 80.4039 8.6089
86 88.4849 8.3368
87 87.1553 8.829
88 74.3529 7.121
89 99.7359 9.0075
90 76.379 10.0299
91 88.3467 8.0684
92 87.1305 7.4652
93 84.7402 10.368
94 94.5141 8.5525
95 83.1438 8.0983
96 95.8528 8.2599
97 82.7526 9.6745
98 92.0168 7.8998
99 77.5988 7.7583
100 71.0306 10.1549
101 63.5418 10.6528
102 87.9059 9.5397
103 0 0
104 0 0
105 55.5284 5.6793
106 63.9243 8.0027
107 68.535 6.5427
108 56.4587 7.8146
109 76.0905 5.208
110 69.826 8.6027
111 81.0586 0.4558
112 71.3166 6.7125
113 72.7814 6.0206
114 89.1092 9.2118
115 70.878 5.8162
116 79.0617 5.7968
117 86.4574 9.7589
118 77.7237 11.2401
119 70.9001 8.8628
120 94.6398 7.3135
121 75 6.7184
122 94.4977 10.2262
123 84.8641 10.6416
124 0 0
125 0 0
126 87.1155 5.9411
127 82.8443 7.6606
128 83.5203 7.2656
129 68.1155 6.9989
130 76.3099 6.5976
131 74.2633 9.3526
132 75.7541 9.1825
133 74.9493 10.9571
134 67.3377 13.4282
135 67.0374 11.3663
136 72.6348 7.756
137 73.8602 11.8674
138 66.956 15.5835
139 73.7421 10.1428
140 74.6681 11.9877
141 74.4696 8.1965
142 72.4617 9.2263
143 66.5483 11.3914
144 68.8964 8.7065
145 65.4792 9.976
146 69.8435 9.2483
147 73.4513 9.0772
148 69.7088 7.4781
149 75.1533 6.959
150 72.3852 6.223
151 79.909 7.0017
152 67.7477 7.2396
153 78.0483 8.5835
154 71.6804 8.982
155 63.0108 8.0669
156 83.8118 6.6071
157 83.4338 7.9649
158 72.902 8.6672
159 71.0916 8.4044
160 89.6098 8.7733
161 87.1999 9.6698
162 88.5697 8.3484
163 58.9444 9.8051
164 71.8496 11.8508
165 59.3051 13.5964
166 58.6435 8.063
167 70.2826 14.6709
168 70.0414 6.1227
169 57.8911 6.4271
170 73.9362 5.3641
171 58.6871 9.608
172 75.18 5.027
173 92.8034 9.9452
174 81.8666 6.7697
175 80.3088 5.545
176 79.4373 6.1318
177 86.9075 6.0479
178 77.1646 5.6488
179 86.669 5.2778
180 64.3401 13.6269
181 70.9626 8.9208
182 60.5336 11.5055
183 78.4999 1.0843
184 66.7555 8.2477
185 62.3639 16.2445
186 55.2741 9.8935
187 78.7182 16.0845
188 58.5278 11.4791
189 72.8103 7.2654
190 74.3675 1.0275
191 68.6494 8.5611
192 70.4228 11.4945
193 65.0646 12.3045
194 66.669 12.0504
195 70.2716 8.4381
196 63.6945 9.663
197 84.6976 10.8978
198 67.5834 11.211
199 75.5975 9.921
200 60.3086 10.1024
201 58.5365 12.1141
202 66.9605 8.579
203 77.295 10.7355
204 59.7837 13.6118
205 59.4864 8.4634
206 74.7566 10.2267
207 72.6819 6.4503
208 0 0
209 0 0
210 65.2022 8.1956
211 64.2646 9.258
212 79.3338 7.6282
213 71.4394 7.47
214 65.7419 6.9975
215 82.5072 7.7951
216 72.482 8.6114
217 72.8227 9.5903
218 69.8602 6.359
219 75.4731 7.4272
220 63.742 8.0048
221 71.289 7.8501
222 69.0314 8.8488
223 62.8165 13.3335
224 74.1675 8.9216
225 66.9784 9.4114
226 81.3948 9.1787
227 81.6253 10.0408
228 74.8479 7.922
229 0 0
230 0 0
231 55.1811 11.6138
232 56.7602 9.351
233 66.2231 8.5022
234 62.5882 12.9294
235 52.6284 13.9015
236 58.6726 11.6653
237 62.5203 9.9806
238 71.9344 7.8022
239 84.586 8.1052
240 76.2127 10.3193
241 66.1524 8.2901
242 86.2687 6.9188
243 77.8211 11.6575
244 65.474 10.3398
245 78.8388 9.0659
246 79.9948 8.599
247 70.378 8.9311
248 82.4128 8.3867
249 66.9855 7.7043
250 0 0
251 0 0
