0 74.0787 9.6861
1 71.2267 8.2914
2 72.7005 7.8485
3 70.3247 9.326
4 57.2034 8.1042
5 68.508 12.2386
6 72.5936 11.5635
7 70.677 10.92
8 76.0537 11.9647
9 63.159 11.3843
10 78.7551 9.0366
11 75.1745 8.5134
12 71.4599 10.493
13 76.2311 12.7097
14 66.5098 8.5262
15 71.2262 9.6442
16 68.7231 9.5653
17 74.6689 10.6046
18 73.7079 8.3987
19 73.3134 8.1495
20 72.9735 9.6457
21 76.1512 7.1797
22 73.6562 8.9834
23 61.9822 7.0075
24 77.3885 6.7588
25 77.5377 9.623
26 82.1236 9.7936
27 87.4312 10.0888
28 76.4309 8.4972
29 60.0844 11.6652
30 63.1394 10.2099
31 75.587 8.8772
32 69.0632 5.4293
33 63.6154 9.6173
34 77.4605 8.8438
35 69.4502 11.132
36 68.2502 8.8256
37 71.1044 8.1081
38 68.8035 8.9071
39 70.776 8.7789
40 67.8711 8.1346
41 68.1588 8.012
42 67.3297 8.0084
43 84.2171 6.8903
44 72.3734 8.2477
45 75.3967 9.1271
46 71.3799 8.873
47 60.1542 7.7242
48 80.2207 9.3589
49 66.5442 9.0958
50 69.2523 6.7433
51 78.3586 9.4921
52 74.3341 9.3847
53 75.2754 7.5899
54 68.0987 12.156
55 61.4707 13.0442
56 84.3478 6.2025
57 62.5012 12.7275
58 71.9743 9.5564
59 68.3119 12.2919
60 74.4925 9.3653
61 75.9255 6.2887
62 60.9202 9.4194
63 75.2745 8.1277
64 65.6395 8.7373
65 68.2047 11.7618
66 76.711 12.588
67 78.0942 13.0885
68 90.8647 12.8203
69 73.1232 13.1658
70 76.0588 9.5595
71 72.2496 12.0894
72 72.1262 12.8463
73 70.7588 12.0132
74 60.7725 9.8548
75 57.151 10.748
76 50.2868 11.3827
77 65.9177 8.8838
78 72.5319 9.6795
79 58.0932 9.3335
80 64.1181 10.6558
81 57.3975 11.4698
82 0 0
83 0 0
84 80.3359 8.4611
85 78.8127 9.0421
86 86.9398 8.8441
87 85.5931 9.3078
88 72.8923 7.5364
89 98.4161 9.5293
90 75.0821 10.4789
91 86.7412 8.5191
92 85.2358 7.7396
93 82.7945 10.9242
94 92.9447 8.9263
95 81.4541 8.4649
96 94.3484 8.5848
97 81.4135 10.1935
98 90.851 8.0321
99 76.2414 8.1601
100 68.7583 10.9285
101 61.5297 11.3554
102 86.2995 10.3299
103 0 0
104 0 0
105 59.6697 5.6949
106 68.0467 7.6624
107 72.6996 6.6596
108 60.9873 7.7531
109 80.2536 5.2068
110 74.2829 8.4456
111 81.0616 0.4497
112 76.1456 7.0302
113 77.2392 6.4243
114 93.1553 9.2847
115 74.0286 6.1436
116 82.2978 6.2266
117 89.3803 9.8339
118 80.9592 10.8166
119 73.8075 9.49
120 97.3278 7.6809
121 77.5601 7.064
122 97.1782 10.9147
123 87.5061 11.2678
124 0 0
125 0 0
126 86.6017 6.0228
127 82.3462 7.9726
128 82.9534 7.3517
129 67.4177 7.2248
130 75.7763 6.8455
131 73.9226 9.196
132 75.3803 8.9894
133 74.1884 10.6955
134 66.7938 12.8061
135 66.0067 11.9152
136 71.8979 8.2661
137 73.2106 12.5395
138 66.4299 14.6811
139 72.9429 10.7161
140 73.9739 11.892
141 73.8208 8.6981
142 71.255 9.6897
143 64.8057 12.2914
144 67.5966 9.2696
145 64.1077 10.4866
146 68.6466 9.6128
147 72.6626 9.8409
148 68.6921 8.0575
149 74.1134 7.5412
150 71.418 6.6167
151 78.7149 7.5741
152 66.7704 7.8584
153 77.0591 9.2505
154 70.6029 9.8892
155 61.8243 8.6307
156 82.7507 7.0157
157 82.299 8.5667
158 71.6194 9.3635
159 70.0378 8.937
160 88.8315 9.2387
161 86.2544 10.19
162 87.7326 9.0003
163 57.9237 10.2556
164 71.213 12.1155
165 58.6528 13.7966
166 57.9512 8.2883
167 69.5515 14.4898
168 69.0828 6.4318
169 56.9888 6.7939
170 73.1231 5.644
171 57.6694 9.6786
172 74.243 5.2804
173 91.9447 9.49
174 80.9624 7.1436
175 79.3283 5.8271
176 78.245 6.4858
177 86.0413 6.3434
178 76.143 5.9726
179 85.8414 5.5061
180 63.7048 12.9282
181 70.3916 9.188
182 59.6 11.8614
183 78.7254 1.1574
184 65.8411 8.494
185 62.1657 15.747
186 54.8253 10.0802
187 78.4399 15.1838
188 57.4804 12.0388
189 79.4462 6.6729
190 62.1595 9.1018
191 74.9599 8.3305
192 77.2639 11.2448
193 71.7975 11.5509
194 72.8956 11.2599
195 75.5641 8.4503
196 68.6763 9.5577
197 89.1091 10.6833
198 71.1697 10.8468
199 78.96 10.0935
200 64.1551 10.4786
201 62.1603 11.6998
202 70.0711 8.9427
203 80.5359 10.367
204 63.8935 13.1423
205 62.8452 8.4806
206 77.8258 10.7108
207 75.3318 6.7668
208 0 0
209 0 0
210 64.5939 8.5847
211 63.8631 9.5198
212 78.7404 7.7838
213 70.8034 7.8056
214 64.8363 7.3509
215 81.6432 8.1071
216 71.5409 9.1172
217 72.1181 9.9575
218 69.1205 6.6202
219 74.8338 7.7916
220 63.0177 8.1616
221 70.803 8.1904
222 68.1961 9.056
223 62.651 12.787
224 73.2899 9.1556
225 66.4527 9.6975
226 80.4848 9.8095
227 80.768 10.5994
228 73.8144 8.326
229 0 0
230 0 0
231 54.3513 11.4991
232 55.6896 9.8793
233 64.9213 9.0574
234 61.7926 12.544
235 51.4493 13.6626
236 57.5702 11.4389
237 61.491 10.3523
238 70.762 8.4251
239 83.5365 8.6531
240 74.9476 10.5021
241 65.0304 8.864
242 85.1209 7.3569
243 76.7874 11.9401
244 64.2144 10.902
245 77.8654 9.8611
246 79.5015 8.9131
247 69.7784 9.1947
248 81.8597 8.6253
249 66.4489 7.9779
250 0 0
251 0 0
