0 73.9593 9.7327
1 71.227 8.3178
2 72.4819 7.9807
3 70.5392 9.3066
4 56.874 8.1173
5 68.4007 12.3755
6 72.3437 11.5805
7 70.6514 10.9855
8 76.2913 11.7429
9 63.3556 11.1163
10 78.972 8.8564
11 75.1562 8.3169
12 71.7156 10.2702
13 76.358 12.5323
14 66.5962 8.3679
15 71.3061 9.3182
16 68.6836 9.7049
17 74.6551 10.7787
18 73.6564 8.5884
19 73.169 8.2021
20 73.0747 9.7836
21 76.2476 7.0748
22 73.5985 8.9999
23 61.9516 6.8081
24 77.3871 6.6975
25 77.6269 9.4916
26 82.3041 9.9907
27 87.5376 10.2755
28 76.3587 8.4489
29 59.9194 11.8465
30 63.2153 9.8359
31 75.6366 8.7801
32 68.962 5.5939
33 63.8063 9.3724
34 77.4266 8.5647
35 69.5057 11.0599
36 68.2244 8.6263
37 70.9563 7.855
38 68.8907 8.6312
39 70.9168 8.4395
40 68.0614 7.8552
41 68.097 7.783
42 67.3892 7.8665
43 84.3108 6.7707
44 72.3573 8.1504
45 75.4575 9.1974
46 71.468 8.8911
47 60.1725 7.6163
48 80.2825 9.2014
49 66.6167 9.0258
50 69.2035 6.5377
51 78.3398 9.6046
52 74.2596 9.398
53 75.2787 7.4232
54 68.4007 12.1514
55 61.57 13.1207
56 84.4938 6.0686
57 62.1938 12.7778
58 72.1744 9.4083
59 68.1481 12.3367
60 74.6345 9.2689
61 75.9813 6.2589
62 60.9637 9.2812
63 75.3462 8.2133
64 65.5309 8.8586
65 68.1225 11.9899
66 76.9271 12.5997
67 78.2572 13.2771
68 91.0906 13.1043
69 73.2119 13.2826
70 76.2591 9.285
71 72.3787 12.1356
72 72.3313 12.9474
73 70.9981 11.6817
74 60.7925 9.7576
75 57.1433 10.6356
76 50.0291 11.335
77 65.7923 8.669
78 72.3696 9.4968
79 57.7216 9.2297
80 63.9985 10.5335
81 57.0224 11.3893
82 0 0
83 0 0
84 80.2794 8.4747
85 79.0062 8.9964
86 86.9251 8.748
87 85.7626 9.2636
88 73.0228 7.5018
89 98.5887 9.4591
90 74.9768 10.4881
91 86.9295 8.3539
92 85.2191 7.5749
93 83.3552 10.7803
94 93.0507 8.8634
95 81.7353 8.2917
96 94.1484 8.4991
97 81.4621 10.0384
98 90.6514 8.0654
99 76.4563 8.0822
100 68.9932 10.6815
101 61.7349 11.1483
102 86.161 10.1629
103 0 0
104 0 0
105 59.6477 5.6918
106 68.0948 7.6425
107 72.6841 6.556
108 61.2584 7.654
109 80.3977 5.1696
110 74.4131 8.4538
111 81.0469 0.4485
112 76.2018 7.0273
113 77.0883 6.3207
114 93.3191 9.359
115 73.9681 6.0732
116 82.5098 6.1642
117 89.4533 9.8856
118 80.9702 10.9393
119 73.913 9.5451
120 97.4285 7.6539
121 77.8437 7.0443
122 97.2389 10.8028
123 87.7032 11.2354
124 0 0
125 0 0
126 86.5716 6.0126
127 82.4154 7.8953
128 82.9202 7.397
129 67.5375 7.2118
130 75.7432 6.8919
131 73.8941 9.296
132 75.3264 9.1204
133 74.2219 10.9706
134 66.7424 13.1629
135 66.1254 11.5793
136 71.8507 8.0033
137 73.132 12.3175
138 66.4706 14.9797
139 72.9699 10.4629
140 74.0586 11.8909
141 73.72 8.5156
142 71.3974 9.3861
143 65.0592 12.004
144 67.8336 8.9566
145 64.2894 10.1515
146 68.9483 9.4014
147 72.7368 9.522
148 68.9265 7.6925
149 74.4691 7.2336
150 71.731 6.33
151 79.0849 7.2628
152 67.0824 7.4499
153 77.4022 8.7724
154 70.7812 9.3526
155 61.959 8.2908
156 82.8159 6.8349
157 82.4234 8.2186
158 71.8234 9.0756
159 70.0474 8.7788
160 88.8523 9.1791
161 86.4302 9.9138
162 87.889 8.7095
163 57.833 10.2211
164 71.0148 12.3032
165 58.3042 14.1147
166 57.6884 8.4485
167 69.4261 15.0419
168 69.2782 6.4505
169 57.0251 6.7658
170 73.233 5.5981
171 57.8085 9.7602
172 74.582 5.1554
173 91.9949 9.5747
174 81.0123 7.046
175 79.446 5.7533
176 78.5783 6.3334
177 86.1157 6.2337
178 76.4314 5.847
179 85.8317 5.3941
180 63.1738 13.5048
181 69.6934 9.3481
182 59.0266 12.1177
183 78.0376 1.0175
184 65.3418 8.6905
185 61.1991 16.3735
186 53.9235 10.5059
187 77.7667 15.9324
188 57.0223 12.4659
189 79.5594 6.7064
190 62.1673 8.9398
191 74.9247 8.1352
192 77.4961 11.1139
193 71.8069 11.7095
194 72.9593 11.5112
195 75.7223 8.2814
196 68.9031 9.4287
197 89.1734 10.6467
198 71.2337 10.8911
199 79.0089 9.8488
200 64.2486 10.2976
201 62.1162 11.7268
202 69.9836 8.844
203 80.3312 10.3935
204 64.3264 13.1702
205 62.9283 8.3675
206 77.9585 10.55
207 75.371 6.6681
208 0 0
209 0 0
210 64.7599 8.4281
211 63.4537 9.4645
212 78.625 7.6778
213 70.5128 7.7338
214 65.4601 7.1418
215 82.0137 7.9263
216 72.0612 8.8826
217 72.0308 9.8422
218 69.1828 6.5292
219 74.7682 7.6341
220 63.0631 8.0852
221 70.7196 7.9608
222 68.3451 8.9007
223 62.7455 12.913
224 73.6476 9.0446
225 66.1986 9.6488
226 80.7061 9.856
227 80.7637 10.46
228 74.0233 8.3103
229 0 0
230 0 0
231 54.4304 11.88
232 55.7719 9.8602
233 65.1926 9.116
234 61.2749 13.1275
235 50.8855 14.1702
236 57.5559 11.7165
237 61.5861 10.5732
238 70.9063 8.3249
239 83.7149 8.526
240 75.1145 10.5551
241 65.0998 8.8179
242 85.3096 7.2322
243 76.9515 11.9439
244 64.334 10.9619
245 78.0285 9.7299
246 79.5327 8.7879
247 69.8388 9.1597
248 81.992 8.5822
249 66.6134 7.8911
250 0 0
251 0 0
