0 73.8774 9.8071
1 71.3194 8.4655
2 72.5636 7.9963
3 70.4126 9.4184
4 56.8578 8.2707
5 68.2997 12.4847
6 72.4183 11.6651
7 70.6749 11.1023
8 76.188 12.0054
9 63.2462 11.4181
10 78.7922 9.0873
11 75.3283 8.3928
12 71.5748 10.3652
13 76.3081 12.7227
14 66.5589 8.464
15 71.2024 9.4298
16 68.9071 9.6932
17 74.9554 10.6209
18 73.7967 8.5445
19 73.5434 8.2359
20 72.9625 9.7658
21 76.1929 7.1637
22 73.5908 9.0375
23 61.9458 7.0522
24 77.1831 6.782
25 77.6091 9.5823
26 82.168 9.7387
27 87.3465 10.0978
28 76.2666 8.493
29 60.0768 11.9714
30 63.1439 10.3722
31 75.8065 9.1504
32 68.8873 6.0681
33 63.656 9.881
34 77.4626 9.1254
35 69.1149 11.4887
36 68.0506 9.0434
37 70.8234 8.2192
38 68.8803 8.9784
39 70.6212 8.9143
40 67.8367 8.3228
41 67.7523 8.1403
42 67.2794 8.189
43 84.1675 7.0843
44 72.0937 8.5772
45 75.2348 9.3607
46 71.4125 8.9626
47 60.153 7.7971
48 80.2703 9.2751
49 66.4645 9.0265
50 69.1783 6.7216
51 78.3949 9.4482
52 74.241 9.3339
53 75.2649 7.657
54 68.4326 12.1771
55 61.5415 12.8953
56 84.4558 6.2486
57 62.1098 13.0265
58 72.0816 9.6527
59 68.2186 12.4332
60 74.6361 9.4822
61 75.7862 6.5266
62 60.7947 9.8745
63 75.5017 8.1273
64 65.5984 8.8822
65 68.3558 11.8302
66 76.715 12.6105
67 78.2756 13.0228
68 91.0379 12.6993
69 73.281 13.0456
70 75.7964 9.3168
71 72.3857 12.0325
72 71.9758 12.9763
73 70.8793 11.8819
74 60.5346 9.8363
75 57.2242 10.7022
76 50.6078 11.0038
77 65.7595 8.8809
78 72.5191 9.569
79 58.0644 9.2434
80 64.0934 10.5239
81 57.4859 11.3252
82 0 0
83 0 0
84 80.2704 8.513
85 78.7913 9.1306
86 86.9558 8.9237
87 85.6569 9.3516
88 73.0616 7.5898
89 98.5117 9.5725
90 74.939 10.5287
91 86.86 8.5634
92 85.3364 7.6107
93 82.9424 10.7592
94 92.8462 8.9586
95 81.4553 8.3808
96 94.3457 8.6485
97 81.3974 10.2327
98 90.9937 8.1713
99 76.3666 8.154
100 68.6993 11.1615
101 61.7027 11.5426
102 86.3258 10.3942
103 0 0
104 0 0
105 59.358 5.9041
106 67.7909 7.7606
107 72.6171 6.815
108 61.1379 7.9667
109 80.4308 5.3136
110 74.2668 8.6573
111 81.0279 0.4489
112 75.4707 6.8415
113 76.6792 6.2491
114 92.7915 9.2394
115 73.474 6.1378
116 81.8218 6.0736
117 88.9241 9.8351
118 80.084 10.6486
119 73.1242 9.1842
120 97.4524 7.709
121 77.7274 7.0798
122 97.2262 10.8287
123 87.6388 11.2579
124 0 0
125 0 0
126 86.5821 6.1376
127 82.4009 8.0901
128 82.8906 7.5521
129 67.5303 7.2212
130 75.7253 6.9626
131 73.7503 9.2506
132 75.2072 9.1563
133 74.1946 10.6574
134 66.706 12.7373
135 66.2003 11.862
136 71.8716 8.2211
137 73.0976 12.4328
138 66.3774 14.7659
139 72.8537 10.6821
140 74.0885 11.8408
141 73.8166 8.7305
142 71.2639 9.584
143 64.9916 12.222
144 67.7018 9.1436
145 64.251 10.4487
146 68.7537 9.5456
147 72.6772 9.6208
148 68.7113 7.9143
149 74.3767 7.3925
150 71.6502 6.4734
151 79.0315 7.4449
152 66.9602 7.7166
153 77.2721 9.1334
154 70.7136 9.6673
155 61.875 8.5926
156 82.8423 6.9559
157 82.2736 8.5176
158 71.7719 9.3588
159 69.9177 9.0408
160 88.7531 9.3645
161 86.2799 10.2801
162 87.8 8.9538
163 57.8724 10.2133
164 71.3248 12.3037
165 58.6843 13.8619
166 57.6468 8.5278
167 69.5657 14.6564
168 69.2137 6.5657
169 56.8675 6.9275
170 73.2196 5.7371
171 57.8571 9.6809
172 74.4676 5.2472
173 92.0557 9.4241
174 81.0079 7.1423
175 79.3769 5.8958
176 78.4164 6.4492
177 86.0766 6.3422
178 76.3451 5.9888
179 85.8143 5.4768
180 63.1099 13.3301
181 69.7278 9.5262
182 58.9694 12.0631
183 78.3289 0.991
184 65.3416 8.8642
185 61.4272 16.1989
186 53.9354 10.4985
187 77.7364 15.8552
188 57.3377 12.3416
189 79.5434 6.6299
190 62.0489 8.9529
191 74.8077 8.2652
192 77.4033 11.2114
193 71.7465 11.4884
194 72.8818 11.309
195 75.5657 8.4055
196 68.9066 9.6052
197 89.2147 10.63
198 71.2216 10.8951
199 79.0448 10.0495
200 64.2426 10.3941
201 62.1772 11.5633
202 70.1541 8.9233
203 80.3849 10.3398
204 64.4641 13.1483
205 62.8958 8.4245
206 77.9336 10.6143
207 75.4293 6.635
208 0 0
209 0 0
210 64.2292 9.0128
211 63.28 10.0614
212 78.6891 8.0994
213 70.5097 8.1294
214 64.7659 7.4894
215 81.5818 8.388
216 71.6767 9.3089
217 71.9355 10.4006
218 69.2984 6.6777
219 74.758 7.8115
220 63.0742 8.2253
221 70.5359 8.163
222 68.4396 9.0816
223 62.4832 13.035
224 73.6094 9.1832
225 66.1259 9.7514
226 80.5574 9.8085
227 80.7049 10.609
228 73.8179 8.3694
229 0 0
230 0 0
231 54.3867 11.5597
232 55.7618 10.0127
233 65.004 9.0727
234 61.9172 12.6855
235 51.0501 13.9394
236 57.564 11.4782
237 61.389 10.6509
238 70.9013 8.2706
239 83.5097 8.5384
240 75.2226 10.2962
241 64.9029 8.7739
242 85.2022 7.2698
243 76.7223 11.7473
244 64.2435 10.6683
245 77.8833 9.6953
246 79.5263 8.7906
247 69.8398 9.0743
248 81.992 8.534
249 66.4199 7.9355
250 0 0
251 0 0
