0 74.0965 9.7547
1 71.4663 8.5014
2 72.7552 7.8565
3 70.7789 9.3877
4 56.9005 8.1684
5 68.5175 12.4794
6 72.5866 11.7695
7 70.892 11.097
8 76.1298 12.1885
9 63.3461 11.4656
10 78.72 9.1486
11 75.172 8.5432
12 71.5226 10.4531
13 76.1979 12.8987
14 66.4966 8.6307
15 71.1373 9.6303
16 68.8223 9.7922
17 74.8523 10.8172
18 73.8331 8.7008
19 73.4686 8.2878
20 73.055 9.9299
21 76.2073 7.526
22 73.2606 9.2853
23 61.635 7.2189
24 76.9276 7.0318
25 77.7439 10.0197
26 82.1417 10.0569
27 87.5933 10.2176
28 76.038 8.773
29 60.2969 11.4538
30 63.1498 10.0565
31 75.593 9.0509
32 68.8053 5.7802
33 63.7075 9.7553
34 77.5171 8.9377
35 69.5418 11.1758
36 68.0987 8.9076
37 70.9566 8.0887
38 68.9503 8.6391
39 70.7229 8.6705
40 67.9598 8.0635
41 68.0503 7.8632
42 67.5243 7.9356
43 84.301 6.797
44 72.6019 8.271
45 75.1923 8.8439
46 71.5092 8.8521
47 60.2348 7.8384
48 80.2353 9.2696
49 66.5516 8.9371
50 69.1879 6.7575
51 78.3932 9.2957
52 74.3159 9.1956
53 75.3207 7.7563
54 68.3964 12.0389
55 61.7522 13.0051
56 84.5644 6.2262
57 62.1728 13.0242
58 72.2057 9.7434
59 68.3685 12.618
60 74.6825 9.4411
61 75.8389 6.5474
62 60.9138 9.6108
63 75.382 8.1409
64 65.7323 8.7106
65 68.3591 11.7355
66 76.8375 12.6999
67 78.2255 13.0328
68 90.9777 12.8683
69 73.2998 13.066
70 75.9904 9.3604
71 72.2308 12.2899
72 72.2584 13.0042
73 71.0071 12.0634
74 60.7276 9.7617
75 57.1326 10.8084
76 50.1183 11.1983
77 65.8023 9.0399
78 72.5788 9.6202
79 58.195 9.3064
80 64.1418 10.6075
81 57.1014 11.5718
82 0 0
83 0 0
84 80.2775 8.5946
85 78.8748 9.0904
86 86.9853 8.9879
87 85.6808 9.4011
88 73.0596 7.512
89 98.5957 9.6926
90 75.0345 10.575
91 86.8482 8.4791
92 85.1982 7.6405
93 83.305 10.9343
94 93.0538 8.9809
95 81.7797 8.3657
96 93.9723 8.7086
97 81.3447 10.3286
98 90.5322 8.2109
99 76.3993 8.1613
100 69.364 10.5753
101 61.5056 11.2765
102 86.1866 9.9465
103 0 0
104 0 0
105 59.774 5.7003
106 67.992 7.5846
107 72.6482 6.7194
108 61.1231 7.7233
109 80.2622 5.2694
110 74.2464 8.3879
111 81.053 0.4518
112 75.6379 6.966
113 76.6272 6.2759
114 92.7685 9.1992
115 73.5058 6.0924
116 81.7359 6.1394
117 88.91 9.7217
118 80.0975 10.564
119 73.0623 9.1359
120 97.4193 7.7366
121 77.8941 7.152
122 97.2544 10.8886
123 87.5124 11.3778
124 0 0
125 0 0
126 86.6534 6.1851
127 82.3679 8.1778
128 83.0092 7.5572
129 67.6189 7.2948
130 75.6142 7.1307
131 73.8793 9.2155
132 75.2543 9.086
133 74.2487 10.677
134 66.9277 12.6628
135 66.3346 11.7397
136 71.8898 8.2466
137 73.122 12.3579
138 66.4181 14.5631
139 73.103 10.6828
140 74.1459 11.6522
141 73.7913 8.6975
142 71.2794 9.7342
143 64.9902 12.3115
144 67.6589 9.4786
145 64.0442 10.6541
146 68.7502 9.8045
147 72.7372 9.6685
148 69.025 7.8934
149 74.4023 7.3258
150 71.7006 6.4347
151 79.0373 7.3838
152 66.9603 7.7409
153 77.343 8.9798
154 70.8188 9.6118
155 61.8425 8.6753
156 82.8612 7.0734
157 82.4039 8.484
158 71.939 9.4274
159 69.926 9.1017
160 88.7235 9.478
161 86.2712 10.2777
162 87.7744 9.0874
163 57.8519 10.5399
164 70.9015 12.9652
165 58.7184 14.2755
166 57.5248 8.6881
167 69.6216 14.5912
168 69.0691 6.6091
169 57.0502 6.8482
170 73.0649 5.6554
171 57.9229 9.6795
172 74.3129 5.3802
173 92.0508 9.5384
174 80.993 7.2537
175 79.4273 5.9616
176 78.3712 6.5406
177 86.0118 6.388
178 76.1661 6.0282
179 85.9181 5.5683
180 63.1154 13.0915
181 69.8521 9.4571
182 59.0714 12.0358
183 78.2879 1.0085
184 65.2061 8.6388
185 61.7342 16.018
186 54.2614 10.1715
187 77.9886 15.2168
188 57.1231 12.5287
189 79.5966 6.6428
190 62.0493 9.1164
191 74.9099 8.2773
192 77.4423 11.0934
193 71.7923 11.4767
194 73.0822 11.1366
195 75.5322 8.419
196 69.0112 9.5889
197 89.0673 10.5801
198 71.2566 10.8815
199 79.2257 10.1061
200 63.9032 10.6618
201 62.1357 11.7836
202 69.9511 9.2195
203 80.3644 10.5698
204 64.0341 13.4267
205 62.6984 8.8334
206 77.6137 10.9027
207 75.4778 6.9579
208 0 0
209 0 0
210 64.4233 8.7518
211 63.5244 9.7975
212 78.717 8.062
213 70.5318 8.0591
214 64.9074 7.4862
215 81.7659 8.3836
216 71.5323 9.3015
217 71.7906 10.3944
218 68.9666 6.9292
219 74.8384 8.0164
220 62.937 8.3856
221 70.7964 8.3882
222 68.2038 9.2666
223 62.6308 12.6483
224 73.5233 9.2861
225 66.3587 9.7304
226 80.6284 9.9802
227 80.7651 10.4915
228 74.0259 8.3636
229 0 0
230 0 0
231 54.7305 11.4297
232 56.0437 9.8361
233 65.0759 9.1266
234 61.9219 12.2165
235 51.424 13.6498
236 58.0396 11.1525
237 61.4998 10.6647
238 70.8247 8.4591
239 83.458 8.6912
240 75.1571 10.3246
241 65.1058 8.862
242 85.205 7.3737
243 76.968 11.7483
244 64.5435 10.7762
245 78.0462 9.8183
246 79.4336 9.3265
247 69.6804 9.5933
248 82.0049 8.9597
249 66.4353 8.4131
250 0 0
251 0 0
