0 74.1215 9.6538
1 71.3019 8.3387
2 72.7147 7.8928
3 70.4069 9.2706
4 57.327 8.1408
5 68.6813 12.3485
6 72.7817 11.5019
7 70.5972 10.8441
8 75.9627 12.2582
9 63.1677 11.4956
10 78.7674 9.2108
11 74.9341 8.5605
12 71.405 10.5233
13 76.061 12.9627
14 66.4578 8.5647
15 70.9929 9.6552
16 68.5958 9.9221
17 74.496 10.8375
18 73.664 8.7581
19 73.1294 8.4251
20 72.997 9.8391
21 76.2016 7.2042
22 73.6371 9.0029
23 62.0158 7.0469
24 77.4824 6.8139
25 77.307 9.5978
26 82.1246 9.7958
27 87.3582 10.0456
28 76.4726 8.5342
29 60.0592 11.6219
30 63.2529 10.0212
31 75.619 8.8948
32 69.1207 5.4536
33 63.8007 9.5968
34 77.5422 8.8383
35 69.4589 11.0959
36 68.3033 8.8172
37 70.8786 8.0417
38 68.8493 8.8711
39 70.7059 8.7596
40 67.7922 8.1716
41 68.1515 8.079
42 67.2884 7.8785
43 84.2838 6.7525
44 72.4638 8.1912
45 75.2393 8.8059
46 71.1901 8.9325
47 60.0528 7.8155
48 80.0758 9.3578
49 66.4243 8.9433
50 69.2089 6.7384
51 78.2283 9.4596
52 74.2256 9.3769
53 75.1781 7.6744
54 68.0078 12.2201
55 61.4923 12.9621
56 84.239 6.2762
57 62.348 12.8949
58 72.0719 9.6959
59 68.0851 12.6596
60 74.6186 9.6179
61 75.6733 6.4912
62 60.9938 9.3901
63 75.2625 8.2838
64 65.4855 8.9317
65 68.0633 12.123
66 76.9374 12.623
67 78.2628 13.003
68 90.9171 12.8139
69 73.1317 13.1458
70 76.1258 9.3123
71 72.3694 12.0476
72 72.3574 12.9844
73 70.9416 11.8215
74 60.5948 9.7449
75 57.1514 10.6247
76 50.7533 10.8744
77 65.6985 8.8664
78 72.4582 9.6252
79 57.83 9.2723
80 64.0489 10.4907
81 57.2785 11.3159
82 0 0
83 0 0
84 80.4237 8.5254
85 78.7719 9.0609
86 86.8535 8.9696
87 85.6006 9.3769
88 73.1093 7.5512
89 98.5016 9.641
90 74.9747 10.5165
91 86.7896 8.542
92 85.3407 7.751
93 83.0973 10.8968
94 92.9322 9.0705
95 81.6624 8.4421
96 94.4175 8.7484
97 81.427 10.3906
98 90.9133 8.3203
99 76.2808 8.2405
100 68.987 10.6864
101 61.8182 11.0508
102 86.1408 9.9416
103 0 0
104 0 0
105 59.7643 5.6578
106 68.0369 7.5475
107 72.6741 6.6691
108 60.9668 7.7191
109 80.3093 5.2196
110 74.1225 8.2701
111 81.0074 0.4506
112 75.5631 6.9489
113 76.53 6.3191
114 92.6384 9.1517
115 73.4154 6.2215
116 81.7396 6.1162
117 88.8019 9.7617
118 79.9901 10.5024
119 73.2088 9.1105
120 97.451 7.676
121 77.7923 7.0452
122 97.2792 10.858
123 87.5825 11.3308
124 0 0
125 0 0
126 86.4901 6.2365
127 82.1861 8.1387
128 82.8791 7.5982
129 67.3149 7.4674
130 75.7211 7.0392
131 73.6904 9.4807
132 75.4466 9.2208
133 74.069 10.9515
134 66.559 12.9465
135 65.8104 11.9824
136 71.5879 8.3065
137 72.8402 12.6673
138 66.385 14.867
139 72.8114 10.8902
140 74.0312 12.0101
141 73.729 8.9015
142 71.4918 9.4907
143 65.1191 12.0077
144 67.8015 9.0982
145 64.3368 10.2274
146 68.6882 9.5347
147 72.6425 9.5765
148 68.7782 7.8326
149 74.323 7.3164
150 71.6295 6.3998
151 79.042 7.3633
152 66.9858 7.601
153 77.2491 9.0473
154 70.7534 9.6347
155 62.0649 8.4975
156 82.8225 6.9625
157 82.382 8.411
158 71.8556 9.2855
159 69.9893 8.9541
160 88.8873 9.3294
161 86.3327 10.103
162 87.9925 8.7632
163 57.864 10.3377
164 71.1422 12.5118
165 58.5215 14.2835
166 57.5958 8.5525
167 69.5755 14.8458
168 69.2235 6.5446
169 57.0183 6.7842
170 73.046 5.6521
171 57.8797 9.692
172 74.4746 5.3295
173 91.8923 9.5796
174 81.012 7.2556
175 79.2214 5.9322
176 78.54 6.5281
177 86.0525 6.4473
178 76.4316 5.9651
179 85.7051 5.5546
180 63.1254 13.3407
181 69.5328 9.5705
182 58.5842 12.3447
183 78.0959 0.9781
184 65.0272 8.8677
185 61.1432 16.4442
186 53.4854 10.6526
187 77.8026 15.9221
188 57.3844 12.1075
189 79.4063 6.6329
190 61.9445 8.9557
191 74.8119 8.1768
192 77.2218 11.2655
193 71.6832 11.5829
194 72.937 11.3576
195 75.5355 8.4206
196 68.887 9.6201
197 89.2192 10.6123
198 71.1656 10.9464
199 78.9747 10.011
200 63.9528 10.3878
201 62.2737 11.5795
202 70.0543 9.0062
203 80.2407 10.3086
204 64.0564 13.049
205 62.7536 8.4885
206 77.745 10.5881
207 75.3181 6.6981
208 0 0
209 0 0
210 64.2068 8.816
211 63.3975 9.8901
212 78.5433 8.0271
213 70.5039 8.0482
214 64.741 7.4885
215 81.5278 8.2663
216 71.5955 9.2121
217 71.8261 10.2124
218 69.3023 6.5884
219 74.6802 7.7366
220 63.0088 8.1878
221 70.4799 8.1887
222 68.4621 9.0801
223 62.5073 12.8788
224 73.6883 9.2157
225 66.1868 9.7368
226 80.6338 9.9394
227 80.7096 10.7119
228 73.8795 8.4341
229 0 0
230 0 0
231 54.4011 11.419
232 55.7202 9.7623
233 64.8147 9.0265
234 61.754 12.3343
235 51.4584 13.5465
236 57.7791 11.243
237 61.3244 10.3678
238 70.9581 8.3068
239 83.4752 8.5066
240 75.1146 10.3084
241 64.9465 8.811
242 85.2104 7.2641
243 76.6345 11.5751
244 64.4612 10.6643
245 78.0348 9.6072
246 79.4643 8.9417
247 69.6271 9.3607
248 81.9746 8.7573
249 66.2611 8.1064
250 0 0
251 0 0
