0 74.2744 9.5521
1 71.2782 8.2736
2 72.5722 7.7891
3 70.4336 9.1854
4 57.4117 7.9737
5 68.5511 12.2337
6 72.616 11.4074
7 70.5474 10.8351
8 76.126 12.0177
9 63.4053 11.2695
10 78.7589 9.0181
11 75.1426 8.3972
12 71.6481 10.1822
13 76.1868 12.5321
14 66.4964 8.4065
15 71.286 9.4122
16 68.6558 9.6984
17 74.6274 10.5979
18 73.6784 8.5045
19 73.3822 8.188
20 72.9039 9.6629
21 76.1796 7.1236
22 73.5388 9.0262
23 61.9536 6.9356
24 77.2717 6.7704
25 77.5684 9.5068
26 82.0961 9.783
27 87.4805 10.1735
28 76.2913 8.5305
29 60.0238 12.0493
30 62.9638 10.3995
31 75.7744 9.0864
32 68.9747 5.5271
33 63.7447 9.7935
34 77.4741 8.982
35 69.3567 11.3302
36 68.1107 8.9652
37 71.1198 8.3094
38 68.9438 9.0227
39 70.8353 8.9317
40 67.6376 8.335
41 67.9799 8.1367
42 67.53 7.7851
43 84.2339 6.7248
44 72.5866 8.2036
45 75.172 8.9106
46 71.311 9.0783
47 59.9116 7.8739
48 80.0853 9.3727
49 66.4596 9.0563
50 69.0686 6.7335
51 78.1194 9.614
52 74.0469 9.4387
53 75.0986 7.7172
54 68.1092 12.5873
55 61.6342 13.43
56 84.4815 6.344
57 62.2636 13.381
58 72.0166 9.7127
59 68.0651 12.6871
60 74.5358 9.6818
61 75.737 6.575
62 60.6946 9.6946
63 75.237 8.1111
64 65.5888 8.7081
65 68.1381 11.847
66 76.8245 12.4288
67 78.2184 13.0946
68 90.8268 12.7411
69 73.2157 13.05
70 76.1944 9.0958
71 72.4076 12.0604
72 72.3945 12.7799
73 70.8823 11.6498
74 60.3996 9.9561
75 57.1579 10.8202
76 49.5135 11.5499
77 65.5721 8.774
78 72.3259 9.5971
79 57.8071 9.325
80 63.8334 10.6463
81 57.0744 11.4256
82 0 0
83 0 0
84 80.3158 8.3739
85 79.1094 8.894
86 87.1071 8.7299
87 85.8527 9.0849
88 72.9758 7.3947
89 98.4763 9.4291
90 74.956 10.2607
91 86.8765 8.2497
92 85.0989 7.6566
93 83.2411 10.7473
94 92.9571 8.9118
95 81.6384 8.2868
96 94.0255 8.6075
97 81.328 10.1893
98 90.571 8.0647
99 76.4399 8.0791
100 69.1327 10.5111
101 61.342 11.2134
102 86.1058 10.0273
103 0 0
104 0 0
105 59.4656 5.7389
106 67.7533 7.809
107 72.5843 6.802
108 61.1749 7.8601
109 80.3895 5.323
110 74.1357 8.6036
111 81.0125 0.4486
112 75.5502 7.002
113 76.6983 6.3411
114 92.8086 9.3376
115 73.7131 6.2427
116 81.8787 6.223
117 88.8024 9.9327
118 80.101 10.889
119 72.9794 9.3768
120 97.4181 7.8064
121 77.8115 7.2022
122 97.3293 10.8202
123 87.5644 11.5666
124 0 0
125 0 0
126 86.8668 5.8875
127 82.6017 7.7426
128 83.1677 7.2119
129 67.6561 6.9487
130 75.8144 6.7339
131 74.0312 8.9902
132 75.1212 8.8357
133 74.6061 10.3983
134 66.7782 13.0237
135 66.2146 11.6692
136 71.8113 8.0596
137 73.1039 12.3346
138 66.0885 14.9223
139 72.9478 10.5185
140 74.0503 11.9253
141 73.8427 8.5338
142 71.324 9.5465
143 65.1596 11.9338
144 67.6869 9.1374
145 64.1599 10.4264
146 68.7221 9.5408
147 72.3256 9.5767
148 68.7178 7.8282
149 74.3289 7.3117
150 71.5741 6.3723
151 79.018 7.3865
152 66.757 7.7523
153 76.9197 9.0669
154 70.586 9.6313
155 61.739 8.5415
156 82.7977 7
157 82.2739 8.4457
158 71.612 9.3411
159 69.8728 8.9947
160 88.6817 9.4037
161 86.1614 10.2468
162 87.6964 8.9003
163 58.1937 9.9193
164 71.5163 11.7774
165 58.9653 13.5464
166 57.9818 8.2475
167 69.5019 14.5021
168 69.095 6.4368
169 56.9937 6.7242
170 72.9239 5.6123
171 58.0608 9.5318
172 74.3031 5.2782
173 92.0399 9.5999
174 80.9958 7.17
175 79.3264 5.8125
176 78.2632 6.4483
177 85.9468 6.3159
178 76.183 5.9757
179 85.868 5.4765
180 63.4696 13.1339
181 70.3047 9.1176
182 59.6334 11.7092
183 78.5209 1.1084
184 65.6425 8.4755
185 62.3026 15.6122
186 54.6089 9.9422
187 78.3908 15.2204
188 57.3615 12.0481
189 79.6028 6.6495
190 62.1717 8.9561
191 75.019 8.2
192 77.2115 11.1836
193 71.8438 11.5695
194 73.0179 11.4236
195 75.584 8.3275
196 68.9419 9.4848
197 89.1148 10.6917
198 71.2936 10.8624
199 79.1616 10.0092
200 64.423 10.0768
201 62.0492 11.6147
202 70.0206 8.7603
203 80.2907 10.3127
204 64.356 12.9385
205 63.0152 8.3696
206 77.963 10.5417
207 75.4409 6.6728
208 0 0
209 0 0
210 64.4896 8.4889
211 63.4878 9.5219
212 78.6247 7.722
213 70.5126 7.7253
214 65.2713 7.2228
215 81.8994 8.0386
216 71.9647 8.9732
217 71.9603 9.9351
218 68.9777 6.6734
219 74.6846 7.8366
220 62.864 8.3641
221 70.5603 8.3089
222 68.2659 9.2544
223 62.2131 13.1093
224 73.3746 9.2325
225 66.2648 9.7897
226 80.5597 9.828
227 80.7544 10.6094
228 73.7961 8.295
229 0 0
230 0 0
231 54.651 11.3896
232 55.7519 9.7475
233 64.9831 8.9465
234 61.8378 12.5981
235 51.9155 13.6248
236 58.054 11.2533
237 61.4878 10.3011
238 70.9496 8.1835
239 83.5547 8.533
240 75.1221 10.3304
241 65.0053 8.7039
242 85.1061 7.2533
243 76.9232 11.6944
244 64.3519 10.7419
245 77.8885 9.547
246 78.9215 8.9604
247 68.9536 9.3245
248 81.2634 8.6881
249 65.6478 8.1488
250 0 0
251 0 0
