0 73.9157 9.485
1 71.2924 8.3487
2 72.6124 7.7492
3 70.571 9.1248
4 56.7313 7.9865
5 68.3462 12.154
6 72.709 11.346
7 70.8014 10.6821
8 75.9977 11.8984
9 63.2294 11.1935
10 78.6104 8.9656
11 74.9808 8.3653
12 71.4864 10.3063
13 76.1507 12.5662
14 66.4307 8.46
15 71.1437 9.4454
16 68.8112 9.2468
17 74.8231 10.2358
18 73.8507 8.2078
19 73.4559 7.8056
20 73.2257 9.4087
21 76.1272 7.0655
22 73.6429 9.0322
23 62.0501 6.7969
24 77.3934 6.5448
25 77.4731 9.3295
26 82.1541 9.8996
27 87.4174 10.1922
28 76.3281 8.4479
29 60.0925 11.8335
30 63.1472 9.9612
31 75.7554 8.6744
32 69.0173 5.3994
33 63.8913 9.4337
34 77.5704 8.6782
35 69.5538 11.2767
36 68.1347 8.5648
37 71.115 7.9438
38 69.1786 8.5354
39 70.8732 8.4871
40 67.9895 7.9786
41 67.9569 7.8416
42 67.4559 7.8053
43 84.3223 6.7047
44 72.5731 8.0974
45 75.2449 8.9886
46 71.4394 8.9099
47 60.2628 7.7054
48 80.2637 9.3365
49 66.5194 9.0167
50 69.1693 6.5591
51 78.3537 9.519
52 74.2347 9.3719
53 75.2613 7.5232
54 68.0319 12.6797
55 61.4827 13.6612
56 84.5008 6.274
57 62.3745 13.2276
58 71.7976 9.6626
59 68.0266 12.6319
60 74.3567 9.7044
61 75.7911 6.4385
62 60.961 9.2849
63 75.3147 7.9614
64 65.8583 8.5164
65 68.2411 11.6244
66 76.8249 12.7239
67 78.271 13.5035
68 90.9026 13.2693
69 73.1866 13.4734
70 75.7441 9.2758
71 72.136 12.4427
72 72.0064 13.1387
73 71.1995 12.019
74 60.8409 10.0906
75 57.266 11.15
76 50.1823 11.5946
77 65.9421 8.901
78 72.6022 9.6734
79 58.3434 9.2957
80 64.2809 10.7986
81 57.0356 11.7206
82 0 0
83 0 0
84 80.4702 8.2843
85 78.6672 8.631
86 86.8195 8.7546
87 85.2006 9.0976
88 73.3753 7.2605
89 98.461 9.233
90 75.1531 10.1918
91 86.5943 8.2037
92 85.2309 7.3639
93 83.2095 10.5102
94 93.0576 8.5812
95 81.681 8.1274
96 93.9977 8.3634
97 81.3681 9.9571
98 90.6325 7.9016
99 76.3976 7.9334
100 69.0358 10.5534
101 61.4289 11.1772
102 86.0477 9.9384
103 0 0
104 0 0
105 59.6919 5.5812
106 67.9805 7.6423
107 72.6246 6.5802
108 61.2782 7.5558
109 80.4862 5.1451
110 74.2394 8.4417
111 80.7358 7.0428
112 75.6883 6.8254
113 76.6131 6.1806
114 92.8871 9.1838
115 73.4346 6.0521
116 81.9141 6.0132
117 88.8527 9.7238
118 80.1004 10.7294
119 72.9692 9.1882
120 97.2563 7.7123
121 77.6923 7.0228
122 97.1492 10.9109
123 87.4937 11.432
124 0 0
125 0 0
126 86.485 6.0301
127 82.1061 8.0058
128 82.809 7.3469
129 67.4486 7.2111
130 75.5836 6.9773
131 73.7535 9.4794
132 75.1859 9.0999
133 74.1557 11.0173
134 66.9318 13.1237
135 66.0158 11.5135
136 71.8053 8.0065
137 73.247 12.0971
138 66.3595 15.0853
139 72.8724 10.394
140 74.0021 11.855
141 73.7719 8.4447
142 71.2975 9.3093
143 65.1544 11.8144
144 67.7691 8.9585
145 64.3898 10.1165
146 68.7258 9.204
147 72.6388 9.3378
148 68.9345 7.6083
149 74.46 7.0634
150 71.6126 6.2952
151 79.1539 7.1516
152 67.0109 7.5265
153 77.266 8.8274
154 70.8963 9.2158
155 61.9484 8.3132
156 82.8151 6.7367
157 82.3912 8.1611
158 71.8605 8.9893
159 69.7899 8.6647
160 88.72 8.9404
161 86.2007 9.8565
162 87.8188 8.6126
163 58.1203 9.9829
164 71.0623 12.1488
165 58.3685 13.9256
166 57.849 8.2738
167 69.4703 14.706
168 69.2649 6.4678
169 57.0039 6.6679
170 73.0735 5.5318
171 57.842 9.5742
172 74.2093 5.2794
173 91.99 9.5273
174 80.9247 7.0776
175 79.2496 5.8649
176 78.3293 6.3997
177 85.8436 6.334
178 76.1868 5.9559
179 85.8767 5.4288
180 63.3183 13.4198
181 69.3453 9.4658
182 58.7662 12.1842
183 78.232 0.929
184 65.2152 8.7535
185 61.2793 16.1406
186 53.9183 10.346
187 77.5248 15.8723
188 56.9815 12.2357
189 79.4898 6.5628
190 61.9845 9.0161
191 74.7895 8.0013
192 77.2453 11.0798
193 71.7817 11.5625
194 72.9362 11.3199
195 75.6709 8.156
196 68.9696 9.3205
197 89.2411 10.5401
198 71.1737 10.8238
199 79.0444 9.7647
200 64.3525 10.184
201 61.8442 11.77
202 70.1245 8.8796
203 80.2636 10.3039
204 64.4724 13.1711
205 62.8912 8.3039
206 77.9674 10.4542
207 75.4093 6.6708
208 0 0
209 0 0
210 64.7351 8.3069
211 63.4805 9.3765
212 78.6731 7.6886
213 70.5106 7.6457
214 65.3359 7.0536
215 81.9722 7.9329
216 71.9859 8.6945
217 71.9055 9.7173
218 69.0278 6.4732
219 74.8214 7.5628
220 63.0684 7.9584
221 70.663 8.0842
222 68.0354 8.9797
223 62.3527 13.0802
224 73.407 8.9731
225 66.2734 9.518
226 80.7018 9.4332
227 80.841 10.1895
228 74.014 8.0575
229 0 0
230 0 0
231 53.9662 11.9128
232 55.8064 9.6627
233 65.1224 8.9182
234 61.1927 12.7813
235 50.7178 13.9659
236 57.4658 11.5052
237 61.3692 10.5484
238 70.8752 8.1444
239 83.4904 8.3823
240 75.1505 10.2248
241 64.8301 8.6938
242 85.2166 7.134
243 76.7461 11.5941
244 64.4109 10.6327
245 77.9371 9.4073
246 79.4663 8.8445
247 69.926 9.024
248 82.0695 8.589
249 66.5151 7.9333
250 0 0
251 0 0
