0 73.992 9.3529
1 71.274 8.413
2 72.7308 7.8204
3 70.098 9.2411
4 57.3242 8.0211
5 68.1357 12.2522
6 72.7385 11.4725
7 71.0214 10.6471
8 75.8122 11.9192
9 63.3298 11.0667
10 78.602 9.1459
11 75.1592 8.2432
12 71.0763 9.9471
13 76.2133 12.7683
14 66.3468 8.5659
15 71.1452 9.4561
16 68.5674 9.465
17 74.6731 10.5263
18 73.5953 8.4016
19 73.1572 8.2373
20 73.009 9.8229
21 76.2457 7.4594
22 73.3225 9.1223
23 62.0169 6.9887
24 77.2449 6.7836
25 77.272 9.7702
26 82.1952 10.0158
27 87.4533 10.0947
28 76.1129 8.5776
29 59.8991 12.049
30 63.4814 9.7106
31 75.9879 8.8722
32 68.7962 6.1199
33 64.0039 9.2515
34 77.4476 8.6863
35 69.4586 11.6386
36 68.3557 8.7548
37 71.3042 8.0514
38 68.9801 8.8481
39 70.7114 8.3527
40 68.0528 8.1608
41 68.0317 7.9878
42 67.1602 7.8771
43 84.3699 6.7452
44 72.4341 8.1638
45 75.4774 8.8575
46 71.2737 8.9825
47 60.2739 7.7847
48 80.2732 9.3745
49 66.7156 8.9717
50 69.1516 6.5006
51 78.1957 9.4481
52 74.3601 9.301
53 75.4437 7.5874
54 68.2117 11.9041
55 62.2409 12.5331
56 84.6192 6.1714
57 62.3592 12.7617
58 72.1005 9.6023
59 68.491 12.0644
60 74.5035 9.3158
61 75.9401 6.452
62 60.6977 9.3566
63 75.4467 8.0302
64 65.8288 8.9308
65 68.1186 11.6698
66 76.9047 12.0628
67 78.4029 12.8359
68 90.7066 12.7042
69 73.2206 13.1724
70 76.3888 8.9036
71 72.0726 12.1584
72 72.4942 12.8591
73 70.6384 11.3602
74 60.6421 9.6063
75 57.5809 10.6702
76 51.6172 10.5136
77 66.037 8.4094
78 72.622 9.277
79 58.0181 9.1866
80 64.5691 10.2547
81 57.973 10.7619
82 0 0
83 0 0
84 80.1929 8.7549
85 78.3513 9.0547
86 86.6794 9.092
87 85.1909 9.4675
88 73.3406 7.4612
89 98.4026 9.4664
90 75.4788 10.3792
91 86.4154 8.6065
92 85.1615 7.5845
93 83.4333 10.6966
94 93.0479 8.6623
95 81.4727 8.4346
96 93.895 8.588
97 81.2205 9.8202
98 90.4469 8.0461
99 76.2679 7.9865
100 68.6562 10.3749
101 61.287 11.6143
102 86.4316 10.2532
103 0 0
104 0 0
105 59.606 5.7457
106 67.6976 7.7762
107 72.4449 6.6778
108 61.0059 7.8101
109 80.2718 5.2618
110 74.209 8.2678
111 80.7123 7.0596
112 75.5982 6.8491
113 76.645 6.3421
114 92.6934 9.1913
115 73.4047 6.2014
116 81.8317 6.0843
117 88.7632 9.7811
118 80.2358 10.422
119 73.1348 9.0113
120 97.185 7.5721
121 77.6372 6.9748
122 96.8961 10.7443
123 87.7146 11.2649
124 0 0
125 0 0
126 86.5952 6.1348
127 82.1786 8.0288
128 82.8751 7.4625
129 67.5649 7.2097
130 75.6334 6.8613
131 73.7889 9.0126
132 75.1205 8.8987
133 73.7679 10.6049
134 66.3789 12.9289
135 65.7942 11.5987
136 71.7836 7.9713
137 73.0005 12.3066
138 66.1944 14.7222
139 73.2986 10.5934
140 73.9404 11.7227
141 73.6809 8.4908
142 71.3338 9.4087
143 64.8133 11.5995
144 67.8601 9.2442
145 64.5447 10.1586
146 68.7724 9.3385
147 72.7372 8.9523
148 69.101 7.5375
149 74.2542 7.1193
150 71.6817 6.2814
151 79.0896 7.3423
152 67.0311 7.5101
153 77.2005 8.5677
154 70.6768 9.2317
155 62.0653 8.2468
156 82.5677 6.8244
157 82.4838 8.215
158 71.6146 8.9773
159 70.1805 8.6012
160 88.8178 8.9784
161 86.2391 10.1867
162 87.7077 8.8168
163 58.0958 9.7483
164 71.2268 12.0104
165 57.999 13.8641
166 57.7839 8.4298
167 68.8324 14.7638
168 69.1572 6.6139
169 56.9341 6.8333
170 72.9604 5.8104
171 58.1474 9.4077
172 74.3548 5.4921
173 91.642 9.4854
174 80.8846 7.4867
175 79.0227 5.9488
176 78.442 6.6806
177 85.9132 6.4882
178 76.4069 6.2245
179 85.6539 5.6469
180 63.1769 13.1973
181 69.2508 9.893
182 58.4549 12.4522
183 78.1669 0.9648
184 64.8084 8.9467
185 60.6561 16.7412
186 54.2909 10.1365
187 77.8645 15.1342
188 56.1597 12.8645
189 79.0847 6.5344
190 62.1604 9.0105
191 74.8334 8.1142
192 77.4128 11.1208
193 71.9875 11.3728
194 72.9291 11.2654
195 75.4369 8.1756
196 68.7556 9.7667
197 89.1826 10.7375
198 71.1081 10.6863
199 79.265 9.8569
200 64.2644 10.1715
201 62.1842 11.9338
202 69.7532 9.0072
203 80.7416 10.1185
204 64.0035 13.1737
205 63.0819 8.2939
206 78.0032 10.4729
207 75.3938 6.7938
208 0 0
209 0 0
210 64.7823 8.5571
211 63.3198 9.2867
212 78.6976 7.8488
213 70.3591 7.9152
214 65.0789 7.3443
215 82.0313 8.1567
216 71.7492 8.8715
217 71.8389 9.9713
218 69.3361 6.6107
219 74.7586 7.8051
220 62.9846 8.0539
221 70.5741 8.2829
222 68.4654 9.06
223 63.0808 12.6283
224 73.607 9.4962
225 66.3177 9.7751
226 80.5446 9.841
227 80.7604 10.6783
228 73.8786 8.559
229 0 0
230 0 0
231 55.138 11.0517
232 56.6325 9.3209
233 64.9404 9.0374
234 62.0051 12.2017
235 50.1674 13.6014
236 58.0712 10.7181
237 61.4096 10.7459
238 70.7039 8.2306
239 83.294 8.7839
240 75.0737 10.5302
241 64.6915 9.0946
242 85.2192 7.3762
243 76.8785 11.647
244 64.4685 10.6953
245 77.8371 9.7203
246 79.426 9.1336
247 69.4017 9.474
248 81.8421 8.9113
249 66.3468 8.1642
250 0 0
251 0 0
