0 74.0136 9.5266
1 71.2928 8.3783
2 72.6437 7.7236
3 70.5829 9.1859
4 57.1377 7.9324
5 68.4962 12.3426
6 72.6057 11.3839
7 70.8146 10.7427
8 76.0979 11.7085
9 63.5048 11.0134
10 78.6996 8.8759
11 75.3033 8.2096
12 71.524 10.1246
13 76.4431 12.4375
14 66.6179 8.2292
15 71.3161 9.2723
16 68.6834 9.5315
17 74.8596 10.5098
18 73.7215 8.3394
19 73.6842 8.0734
20 72.9319 9.5691
21 76.2293 7.2031
22 73.441 9.0717
23 61.947 6.8152
24 77.1682 6.6889
25 77.7826 9.4884
26 82.0983 9.979
27 87.6151 10.2679
28 76.2327 8.5763
29 60.0919 11.6208
30 63.169 9.9472
31 75.6387 8.7242
32 68.752 5.792
33 63.7518 9.3597
34 77.6316 8.6115
35 69.5579 11.0592
36 68.3773 8.5758
37 71.0046 7.7634
38 69.2625 8.4007
39 70.8546 8.3802
40 68.0283 7.8026
41 67.994 7.7225
42 67.3459 7.9451
43 84.2261 6.7891
44 72.3353 8.3321
45 75.3044 9.1779
46 71.4299 8.9038
47 60.195 7.7643
48 80.3155 9.1814
49 66.5939 9.0321
50 69.14 6.6044
51 78.4501 9.5309
52 74.3215 9.4247
53 75.2108 7.5304
54 68.1682 12.3369
55 61.3316 13.3347
56 84.3844 6.2376
57 62.1344 13.0302
58 72.1785 9.5593
59 68.1542 12.5426
60 74.6615 9.5752
61 75.732 6.4307
62 60.8049 9.4032
63 75.3272 8.0523
64 65.5183 8.6749
65 68.359 11.8372
66 76.8222 12.5546
67 78.4168 13.166
68 90.8323 12.8313
69 73.4368 13.0711
70 75.6698 9.1009
71 72.3914 12.067
72 71.9826 12.9049
73 70.8982 11.6664
74 60.7071 10.0433
75 57.1118 11.1198
76 50.0392 11.6478
77 65.9554 8.8586
78 72.5339 9.8246
79 58.1452 9.5512
80 64.1543 10.6781
81 57.3257 11.6571
82 0 0
83 0 0
84 80.4728 8.196
85 79.0611 8.6977
86 87.1063 8.6443
87 85.713 8.9316
88 73.0038 7.266
89 98.6364 9.2156
90 75.0389 10.1662
91 86.8546 8.1691
92 85.2504 7.4909
93 83.2656 10.6054
94 92.9834 8.8085
95 81.6858 8.199
96 93.9385 8.4821
97 81.3451 10.1237
98 90.6894 8.1173
99 76.4427 8.1019
100 68.8353 10.9102
101 61.5983 11.3318
102 86.2714 10.2077
103 0 0
104 0 0
105 59.7313 5.6623
106 68.0155 7.6461
107 72.5688 6.6423
108 61.1006 7.7139
109 80.3659 5.1946
110 74.172 8.4852
111 80.847 7.0944
112 75.6101 6.854
113 76.6773 6.1752
114 92.7594 9.2014
115 73.4663 6.0837
116 81.7803 6.038
117 88.8146 9.662
118 79.9309 10.5814
119 72.9489 9.1181
120 97.2473 7.6626
121 77.6999 7.0464
122 97.0262 10.7555
123 87.3558 11.2004
124 0 0
125 0 0
126 87.041 5.7415
127 82.6354 7.6104
128 83.1681 7.0471
129 67.8088 6.7974
130 75.9725 6.6322
131 74.2009 8.8368
132 75.2269 8.5716
133 74.6695 10.296
134 66.8834 13.0104
135 66.2695 11.5597
136 71.9235 8.0687
137 73.2275 12.3022
138 66.54 14.9398
139 73.0574 10.4365
140 74.2509 11.8119
141 73.7669 8.5315
142 71.3738 9.4757
143 65.0582 12.0385
144 67.6827 9.2079
145 64.3404 10.3029
146 68.7841 9.532
147 72.5769 9.6483
148 68.8394 7.729
149 74.3992 7.221
150 71.6687 6.4029
151 79.1073 7.3534
152 66.9586 7.7664
153 77.2469 8.9507
154 70.7914 9.5786
155 61.8965 8.4334
156 82.7941 6.8942
157 82.3739 8.3492
158 71.8827 9.2314
159 69.8418 8.8998
160 88.6549 9.2763
161 86.2493 10.0812
162 87.7003 8.8949
163 58.141 9.9373
164 70.9796 12.0317
165 58.746 13.6954
166 58.0721 8.217
167 69.4867 14.5217
168 69.096 6.5227
169 56.9348 6.8642
170 73.0892 5.6436
171 57.9204 9.5865
172 74.1974 5.4091
173 91.8664 9.7308
174 80.7766 7.2308
175 79.233 6.0631
176 78.1149 6.5775
177 85.7564 6.52
178 76.2045 6.1101
179 85.7273 5.6131
180 62.934 13.1781
181 69.7446 9.2949
182 59.0565 11.8934
183 78.3878 0.9651
184 65.0268 8.6576
185 61.3706 15.8968
186 53.8628 10.3007
187 78.0228 15.2277
188 57.3768 12.0932
189 79.5499 6.6125
190 62.1388 9.0992
191 74.946 8.1739
192 77.4759 11.0816
193 71.9162 11.4562
194 73.0168 11.2958
195 75.495 8.2603
196 68.8449 9.4131
197 89.153 10.5636
198 71.3455 10.8255
199 79.034 9.9239
200 63.958 10.5254
201 61.9261 11.9741
202 69.8456 9.224
203 80.231 10.5017
204 63.9139 13.529
205 62.7214 8.6705
206 77.5038 10.8775
207 75.5459 6.7685
208 0 0
209 0 0
210 64.2815 8.7923
211 63.3741 9.8649
212 78.6134 8.0214
213 70.3472 8.0803
214 64.7335 7.4913
215 81.506 8.2411
216 71.6406 9.3049
217 71.9863 10.2246
218 68.993 6.7182
219 74.5822 7.7866
220 62.8971 8.2529
221 70.4874 8.2726
222 68.0347 9.1616
223 62.2412 13.2483
224 73.3604 9.2744
225 66.2275 9.741
226 80.6231 9.4785
227 80.7436 10.2835
228 74.0744 8.1608
229 0 0
230 0 0
231 54.1588 11.6993
232 55.4614 9.9066
233 64.8433 9.1406
234 62.0083 12.6947
235 50.8257 13.9382
236 57.7812 11.4419
237 61.3029 10.5123
238 70.8676 8.2933
239 83.4756 8.4996
240 74.9579 10.2893
241 64.9342 8.8397
242 85.1956 7.1238
243 76.68 11.7284
244 64.3318 10.7097
245 77.8547 9.5473
246 79.5678 8.6942
247 69.9522 9.0175
248 81.8754 8.4159
249 66.3637 7.8441
250 0 0
251 0 0
