0 74.1432 9.1481
1 71.637 7.9646
2 72.7388 7.4292
3 70.8112 8.8093
4 57.0832 7.7317
5 68.6962 11.7025
6 72.7719 11.14
7 71.0333 10.4155
8 76.3256 11.4322
9 63.5616 10.7267
10 78.9455 8.4943
11 75.1907 8.0161
12 71.6789 9.8134
13 76.4054 12.0535
14 66.7146 7.9767
15 71.3176 9.0091
16 68.9276 9.1212
17 74.9061 10.1429
18 74.0225 8.0581
19 73.4976 7.7086
20 73.2982 9.2904
21 76.159 6.9155
22 73.6521 8.9952
23 62.0233 6.7011
24 77.4094 6.3934
25 77.4415 9.2794
26 82.0258 10.0751
27 87.4572 10.2787
28 76.3834 8.5057
29 59.8291 12.3934
30 63.4337 9.9565
31 75.9182 8.8016
32 68.9857 5.5402
33 63.8016 9.4314
34 77.6022 8.6803
35 69.3877 11.5179
36 68.1629 8.5824
37 71.01 7.9728
38 69.2097 8.5712
39 70.7843 8.4255
40 67.9539 7.9162
41 67.9292 7.6923
42 67.3972 7.8729
43 84.2347 6.8477
44 72.3484 8.2272
45 75.3925 9.4372
46 71.3068 8.9072
47 60.1563 7.6736
48 80.1412 9.3507
49 66.5744 9.193
50 69.2219 6.4604
51 78.4067 9.6644
52 74.3306 9.5117
53 75.2584 7.5321
54 68.1598 12.5711
55 61.2948 13.6617
56 84.6567 6.0979
57 62.5386 13.1328
58 72.0821 9.2142
59 68.2755 12.069
60 74.6831 9.5417
61 76.1411 6.2362
62 60.8213 9.325
63 75.4555 7.6547
64 66.0505 8.2397
65 68.3633 11.6064
66 76.8875 12.3904
67 78.1928 13.4231
68 90.9328 13.1882
69 73.3958 13.0174
70 76.1327 8.7425
71 72.2338 12.1389
72 72.405 12.824
73 70.7343 11.2621
74 60.6244 10.1029
75 56.8032 11.4042
76 50.2245 11.6527
77 65.9256 8.4315
78 72.6596 9.2607
79 58.1755 8.9131
80 64.0088 10.6889
81 56.7388 11.7783
82 0 0
83 0 0
84 80.3563 7.9946
85 78.6441 8.5225
86 86.8741 8.5082
87 85.3686 8.9092
88 73.3129 7.2065
89 98.4224 9.0944
90 75.2426 10.0636
91 86.6568 8.1208
92 85.3205 7.4657
93 82.9093 10.5466
94 92.84 8.7359
95 81.6288 8.2369
96 94.3723 8.3826
97 81.3723 10.03
98 90.8615 8.0076
99 76.271 7.9034
100 68.4593 11.0103
101 61.6384 11.4014
102 86.1545 10.2431
103 0 0
104 0 0
105 59.7024 5.4763
106 67.8797 7.7338
107 72.6285 6.4736
108 61.4654 7.4468
109 80.417 5.0798
110 74.2792 8.4482
111 80.7591 6.9273
112 75.5475 6.8133
113 76.6983 6.0605
114 92.8005 9.1296
115 73.4993 6.052
116 81.8906 5.9765
117 88.969 9.7311
118 80.0995 10.8043
119 73.2193 9.073
120 97.2566 7.4451
121 77.7307 6.8746
122 97.2613 10.4778
123 87.3338 11.191
124 0 0
125 0 0
126 86.6774 5.7236
127 82.3084 7.7161
128 83.0526 7.0288
129 67.6825 6.868
130 75.7759 6.6986
131 73.914 9.3451
132 75.2819 9.1449
133 74.293 10.8615
134 66.6616 13.574
135 66.5553 11.0673
136 71.9307 7.711
137 73.4326 11.7366
138 66.2156 15.5675
139 73.0233 10.0113
140 74.2469 11.89
141 73.9859 8.1654
142 71.5429 9.1293
143 65.4069 11.4075
144 67.8163 8.8868
145 64.442 9.8597
146 68.8279 9.2152
147 72.6311 8.9839
148 68.9864 7.4315
149 74.4851 7.0038
150 71.7085 6.1006
151 79.2336 7.1278
152 66.9537 7.4578
153 77.3473 8.5631
154 71.0253 9.2134
155 61.8214 8.1922
156 82.9622 6.612
157 82.3318 8.023
158 71.9514 8.7856
159 69.9938 8.577
160 88.7163 8.9028
161 86.3198 9.7681
162 87.8293 8.6056
163 58.1012 9.8326
164 71.3315 11.7231
165 58.8728 13.2527
166 58.2043 7.9616
167 69.5302 14.552
168 69.1339 6.2552
169 56.9015 6.6017
170 73.0553 5.4117
171 57.6467 9.7024
172 74.2591 5.1727
173 91.8506 9.6586
174 80.8074 7.0412
175 79.1986 5.7332
176 78.2094 6.274
177 85.9308 6.235
178 76.254 5.7678
179 85.8639 5.382
180 63.5866 13.633
181 69.9632 9.4604
182 59.3765 11.9552
183 78.62 1.1027
184 65.7622 8.5925
185 61.1959 16.6915
186 54.4471 10.3004
187 78.1241 15.9035
188 57.5533 11.8266
189 79.5575 6.7986
190 62.0048 9.2012
191 74.8619 7.9675
192 77.3942 10.974
193 71.8215 11.6601
194 73.07 11.3155
195 75.669 8.0682
196 69.0191 9.1128
197 89.2082 10.6127
198 71.3061 10.8885
199 79.0686 9.6293
200 64.18 9.9603
201 62.3607 11.6151
202 70.0992 8.595
203 80.5949 10.2416
204 64.2335 12.9857
205 63.028 7.979
206 77.8392 10.0626
207 75.4153 6.4934
208 0 0
209 0 0
210 64.912 7.9113
211 63.6033 9.0107
212 78.714 7.4352
213 70.6752 7.4485
214 65.3481 6.8942
215 81.9547 7.7283
216 72.2258 8.5722
217 72.1385 9.4808
218 69.1847 6.2096
219 75.0255 7.2738
220 63.1812 7.6586
221 70.9098 7.6803
222 68.1308 8.6583
223 62.4808 13.2083
224 73.5264 8.6875
225 66.195 9.3626
226 80.6994 9.2531
227 80.7416 9.8995
228 74.1117 8.0493
229 0 0
230 0 0
231 54.2982 11.6258
232 55.8604 9.441
233 65.3514 8.732
234 61.9426 12.7245
235 51.6413 13.7235
236 57.7173 11.6387
237 61.5957 10.2895
238 70.7241 8.0704
239 83.5229 8.3936
240 75.1363 10.4287
241 65.0941 8.6299
242 85.1032 7.071
243 76.918 11.6985
244 64.4941 10.6987
245 78.0297 9.3764
246 79.4927 8.8664
247 69.7691 9.3511
248 82.1409 8.6576
249 66.5629 8.0818
250 0 0
251 0 0
