0 74.0622 9.384
1 71.5281 8.2433
2 72.5519 7.5895
3 70.7149 9.0082
4 57.0982 7.8563
5 68.3905 12.0024
6 72.6632 11.3749
7 70.8341 10.6347
8 76.0387 11.7406
9 63.3446 11.0014
10 78.7309 8.863
11 75.2254 8.1585
12 71.5239 10.0938
13 76.3 12.2884
14 66.6642 8.1758
15 71.3887 9.1315
16 68.9088 9.25
17 74.8726 10.2361
18 73.8244 8.2511
19 73.4786 7.9121
20 73.0494 9.393
21 76.0937 7.0572
22 73.6207 9.0128
23 62.0323 6.7583
24 77.6012 6.6253
25 77.4527 9.4186
26 82.0877 9.9102
27 87.3376 10.1544
28 76.2964 8.4406
29 59.9826 11.7132
30 63.092 9.9886
31 75.6621 8.7858
32 68.9432 5.6038
33 63.8263 9.4351
34 77.4683 8.6217
35 69.5525 11.1652
36 68.1268 8.6152
37 71.0067 7.8585
38 69.1949 8.3914
39 70.9501 8.36
40 68.1506 7.7853
41 67.9838 7.7734
42 67.3375 7.8175
43 84.2983 6.7695
44 72.3562 8.1276
45 75.355 9.0136
46 71.329 8.9236
47 60.1151 7.8052
48 80.1096 9.3759
49 66.3885 9.1794
50 69.1372 6.6671
51 78.5314 9.5902
52 74.2588 9.5038
53 75.2651 7.669
54 68.2926 12.284
55 61.7396 13.0715
56 84.4661 6.1456
57 62.5743 12.846
58 72.0297 9.3935
59 68.2898 12.3049
60 74.4671 9.4713
61 75.9085 6.2492
62 60.9402 9.3261
63 75.3692 7.9127
64 65.7283 8.4611
65 68.2102 11.7043
66 76.7233 12.5546
67 78.4409 13.3169
68 90.8946 12.9074
69 73.3595 13.2224
70 75.7893 9.1299
71 72.2501 12.2332
72 71.9068 12.9508
73 71.1658 11.7855
74 60.5384 9.8261
75 57.2161 10.9676
76 50.6899 11.2433
77 65.9672 8.6736
78 72.5282 9.3829
79 58.0841 9.1752
80 64.2503 10.5422
81 57.1608 11.3818
82 0 0
83 0 0
84 80.5095 8.2532
85 78.9045 8.6681
86 86.9412 8.6963
87 85.6378 9.053
88 73.0439 7.284
89 98.4474 9.208
90 75.0446 10.3014
91 86.7845 8.1572
92 85.2824 7.473
93 83.1012 10.5156
94 92.9668 8.8068
95 81.6788 8.2241
96 94.2629 8.4112
97 81.3489 9.9756
98 90.7616 8.0174
99 76.2446 8.0353
100 68.9925 10.5499
101 61.6547 11.0744
102 86.1796 10.0333
103 0 0
104 0 0
105 59.6476 5.6667
106 67.9449 7.6786
107 72.5857 6.6232
108 61.2272 7.605
109 80.5172 5.1707
110 74.1873 8.4927
111 80.7542 7.0508
112 75.7228 6.8666
113 76.5883 6.1927
114 92.8668 9.1827
115 73.4582 5.9819
116 81.9851 5.9867
117 88.9822 9.73
118 80.1416 10.7704
119 73.0482 9.1489
120 97.3396 7.6114
121 77.7904 6.9536
122 97.099 10.8413
123 87.3647 11.2655
124 0 0
125 0 0
126 86.6921 5.9287
127 82.313 7.9302
128 83.1267 7.2219
129 67.5982 7.0128
130 75.7511 6.8761
131 73.9044 9.3019
132 75.06 9.0568
133 74.4599 10.8154
134 66.8688 12.8711
135 66.1757 11.5831
136 71.956 7.9643
137 73.2818 12.1191
138 66.7018 14.8197
139 73.0976 10.2599
140 74.1661 11.7733
141 73.8358 8.3705
142 71.3419 9.3801
143 64.9252 12.0264
144 67.6774 9.0792
145 64.2725 10.1716
146 68.6247 9.4248
147 72.5193 9.5896
148 68.6727 7.8756
149 74.355 7.2339
150 71.5308 6.3578
151 78.8663 7.3886
152 66.7271 7.7959
153 76.8694 9.0061
154 70.8158 9.5716
155 61.9403 8.3262
156 82.8245 6.8753
157 82.2807 8.3446
158 71.6716 9.1532
159 69.8739 8.8174
160 88.6087 9.1646
161 86.2268 9.9193
162 87.6885 8.7819
163 58.2673 9.8264
164 71.0423 12.0977
165 58.777 13.5186
166 57.7143 8.2104
167 69.5058 14.8021
168 69.2371 6.4552
169 57.0977 6.7152
170 73.1227 5.5556
171 58.0955 9.5321
172 74.3973 5.2827
173 92.0809 9.568
174 80.922 7.0976
175 79.2468 5.7904
176 78.5049 6.3801
177 85.9413 6.3042
178 76.2576 5.9558
179 85.9133 5.4644
180 63.0636 13.2275
181 69.6258 9.1583
182 59.1326 11.7099
183 78.1211 0.9388
184 65.3423 8.4937
185 61.2982 15.8535
186 54.1874 9.9906
187 77.5606 15.2267
188 57.1634 12.2102
189 79.4349 6.7268
190 61.9454 9.0481
191 74.9145 8.0987
192 77.3954 11.103
193 71.7359 11.5301
194 72.9544 11.2828
195 75.5322 8.2054
196 68.9352 9.2756
197 89.3199 10.5182
198 71.195 10.7765
199 79.0207 9.8108
200 64.1226 10.0466
201 62.2184 11.5507
202 70.2053 8.8208
203 80.3804 10.2579
204 64.265 13.0577
205 62.9563 8.2924
206 77.869 10.3661
207 75.4243 6.5472
208 0 0
209 0 0
210 64.3618 8.72
211 63.0658 9.863
212 78.6188 7.9873
213 70.3402 8.0774
214 64.9369 7.4838
215 81.6478 8.3555
216 71.7214 9.2194
217 71.9283 10.1644
218 68.9758 6.6046
219 74.7047 7.7005
220 62.952 8.0394
221 70.5025 8.1061
222 68.2303 8.9355
223 62.2275 13.1512
224 73.5103 9.0061
225 66.1653 9.4403
226 80.6271 9.4419
227 80.806 10.1368
228 74.0537 8.0522
229 0 0
230 0 0
231 54.2962 11.5494
232 55.5482 9.8368
233 65.0763 8.9038
234 61.8176 12.5876
235 51.2761 13.664
236 57.8638 11.3095
237 61.357 10.3823
238 70.8866 8.1048
239 83.4256 8.3969
240 75.0859 10.3299
241 64.8729 8.6664
242 85.1826 7.1887
243 76.8158 11.5143
244 64.2717 10.6078
245 77.9414 9.3815
246 79.3773 8.9631
247 69.7715 9.2336
248 82.1219 8.6376
249 66.4392 8.1154
250 0 0
251 0 0
