0 74.1129 9.4088
1 71.1652 8.3425
2 72.5797 7.7288
3 70.4089 9.2227
4 57.2957 7.9059
5 68.495 12.0891
6 72.7052 11.3833
7 70.7015 10.7391
8 76.0218 11.9221
9 63.5657 11.1118
10 78.7408 8.9759
11 75.1428 8.2552
12 71.351 10.0697
13 76.2847 12.5465
14 66.5766 8.36
15 71.1634 9.3315
16 68.54 9.7445
17 74.4313 10.84
18 73.6401 8.6365
19 73.1535 8.1881
20 72.8481 9.846
21 76.2743 7.2263
22 73.3693 9.0997
23 61.7665 6.9291
24 76.9598 6.7482
25 77.6718 9.5714
26 82.0723 9.9132
27 87.4911 10.2182
28 76.1354 8.5428
29 59.9998 11.6229
30 63.1064 10.0619
31 75.6226 8.7656
32 68.8034 5.4976
33 63.7733 9.3824
34 77.5793 8.6551
35 69.5385 11.0277
36 68.1858 8.5269
37 70.9412 7.7864
38 69.1995 8.4834
39 70.8486 8.3534
40 68.1154 7.7715
41 68.0063 7.6924
42 67.6004 7.7783
43 84.3567 6.6785
44 72.6178 8.0687
45 75.1257 8.8723
46 71.4305 8.8931
47 60.1059 7.8512
48 80.1891 9.2946
49 66.4022 9.0575
50 69.1 6.652
51 78.4151 9.4548
52 74.168 9.4518
53 75.2599 7.6905
54 68.25 12.2698
55 61.6561 12.9868
56 84.4925 6.2076
57 62.1812 12.9535
58 72.0961 9.5195
59 68.2502 12.4275
60 74.702 9.5243
61 75.7639 6.3767
62 60.8136 9.394
63 75.1055 8.2888
64 65.1879 8.8754
65 67.8424 12.0497
66 76.7568 12.4895
67 78.0739 13.0322
68 90.8604 12.8223
69 73.0121 13.1064
70 76.143 9.0571
71 72.3453 12.009
72 72.2909 12.8003
73 70.9627 11.6489
74 60.7068 9.9411
75 57.1695 10.9179
76 50.377 11.423
77 65.9531 8.9017
78 72.6339 9.7266
79 58.1566 9.4061
80 63.9964 10.7271
81 57.1635 11.6369
82 0 0
83 0 0
84 80.2278 8.3423
85 78.8511 8.8795
86 86.8717 8.8421
87 85.6019 9.2236
88 73.0463 7.4737
89 98.5475 9.4349
90 74.9279 10.4057
91 86.721 8.5221
92 85.123 7.5621
93 83.2257 10.7293
94 92.9652 8.8759
95 81.8594 8.3378
96 93.9074 8.4794
97 81.2734 10.2946
98 90.5226 8.105
99 76.4068 8.1181
100 69.0798 10.474
101 61.3667 11.1671
102 86.2151 10.0053
103 0 0
104 0 0
105 59.7456 5.645
106 68.0705 7.5699
107 72.5128 6.6308
108 61.0366 7.6101
109 80.3138 5.1787
110 74.0478 8.3474
111 80.6408 7.0784
112 75.518 6.8663
113 76.6358 6.1866
114 92.7601 9.1322
115 73.4951 6.0404
116 81.6353 6.0477
117 88.91 9.7032
118 80.0054 10.556
119 72.9879 9.0912
120 97.3039 7.6618
121 77.72 7.0462
122 97.1862 10.7932
123 87.5123 11.3259
124 0 0
125 0 0
126 86.5181 6.1217
127 82.2572 8.0779
128 82.9109 7.498
129 67.4857 7.1736
130 75.6118 7.0195
131 73.9416 9.3905
132 75.2543 9.1947
133 74.053 10.8424
134 66.8837 12.8321
135 66.095 11.7458
136 71.8949 8.045
137 73.3046 12.3923
138 66.3597 14.8119
139 73.0196 10.4741
140 74.2724 11.78
141 73.8166 8.5995
142 71.2908 9.6257
143 65.1871 12.0382
144 67.5014 9.261
145 64.3253 10.3589
146 68.755 9.5745
147 72.5698 9.5272
148 68.877 7.7398
149 74.4109 7.1108
150 71.4911 6.2773
151 79.0959 7.2857
152 66.9418 7.625
153 77.3319 8.8251
154 70.872 9.2992
155 62.0286 8.4081
156 82.8233 6.8244
157 82.4236 8.2617
158 71.8026 9.0311
159 69.9688 8.7682
160 88.7719 9.2184
161 86.4042 9.9235
162 87.8101 8.7649
163 57.5468 10.4263
164 71.1163 12.5544
165 58.1728 14.2781
166 57.4228 8.6327
167 69.3522 14.9274
168 69.1393 6.4907
169 57.0201 6.8241
170 73.1328 5.6366
171 57.7388 9.5952
172 74.3743 5.4272
173 91.9921 9.7202
174 80.8903 7.2794
175 79.1338 6.0006
176 78.2929 6.616
177 85.8699 6.5162
178 76.2374 6.1222
179 85.6216 5.5732
180 62.638 13.4124
181 69.6888 9.6202
182 58.9225 12.2019
183 78.5477 0.9811
184 64.818 8.9601
185 60.8733 16.4753
186 53.4419 10.5643
187 77.7579 15.9455
188 56.7219 12.3903
189 79.51 6.6813
190 62.0853 9.1076
191 74.9078 8.2236
192 77.3226 11.2233
193 71.6195 11.6318
194 72.6763 11.3674
195 75.4673 8.4042
196 68.9209 9.5636
197 89.2518 10.6195
198 71.1856 10.9195
199 79.0078 10.0641
200 64.0633 10.2918
201 62.2536 11.6102
202 70.1215 8.8658
203 80.4232 10.3523
204 63.9842 13.1966
205 62.8571 8.348
206 77.5824 10.6024
207 75.4523 6.6697
208 0 0
209 0 0
210 64.09 8.9057
211 62.9959 10.0625
212 78.4715 8.1297
213 70.2762 8.2295
214 64.6825 7.5712
215 81.5082 8.4321
216 71.4366 9.3397
217 71.7287 10.5163
218 68.8809 6.9132
219 74.4785 8.0619
220 62.6848 8.4876
221 70.4532 8.3586
222 67.8463 9.3529
223 62.2157 13.1305
224 73.3052 9.2981
225 66.1817 9.8523
226 80.5861 9.5819
227 80.856 10.2714
228 73.947 8.2173
229 0 0
230 0 0
231 54.4861 11.5836
232 55.8537 9.7461
233 64.9945 9.0156
234 61.7837 12.5676
235 51.0977 13.6202
236 57.6358 11.2335
237 61.5556 10.5432
238 70.8604 8.4125
239 83.6218 8.6497
240 75.1436 10.5639
241 64.8767 8.8966
242 85.1641 7.3028
243 76.829 11.8817
244 64.4897 10.8956
245 78.0876 9.7721
246 79.4161 8.8175
247 69.9176 9.0383
248 81.8374 8.5166
249 66.507 7.9098
250 0 0
251 0 0
