0 74.1207 9.4875
1 71.2749 8.3143
2 72.6855 7.7159
3 70.5187 9.1461
4 57.2405 7.9441
5 68.5478 12.261
6 72.6783 11.406
7 70.7798 10.6921
8 76.114 11.8924
9 63.4314 11.0499
10 78.8216 8.8787
11 75.1671 8.1918
12 71.5427 10.1011
13 76.5834 12.5274
14 66.5112 8.2784
15 71.423 9.2661
16 68.5532 9.7165
17 74.6169 10.7172
18 73.6654 8.5655
19 73.1626 8.2333
20 72.9111 9.8638
21 76.1959 7.2149
22 73.4187 9.1473
23 61.9489 6.9257
24 77.0098 6.733
25 77.6778 9.5777
26 82.1246 10.007
27 87.387 10.3071
28 76.0686 8.6362
29 60.1823 11.7205
30 63.1956 9.9639
31 75.6123 8.7368
32 68.6665 5.6703
33 63.8762 9.3598
34 77.5756 8.604
35 69.5809 10.9763
36 68.2884 8.5774
37 70.9378 7.8417
38 69.1672 8.4608
39 70.8384 8.4137
40 68.1108 7.8692
41 68.0261 7.728
42 67.5699 7.8465
43 84.2341 6.7793
44 72.5656 8.1499
45 75.2794 9.0221
46 71.4561 8.9195
47 60.1052 7.7453
48 80.3943 9.2345
49 66.5887 9.0017
50 69.1729 6.6014
51 78.3007 9.4234
52 74.3272 9.3174
53 75.2747 7.5934
54 68.0917 12.48
55 61.3658 13.4601
56 84.4285 6.3439
57 62.2386 13.1865
58 71.8857 9.792
59 67.9814 12.9182
60 74.5469 9.7581
61 75.7169 6.4924
62 60.9191 9.3968
63 75.3168 8.2514
64 65.4149 8.8412
65 68.061 12.0187
66 76.7577 12.5117
67 78.1545 13.0668
68 90.7794 12.8114
69 73.2073 13.0869
70 76.1385 9.1271
71 72.3617 12.0353
72 72.2274 12.8121
73 71.0294 11.6121
74 60.3692 9.9415
75 56.8739 10.9122
76 49.9293 11.4162
77 65.667 8.7398
78 72.2836 9.6236
79 57.863 9.3857
80 63.6677 10.6497
81 56.7926 11.4814
82 0 0
83 0 0
84 80.3641 8.2969
85 78.6135 8.8284
86 86.8198 8.783
87 85.2364 9.2019
88 73.3025 7.4512
89 98.4921 9.2447
90 75.0696 10.328
91 86.658 8.4151
92 85.2001 7.5534
93 83.2089 10.5959
94 93.0081 8.8678
95 81.6085 8.2855
96 94.0135 8.6385
97 81.2925 10.1237
98 90.6475 8.1353
99 76.4078 8.0679
100 68.9597 10.7978
101 61.5281 11.3124
102 86.1544 10.0378
103 0 0
104 0 0
105 59.8418 5.6151
106 68.0384 7.6733
107 72.4912 6.6387
108 61.0435 7.7099
109 80.3175 5.2262
110 74.1967 8.4007
111 80.8471 7.0751
112 75.5685 6.9093
113 76.6494 6.2143
114 92.7334 9.1241
115 73.4699 6.0959
116 81.7557 6.0497
117 88.8005 9.6689
118 79.9588 10.5763
119 73.0844 9.1271
120 97.3198 7.7432
121 77.6943 7.106
122 97.1453 10.84
123 87.4261 11.3743
124 0 0
125 0 0
126 86.4312 6.1026
127 82.0598 8.1628
128 82.783 7.4507
129 67.3623 7.3136
130 75.6675 7.0792
131 73.8424 9.4292
132 75.2131 9.1836
133 74.0637 11.0259
134 66.7612 12.8735
135 66.1447 11.6861
136 71.9126 8.1173
137 73.315 12.3098
138 66.3148 14.7998
139 72.9619 10.5755
140 74.0171 11.9001
141 73.8188 8.4974
142 71.1101 9.8384
143 64.8884 12.3453
144 67.4623 9.4584
145 64.0337 10.6368
146 68.6912 9.8214
147 72.5395 9.5038
148 68.9064 7.7427
149 74.4523 7.2198
150 71.6904 6.3577
151 79.1526 7.3452
152 66.9894 7.6315
153 77.378 8.9385
154 70.8071 9.4477
155 61.8702 8.4439
156 82.7259 6.8925
157 82.3752 8.3671
158 71.912 9.2741
159 69.921 8.8548
160 88.7292 9.2402
161 86.2836 10.0524
162 87.7257 8.7986
163 57.6097 10.4417
164 70.9013 12.5764
165 58.2273 14.2584
166 57.4152 8.6131
167 69.2868 14.7974
168 68.835 6.6667
169 56.6062 7.0622
170 73.0519 5.7933
171 57.6393 9.8076
172 74.302 5.336
173 91.9839 9.4655
174 80.9355 7.2333
175 79.3002 5.932
176 78.2281 6.4927
177 85.9447 6.361
178 76.2451 6.0437
179 85.8051 5.5245
180 62.9682 13.1821
181 69.6012 9.3235
182 59.2629 11.8956
183 78.0438 0.9454
184 65.2204 8.614
185 61.4002 15.891
186 54.0049 10.1743
187 77.6889 15.3772
188 57.3211 12.1528
189 79.516 6.8431
190 62.0787 9.2615
191 74.9847 8.3976
192 77.417 11.1416
193 71.985 11.4218
194 73.0395 11.1772
195 75.5037 8.26
196 68.7393 9.3514
197 89.1987 10.5956
198 71.2745 10.7161
199 79.0861 9.8114
200 63.9922 10.2844
201 62.2341 11.6425
202 70.0169 8.9803
203 80.4987 10.3406
204 63.8697 13.2292
205 62.7012 8.4633
206 77.6011 10.6472
207 75.4935 6.7496
208 0 0
209 0 0
210 64.6361 8.5571
211 63.2835 9.4653
212 78.6735 7.8364
213 70.4296 7.871
214 65.3877 7.1819
215 81.9411 8.0228
216 71.9791 9.0132
217 71.8269 10.0824
218 68.9584 6.7584
219 74.6139 7.8717
220 62.601 8.2159
221 70.4068 8.331
222 68.1747 9.2228
223 62.0196 13.1286
224 73.3795 9.2542
225 65.9636 9.8036
226 80.743 9.8244
227 80.59 10.5637
228 73.7759 8.3884
229 0 0
230 0 0
231 54.4508 11.5964
232 55.6083 9.8653
233 65.056 8.9843
234 61.8742 12.4917
235 51.667 13.5136
236 57.8456 11.3142
237 61.4362 10.6155
238 70.7637 8.3301
239 83.6084 8.645
240 75.141 10.2974
241 65.0947 8.8813
242 85.1375 7.267
243 76.7196 11.7033
244 64.4822 10.7487
245 77.8845 9.7412
246 79.4289 8.9995
247 69.8212 9.3218
248 81.8186 8.7539
249 66.4692 8.1427
250 0 0
251 0 0
