0 74.2314 9.4912
1 71.3013 8.3511
2 72.6369 7.7317
3 70.5068 9.0393
4 57.1913 7.9379
5 68.5837 12.0427
6 72.7297 11.4366
7 70.8085 10.6561
8 76.0734 11.8107
9 63.6145 11.1334
10 78.7356 8.8963
11 75.2695 8.2134
12 71.5335 10.1401
13 76.4279 12.3309
14 66.7244 8.2209
15 71.3646 9.2563
16 68.7737 9.5259
17 74.9693 10.6134
18 73.8336 8.4654
19 73.5354 8.0765
20 72.8846 9.5809
21 76.2787 7.2362
22 73.3795 9.1407
23 61.8576 6.9161
24 77.044 6.7829
25 77.7938 9.5626
26 82.1909 9.9789
27 87.5508 10.3302
28 76.1392 8.6214
29 60.1462 11.5887
30 63.2077 9.9693
31 75.5958 8.755
32 68.7035 5.7016
33 63.8037 9.3262
34 77.571 8.4917
35 69.5191 11.1178
36 68.3212 8.6399
37 71.0393 7.8103
38 69.2031 8.5071
39 70.8521 8.4055
40 68.1197 7.7996
41 68.0563 7.6813
42 67.4404 8.0186
43 84.2298 6.8426
44 72.3073 8.3098
45 75.1944 9.1256
46 71.3311 8.9776
47 60.1962 7.74
48 80.2204 9.3036
49 66.4815 9.0558
50 69.1455 6.7062
51 78.4487 9.4591
52 74.3962 9.4186
53 75.2037 7.6691
54 68.2992 12.1443
55 61.6544 13.0422
56 84.4325 6.2176
57 62.5749 12.9091
58 72.0269 9.5547
59 68.358 12.4782
60 74.6197 9.555
61 75.8667 6.3908
62 61.0478 9.427
63 75.3551 8.1405
64 65.585 8.6177
65 68.2739 11.7852
66 76.8641 12.5104
67 78.3242 13.1322
68 91.1543 12.7376
69 73.6235 12.9788
70 75.7814 9.1317
71 72.3292 12.1237
72 72.1541 12.8132
73 71.0168 11.873
74 60.896 10.0112
75 57.3955 10.9552
76 50.6759 11.3998
77 65.9551 8.9844
78 72.5532 9.775
79 58.0663 9.5409
80 64.1281 10.8008
81 56.9834 11.7048
82 0 0
83 0 0
84 80.4096 8.2307
85 79.0195 8.722
86 87.098 8.6713
87 85.7082 9.0787
88 73.0189 7.4234
89 98.5366 9.2402
90 74.9281 10.2419
91 86.9185 8.247
92 85.3097 7.5986
93 83.158 10.5197
94 92.978 8.8126
95 81.5893 8.2799
96 94.2221 8.6163
97 81.4256 10.268
98 90.7138 8.2221
99 76.4021 8.1866
100 68.7385 11.1117
101 61.2797 11.6246
102 86.2028 10.4064
103 0 0
104 0 0
105 59.6803 5.6522
106 68.04 7.6156
107 72.5384 6.638
108 61.2513 7.6955
109 80.3695 5.2296
110 74.326 8.3676
111 80.7859 7.078
112 75.5697 6.9313
113 76.6492 6.2575
114 92.7373 9.1953
115 73.4404 6.174
116 81.8775 6.1435
117 88.8405 9.772
118 80.1293 10.6163
119 73.053 9.1814
120 97.3211 7.8466
121 77.69 7.2039
122 97.1302 10.9653
123 87.4313 11.4232
124 0 0
125 0 0
126 86.5826 5.9802
127 82.2202 8.0297
128 82.9216 7.3457
129 67.5333 7.1467
130 75.7283 6.9666
131 73.8827 9.2244
132 75.1814 9.1264
133 74.2323 10.8278
134 66.4941 13.0301
135 66.1668 11.6428
136 71.8502 8.0818
137 73.219 12.4092
138 66.4084 14.757
139 73.0887 10.5587
140 74.1291 11.8357
141 73.7823 8.5224
142 71.403 9.409
143 65.0834 11.9859
144 67.7531 9.1198
145 64.3577 10.2797
146 68.7515 9.4467
147 72.736 9.4967
148 68.8322 7.7164
149 74.4507 7.111
150 71.7101 6.3818
151 79.1492 7.2934
152 67.0341 7.6184
153 77.2939 8.845
154 70.7417 9.4514
155 62.1476 8.3146
156 82.8024 6.9035
157 82.4119 8.3143
158 71.7775 9.0326
159 70.07 8.8033
160 88.8306 9.1821
161 86.4024 9.9818
162 87.8001 8.6129
163 57.7692 10.327
164 71.0166 12.4024
165 58.3879 14.0941
166 57.517 8.5502
167 69.4025 14.897
168 69.0524 6.5385
169 56.9662 6.78
170 73.0028 5.6941
171 57.8064 9.6579
172 74.3627 5.2942
173 91.8571 9.3726
174 80.8752 7.1976
175 79.1875 5.8827
176 78.4434 6.3957
177 85.9968 6.322
178 76.3697 6.0194
179 85.7577 5.5504
180 62.784 13.483
181 69.7782 9.6545
182 58.7435 12.3704
183 78.5797 1.0179
184 64.9081 8.9923
185 61.2555 16.3394
186 53.4639 10.7198
187 78.0374 15.9267
188 57.1798 12.2665
189 79.5137 6.6049
190 62.021 9.0174
191 74.9241 8.1807
192 77.3071 11.1903
193 71.6802 11.6478
194 72.737 11.5188
195 75.563 8.3876
196 68.9377 9.5369
197 89.1667 10.65
198 71.3305 10.8514
199 79.0344 10.0878
200 64.1668 10.2399
201 62.2772 11.4317
202 70.1385 8.734
203 80.5177 10.222
204 64.1389 13.0127
205 62.9897 8.3189
206 77.8096 10.5471
207 75.4254 6.6023
208 0 0
209 0 0
210 64.4398 8.6291
211 63.387 9.604
212 78.6679 7.8212
213 70.5499 7.8902
214 65.0031 7.2635
215 81.6983 8.1421
216 71.6712 9.0479
217 71.8292 10.0364
218 69.2175 6.6153
219 74.6967 7.7076
220 63.0698 8.0444
221 70.593 8.1549
222 68.5084 9.0038
223 62.6594 12.7927
224 73.6489 9.0978
225 66.1209 9.5785
226 80.7091 9.5963
227 80.8154 10.3586
228 74.0058 8.2878
229 0 0
230 0 0
231 54.3509 11.6473
232 55.799 9.8275
233 64.984 9.0877
234 61.956 12.4085
235 51.6971 13.5146
236 57.6335 11.375
237 61.3473 10.604
238 70.9088 8.4585
239 83.6378 8.7546
240 75.0105 10.5493
241 64.9289 8.9579
242 85.2189 7.3444
243 76.6757 11.9488
244 64.4736 10.8393
245 77.9161 9.8707
246 79.4963 8.9101
247 69.9085 9.0608
248 81.8155 8.5535
249 66.5616 7.9666
250 0 0
251 0 0
