0 73.882 9.6305
1 71.3185 8.4497
2 72.5091 7.8491
3 70.6355 9.2731
4 56.7116 8.0611
5 68.2912 12.3437
6 72.355 11.6649
7 70.7736 10.9705
8 76.0984 11.7253
9 63.4684 11.0441
10 78.7012 8.843
11 75.4067 8.1674
12 71.4247 10.0418
13 76.3792 12.3644
14 66.6403 8.2615
15 71.4331 9.2154
16 68.7163 9.4945
17 74.7394 10.6148
18 73.7262 8.384
19 73.4824 8.0254
20 72.7596 9.6495
21 76.2171 7.0458
22 73.5891 8.9363
23 62.0164 6.695
24 77.3516 6.5564
25 77.5098 9.3
26 82.0486 9.8293
27 87.3782 10.0798
28 76.455 8.4448
29 60.0165 11.8519
30 63.3132 9.9789
31 75.6928 8.8336
32 68.9669 5.5655
33 63.8879 9.3483
34 77.5243 8.6083
35 69.5482 10.9792
36 68.2298 8.6581
37 71.1965 7.7902
38 69.2052 8.4396
39 70.8776 8.4151
40 68.0229 7.8268
41 68.1437 7.7296
42 67.3912 8.0808
43 84.2751 6.9838
44 72.2045 8.4422
45 75.361 9.2263
46 71.3548 8.9463
47 60.1665 7.7867
48 80.2236 9.2268
49 66.4964 9.0209
50 69.1967 6.5874
51 78.4026 9.4539
52 74.1985 9.469
53 75.2912 7.5611
54 67.9566 12.2676
55 61.6456 13.0457
56 84.4116 6.2324
57 62.2741 12.9268
58 72.0167 9.4768
59 68.1546 12.3586
60 74.5398 9.4379
61 75.8729 6.4013
62 60.968 9.3856
63 75.2258 8.0215
64 65.4533 8.7031
65 68.2705 11.6702
66 76.7933 12.53
67 78.376 13.2122
68 90.9195 12.701
69 73.5301 13.0677
70 75.8046 9.1396
71 72.358 12.0138
72 71.8795 12.8108
73 70.9921 11.6982
74 60.6916 9.7034
75 57.3629 10.6706
76 49.8077 11.4097
77 65.905 8.6985
78 72.4277 9.5098
79 58.1657 9.1949
80 64.1315 10.5451
81 56.854 11.605
82 0 0
83 0 0
84 79.9833 8.7138
85 78.677 9.1293
86 86.8262 9.0461
87 85.496 9.5015
88 72.9497 7.5743
89 98.4805 9.6247
90 75.0163 10.7996
91 86.6526 8.5684
92 85.3304 7.5168
93 83.2519 10.6376
94 93.034 8.8281
95 81.707 8.2452
96 94.2848 8.5357
97 81.5179 10.0117
98 90.9698 8.1185
99 76.3092 8.0613
100 68.7045 10.9769
101 61.507 11.5308
102 86.21 10.3558
103 0 0
104 0 0
105 59.7105 5.6518
106 68.0685 7.6454
107 72.5759 6.6088
108 61.3052 7.6395
109 80.4647 5.1421
110 74.3524 8.4317
111 80.7321 7.0191
112 75.6439 6.8641
113 76.6837 6.1432
114 92.7241 9.0574
115 73.4264 6.0313
116 81.6941 6.0192
117 88.8547 9.684
118 79.9983 10.634
119 73.0133 9.146
120 97.4149 7.6391
121 77.6862 7.0717
122 97.1577 10.8381
123 87.4647 11.1457
124 0 0
125 0 0
126 86.6677 5.9407
127 82.4259 7.9531
128 83.147 7.299
129 67.6972 7.0403
130 75.7021 6.945
131 74.0844 9.1569
132 75.2811 9.0161
133 74.3485 10.7279
134 66.8094 12.895
135 66.1544 11.5684
136 71.8878 7.982
137 73.2106 12.3664
138 66.4473 14.8119
139 73.0467 10.3447
140 73.96 11.8134
141 73.7743 8.5663
142 71.3885 9.5305
143 64.9353 12.1355
144 67.66 9.2306
145 64.2515 10.3432
146 68.6763 9.511
147 72.6549 9.5121
148 68.898 7.6923
149 74.43 7.0873
150 71.573 6.3214
151 79.0887 7.2576
152 66.9892 7.6252
153 77.2502 8.7669
154 70.891 9.3598
155 62.1481 8.3355
156 82.8452 6.7914
157 82.4483 8.3769
158 71.7219 9.1357
159 69.9968 8.8505
160 88.8444 9.2383
161 86.3263 9.8729
162 87.7381 8.7964
163 57.7209 10.4307
164 71.1382 12.409
165 58.5814 14.1217
166 57.425 8.579
167 69.5198 14.9086
168 69.089 6.5018
169 56.8757 6.8052
170 73.1297 5.6598
171 57.707 9.6377
172 74.3753 5.3951
173 91.921 9.7531
174 80.7774 7.3255
175 79.146 6.0155
176 78.2668 6.5635
177 85.76 6.4782
178 76.234 6.1455
179 85.6742 5.6123
180 62.9021 13.0797
181 69.5767 9.199
182 58.9318 11.9321
183 78.1466 0.9377
184 65.0617 8.5524
185 61.1118 16.1358
186 53.7625 10.1675
187 77.7143 15.2141
188 57.1947 12.1057
189 79.4447 6.6401
190 61.9843 9.068
191 74.8741 8.2105
192 77.4898 11.0199
193 71.7764 11.6036
194 72.9188 11.3572
195 75.6289 8.254
196 68.8589 9.4481
197 89.2308 10.598
198 71.2615 10.7601
199 79.0562 9.9316
200 64.1589 10.1667
201 62.1914 11.5984
202 70.1904 8.7748
203 80.4744 10.1506
204 64.3231 12.8375
205 62.8736 8.3097
206 77.8244 10.3906
207 75.3867 6.5919
208 0 0
209 0 0
210 64.504 8.6317
211 63.272 9.674
212 78.7163 7.8855
213 70.3028 7.9006
214 65.1508 7.3422
215 81.799 8.1166
216 71.8207 9.0466
217 71.9476 10.1027
218 68.9742 6.7814
219 74.5845 7.9725
220 62.8212 8.3803
221 70.5639 8.3251
222 67.8756 9.3077
223 62.3769 13.1346
224 73.2324 9.3442
225 66.0518 9.8288
226 80.5771 9.6248
227 80.7474 10.3321
228 73.9418 8.229
229 0 0
230 0 0
231 54.3639 11.6206
232 55.8083 9.7593
233 65.1048 9.0006
234 61.6778 12.5745
235 50.8058 13.8234
236 57.5735 11.3949
237 61.3989 10.5025
238 70.8854 8.2763
239 83.4909 8.5388
240 75.0495 10.263
241 64.9504 8.6753
242 85.1713 7.1487
243 76.8072 11.5828
244 64.4139 10.7286
245 77.9748 9.5406
246 79.5223 8.8893
247 69.8893 9.1387
248 81.8081 8.5992
249 66.56 8.0088
250 0 0
251 0 0
