0 74.0331 9.534
1 71.2152 8.3865
2 72.3824 7.7477
3 70.3414 9.1982
4 57.1806 7.9884
5 68.42 12.1392
6 72.6318 11.4513
7 70.5478 10.7064
8 75.978 11.7172
9 63.3952 11.073
10 78.58 8.832
11 75.2972 8.1736
12 71.4867 10.1121
13 76.3533 12.3158
14 66.6775 8.2792
15 71.237 9.3108
16 68.404 9.7113
17 74.3777 10.7252
18 73.3877 8.6173
19 72.9653 8.1795
20 72.8286 9.7145
21 76.1965 7.265
22 73.3558 9.1815
23 61.7612 6.9766
24 77.0481 6.7838
25 77.7919 9.681
26 81.9859 9.99
27 87.4352 10.1824
28 76.1151 8.5826
29 60.2477 11.7106
30 63.1103 10.1539
31 75.8368 9.0354
32 68.7458 5.945
33 63.5145 9.7353
34 77.5052 8.9655
35 69.2719 11.3388
36 68.1487 8.9193
37 70.9407 8.1659
38 69.0687 8.8715
39 70.7953 8.7996
40 67.9309 8.2252
41 67.71 8.1363
42 67.3021 8.0197
43 84.2748 6.8163
44 72.2652 8.325
45 75.3291 9.2365
46 71.5021 8.8472
47 60.2376 7.7655
48 80.2448 9.3051
49 66.6172 8.9819
50 69.3365 6.625
51 78.494 9.4395
52 74.4687 9.3732
53 75.3836 7.578
54 68.1626 12.3911
55 61.518 13.1534
56 84.3701 6.1159
57 62.1367 12.9576
58 72.1492 9.4551
59 68.3187 12.3302
60 74.5544 9.5364
61 75.7436 6.4171
62 60.7641 9.3591
63 75.1203 8.2449
64 65.3265 8.8422
65 68.0426 11.9022
66 76.5863 12.4329
67 78.0063 12.881
68 90.6613 12.7309
69 73.0358 12.8225
70 75.8711 9.2302
71 72.1535 11.9658
72 71.9346 12.8568
73 70.6454 11.8406
74 60.9354 9.5451
75 57.2418 10.6844
76 51.2545 10.6788
77 66.2101 8.8421
78 72.6052 9.3977
79 58.3121 9.2339
80 64.2317 10.5365
81 57.6729 11.3318
82 0 0
83 0 0
84 80.0936 8.4747
85 78.6312 8.9704
86 86.6941 8.8665
87 85.3926 9.1467
88 72.8648 7.3999
89 98.3879 9.4416
90 74.7967 10.4676
91 86.4534 8.4702
92 85.0996 7.5515
93 82.6379 10.6974
94 92.7586 8.6849
95 81.4526 8.153
96 94.1938 8.3411
97 81.2067 10.0464
98 90.7314 7.9471
99 76.0556 8.0036
100 68.6191 10.8676
101 61.5216 11.1496
102 86.1151 10.0484
103 0 0
104 0 0
105 59.5953 5.6377
106 67.8991 7.6381
107 72.526 6.6003
108 61.2488 7.6055
109 80.4762 5.1551
110 74.4221 8.4391
111 80.7132 7.0262
112 75.78 6.7238
113 76.6171 6.0682
114 92.8286 9.135
115 73.4816 5.9522
116 81.8968 5.9896
117 88.9958 9.7113
118 80.1348 10.7229
119 73.1406 9.0854
120 97.0344 7.6612
121 77.6017 6.9813
122 96.903 10.7139
123 87.3805 11.0761
124 0 0
125 0 0
126 86.3134 6.1157
127 81.9965 8.1306
128 82.7407 7.5384
129 67.2116 7.289
130 75.5405 7.0853
131 73.6802 9.305
132 75.2274 9.1508
133 74.0445 10.7921
134 66.849 12.8481
135 65.8795 11.8902
136 71.7866 8.2832
137 73.122 12.4944
138 66.5569 14.7912
139 72.8427 10.7293
140 74.2335 12.0071
141 73.8648 8.6589
142 71.359 9.2397
143 65.0571 11.9926
144 67.751 9.1039
145 64.5049 10.0813
146 68.5313 9.3483
147 72.9107 9.5898
148 68.9449 7.9014
149 74.4897 7.2161
150 71.6603 6.3904
151 78.946 7.4004
152 67.1218 7.751
153 77.2214 8.9066
154 70.7875 9.5463
155 61.886 8.5598
156 82.6864 6.919
157 82.4137 8.3048
158 71.5852 9.1945
159 69.7407 8.8881
160 88.8081 9.2446
161 86.2368 9.933
162 87.8137 8.7703
163 58.241 10.0143
164 71.2919 12.2886
165 58.6724 13.8208
166 57.6734 8.4423
167 69.6666 14.549
168 69.0773 6.5667
169 56.8033 6.8063
170 73.0684 5.659
171 57.9469 9.4696
172 74.392 5.4841
173 91.7784 9.6931
174 80.7839 7.285
175 79.088 6.0635
176 78.2156 6.5753
177 85.7078 6.5043
178 76.2466 6.1718
179 85.5265 5.6391
180 63.4872 13.0381
181 69.6241 9.3393
182 59.3253 11.7468
183 78.2988 1.0559
184 65.2411 8.6323
185 61.4472 15.9234
186 54.1613 10.2756
187 77.7044 15.191
188 57.1387 12.118
189 79.3887 6.5971
190 61.9156 9.0344
191 74.8767 8.0679
192 77.1215 11.333
193 71.4776 11.6972
194 72.4901 11.4844
195 75.3666 8.5792
196 68.6173 9.7326
197 89.1922 10.7626
198 70.9576 11.0346
199 78.8293 10.3646
200 64.5846 10.2319
201 62.0989 11.4023
202 70.444 8.7752
203 80.4282 10.092
204 64.6654 12.8825
205 63.2686 8.2414
206 78.2636 10.3606
207 75.5171 6.5648
208 0 0
209 0 0
210 64.4699 8.8707
211 63.2917 9.8966
212 78.8654 8.121
213 70.3674 8.0665
214 65.1659 7.5372
215 81.8449 8.29
216 71.8732 9.3593
217 72.0327 10.263
218 68.9538 6.7878
219 74.6452 7.9541
220 62.87 8.373
221 70.5088 8.1451
222 68.0462 9.1691
223 62.3 13.3012
224 73.3711 9.1723
225 66.3223 9.7039
226 80.4551 9.4534
227 80.6978 10.1326
228 73.8671 7.9894
229 0 0
230 0 0
231 54.099 11.6058
232 55.9819 9.6513
233 64.9349 8.8456
234 62.0948 12.4423
235 51.8563 13.3272
236 58.1137 11.0642
237 61.3297 10.3877
238 70.7547 8.2128
239 83.3618 8.5146
240 74.9845 10.2118
241 64.8801 8.5943
242 85.0496 7.1182
243 76.7941 11.492
244 64.3063 10.5418
245 77.8882 9.4334
246 79.3778 8.8114
247 69.6041 9.0911
248 81.9867 8.5102
249 66.3328 7.8726
250 0 0
251 0 0
