0 73.7868 9.7234
1 71.0263 8.4908
2 72.3617 7.8786
3 70.3401 9.2754
4 56.8177 8.1601
5 68.3003 12.3389
6 72.6025 11.5914
7 70.6016 10.9546
8 76.1848 11.6846
9 63.549 10.9101
10 78.7792 8.7389
11 75.3196 8.0549
12 71.6166 9.8751
13 76.38 12.2675
14 66.677 8.1526
15 71.3018 9.1118
16 68.8063 9.3086
17 74.8033 10.2628
18 73.7072 8.1959
19 73.4351 7.8564
20 73.1161 9.4131
21 76.1978 7.0512
22 73.6527 8.9449
23 61.9325 6.7733
24 77.5159 6.5108
25 77.4516 9.3739
26 82.135 9.7335
27 87.4063 10.0787
28 76.36 8.4394
29 60.0573 11.7424
30 63.2958 9.9254
31 75.7009 8.8048
32 68.8879 5.6727
33 63.9307 9.3942
34 77.5055 8.6568
35 69.5343 11.0743
36 68.1072 8.5539
37 71.1286 7.7016
38 69.1989 8.3218
39 70.8255 8.3101
40 68.1175 7.6609
41 68.1825 7.6191
42 67.3824 7.8362
43 84.3527 6.633
44 72.4739 8.0842
45 75.3886 9.1078
46 71.2684 9.0606
47 60.0766 7.7544
48 80.2941 9.2918
49 66.5882 9.0007
50 69.2925 6.6554
51 78.4447 9.5132
52 74.3106 9.527
53 75.2799 7.5858
54 68.2425 12.278
55 61.7194 13.0752
56 84.5868 6.0948
57 62.4515 13.0005
58 71.9728 9.3711
59 68.3547 12.1075
60 74.6343 9.5202
61 75.953 6.3039
62 60.8592 9.3436
63 75.3336 7.8508
64 65.8507 8.5127
65 68.2365 11.6247
66 76.8285 12.3024
67 78.4798 13.0284
68 91.0624 12.8011
69 73.3911 12.9461
70 76.087 8.9709
71 72.4697 11.9394
72 72.2742 12.7063
73 71.2152 11.5594
74 60.7248 9.8121
75 57.4629 10.6285
76 50.3685 11.3874
77 65.9059 8.693
78 72.529 9.455
79 58.1136 9.1094
80 63.9206 10.5051
81 57.2927 11.5143
82 0 0
83 0 0
84 80.0528 8.4446
85 78.6639 9.0511
86 86.8432 8.8986
87 85.5266 9.2823
88 72.9881 7.5487
89 98.6121 9.5515
90 74.9839 10.5789
91 86.708 8.5127
92 85.2035 7.4019
93 83.2346 10.5511
94 93.079 8.7566
95 81.8245 8.2144
96 94.0774 8.4428
97 81.4788 9.8551
98 90.6019 7.9664
99 76.4705 7.9038
100 68.9317 10.5641
101 61.6545 11.163
102 86.2662 10.1119
103 0 0
104 0 0
105 59.5992 5.6281
106 67.9818 7.615
107 72.6568 6.5955
108 61.4014 7.5074
109 80.4683 5.1813
110 74.3727 8.403
111 80.7116 7.0707
112 75.71 6.8421
113 76.5888 6.2104
114 92.8002 9.1227
115 73.5101 6.012
116 81.9422 5.9945
117 88.9863 9.7784
118 80.2384 10.7021
119 73.1694 9.2043
120 97.3429 7.6406
121 77.8253 7.0424
122 97.3138 10.7891
123 87.627 11.297
124 0 0
125 0 0
126 86.6117 5.9202
127 82.263 7.9182
128 83.0413 7.2274
129 67.5509 7.0571
130 75.7839 6.9492
131 73.9035 9.199
132 75.2458 9.0396
133 74.2669 10.8163
134 66.9877 12.8555
135 66.2948 11.4544
136 71.8269 8.0062
137 73.3768 12.1421
138 66.6315 14.7852
139 73.0471 10.3164
140 74.2696 11.8356
141 73.9577 8.4305
142 71.3907 9.3494
143 65.2477 11.8301
144 67.6902 9.03
145 64.2389 10.1998
146 68.7688 9.4216
147 72.7037 9.3255
148 68.8959 7.6114
149 74.5467 7.1021
150 71.81 6.2689
151 79.1701 7.2131
152 67.0672 7.4833
153 77.3194 8.7529
154 70.8006 9.1834
155 62.0452 8.2773
156 82.905 6.75
157 82.3499 8.0249
158 72.0465 8.8834
159 70.1103 8.6947
160 88.953 8.9708
161 86.3864 9.8517
162 87.8307 8.5682
163 58.1714 9.8852
164 71.3265 12.0715
165 58.498 13.8197
166 57.9048 8.2878
167 69.5197 14.892
168 69.2995 6.4058
169 57.1929 6.6601
170 73.075 5.5712
171 58.0587 9.5445
172 74.1773 5.2264
173 92.1139 9.4972
174 80.8298 7.0659
175 79.3613 5.8041
176 78.2876 6.3563
177 85.9121 6.2639
178 76.244 5.91
179 85.9214 5.4036
180 63.0143 13.0593
181 69.8759 9.048
182 58.9995 11.8035
183 78.2852 0.9427
184 65.1627 8.4253
185 61.3366 15.729
186 54.0315 9.9973
187 78.0406 15.2343
188 57.3339 12.0251
189 79.5325 6.6989
190 62.0016 9.1254
191 74.819 8.0975
192 77.5377 11.0068
193 71.6895 11.428
194 72.8742 11.1238
195 75.6237 8.1804
196 68.9027 9.3474
197 89.1537 10.5119
198 71.2799 10.754
199 78.9598 9.8116
200 64.0379 10.1825
201 62.5592 11.5358
202 70.2073 8.8336
203 80.6269 10.4137
204 63.8708 13.147
205 62.6726 8.4659
206 77.6994 10.4403
207 75.4907 6.5892
208 0 0
209 0 0
210 64.6739 8.3177
211 63.4779 9.3432
212 78.5936 7.6281
213 70.5902 7.5833
214 65.2379 7.0201
215 81.8814 7.8604
216 71.7729 8.7323
217 72.0318 9.7344
218 69.0502 6.5183
219 75.004 7.6274
220 63.1802 7.9139
221 70.9011 7.9609
222 68.177 8.8101
223 62.6122 12.8595
224 73.5102 8.8282
225 66.3206 9.3376
226 80.6601 9.355
227 81.0417 10.1532
228 74.0647 8.061
229 0 0
230 0 0
231 54.223 11.6364
232 55.7404 9.7003
233 65.1053 8.881
234 61.7211 12.6247
235 51.4972 13.6644
236 57.4884 11.6027
237 61.4655 10.3733
238 70.9816 8.152
239 83.5935 8.3743
240 75.2677 10.2986
241 65.0184 8.5749
242 85.2908 7.1234
243 76.9617 11.6797
244 64.5289 10.6666
245 78.0385 9.4223
246 79.0391 8.6997
247 69.6269 8.8689
248 81.5701 8.3773
249 66.0706 7.7871
250 0 0
251 0 0
