0 73.9366 9.538
1 71.0216 8.4039
2 72.4889 7.7249
3 70.3198 9.2059
4 57.1048 8.0119
5 68.4472 12.2011
6 72.62 11.4309
7 70.6424 10.7365
8 76.0282 11.837
9 63.1839 11.1844
10 78.5569 8.9435
11 75.0821 8.2322
12 71.3815 10.1642
13 76.182 12.5442
14 66.5299 8.4122
15 71.106 9.369
16 68.7173 9.4684
17 74.6098 10.5234
18 73.6104 8.4098
19 73.2272 7.955
20 73.0591 9.5251
21 76.1969 7.1269
22 73.6798 8.9116
23 61.9465 6.8333
24 77.3059 6.6736
25 77.5175 9.4283
26 82.1322 9.7865
27 87.2948 10.0901
28 76.346 8.3854
29 59.8536 11.6187
30 63.0031 10.0066
31 75.733 8.8201
32 68.7371 5.6978
33 63.7449 9.4932
34 77.5178 8.7424
35 69.6055 11.0478
36 68.3118 8.6866
37 71.1237 7.9748
38 69.1056 8.6446
39 70.9132 8.4838
40 68.1858 7.9212
41 68.0508 7.8714
42 67.2594 8.0555
43 84.1749 6.9826
44 72.2371 8.4537
45 75.3249 9.3395
46 71.3882 8.8658
47 60.286 7.7274
48 80.3446 9.2189
49 66.5355 8.9038
50 69.3331 6.6115
51 78.379 9.4857
52 74.2179 9.3689
53 75.2769 7.5123
54 68.0057 12.5703
55 61.2653 13.4131
56 84.4736 6.2602
57 62.1708 13.1376
58 71.9864 9.6924
59 68.0517 12.634
60 74.3716 9.6124
61 75.7726 6.5008
62 60.9076 9.2851
63 75.2611 7.9942
64 65.6748 8.5977
65 68.1596 11.5876
66 76.565 12.3116
67 77.9662 12.8756
68 90.5864 12.7193
69 72.937 12.8682
70 75.8075 9.1947
71 72.2549 12.1369
72 72.0062 12.8451
73 70.6036 11.8053
74 60.8855 9.9045
75 57.4786 10.9312
76 50.5454 11.3678
77 66.0773 8.9845
78 72.8205 9.7733
79 58.3552 9.4582
80 64.2299 10.8195
81 57.2679 11.6673
82 0 0
83 0 0
84 80.3696 8.3499
85 78.6862 8.8167
86 86.9072 8.7245
87 85.4299 9.0653
88 72.9896 7.4158
89 98.3562 9.4093
90 74.8897 10.2627
91 86.5081 8.3782
92 84.9769 7.7024
93 82.7934 10.9657
94 92.704 9.016
95 81.3796 8.4832
96 93.8348 8.6422
97 81.2851 10.3806
98 90.6544 8.2168
99 76.0623 8.2086
100 68.5579 10.9835
101 61.341 11.4682
102 86.1308 10.1543
103 0 0
104 0 0
105 59.7148 5.6247
106 68.1213 7.571
107 72.5175 6.5859
108 61.0487 7.5959
109 80.3474 5.1824
110 74.1708 8.379
111 80.8037 6.9941
112 75.6904 6.8101
113 76.6484 6.1733
114 92.7409 9.0709
115 73.5197 6.1222
116 81.649 6.0642
117 88.8484 9.692
118 79.9391 10.6184
119 73.0511 9.0524
120 97.1628 7.6543
121 77.592 6.9413
122 96.9393 10.6767
123 87.321 10.9501
124 0 0
125 0 0
126 86.5493 5.9782
127 82.2223 7.8855
128 83.0035 7.3229
129 67.5282 7.113
130 75.6206 6.9731
131 73.9611 9.1556
132 75.2679 8.9156
133 74.2137 10.7351
134 67.1306 12.7304
135 66.1685 11.6365
136 71.9044 8.0156
137 73.3144 12.2901
138 66.3562 14.7185
139 72.9314 10.3793
140 74.0271 11.7568
141 73.8745 8.5009
142 71.2792 9.34
143 65.0258 11.9637
144 67.5706 9.0463
145 64.465 10.1305
146 68.7256 9.3726
147 72.8717 9.3577
148 69.0525 7.7547
149 74.4691 7.1413
150 71.5918 6.4562
151 78.9445 7.2805
152 66.9941 7.723
153 77.2273 8.9377
154 70.7547 9.4155
155 62.0608 8.4049
156 82.755 6.8922
157 82.3505 8.2963
158 71.7017 9.1153
159 69.7755 8.9097
160 88.7007 9.2012
161 86.1666 9.9601
162 87.6994 8.7504
163 57.8774 10.2814
164 71.3602 12.2819
165 58.2806 14.1118
166 57.732 8.4617
167 69.3296 14.8618
168 68.9472 6.6277
169 56.6738 6.9018
170 73.0111 5.7176
171 57.6801 9.6332
172 74.1717 5.4182
173 91.7152 9.4167
174 80.8739 7.2435
175 79.1054 5.9146
176 78.2024 6.4415
177 85.9194 6.3623
178 76.1702 6.0014
179 85.7067 5.5238
180 63.2533 12.8707
181 69.6553 9.353
182 58.9911 11.907
183 78.2616 0.9178
184 65.0857 8.5818
185 61.3172 15.7319
186 53.828 10.1966
187 77.8087 15.1753
188 57.082 12.1772
189 79.4974 6.591
190 61.9633 9.1152
191 74.88 8.1804
192 77.2158 11.1182
193 71.5614 11.4262
194 72.7765 11.1847
195 75.4375 8.3378
196 68.6729 9.4818
197 89.1214 10.5727
198 71.1489 10.7751
199 78.9216 10.0555
200 64.0771 10.4598
201 62.337 11.6846
202 70.2831 8.9676
203 80.6355 10.2594
204 64.1037 13.0679
205 62.9989 8.3546
206 77.7703 10.5316
207 75.6603 6.6436
208 0 0
209 0 0
210 64.6301 8.3987
211 64.0252 9.4455
212 78.9689 7.8086
213 70.8845 7.771
214 64.7469 7.2127
215 81.7628 8.0374
216 71.5311 8.9594
217 72.1596 9.9083
218 69.0376 6.5674
219 74.9166 7.6856
220 63.107 7.9686
221 70.5399 7.9735
222 68.1477 8.9071
223 62.2857 13.0449
224 73.3959 8.8946
225 66.5407 9.2985
226 80.6152 9.3168
227 80.8592 10.052
228 73.8243 8.1532
229 0 0
230 0 0
231 54.6629 11.2902
232 55.8353 9.7013
233 65.0119 8.9579
234 62.0747 12.3905
235 51.1755 13.7661
236 57.5926 11.3229
237 61.3489 10.4612
238 70.7531 8.2146
239 83.4661 8.5431
240 75.1056 10.3201
241 64.8615 8.6619
242 85.1086 7.1658
243 76.8413 11.4936
244 64.3288 10.6197
245 77.7958 9.5169
246 78.9255 8.7738
247 69.2082 9.0976
248 81.4538 8.5565
249 65.6887 7.9125
250 0 0
251 0 0
