0 73.2515 9.9143
1 70.9185 8.7162
2 72.343 8.0015
3 70.2468 9.4793
4 56.4576 8.1988
5 68.1062 12.4437
6 72.3229 11.809
7 70.4678 11.1994
8 75.7902 12.1567
9 62.8948 11.4393
10 78.5423 9.0904
11 74.8821 8.5005
12 71.1761 10.5207
13 75.9262 12.7762
14 66.1885 8.652
15 71.0137 9.6638
16 68.7673 9.4172
17 74.661 10.461
18 73.6824 8.3773
19 73.26 7.9812
20 72.8243 9.508
21 76.1988 7.3478
22 73.3485 9.1453
23 61.8044 7.0568
24 77.1355 6.8062
25 77.6377 9.7562
26 82.2183 9.8299
27 87.4462 10.1236
28 76.1772 8.595
29 60.0455 11.5568
30 63.1856 10.072
31 75.6419 8.9798
32 68.8222 5.3688
33 63.7674 9.5739
34 77.5463 8.837
35 69.5039 11.2851
36 68.2038 8.7159
37 71.0947 8.1153
38 69.1775 8.8666
39 70.7098 8.7166
40 67.9649 8.1827
41 67.9267 8.115
42 67.4018 7.7649
43 84.2641 6.6295
44 72.4583 8.1428
45 75.3736 8.8545
46 71.4163 8.7196
47 60.2472 7.8288
48 80.3782 9.2821
49 66.6256 9.0192
50 69.3379 6.5615
51 78.5693 9.4873
52 74.4094 9.3822
53 75.3078 7.5047
54 68.1118 12.2979
55 61.4304 13.0747
56 84.3116 6.117
57 62.0461 12.9296
58 72.069 9.4808
59 68.2774 12.221
60 74.5036 9.3655
61 75.8086 6.3788
62 60.8512 9.272
63 75.1418 8.095
64 65.564 8.6565
65 68.2813 11.6181
66 76.5403 12.7721
67 77.8849 13.2538
68 90.6303 12.9533
69 72.9348 13.1839
70 75.4268 9.5614
71 72.087 12.3897
72 71.4022 13.1631
73 70.6661 12.1293
74 60.7846 9.8153
75 57.251 10.7688
76 50.8218 11.0904
77 66.1353 8.9789
78 72.7913 9.6803
79 58.3049 9.529
80 64.2967 10.4812
81 57.4392 11.4685
82 0 0
83 0 0
84 80.2092 8.278
85 78.7472 8.8217
86 86.9643 8.7943
87 85.5344 9.0747
88 72.8027 7.3038
89 98.4414 9.2727
90 74.6729 10.2786
91 86.6561 8.3769
92 85.0396 7.5675
93 82.7692 10.7655
94 92.7957 8.895
95 81.2982 8.2775
96 93.9762 8.5571
97 81.1102 10.1972
98 90.6904 8.1196
99 76.1448 8.0844
100 68.8675 10.5345
101 61.6134 10.9952
102 86.0901 9.7991
103 0 0
104 0 0
105 59.5925 5.6451
106 68.173 7.6129
107 72.5968 6.58
108 61.1851 7.5987
109 80.406 5.1126
110 74.2622 8.3863
111 80.7325 6.9765
112 75.7308 6.7962
113 76.7004 6.06
114 92.8454 9.1169
115 73.4942 5.9909
116 81.801 5.9483
117 88.8829 9.7741
118 80.215 10.6875
119 72.9671 9.1357
120 96.9095 7.6826
121 77.4201 6.9672
122 96.8573 10.7308
123 87.1315 11.1781
124 0 0
125 0 0
126 86.2659 6.1645
127 82.0571 8.1773
128 82.7603 7.5476
129 67.2584 7.2711
130 75.5609 7.1118
131 73.8571 9.3763
132 75.2267 9.254
133 73.9928 10.7919
134 67.0007 12.5408
135 66.1013 11.7268
136 71.8836 8.085
137 73.4508 12.3065
138 66.3326 14.6078
139 72.8975 10.4486
140 74.3 11.707
141 73.8091 8.5295
142 71.0018 9.711
143 64.781 12.4403
144 67.463 9.4759
145 63.9701 10.533
146 68.6544 9.6426
147 72.8674 9.6003
148 68.981 7.8372
149 74.5231 7.1944
150 71.6356 6.3907
151 79.0251 7.3392
152 67.1056 7.7051
153 77.2933 8.8903
154 70.8543 9.4399
155 61.8877 8.4401
156 82.6892 6.9183
157 82.3414 8.3279
158 71.8337 9.1148
159 69.6909 8.9411
160 88.6864 9.212
161 86.2442 9.9739
162 87.6502 8.7433
163 57.8707 10.3077
164 71.2474 12.319
165 58.2552 14.042
166 57.6522 8.4814
167 69.598 14.7737
168 69.0067 6.5944
169 56.7526 6.8802
170 73.0184 5.6882
171 57.7321 9.5587
172 74.3887 5.3085
173 91.9221 9.3913
174 80.91 7.0896
175 79.0537 5.855
176 78.3645 6.441
177 85.9073 6.3118
178 76.3361 5.9985
179 85.6468 5.4405
180 63.003 13.26
181 69.2949 9.5694
182 58.7635 12.0838
183 78.0003 0.9007
184 64.9757 8.8412
185 60.8842 16.3107
186 53.6215 10.3878
187 77.4841 15.669
188 57.03 11.9613
189 79.4278 6.7611
190 61.9966 9.2197
191 74.9373 8.4491
192 77.3367 11.1194
193 71.5688 11.4422
194 72.8573 11.0883
195 75.5284 8.3637
196 68.5971 9.559
197 89.0998 10.554
198 71.1953 10.7037
199 78.9502 10.1422
200 64.3743 10.3692
201 62.5405 11.4017
202 70.4711 8.7585
203 80.5747 10.0871
204 64.1947 12.9347
205 63.0664 8.3009
206 77.9023 10.4061
207 75.6093 6.4977
208 0 0
209 0 0
210 64.6416 8.6768
211 63.6272 9.5387
212 78.9041 7.8647
213 70.6878 7.8438
214 65.0614 7.2805
215 81.9496 8.0799
216 71.7879 9.0093
217 72.0039 10.0607
218 69.2485 6.735
219 74.6301 7.8715
220 63.0872 8.1959
221 70.3266 8.1193
222 68.5891 9.1293
223 62.5474 12.7601
224 73.6965 9.0267
225 66.2964 9.5221
226 80.3928 9.7329
227 80.5637 10.4673
228 73.7584 8.3113
229 0 0
230 0 0
231 54.607 11.3654
232 55.7337 9.8146
233 65.1248 8.9794
234 61.827 12.495
235 51.1733 13.6544
236 57.5498 11.3084
237 61.3499 10.5043
238 70.6217 8.24
239 83.5008 8.5211
240 74.9746 10.2459
241 64.9898 8.7421
242 84.9842 7.1375
243 76.7056 11.5317
244 64.2901 10.5211
245 77.9352 9.5295
246 78.7749 8.8295
247 69.3278 9.0374
248 81.3656 8.5218
249 65.9324 7.8786
250 0 0
251 0 0
