6111006 6
6111009 6
6111010 6
6111011 6
6111012 6
6111013 6
6111015 6
6111016 6
6111018 6
6111021 6
6111052 6
6111053 6
6111056 6
6111057 6
6111058 6
6111059 6
6111060 6
6111062 6
6111064 6
6111065 6
6111068 6
6111070 6
6112004 6
6112005 6
6112007 6
6112008 6
6112009 6
6112012 6
6112013 6
6112014 6
6112015 6
6112016 6
6112017 6
6112018 6
6112020 6
6112022 6
6113007 6
6113008 6
6113009 6
6113012 6
6113013 6
6113014 6
6113016 6
6113017 6
6113018 6
6113019 6
6113020 6
6113021 6
6113023 6
6113026 6
6113027 6
6113028 6
6113029 6
6113030 6
6113031 6
6113034 6
6113036 6
6113037 6
6113038 6
6113040 6
6113041 6
6113054 6
6113055 6
6113056 6
6113059 6
6113062 6
6113066 6
6113067 6
6113069 6
6113070 6
6113071 6
6113072 6
6113073 6
6113079 6
6113080 6
6114009 6
6114010 6
6114011 6
6114012 6
6114013 6
6114015 6
6114031 6
6114033 6
6114034 6
6115034 6
6115064 6
6115066 6
6115067 6
6115068 6
6115069 6
6116005 6
6116008 6
6116029 6
6116031 6
6116032 6
6116034 6
6116035 6
6116036 6
6116037 6
6116038 6
6116039 6
6116040 6
6116041 6
6116042 6
6116043 6
6116044 6
6116045 6
6116065 6
6116078 6
6116080 6
6116081 6
6116084 6
6116085 6
6116086 6
6116087 6
6116089 6
6116090 6
6116092 6
6116094 6
6117009 6
6117010 6
6117019 6
6117032 6
6117033 6
6117034 6
6117035 6
6117047 6
6117048 6
6117049 6
6117050 6
6118016 6
6118017 6
6118018 6
6119014 6
6119020 6
6119023 6
6119026 6
6119027 6
6119029 6
6119030 6
6119031 6
6119032 6
6119033 6
6119038 6
6119039 6
6119054 6
6119055 6
6119056 6
6119063 6
6119064 6
6119065 6
6119066 6
6119067 6
6119068 6
6119069 6
6119071 6
6119072 6
6120006 6
6120009 6
6120010 6
6120011 6
6120015 6
6120016 6
6120017 6
6120019 6
6120022 6
6120023 6
6120024 6
6120032 6
6120037 6
6120038 6
6120039 6
6120040 6
6120042 6
6120043 6
6120045 6
6120049 6
6120066 6
6120070 6
6120071 6
6121008 6
6121009 6
6121010 6
6121013 6
6121014 6
6121015 6
6121016 6
6121018 6
6121021 6
6121022 6
6121024 6
6121031 6
6121033 6
6121036 6
6121037 6
6121043 6
6121045 6
6121046 6
6121047 6
6121049 6
6121058 6
6121060 6
6121061 6
6121068 6
6121070 6
6121071 6
6121072 6
6121073 6
6121075 6
6121076 6
6122001 6
6122002 6
6122010 6
6122011 6
6122013 6
6122014 6
6122018 6
6123013 6
6123016 6
6123017 6
6123019 6
6123020 6
6123021 6
6123022 6
6123024 6
6123026 6
6123027 6
6123028 6
6123039 6
6123040 6
6123041 6
6123045 6
6123046 6
6123047 6
6123049 6
6123052 6
6124001 6
6124002 6
6124003 6
6124006 6
6124007 6
6124008 6
6124009 6
6124016 6
6124017 6
6124018 6
6124019 6
6126030 6
6126037 6
6126038 6
6126043 6
6126048 6
6126049 6
6126053 6
6126054 6
6126069 6
6126070 6
6126071 6
6126072 6
6126073 6
6126076 6
6126077 6
6126078 6
6126080 6
6126081 6
6126083 6
6126084 6
6127010 6
6127011 6
6127014 6
6127030 6
6127031 6
6127034 6
6127035 6
6127036 6
6127037 6
6127039 6
6127040 6
6127042 6
6127046 6
6127054 6
6127055 6
6127056 6
6127059 6
6128005 6
6128006 6
6128007 6
6128009 6
6128011 6
6128012 6
6128013 6
6128014 6
6128015 6
6128016 6
6128018 6
6128022 6
6128023 6
6128024 6
6128026 6
6128027 6
6128028 6
6128029 6
6128030 6
6128031 6
6128032 6
6128043 6
6128044 6
6128051 6
6128052 6
6128053 6
6128054 6
6128055 6
6128056 6
6128057 6
6128058 6
6128059 6
6128062 6
6128063 6
6130007 6
6130008 6
6130009 6
6130013 6
6130019 6
6130020 6
6130021 6
6130023 6
6130025 6
6130026 6
6130027 6
6130028 6
6130029 6
6130054 6
6130055 6
6130056 6
6130060 6
6130061 6
6130063 6
6130064 6
6130065 6
6131007 6
6131008 6
6131009 6
6131010 6
6131013 6
6131048 6
6131049 6
6131052 6
6131053 6
6131054 6
6131056 6
6131057 6
6131092 6
6131097 6
6131098 6
6132019 6
6132020 6
6132021 6
6132025 6
6132026 6
6132115 6
6132116 6
6132120 6
6133006 6
6133009 6
6133010 6
6133011 6
6133012 6
6133013 6
6133014 6
6133015 6
6133016 6
6133017 6
6133018 6
6133022 6
6133026 6
6133071 6
6133072 6
6134001 6
6134002 6
6134003 6
6134004 6
6134005 6
6134006 6
6134007 6
6134008 6
6134010 6
6134011 6
6134021 6
6134024 6
6134025 6
6134026 6
6134028 6
6134032 6
6134033 6
6134034 6
6134035 6
6134036 6
6134037 6
6134039 6
6134040 6
6134042 6
6134043 6
6134044 6
6134046 6
6134047 6
6134060 6
6135001 6
6135002 6
6135005 6
6135006 6
6135007 6
6135008 6
6135009 6
6135010 6
6135013 6
6135033 6
6135034 6
6135035 6
6135036 6
6135037 6
6135038 6
6135051 6
6135052 6
6135053 6
6136013 6
6136014 6
6136015 6
6136017 6
6136018 6
6136027 6
6136028 6
6136029 6
6136030 6
6136031 6
6136032 6
6136033 6
6136034 6
6136035 6
6136036 6
6136037 6
6136041 6
6136042 6
6136043 6
6136119 6
6136120 6
6136130 6
6136131 6
6137009 6
6137010 6
6137011 6
6137149 6
6137157 6
6137158 6
6137159 6
6137160 6
6137161 6
6137163 6
6137164 6
6137166 6
6137167 6
6137169 6
6137170 6
6137171 6
6137172 6
6137173 6
6138001 6
6138002 6
6138003 6
6138004 6
6138005 6
6138010 6
6138011 6
6138012 6
6138013 6
6138014 6
6138017 6
6138018 6
6138056 6
6138057 6
6138061 6
6138062 6
6138067 6
6139001 6
6139002 6
6139003 6
6139004 6
6139005 6
6139006 6
6139007 6
6139008 6
6139009 6
6139010 6
6139012 6
6139018 6
6139019 6
6139020 6
6139021 6
6139022 6
6139025 6
6139026 6
6139027 6
6139028 6
6139029 6
6139030 6
6139034 6
6139036 6
6139037 6
6139038 6
6139039 6
6139041 6
6139050 6
6139052 6
6139054 6
6139055 6
6139056 6
6139061 6
6139063 6
6139064 6
6139065 6
6139071 6
6140001 6
6140002 6
6140003 6
6140018 6
6140019 6
6140020 6
6140021 6
6140022 6
6140023 6
6140024 6
6140025 6
6140026 6
6140028 6
6140029 6
6140030 6
6140031 6
6140032 6
6140033 6
6140034 6
6140035 6
6140036 6
6140054 6
6140065 6
6140066 6
6140067 6
6140068 6
6140069 6
6140074 6
6140075 6
6140076 6
6141008 6
6141009 6
6141010 6
6141011 6
6141021 6
6141022 6
6141023 6
6141026 6
6141027 6
6141028 6
6141029 6
6141030 6
6141031 6
6141032 6
6141033 6
6141046 6
6141047 6
6141048 6
6141049 6
6141050 6
6141051 6
6141052 6
6141053 6
6141058 6
6141059 6
6141061 6
6141062 6
6141063 6
6141064 6
6141065 6
6141066 6
6141068 6
6142001 6
6142002 6
6142003 6
6142004 6
6142005 6
6142006 6
6142007 6
6142008 6
6142010 6
6142011 6
6142012 6
6142013 6
6142014 6
6142015 6
6142016 6
6142017 6
6142018 6
6142023 6
6142024 6
6142025 6
6142026 6
6142027 6
6142038 6
6142039 6
6142040 6
6142041 6
6142042 6
6142043 6
6142044 6
6142045 6
6142048 6
6142049 6
6142050 6
6142051 6
6142052 6
6142053 6
6142054 6
6142055 6
6142056 6
6142057 6
6142059 6
6142074 6
6142077 6
6142078 6
6142079 6
6142080 6
6142081 6
6142082 6
6142084 6
6142087 6
6142088 6
6142089 6
6142093 6
6142094 6
6142097 6
6143001 6
6143002 6
6143012 6
6143013 6
6143014 6
6143015 6
6143016 6
6143017 6
6143018 6
6143019 6
6143021 6
6143022 6
6143023 6
6143024 6
6143025 6
6143027 6
6144009 6
6144017 6
6144019 6
6144020 6
6144021 6
6144022 6
6144023 6
6144024 6
6144026 6
6144051 6
6144052 6
6144053 6
6144054 6
6144057 6
6144058 6
6144059 6
6144060 6
6144061 6
6144063 6
6144066 6
6145013 6
6145015 6
6145018 6
6145019 6
6145020 6
6145021 6
6145023 6
6145025 6
6145027 6
6145028 6
6145040 6
6145044 6
6145045 6
6145049 6
6145053 6
6145054 6
6145055 6
6145056 6
6145057 6
6145058 6
6145068 6
6146017 6
6146018 6
6146019 6
6146020 6
6146021 6
6146024 6
6146025 6
6146044 6
6147029 6
6147030 6
6148008 6
6148009 6
6148010 6
6148011 6
6148012 6
6148013 6
6148014 6
6148017 6
6148018 6
6148019 6
6148020 6
6148054 6
6148055 6
6148056 6
6148057 6
6148058 6
6148059 6
6148060 6
6148063 6
6148064 6
6149003 6
6149004 6
6149005 6
6149007 6
6149016 6
6149017 6
6149018 6
6149019 6
6149020 6
6149021 6
6149024 6
6149025 6
6149026 6
6149029 6
6149030 6
6149031 6
6149032 6
6149035 6
6149036 6
6149047 6
6149048 6
6149050 6
6149051 6
6149052 6
6150005 6
6150006 6
6150013 6
6150014 6
6150015 6
6150016 6
6150017 6
6150018 6
6150019 6
6150022 6
6150023 6
6150024 6
6150025 6
6150026 6
6150027 6
6150028 6
6150029 6
6150037 6
6150038 6
6151001 6
6151002 6
6151005 6
6151008 6
6151009 6
6151011 6
6151012 6
6151013 6
6151014 6
6151015 6
6151017 6
6151018 6
6151019 6
6151020 6
6151021 6
6151022 6
6151023 6
6151024 6
6151026 6
6151028 6
6151029 6
6154055 6
6155001 6
6155003 6
6156004 6
6156010 6
6156011 6
6156012 6
6156013 6
6156014 6
6156015 6
6156016 6
6156019 6
6156026 6
6156027 6
6156028 6
6156029 6
6156030 6
6156034 6
6156036 6
6156054 6
6156060 6
6156061 6
6156063 6
6156064 6
6156066 6
6156069 6
6156071 6
6156072 6
6156073 6
6157005 6
6157006 6
6157009 6
6157010 6
6157011 6
6157012 6
6157015 6
6157016 6
6157017 6
6157018 6
6157019 6
6157020 6
6157022 6
6157023 6
6157027 6
6157050 6
6157051 6
6158011 6
6158013 6
6158014 6
6158015 6
6158017 6
6158019 6
6158020 6
6158025 6
6158041 6
6158057 6
6158059 6
6158060 6
6158061 6
6158062 6
6158063 6
6158076 6
6158077 6
6158081 6
6158084 6
6158085 6
6158086 6
6159068 6
6159069 6
6159070 6
6159072 6
6159073 6
6159074 6
6160001 6
6160007 6
6160008 6
6160009 6
6160010 6
6160011 6
6160012 6
6160013 6
6160014 6
6160016 6
6160021 6
6160024 6
6160025 6
6160027 6
6160029 6
6160030 6
6160031 6
6160039 6
6160040 6
6160041 6
6160042 6
6160044 6
6160047 6
6160048 6
6160054 6
6160056 6
6160057 6
6160058 6
6160061 6
6160062 6
6160065 6
6160066 6
6160068 6
6160069 6
6160070 6
6160071 6
6160072 6
6160082 6
6160083 6
6161001 6
6161004 6
6161006 6
6161007 6
6161035 6
6161038 6
6161041 6
6161042 6
6161043 6
6161044 6
6161046 6
6161047 6
6161050 6
6161091 6
6161092 6
6161093 6
6161094 6
6161097 6
6161098 6
6161099 6
6161100 6
6161101 6
6161102 6
6161104 6
6161105 6
6162005 6
6162006 6
6162007 6
6162014 6
6162027 6
6162028 6
6162029 6
6162030 6
6162031 6
6162032 6
6162039 6
6162040 6
6162041 6
6162042 6
6162043 6
6162044 6
6162045 6
6162046 6
6162056 6
6162057 6
6162058 6
6162061 6
6162062 6
6162063 6
6162064 6
6162068 6
6162069 6
6162070 6
6162071 6
6162072 6
6162073 6
6162075 6
6162076 6
6163010 6
6163012 6
6163013 6
6163014 6
6163015 6
6163016 6
6163017 6
6163018 6
6163021 6
6163022 6
6163023 6
6163024 6
6163025 6
6163038 6
6163039 6
6163040 6
6163041 6
6163043 6
6163044 6
6163045 6
6163048 6
6163050 6
6163051 6
6163053 6
6163054 6
6163056 6
6163057 6
6163058 6
6164002 6
6164003 6
6164004 6
6164013 6
6164016 6
6164017 6
6164018 6
6164022 6
6164023 6
6164024 6
6164025 6
6167115 6
6167116 6
6167117 6
6167118 6
6167119 6
6167120 6
6167124 6
6167125 6
6167126 6
6167129 6
6167131 6
6167134 6
6167140 6
6167141 6
6167142 6
6167143 6
6168004 6
6168017 6
6168018 6
6168019 6
6168022 6
6168023 6
6168024 6
6168036 6
6168037 6
6168044 6
6168067 6
6168068 6
6168069 6
6168070 6
6168072 6
6168073 6
6168075 6
6168076 6
6168077 6
6168078 6
6168082 6
6168083 6
6168084 6
6168085 6
6168086 6
6168089 6
6168090 6
6168099 6
6168100 6
6168101 6
6168102 6
6168103 6
6168104 6
6168107 6
6168108 6
6168112 6
6169001 6
6169002 6
6169003 6
6169006 6
6169007 6
6169008 6
6169020 6
6169025 6
6169026 6
6169027 6
6169028 6
6169029 6
6169030 6
6169031 6
6169035 6
6169036 6
6169037 6
6169038 6
6169039 6
6169040 6
6169041 6
6169043 6
6169044 6
6169047 6
6169048 6
6169049 6
6169050 6
6169051 6
6169052 6
6169053 6
6169055 6
6169056 6
6169057 6
6169058 6
6169059 6
6169060 6
6169079 6
6169080 6
6169082 6
6169083 6
6169084 6
6169088 6
6169089 6
6169090 6
6169091 6
6169092 6
6169093 6
6169094 6
6169095 6
6169096 6
6169097 6
6169101 6
6169102 6
6169103 6
6169104 6
6169105 6
6169106 6
6169107 6
6170002 6
6170004 6
6170006 6
6170009 6
6170010 6
6170011 6
6170012 6
6170013 6
6170014 6
6170015 6
6170018 6
6170031 6
6170032 6
6170033 6
6170034 6
6170035 6
6170038 6
6170039 6
6170040 6
6170041 6
6170045 6
6170046 6
6170047 6
6170048 6
6170049 6
6170050 6
6170051 6
6170052 6
6170054 6
6170055 6
6170057 6
6170058 6
6170059 6
6170060 6
6170061 6
6170062 6
6170072 6
6170073 6
6170074 6
6170075 6
6170076 6
6170080 6
6170081 6
6170082 6
6170083 6
6171001 6
6171002 6
6171008 6
6171021 6
6171022 6
6171023 6
6171024 6
6171031 6
6171034 6
6171039 6
6171040 6
6171041 6
6171042 6
6171043 6
6171044 6
6171045 6
6171046 6
6171048 6
6171049 6
6171062 6
6171063 6
6172001 6
6172002 6
6172003 6
6172006 6
6172007 6
6172010 6
6172037 6
6172040 6
6172060 6
6172069 6
6172085 6
6172086 6
6172087 6
6172092 6
6172093 6
6173021 6
6173022 6
6173023 6
6173024 6
6173025 6
6173026 6
6173027 6
6173030 6
6173031 6
6173032 6
6173034 6
6173035 6
6173041 6
6173042 6
6173043 6
6173044 6
6173070 6
6173071 6
6173072 6
6173073 6
6173075 6
6173078 6
6173080 6
6173081 6
6173082 6
6173085 6
6173086 6
6174010 6
6174011 6
6174012 6
6174013 6
6174014 6
6174017 6
6174018 6
6174019 6
6174020 6
6174021 6
6174022 6
6174026 6
6174027 6
6174031 6
6174043 6
6174044 6
6174045 6
6174046 6
6174047 6
6174048 6
6174049 6
6174053 6
6174054 6
6174055 6
6174056 6
6174057 6
6174058 6
6174059 6
6174060 6
6174069 6
6174070 6
6174072 6
6175008 6
6175009 6
6175010 6
6175011 6
6175012 6
6175016 6
6175017 6
6175020 6
