   BREP.DAT  15:47:24    6-JAN-00  
  BRI.DAT   08:38:21  29-MAR-95  copy to EP1.INP, as input for EP1      
   18.00000       39.94800      1.7822711E-03  1.6606766E-03 Z, A, rho  
   10.60000       248.5000       1100.000       first E, L-shell & sbb  
   64   0   10.7469   1.01089 1.08304E-02  N2, k1, E(2), um, u          
  0.0000000E+00  0.0000000E+00   1.000000     df/dE coefficients        
   10.74690      5.0867801E-03  2.5664900E-05  1.2376870E-03  1.2312584E-03
   10.86390      1.4098600E-02  7.0367299E-05  1.2876744E-03  1.2798820E-03
   10.98220      2.5880501E-02  1.2778000E-04  1.3825389E-03  1.3668208E-03
   11.10180      7.2344102E-02  3.5333700E-04  1.2647738E-03  1.2374424E-03
   11.22270      0.1221050      5.8995001E-04  1.0839410E-03  1.0494532E-03
   11.34490      0.1942210      9.2827203E-04  7.0774677E-04  6.6654594E-04
   11.46840      0.2546020      1.2037500E-03  2.5757830E-04  2.2402500E-04
   11.59330      0.2864900      1.3399300E-03 -8.6680593E-05 -1.1575448E-04
   11.71950      0.3146470      1.4557700E-03 -4.4607010E-04 -4.7079724E-04
   11.84720      0.3104060      1.4206800E-03 -7.0575037E-04 -7.1994431E-04
   11.97620      0.2807560      1.2711301E-03 -8.4928446E-04 -8.4782857E-04
   12.10660      0.2064760      9.2475797E-04 -6.6855660E-04 -6.6284928E-04
   12.23840      0.1618420      7.1704300E-04 -4.6759562E-04 -4.6792175E-04
   12.37170      0.1181960      5.1803002E-04 -2.5060869E-04 -2.5006986E-04
   12.50640      8.6792201E-02  3.7629399E-04 -3.6044505E-05 -3.9152310E-05
   12.64260      6.9966301E-02  3.0007699E-04  1.1419137E-04  1.1143151E-04
   12.78030      4.8247501E-02  2.0469799E-04  2.7571004E-04  2.7525646E-04
   12.91940      3.2431800E-02  1.3611501E-04  4.5123027E-04  4.4872894E-04
   13.06010      2.7859099E-02  1.1566400E-04  5.9977587E-04  5.9558911E-04
   13.20230      2.8891901E-02  1.1866000E-04  7.2574377E-04  7.2231074E-04
   13.34610      3.3187199E-02  1.3483300E-04  8.6382701E-04  8.5898349E-04
   13.49140      5.5037498E-02  2.2119800E-04  9.7995671E-04  9.6820545E-04
   13.63830      0.1044250      4.1516899E-04  9.8244625E-04  9.6414314E-04
   13.78680      0.1662800      6.5396400E-04  8.4915914E-04  8.3006878E-04
   13.93700      0.2210760      8.6010800E-04  6.2863255E-04  6.1407039E-04
   14.08870      0.2528860      9.7326800E-04  4.0856248E-04  4.0038110E-04
   14.24210      0.2622490      9.9842797E-04  2.4504101E-04  2.4168452E-04
   14.39720      0.2547180      9.5931301E-04  1.5816370E-04  1.5842880E-04
   14.55400      0.2369930      8.8294299E-04  1.6486108E-04  1.6403222E-04
   14.71250      0.2319380      8.5480098E-04  1.9408905E-04  1.8954331E-04
   14.87270      0.2354800      8.5850502E-04  2.0752786E-04  2.0107710E-04
   15.03470      0.2459130      8.8688597E-04  1.9176819E-04  1.8466594E-04
   15.19840      0.2563460      9.1455103E-04  1.5183109E-04  1.4651327E-04
   15.36390      0.2597580      9.1674499E-04  1.2373996E-04  1.1962102E-04
   15.53120      0.2642510      9.2255202E-04  1.0376488E-04  9.9188423E-05
   15.70030      0.2695650      9.3097001E-04  8.0158679E-05  7.5956930E-05
   15.87130      0.2730180      9.3273702E-04  6.1549399E-05  5.7450303E-05
   16.04410      0.2784070      9.4090099E-04  3.9996190E-05  3.5919846E-05
   16.21880      0.2822320      9.4355398E-04  1.8356312E-05  1.4833538E-05
   16.39540      0.2854570      9.4405498E-04  7.4956910E-07 -2.7318097E-06
   16.57390      0.2894470      9.4693998E-04 -1.7850052E-05 -2.1162308E-05
   16.75440      0.2924610      9.4649399E-04 -3.4804645E-05 -3.7868016E-05
   16.93690      0.2959220      9.4737898E-04 -5.0711074E-05 -5.3834639E-05
   17.12130      0.2998600      9.4964402E-04 -6.9048721E-05 -7.2008181E-05
   17.30770      0.3029230      9.4901200E-04 -8.8619061E-05 -9.0869486E-05
   17.49620      0.3038640      9.4170298E-04 -9.8553530E-05 -1.0137207E-04
   17.68670      0.3100880      9.5064199E-04 -1.2111422E-04 -1.2345921E-04
   17.87930      0.3090860      9.3736203E-04 -1.3494455E-04 -1.3661153E-04
   18.07400      0.3120900      9.3627803E-04 -1.4639206E-04 -1.4858304E-04
   18.27080      0.3144380      9.3316002E-04 -1.6016711E-04 -1.6226985E-04
   18.46980      0.3176350      9.3249499E-04 -1.7860041E-04 -1.8005443E-04
   18.67090      0.3169070      9.2033600E-04 -1.8824148E-04 -1.8978905E-04
   18.87420      0.3208150      9.2164800E-04 -2.0339736E-04 -2.0483768E-04
   19.07970      0.3201810      9.0991898E-04 -2.1347683E-04 -2.1488401E-04
   19.28750      0.3241970      9.1140601E-04 -2.3050013E-04 -2.3154428E-04
   19.49750      0.3218750      8.9513097E-04 -2.3919262E-04 -2.4012935E-04
   19.70990      0.3253530      8.9505600E-04 -2.5307137E-04 -2.5392626E-04
   19.92450      0.3229000      8.7874098E-04 -2.6137262E-04 -2.6177987E-04
   20.14140      0.3244410      8.7342301E-04 -2.6785594E-04 -2.6879326E-04
   20.36080      0.3258030      8.6764002E-04 -2.7899721E-04 -2.7943458E-04
   20.58250      0.3255130      8.5752999E-04 -2.8554830E-04 -2.8629560E-04
   20.80660      0.3291430      8.5775403E-04 -2.9994096E-04 -3.0031224E-04
   21.03320      0.3270400      8.4309297E-04 -3.0954817E-04 -3.0945762E-04
   21.26220      0.3282450      8.3708199E-04 -3.1614213E-04 -3.1676952E-04
   21.49370      0.3308030      8.3451997E-04 -3.3175544E-04 -3.3170500E-04
   21.72780      0.3281250      8.1884599E-04 -3.4159466E-04 -3.4120385E-04
   21.96440      0.3284220      8.1075903E-04 -3.4929364E-04 -3.4924340E-04
   22.20360      0.3282200      8.0153299E-04 -3.5903469E-04 -3.5884368E-04
   22.44540      0.3280160      7.9240598E-04 -3.7000098E-04 -3.6958914E-04
   22.68980      0.3263170      7.7981001E-04 -3.7984279E-04 -3.7914058E-04
   22.93680      0.3241640      7.6632103E-04 -3.8664517E-04 -3.8596307E-04
   23.18660      0.3228480      7.5498800E-04 -3.9297392E-04 -3.9238934E-04
   23.43910      0.3218110      7.4445701E-04 -4.0103163E-04 -4.0027327E-04
   23.69430      0.3196440      7.3147699E-04 -4.0854336E-04 -4.0752249E-04
   23.95230      0.3170980      7.1783498E-04 -4.1330379E-04 -4.1234004E-04
   24.21320      0.3158930      7.0740300E-04 -4.1828974E-04 -4.1744357E-04
   24.47680      0.3149830      6.9776899E-04 -4.2529497E-04 -4.2434109E-04
   24.74340      0.3136840      6.8740599E-04 -4.3305356E-04 -4.3198242E-04
   25.01280      0.3123590      6.7712698E-04 -4.4101456E-04 -4.3996860E-04
   25.28520      0.3115050      6.6800200E-04 -4.5084380E-04 -4.4982589E-04
   25.56050      0.3102780      6.5820402E-04 -4.6355787E-04 -4.6244348E-04
   25.83890      0.3077310      6.4576900E-04 -4.7892716E-04 -4.7755451E-04
   26.12020      0.3023920      6.2772899E-04 -4.9501256E-04 -4.9322279E-04
   26.40460      0.2932490      6.0219201E-04 -5.0932425E-04 -5.0667551E-04
   26.69220      0.2776660      5.6405098E-04 -5.1283388E-04 -5.0898304E-04
   26.98280      0.2587340      5.1992998E-04 -4.8884389E-04 -4.8663048E-04
   27.27670      0.2592940      5.1544199E-04 -4.7043303E-04 -4.7003489E-04
   27.57370      0.2601190      5.1151402E-04 -4.7151555E-04 -4.7044377E-04
   27.87390      0.2579660      5.0181401E-04 -4.7816656E-04 -4.7649225E-04
   28.17750      0.2527940      4.8645600E-04 -4.8443436E-04 -4.8235137E-04
   28.48430      0.2454150      4.6716901E-04 -4.8703092E-04 -4.8488920E-04
   28.79450      0.2383390      4.4881200E-04 -4.8749446E-04 -4.8548295E-04
   29.10800      0.2312370      4.3074900E-04 -4.8797246E-04 -4.8610815E-04
   29.42500      0.2241180      4.1298999E-04 -4.9196358E-04 -4.8956944E-04
   29.74540      0.2106530      3.8399699E-04 -4.9079745E-04 -4.8776105E-04
   30.06930      0.1967930      3.5486600E-04 -4.7779459E-04 -4.7533013E-04
   30.39670      0.1890470      3.3722600E-04 -4.6359785E-04 -4.6173850E-04
   30.72770      0.1829110      3.2276599E-04 -4.5338555E-04 -4.5156505E-04
   31.06230      0.1775350      3.0990399E-04 -4.4561015E-04 -4.4379552E-04
   31.40060      0.1723210      2.9756301E-04 -4.3979392E-04 -4.3795127E-04
   31.74250      0.1667810      2.8489501E-04 -4.3533795E-04 -4.3345854E-04
   32.08820      0.1606540      2.7147200E-04 -4.3188219E-04 -4.2991989E-04
   32.43760      0.1532300      2.5613801E-04 -4.2862110E-04 -4.2644842E-04
   32.79080      0.1438580      2.3788201E-04 -4.2274111E-04 -4.2048737E-04
   33.14790      0.1347770      2.2046499E-04 -4.1387021E-04 -4.1177179E-04
   33.50880      0.1267650      2.0512500E-04 -4.0407307E-04 -4.0216354E-04
   33.87370      0.1197150      1.9163000E-04 -3.9549364E-04 -3.9352817E-04
   34.24260      0.1113150      1.7626501E-04 -3.8606985E-04 -3.8400854E-04
   34.61550      0.1035940      1.6227200E-04 -3.7403064E-04 -3.7230997E-04
   34.99240      9.9032901E-02  1.5345600E-04 -3.6460598E-04 -3.6295815E-04
   35.37350      9.2440300E-02  1.4169799E-04 -3.5650673E-04 -3.5474080E-04
   35.75860      8.6384803E-02  1.3098901E-04 -3.4817366E-04 -3.4646530E-04
   36.14800      7.9592898E-02  1.1939000E-04 -3.4035399E-04 -3.3849041E-04
   36.54170      7.1274601E-02  1.0576100E-04 -3.3015897E-04 -3.2831298E-04
   36.93960      6.4421996E-02  9.4563002E-05 -3.1800693E-04 -3.1641105E-04
   37.34180      5.9107199E-02  8.5827000E-05 -3.0675856E-04 -3.0526382E-04
   37.74840      5.3799599E-02  7.7278601E-05 -2.9648919E-04 -2.9496875E-04
   38.15950      4.8326701E-02  6.8669498E-05 -2.8607150E-04 -2.8455211E-04
   38.57500      4.3025300E-02  6.0478000E-05 -2.7501388E-04 -2.7355109E-04
   38.99510      3.8462199E-02  5.3481501E-05 -2.6334717E-04 -2.6206882E-04
   39.41970      3.5627801E-02  4.9006601E-05 -2.5321936E-04 -2.5196851E-04
   39.84900      3.1718399E-02  4.3159202E-05 -2.4354779E-04 -2.4227065E-04
   40.28290      2.8712800E-02  3.8648599E-05 -2.3356569E-04 -2.3241068E-04
   40.72150      2.6318900E-02  3.5044701E-05 -2.2443970E-04 -2.2333117E-04
   41.16500      2.3957700E-02  3.1557101E-05 -2.1597125E-04 -2.1487921E-04
   41.61320      2.1671200E-02  2.8237700E-05 -2.0783766E-04 -2.0676854E-04
   42.06640      1.9400701E-02  2.5007001E-05 -1.9983989E-04 -1.9880387E-04
   42.52440      1.7347099E-02  2.2119100E-05 -1.9200656E-04 -1.9098917E-04
   42.98750      1.5271200E-02  1.9262299E-05 -1.8391584E-04 -1.8297606E-04
   43.45560      1.4258400E-02  1.7791101E-05 -1.7627006E-04 -1.7540701E-04
   43.92880      1.3264700E-02  1.6373000E-05 -1.6939778E-04 -1.6854847E-04
   44.40720      1.2419500E-02  1.5164600E-05 -1.6293557E-04 -1.6211144E-04
   44.89070      1.1593300E-02  1.4003300E-05 -1.5680927E-04 -1.5600682E-04
   45.37960      1.0838100E-02  1.2950100E-05 -1.5092507E-04 -1.5014091E-04
   45.87370      1.0098000E-02  1.1935700E-05 -1.4510220E-04 -1.4435912E-04
   46.37320      9.7798696E-03  1.1435200E-05 -1.3954400E-04 -1.3884944E-04
   46.87820      9.6054496E-03  1.1110300E-05 -1.3449692E-04 -1.3381884E-04
   47.38870      9.3657700E-03  1.0716400E-05 -1.2977535E-04 -1.2910584E-04
   47.90470      9.1033997E-03  1.0304000E-05 -1.2515824E-04 -1.2451752E-04
   48.42640      9.0578301E-03  1.0142000E-05 -1.2076057E-04 -1.2015245E-04
   48.95370      9.0613998E-03  1.0036700E-05 -1.1671777E-04 -1.1612011E-04
   49.48680      8.9468500E-03  9.8030296E-06 -1.1285550E-04 -1.1226514E-04
   50.02560      8.8324603E-03  9.5734504E-06 -1.0899961E-04 -1.0844005E-04
   50.57040      8.9754798E-03  9.6236699E-06 -1.0534757E-04 -1.0481581E-04
   51.12100      9.1055101E-03  9.6579197E-06 -1.0199099E-04 -1.0146788E-04
   51.67770      9.1847200E-03  9.6370004E-06 -9.8780431E-05 -9.8270153E-05
   52.24050      9.2850504E-03  9.6373196E-06 -9.5680945E-05 -9.5187570E-05
   52.80930      9.4139101E-03  9.6658196E-06 -9.2709488E-05 -9.2232571E-05
   53.38440      9.5791304E-03  9.7295197E-06 -8.9875990E-05 -8.9414738E-05
   53.96570      9.7637000E-03  9.8101500E-06 -8.7187931E-05 -8.6740351E-05
   54.55330      9.9502699E-03  9.8899200E-06 -8.4634587E-05 -8.4199302E-05
   55.14740      1.0132000E-02  9.9620402E-06 -8.2203922E-05 -8.1780032E-05
   55.74790      1.0294500E-02  1.0012800E-05 -7.9878810E-05 -7.9465870E-05
   56.35500      1.0444900E-02  1.0049700E-05 -7.7643424E-05 -7.7241733E-05
   56.96860      1.0586900E-02  1.0076600E-05 -7.5498079E-05 -7.5106262E-05
   57.58900      1.0701400E-02  1.0075800E-05 -7.3423507E-05 -7.3041439E-05
   58.21610      1.0812000E-02  1.0070300E-05 -7.1408700E-05 -7.1036979E-05
   58.85000      1.0917100E-02  1.0058600E-05 -6.9453316E-05 -6.9090602E-05
   59.49080      1.1017400E-02  1.0041700E-05 -6.7540590E-05 -6.7187655E-05
   60.13860      1.1145800E-02  1.0049300E-05 -6.5655935E-05 -6.5317916E-05
   60.79350      1.1382500E-02  1.0152200E-05 -6.3876127E-05 -6.3549858E-05
   61.45550      1.1588400E-02  1.0224500E-05 -6.2217492E-05 -6.1896804E-05
   62.12470      1.1771700E-02  1.0274300E-05 -6.0633534E-05 -6.0318471E-05
   62.80120      1.1914100E-02  1.0286600E-05 -5.9088314E-05 -5.8781432E-05
   63.48510      1.2089200E-02  1.0325300E-05 -5.7589532E-05 -5.7292611E-05
   64.17640      1.2268500E-02  1.0365600E-05 -5.6168523E-05 -5.5878492E-05
   64.87520      1.2418800E-02  1.0379600E-05 -5.4813259E-05 -5.4527940E-05
   65.58170      1.2529400E-02  1.0359300E-05 -5.3489777E-05 -5.3210610E-05
   66.29580      1.2645400E-02  1.0342500E-05 -5.2191266E-05 -5.1920670E-05
   67.01770      1.2780200E-02  1.0340100E-05 -5.0948984E-05 -5.0683619E-05
   67.74750      1.2867200E-02  1.0298400E-05 -4.9731694E-05 -4.9473838E-05
   68.48520      1.3019000E-02  1.0307700E-05 -4.8558861E-05 -4.8310034E-05
   69.23100      1.3150300E-02  1.0299500E-05 -4.7478607E-05 -4.7229732E-05
   69.98480      1.3157300E-02  1.0194000E-05 -4.6396137E-05 -4.6151294E-05
   70.74690      1.3230300E-02  1.0140100E-05 -4.5300945E-05 -4.5066477E-05
   71.51730      1.3333500E-02  1.0109100E-05 -4.4260574E-05 -4.4032393E-05
   72.29610      1.3426900E-02  1.0070200E-05 -4.3278364E-05 -4.3053591E-05
   73.08330      1.3474900E-02  9.9973704E-06 -4.2331492E-05 -4.2108179E-05
   73.87920      1.3476300E-02  9.8906903E-06 -4.1364627E-05 -4.1149477E-05
   74.68370      1.3587900E-02  9.8651699E-06 -4.0435010E-05 -4.0227147E-05
   75.49690      1.3645200E-02  9.8000601E-06 -3.9569244E-05 -3.9362702E-05
   76.31900      1.3675400E-02  9.7160000E-06 -3.8713599E-05 -3.8512364E-05
   77.15010      1.3729600E-02  9.6494095E-06 -3.7889451E-05 -3.7692589E-05
   77.99020      1.3741100E-02  9.5534397E-06 -3.7094127E-05 -3.6900958E-05
   78.83940      1.3755000E-02  9.4600900E-06 -3.6327088E-05 -3.6135843E-05
   79.69800      1.3691700E-02  9.3151502E-06 -3.5554436E-05 -3.5367189E-05
   80.56580      1.3692400E-02  9.2152904E-06 -3.4779201E-05 -3.4599710E-05
   81.44310      1.3713300E-02  9.1298998E-06 -3.4056935E-05 -3.3879947E-05
   82.33000      1.3670000E-02  9.0030398E-06 -3.3362452E-05 -3.3185930E-05
   83.22650      1.3595100E-02  8.8572497E-06 -3.2646334E-05 -3.2476666E-05
   84.13280      1.3612200E-02  8.7728704E-06 -3.1968011E-05 -3.1801803E-05
   85.04890      1.3520300E-02  8.6197997E-06 -3.1319967E-05 -3.1152689E-05
   85.97500      1.3415200E-02  8.4606600E-06 -3.0634204E-05 -3.0473784E-05
   86.91120      1.3405100E-02  8.3632303E-06 -2.9965435E-05 -2.9810775E-05
   87.85760      1.3379600E-02  8.2573797E-06 -2.9337105E-05 -2.9185736E-05
   88.81440      1.3367300E-02  8.1609596E-06 -2.8750326E-05 -2.8599721E-05
   89.78150      1.3254900E-02  8.0051695E-06 -2.8172610E-05 -2.8022298E-05
   90.75910      1.3146200E-02  7.8539897E-06 -2.7565535E-05 -2.7421214E-05
   91.74740      1.3106400E-02  7.7458499E-06 -2.6974902E-05 -2.6835736E-05
   92.74650      1.3058800E-02  7.6345996E-06 -2.6430998E-05 -2.6291065E-05
   93.75640      1.2917400E-02  7.4705599E-06 -2.5871508E-05 -2.5734720E-05
   94.77740      1.2877000E-02  7.3669598E-06 -2.5302694E-05 -2.5173689E-05
   95.80940      1.2877800E-02  7.2880798E-06 -2.4795641E-05 -2.4669014E-05
   96.85270      1.2798100E-02  7.1649501E-06 -2.4353236E-05 -2.4218796E-05
   97.90740      1.2469100E-02  6.9055800E-06 -2.3813647E-05 -2.3685421E-05
   98.97350      1.2479500E-02  6.8368499E-06 -2.3249937E-05 -2.3131899E-05
   100.0510      1.2413400E-02  6.7274100E-06 -2.2756723E-05 -2.2638647E-05
   101.1410      1.2383300E-02  6.6387702E-06 -2.2278657E-05 -2.2164022E-05
   102.2420      1.2339200E-02  6.5439099E-06 -2.1836915E-05 -2.1723425E-05
   103.3550      1.2246100E-02  6.4245601E-06 -2.1415435E-05 -2.1302480E-05
   104.4810      1.2102400E-02  6.2807899E-06 -2.0997919E-05 -2.0884430E-05
   105.6190      1.1890000E-02  6.1040901E-06 -2.0545909E-05 -2.0435702E-05
   106.7690      1.1775800E-02  5.9803201E-06 -2.0075182E-05 -1.9971219E-05
   107.9310      1.1710600E-02  5.8831802E-06 -1.9638415E-05 -1.9536512E-05
   109.1070      1.1614400E-02  5.7719899E-06 -1.9223518E-05 -1.9122714E-05
   110.2950      1.1517300E-02  5.6620402E-06 -1.8815339E-05 -1.8717117E-05
   111.4960      1.1425000E-02  5.5562000E-06 -1.8424022E-05 -1.8327206E-05
   112.7100      1.1290400E-02  5.4315701E-06 -1.8042183E-05 -1.7945398E-05
   113.9370      1.1124500E-02  5.2941300E-06 -1.7638738E-05 -1.7545746E-05
   115.1780      1.1053500E-02  5.2036598E-06 -1.7241155E-05 -1.7152093E-05
   116.4320      1.0965900E-02  5.1068300E-06 -1.6875096E-05 -1.6785967E-05
   117.7000      1.0837200E-02  4.9925002E-06 -1.6504868E-05 -1.6418384E-05
   118.9820      1.0773400E-02  4.9096798E-06 -1.6143222E-05 -1.6060339E-05
   120.2770      1.0695800E-02  4.8217798E-06 -1.5820668E-05 -1.5736003E-05
   121.5870      1.0492000E-02  4.6789601E-06 -1.5480116E-05 -1.5396863E-05
   122.9110      1.0390100E-02  4.5836000E-06 -1.5120990E-05 -1.5043083E-05
   124.2490      1.0315800E-02  4.5018000E-06 -1.4797340E-05 -1.4719386E-05
   125.6020      1.0157100E-02  4.3847899E-06 -1.4475198E-05 -1.4398333E-05
   126.9700      1.0053900E-02  4.2934998E-06 -1.4147748E-05 -1.4074245E-05
   128.3530      9.9513298E-03  4.2039201E-06 -1.3843613E-05 -1.3770045E-05
   129.7500      9.7828303E-03  4.0882201E-06 -1.3533498E-05 -1.3461862E-05
   131.1630      9.6829999E-03  4.0029199E-06 -1.3224237E-05 -1.3155400E-05
   132.5920      9.5528001E-03  3.9065499E-06 -1.2936326E-05 -1.2866721E-05
   134.0350      9.3594603E-03  3.7862601E-06 -1.2632729E-05 -1.2565011E-05
   135.4950      9.2443498E-03  3.6994099E-06 -1.2319304E-05 -1.2255196E-05
   136.9700      9.1524003E-03  3.6231600E-06 -1.2023707E-05 -1.1961306E-05
   138.4620      9.0626497E-03  3.5489800E-06 -1.1744167E-05 -1.1682730E-05
   139.9700      8.9501999E-03  3.4671900E-06 -1.1473764E-05 -1.1413293E-05
   141.4940      8.8285804E-03  3.3832400E-06 -1.1208547E-05 -1.1148773E-05
   143.0350      8.6759301E-03  3.2889200E-06 -1.0938851E-05 -1.0880390E-05
   144.5920      8.5528102E-03  3.2073301E-06 -1.0661408E-05 -1.0606431E-05
   146.1670      8.4909396E-03  3.1498200E-06 -1.0408718E-05 -1.0353911E-05
   147.7580      8.3185202E-03  3.0526201E-06 -1.0160141E-05 -1.0105688E-05
   149.3670      8.2010198E-03  2.9770799E-06 -9.9042109E-06 -9.8515347E-06
   150.9940      8.0441097E-03  2.8886700E-06 -9.6497897E-06 -9.5977421E-06
   152.6380      7.9143504E-03  2.8114600E-06 -9.3815897E-06 -9.3329973E-06
   154.3000      7.8783203E-03  2.7685101E-06 -9.1278280E-06 -9.0823296E-06
   155.9800      7.8403801E-03  2.7255001E-06 -8.9153236E-06 -8.8682300E-06
   157.6790      7.6525002E-03  2.6315299E-06 -8.7050339E-06 -8.6560221E-06
   159.3960      7.4441899E-03  2.5323300E-06 -8.4536487E-06 -8.4085841E-06
   161.1320      7.3868898E-03  2.4857600E-06 -8.2017395E-06 -8.1608114E-06
   162.8860      7.3385201E-03  2.4428900E-06 -7.9901183E-06 -7.9478814E-06
   164.6600      7.1609202E-03  2.3580899E-06 -7.7807645E-06 -7.7368195E-06
   166.4530      6.9697299E-03  2.2704101E-06 -7.5299986E-06 -7.4910486E-06
   168.2660      6.9920202E-03  2.2531301E-06 -7.2986513E-06 -7.2614175E-06
   170.0980      6.8688099E-03  2.1895801E-06 -7.0841288E-06 -7.0480037E-06
   171.9500      6.8880199E-03  2.1720600E-06 -6.8893364E-06 -6.8528825E-06
   173.8230      6.6722599E-03  2.0813500E-06 -6.6964053E-06 -6.6585903E-06
   175.7150      6.5570902E-03  2.0233999E-06 -6.4661563E-06 -6.4339692E-06
   177.6290      6.5694801E-03  2.0053801E-06 -6.2712006E-06 -6.2392419E-06
   179.5630      6.4038602E-03  1.9337699E-06 -6.0982111E-06 -6.0627367E-06
   181.5180      6.1551798E-03  1.8386500E-06 -5.8777291E-06 -5.8460146E-06
   183.4950      6.1245300E-03  1.8097900E-06 -5.6568442E-06 -5.6273398E-06
   185.4930      5.9803501E-03  1.7481500E-06 -5.4419697E-06 -5.4145403E-06
   187.5130      6.0252501E-03  1.7423000E-06 -5.2470809E-06 -5.2201958E-06
   189.5550      5.8466499E-03  1.6724400E-06 -5.0678609E-06 -5.0384351E-06
   191.6190      5.6850002E-03  1.6086900E-06 -4.8482952E-06 -4.8231805E-06
   193.7060      5.6843199E-03  1.5911700E-06 -4.6437967E-06 -4.6194255E-06
   195.8150      5.5332598E-03  1.5322000E-06 -4.4430594E-06 -4.4189101E-06
   197.9470      5.5012298E-03  1.5069199E-06 -4.2310853E-06 -4.2099909E-06
   200.1030      5.4695602E-03  1.4821100E-06 -4.0424161E-06 -4.0200712E-06
   202.2820      5.3143599E-03  1.4245400E-06 -3.8369813E-06 -3.8167955E-06
   204.4840      5.3375498E-03  1.4153400E-06 -3.6365827E-06 -3.6175652E-06
   206.7110      5.1854602E-03  1.3602000E-06 -3.4424345E-06 -3.4229452E-06
   208.9620      5.1018298E-03  1.3238500E-06 -3.2338144E-06 -3.2150961E-06
   211.2370      4.9314802E-03  1.2658600E-06 -3.0066294E-06 -2.9899240E-06
   213.5380      4.9278401E-03  1.2513000E-06 -2.7714927E-06 -2.7573396E-06
   215.8630      4.8771799E-03  1.2251000E-06 -2.5487745E-06 -2.5343368E-06
   218.2130      4.8032501E-03  1.1935300E-06 -2.3136488E-06 -2.3007003E-06
   220.5900      4.7653499E-03  1.1713601E-06 -2.0775387E-06 -2.0636671E-06
   222.9920      4.5709498E-03  1.1114701E-06 -1.8046469E-06 -1.7937842E-06
   225.4200      4.6607601E-03  1.1211000E-06 -1.5259013E-06 -1.5159939E-06
   227.8750      4.4757202E-03  1.0649900E-06 -1.2376870E-06 -1.2253288E-06
   230.3560      4.3649799E-03  1.0274500E-06 -8.7836247E-07 -8.7070572E-07
   232.8640      4.4689099E-03  1.0405799E-06 -5.0505076E-07 -4.9710292E-07
   235.4000      4.3482902E-03  1.0015900E-06 -9.8220454E-08 -8.3706020E-08
   237.9640      4.0841200E-03  9.3060999E-07  4.5213670E-07  4.6947491E-07
   240.5550      4.1114101E-03  9.2673599E-07  1.1830070E-06  1.2108496E-06
   243.1740      4.2420300E-03  9.4587898E-07  2.2666338E-06  2.3165853E-06
   245.8220      6.0349898E-03  1.3311700E-06  4.4655776E-06  4.3422010E-06
   248.4990      2.3025200E-02  5.0240901E-06  5.6121326E-06  5.3398694E-06
   251.2050      3.8074099E-02  8.2182696E-06  3.5736186E-06  3.4905240E-06
   253.9400      3.9055999E-02  8.3394098E-06  9.9660861E-07  1.0745234E-06
   256.7060      3.6770798E-02  7.7668801E-06 -3.1167355E-07 -2.4623100E-07
   259.5010      3.4842499E-02  7.2803000E-06 -9.2420726E-07 -8.8927214E-07
   262.3270      3.3808898E-02  6.9882399E-06 -1.2728308E-06 -1.2589853E-06
   265.1830      3.3544499E-02  6.8589002E-06 -1.5944020E-06 -1.5927411E-06
   268.0710      3.3410098E-02  6.7578198E-06 -2.0910029E-06 -2.0616542E-06
   270.9900      3.0797699E-02  6.1623100E-06 -2.3564221E-06 -2.3233165E-06
   273.9410      3.0190600E-02  5.9757799E-06 -2.3628768E-06 -2.3521745E-06
   276.9240      2.9582901E-02  5.7924199E-06 -2.4546439E-06 -2.4388828E-06
   279.9400      2.8945200E-02  5.6065001E-06 -2.5131681E-06 -2.4969136E-06
   282.9880      2.8524701E-02  5.4655202E-06 -2.5310349E-06 -2.5195156E-06
   286.0690      2.8483501E-02  5.3988401E-06 -2.5767199E-06 -2.5662509E-06
   289.1850      2.8278399E-02  5.3022300E-06 -2.6687383E-06 -2.6528451E-06
   292.3340      2.7799200E-02  5.1562401E-06 -2.7314106E-06 -2.7147471E-06
   295.5170      2.7503001E-02  5.0463400E-06 -2.7663655E-06 -2.7508606E-06
   298.7350      2.7159100E-02  4.9295600E-06 -2.7933258E-06 -2.7783381E-06
   301.9880      2.6964201E-02  4.8414699E-06 -2.8184700E-06 -2.8038769E-06
   305.2760      2.6685800E-02  4.7398698E-06 -2.8534059E-06 -2.8360391E-06
   308.6010      2.6279001E-02  4.6173300E-06 -2.8549484E-06 -2.8392587E-06
   311.9610      2.6186099E-02  4.5514498E-06 -2.8546858E-06 -2.8385864E-06
   315.3580      2.5839999E-02  4.4429198E-06 -2.8462866E-06 -2.8281547E-06
   318.7920      2.5740501E-02  4.3781301E-06 -2.7880596E-06 -2.7746851E-06
   322.2630      2.6144100E-02  4.3988898E-06 -2.7229755E-06 -2.7226613E-06
   325.7730      2.7440300E-02  4.5672400E-06 -2.8485026E-06 -2.8395486E-06
   329.3200      2.6899600E-02  4.4290100E-06 -3.0474746E-06 -3.0242136E-06
   332.9060      2.6392199E-02  4.2986499E-06 -3.1370425E-06 -3.1155103E-06
   336.5310      2.5691800E-02  4.1395001E-06 -3.1742832E-06 -3.1552117E-06
   340.1960      2.5368100E-02  4.0433201E-06 -3.1883660E-06 -3.1728728E-06
   343.9000      2.5010500E-02  3.9433799E-06 -3.2379480E-06 -3.2171449E-06
   347.6450      2.4176300E-02  3.7708000E-06 -3.2338364E-06 -3.2157836E-06
   351.4310      2.4090201E-02  3.7168900E-06 -3.2203209E-06 -3.2055327E-06
   355.2580      2.3615301E-02  3.6043700E-06 -3.2515522E-06 -3.2306434E-06
   359.1260      2.2928100E-02  3.4617899E-06 -3.2242290E-06 -3.2070834E-06
   363.0370      2.2845700E-02  3.4121799E-06 -3.2014350E-06 -3.1856657E-06
   366.9900      2.2382099E-02  3.3069300E-06 -3.1969550E-06 -3.1800762E-06
   370.9860      2.2199800E-02  3.2446601E-06 -3.1906086E-06 -3.1739232E-06
   375.0260      2.1735899E-02  3.1426500E-06 -3.1895586E-06 -3.1717914E-06
   379.1100      2.1412600E-02  3.0625499E-06 -3.1739933E-06 -3.1580705E-06
   383.2380      2.1099599E-02  2.9852699E-06 -3.1799966E-06 -3.1604670E-06
   387.4110      2.0377500E-02  2.8520601E-06 -3.1447437E-06 -3.1284253E-06
   391.6300      2.0404899E-02  2.8251300E-06 -3.1204615E-06 -3.1040629E-06
   395.8940      1.9733900E-02  2.7027900E-06 -3.0989781E-06 -3.0823487E-06
   400.2050      1.9742601E-02  2.6748601E-06 -3.0712631E-06 -3.0565948E-06
   404.5630      1.9276001E-02  2.5835100E-06 -3.0737588E-06 -3.0551009E-06
   408.9690      1.8799201E-02  2.4924600E-06 -3.0387896E-06 -3.0225658E-06
   413.4220      1.8596800E-02  2.4390599E-06 -3.0076085E-06 -2.9916237E-06
   417.9240      1.8208800E-02  2.3624600E-06 -2.9748660E-06 -2.9599717E-06
   422.4750      1.8169399E-02  2.3319501E-06 -2.9518958E-06 -2.9380788E-06
   427.0750      1.7883100E-02  2.2704801E-06 -2.9601670E-06 -2.9419753E-06
   431.7260      1.7269000E-02  2.1689000E-06 -2.9269795E-06 -2.9120888E-06
   436.4270      1.7332600E-02  2.1534299E-06 -2.9070436E-06 -2.8925610E-06
   441.1790      1.6761201E-02  2.0600100E-06 -2.9062571E-06 -2.8885161E-06
   445.9840      1.6374899E-02  1.9908600E-06 -2.8712982E-06 -2.8552522E-06
   450.8400      1.6046800E-02  1.9299500E-06 -2.8258564E-06 -2.8126042E-06
   455.7490      1.6111299E-02  1.9168299E-06 -2.8026291E-06 -2.7904844E-06
   460.7120      1.5937099E-02  1.8756800E-06 -2.8201982E-06 -2.8036111E-06
   465.7290      1.5346700E-02  1.7867300E-06 -2.8109425E-06 -2.7946808E-06
   470.8000      1.5169000E-02  1.7470300E-06 -2.7781186E-06 -2.7665417E-06
   475.9270      1.5221400E-02  1.7341800E-06 -2.7919928E-06 -2.7786552E-06
   481.1100      1.4768700E-02  1.6644800E-06 -2.8193783E-06 -2.8054264E-06
   486.3490      1.4540600E-02  1.6211200E-06 -2.8554045E-06 -2.8416848E-06
   491.6450      1.3854500E-02  1.5279800E-06 -2.8970146E-06 -2.8902678E-06
   496.9980      1.3821200E-02  1.5079000E-06 -3.1132192E-06 -3.0763238E-06
   502.4100      8.1338100E-03  8.7783900E-07 -3.0615715E-06 -3.0250499E-06
   507.8810      7.9301801E-03  8.4664299E-07 -2.7316587E-06 -2.7274862E-06
   513.4120      7.7316500E-03  8.1655497E-07 -2.5943639E-06 -2.5844561E-06
   519.0020      7.5380802E-03  7.8753698E-07 -2.4904125E-06 -2.4791941E-06
   524.6540      7.3493598E-03  7.5955001E-07 -2.4035851E-06 -2.3920400E-06
   530.3670      7.1653700E-03  7.3255700E-07 -2.3273735E-06 -2.3158275E-06
   536.1420      6.9859801E-03  7.0652402E-07 -2.2584770E-06 -2.2470615E-06
   541.9800      6.8110898E-03  6.8141497E-07 -2.1949902E-06 -2.1837650E-06
   547.8820      6.6405698E-03  6.5720002E-07 -2.1357175E-06 -2.1247054E-06
   553.8480      6.4743198E-03  6.3384402E-07 -2.0798700E-06 -2.0690818E-06
   559.8790      6.3122301E-03  6.1131902E-07 -2.0268697E-06 -2.0163143E-06
   565.9760      6.1542001E-03  5.8959398E-07 -1.9763061E-06 -1.9659794E-06
   572.1390      6.0001300E-03  5.6864098E-07 -1.9278746E-06 -1.9177744E-06
   578.3690      5.8499202E-03  5.4843298E-07 -1.8813272E-06 -1.8714517E-06
   584.6670      5.7034600E-03  5.2894302E-07 -1.8364693E-06 -1.8268133E-06
   591.0340      5.5606700E-03  5.1014598E-07 -1.7931450E-06 -1.7837036E-06
   597.4700      5.4214601E-03  4.9201600E-07 -1.7512319E-06 -1.7420012E-06
   603.9760      5.2857301E-03  4.7453099E-07 -1.7106223E-06 -1.7015969E-06
   610.5530      5.1533999E-03  4.5766799E-07 -1.6712276E-06 -1.6624015E-06
   617.2010      5.0243898E-03  4.4140299E-07 -1.6329698E-06 -1.6243424E-06
   623.9220      4.8985998E-03  4.2571699E-07 -1.5957797E-06 -1.5873414E-06
   630.7160      4.7759600E-03  4.1058800E-07 -1.5596053E-06 -1.5513532E-06
   637.5840      4.6563898E-03  3.9599601E-07 -1.5243894E-06 -1.5163224E-06
   644.5270      4.5398199E-03  3.8192400E-07 -1.4900918E-06 -1.4822025E-06
   651.5460      4.4261599E-03  3.6835101E-07 -1.4566690E-06 -1.4489539E-06
   658.6400      4.3153502E-03  3.5526099E-07 -1.4240907E-06 -1.4165447E-06
   665.8130      4.2073200E-03  3.4263601E-07 -1.3923144E-06 -1.3849337E-06
   673.0630      4.1019800E-03  3.3045899E-07 -1.3613178E-06 -1.3540990E-06
   680.3920      3.9992901E-03  3.1871500E-07 -1.3310696E-06 -1.3240099E-06
   687.8010      3.8991701E-03  3.0738900E-07 -1.3015410E-06 -1.2946377E-06
   695.2910      3.8015500E-03  2.9646500E-07 -1.2727123E-06 -1.2659607E-06
   702.8620      3.7063800E-03  2.8592899E-07 -1.2445638E-06 -1.2379583E-06
   710.5160      3.6135900E-03  2.7576800E-07 -1.2170664E-06 -1.2106084E-06
   718.2530      3.5231200E-03  2.6596800E-07 -1.1902089E-06 -1.1838908E-06
   726.0740      3.4349200E-03  2.5651599E-07 -1.1639713E-06 -1.1577902E-06
   733.9800      3.3489200E-03  2.4740001E-07 -1.1383312E-06 -1.1322855E-06
   741.9730      3.2650800E-03  2.3860801E-07 -1.1132752E-06 -1.1073613E-06
   750.0520      3.1833400E-03  2.3012799E-07 -1.0887877E-06 -1.0830043E-06
   758.2200      3.1036399E-03  2.2195000E-07 -1.0648517E-06 -1.0591948E-06
   766.4760      3.0259399E-03  2.1406299E-07 -1.0414566E-06 -1.0359246E-06
   774.8230      2.9501901E-03  2.0645500E-07 -1.0185859E-06 -1.0131741E-06
   783.2600      2.8763299E-03  1.9911801E-07 -9.9622764E-07 -9.9093506E-07
   791.7890      2.8043201E-03  1.9204199E-07 -9.7436885E-07 -9.6919030E-07
   800.4110      2.7341100E-03  1.8521800E-07 -9.5299606E-07 -9.4793040E-07
   809.1270      2.6656601E-03  1.7863501E-07 -9.3209781E-07 -9.2714345E-07
   817.9380      2.5989299E-03  1.7228700E-07 -9.1166356E-07 -9.0681789E-07
   826.8450      2.5338600E-03  1.6616400E-07 -8.9168140E-07 -8.8694145E-07
   835.8480      2.4704300E-03  1.6025901E-07 -8.7214352E-07 -8.6750663E-07
   844.9500      2.4085799E-03  1.5456401E-07 -8.5303429E-07 -8.4849950E-07
   854.1510      2.3482800E-03  1.4907100E-07 -8.3434776E-07 -8.2991016E-07
   863.4520      2.2894901E-03  1.4377400E-07 -8.1607260E-07 -8.1173317E-07
   872.8540      2.2321700E-03  1.3866401E-07 -7.9820171E-07 -7.9395608E-07
   882.3590      2.1762899E-03  1.3373599E-07 -7.8072071E-07 -7.7656756E-07
   891.9680      2.1218001E-03  1.2898400E-07 -7.6362363E-07 -7.5956194E-07
   901.6800      2.0686800E-03  1.2440000E-07 -7.4690541E-07 -7.4293274E-07
   911.4990      2.0168901E-03  1.1997901E-07 -7.3055082E-07 -7.2666512E-07
   921.4250      1.9664001E-03  1.1571500E-07 -7.1455617E-07 -7.1075470E-07
   931.4580      1.9171700E-03  1.1160300E-07 -6.9891314E-07 -6.9519496E-07
   941.6010      1.8691700E-03  1.0763700E-07 -6.8361084E-07 -6.7997388E-07
   951.8550      1.8223800E-03  1.0381200E-07 -6.6864396E-07 -6.6508665E-07
   962.2200      1.7767500E-03  1.0012300E-07 -6.5400644E-07 -6.5052694E-07
   972.6980      1.7322700E-03  9.6564399E-08 -6.3968810E-07 -6.3628391E-07
   983.2900      1.6889001E-03  9.3132797E-08 -6.2568273E-07 -6.2235324E-07
   993.9970      1.6466200E-03  8.9822997E-08 -6.1198472E-07 -6.0872810E-07
   1004.820      1.6054000E-03  8.6630997E-08 -5.9858712E-07 -5.9540127E-07
   1015.760      1.5652101E-03  8.3552301E-08 -5.8548221E-07 -5.8236634E-07
   1026.820      1.5260200E-03  8.0583000E-08 -5.7266197E-07 -5.6961392E-07
   1038.010      1.4878199E-03  7.7719299E-08 -5.6011305E-07 -5.5713269E-07
   1049.310      1.4505700E-03  7.4957399E-08 -5.4785255E-07 -5.4493603E-07
   1060.730      1.4142500E-03  7.2293503E-08 -5.3585961E-07 -5.3300812E-07
   1072.290      1.3788500E-03  6.9724400E-08 -5.2411497E-07 -5.2132486E-07
   1083.960      1.3443300E-03  6.7246603E-08 -5.1264180E-07 -5.0991292E-07
   1095.770      1.3106700E-03  6.4856799E-08 -5.0140744E-07 -4.9873876E-07
   1107.700      1.2778600E-03  6.2551898E-08 -4.9042620E-07 -4.8781510E-07
   1119.760      1.2458700E-03  6.0329000E-08 -4.7968450E-07 -4.7713115E-07
   1131.950      1.2146800E-03  5.8185002E-08 -4.6917813E-07 -4.6668086E-07
   1144.280      1.1842700E-03  5.6117301E-08 -4.5889493E-07 -4.5645174E-07
   1156.740      1.1546200E-03  5.4122999E-08 -4.4884010E-07 -4.4645020E-07
   1169.340      1.1257100E-03  5.2199599E-08 -4.3900155E-07 -4.3666407E-07
   1182.070      1.0975300E-03  5.0344500E-08 -4.2938285E-07 -4.2709655E-07
   1194.940      1.0700501E-03  4.8555400E-08 -4.1997282E-07 -4.1773674E-07
   1207.950      1.0432600E-03  4.6829900E-08 -4.1076748E-07 -4.0858063E-07
   1221.110      1.0171400E-03  4.5165599E-08 -4.0175846E-07 -3.9961904E-07
   1234.400      9.9167903E-04  4.3560600E-08 -3.9295423E-07 -3.9086211E-07
   1247.840      9.6685201E-04  4.2012498E-08 -3.8433848E-07 -3.8229169E-07
   1261.430      9.4264699E-04  4.0519499E-08 -3.7590775E-07 -3.7390635E-07
   1275.170      9.1904699E-04  3.9079499E-08 -3.6766136E-07 -3.6570333E-07
   1289.050      8.9603901E-04  3.7690700E-08 -3.5959852E-07 -3.5768414E-07
   1303.090      8.7360601E-04  3.6351299E-08 -3.5170748E-07 -3.4983452E-07
   1317.280      8.5173501E-04  3.5059500E-08 -3.4398974E-07 -3.4215805E-07
   1331.630      8.3041203E-04  3.3813500E-08 -3.3643761E-07 -3.3464605E-07
   1346.130      8.0962200E-04  3.2611901E-08 -3.2905373E-07 -3.2730136E-07
   1360.780      7.8935298E-04  3.1452899E-08 -3.2183419E-07 -3.2012008E-07
   1375.600      7.6959102E-04  3.0335201E-08 -3.1476614E-07 -3.1308937E-07
   1390.580      7.5032399E-04  2.9257100E-08 -3.0785333E-07 -3.0621359E-07
   1405.720      7.3154003E-04  2.8217400E-08 -3.0109260E-07 -2.9948842E-07
   1421.030      7.1322499E-04  2.7214600E-08 -2.9447614E-07 -2.9290734E-07
   1436.510      6.9536897E-04  2.6247500E-08 -2.8800278E-07 -2.8646821E-07
   1452.150      6.7796098E-04  2.5314700E-08 -2.8167406E-07 -2.8017391E-07
   1467.960      6.6098798E-04  2.4415099E-08 -2.7548310E-07 -2.7401555E-07
   1483.950      6.4443902E-04  2.3547400E-08 -2.6942391E-07 -2.6798830E-07
   1500.110      6.2830601E-04  2.2710600E-08 -2.6349804E-07 -2.6209415E-07
   1516.440      6.1257603E-04  2.1903499E-08 -2.5770271E-07 -2.5633011E-07
   1532.950      5.9724000E-04  2.1125100E-08 -2.5203283E-07 -2.5069008E-07
   1549.650      5.8228802E-04  2.0374401E-08 -2.4648264E-07 -2.4516959E-07
   1566.520      5.6771003E-04  1.9650299E-08 -2.4105699E-07 -2.3977276E-07
   1583.580      5.5349700E-04  1.8952001E-08 -2.3574749E-07 -2.3449138E-07
   1600.820      5.3964002E-04  1.8278500E-08 -2.3055460E-07 -2.2932609E-07
   1618.250      5.2613002E-04  1.7628899E-08 -2.2547350E-07 -2.2427237E-07
   1635.880      5.1295798E-04  1.7002399E-08 -2.2050023E-07 -2.1932546E-07
   1653.690      5.0011597E-04  1.6398200E-08 -2.1563783E-07 -2.1448894E-07
   1671.700      4.8759600E-04  1.5815401E-08 -2.1087938E-07 -2.0975565E-07
   1689.900      4.7538799E-04  1.5253400E-08 -2.0622538E-07 -2.0512660E-07
   1708.300      4.6348700E-04  1.4711300E-08 -2.0167163E-07 -2.0059721E-07
   1726.910      4.5188301E-04  1.4188500E-08 -1.9721428E-07 -1.9616341E-07
   1745.710      4.4057000E-04  1.3684300E-08 -1.9285621E-07 -1.9182826E-07
   1764.720      4.2954099E-04  1.3198000E-08 -1.8859109E-07 -1.8758620E-07
   1783.940      4.1878701E-04  1.2729000E-08 -1.8441740E-07 -1.8343471E-07
   1803.360      4.0830200E-04  1.2276600E-08 -1.8033556E-07 -1.7937488E-07
   1823.000      3.9808001E-04  1.1840300E-08 -1.7634042E-07 -1.7540069E-07
   1842.850      3.8811399E-04  1.1419500E-08 -1.7243154E-07 -1.7151295E-07
   1862.920      3.7839799E-04  1.1013700E-08 -1.6860658E-07 -1.6770802E-07
   1883.200      3.6892400E-04  1.0622300E-08 -1.6486514E-07 -1.6398658E-07
   1903.710      3.5968801E-04  1.0244800E-08 -1.6120259E-07 -1.6034350E-07
   1924.440      3.5068300E-04  9.8807504E-09 -1.5761901E-07 -1.5677898E-07
   1945.400      3.4190400E-04  9.5296100E-09 -1.5411175E-07 -1.5329053E-07
   1966.580      3.3334401E-04  9.1909502E-09 -1.5068082E-07 -1.4987778E-07
   1987.990      3.2499901E-04  8.8643297E-09 -1.4732326E-07 -1.4653807E-07
   2009.640      3.1686199E-04  8.5493097E-09 -1.4403618E-07 -1.4326862E-07
   2031.530      3.0893000E-04  8.2454896E-09 -1.4081857E-07 -1.4006822E-07
   2053.650      3.0119601E-04  7.9524600E-09 -1.3767075E-07 -1.3693692E-07
   2076.010      2.9365500E-04  7.6698496E-09 -1.3458951E-07 -1.3387228E-07
   2098.620      2.8630299E-04  7.3972899E-09 -1.3157295E-07 -1.3087167E-07
   2121.470      2.7913600E-04  7.1344002E-09 -1.2862078E-07 -1.2793511E-07
   2144.570      2.7214701E-04  6.8808599E-09 -1.2573065E-07 -1.2506038E-07
   2167.920      2.6533401E-04  6.6363302E-09 -1.2290114E-07 -1.2224615E-07
   2191.530      2.5869100E-04  6.4004899E-09 -1.2013037E-07 -1.1949011E-07
   2215.400      2.5221499E-04  6.1730301E-09 -1.1741731E-07 -1.1679139E-07
   2239.520      2.4590100E-04  5.9536598E-09 -1.1476157E-07 -1.1414973E-07
   2263.910      2.3974400E-04  5.7420801E-09 -1.1215985E-07 -1.1156200E-07
   2288.560      2.3374200E-04  5.5380198E-09 -1.0961239E-07 -1.0902815E-07
   2313.480      2.2789100E-04  5.3412101E-09 -1.0711701E-07 -1.0654583E-07
   2338.670      2.2218500E-04  5.1514002E-09 -1.0467233E-07 -1.0411442E-07
   2364.140      2.1662300E-04  4.9683302E-09 -1.0227662E-07 -1.0173141E-07
   2389.880      2.1119900E-04  4.7917701E-09 -9.9929480E-08 -9.9396814E-08
   2415.910      2.0591200E-04  4.6214801E-09 -9.7628323E-08 -9.7107836E-08
   2442.210      2.0075700E-04  4.4572399E-09 -9.5373501E-08 -9.4865051E-08
   2468.810      1.9573100E-04  4.2988400E-09 -9.3161447E-08 -9.2664550E-08
   2495.690      1.9083099E-04  4.1460702E-09 -9.0992629E-08 -9.0507271E-08
   2522.870      1.8605300E-04  3.9987298E-09 -8.8864141E-08 -8.8390159E-08
   2550.340      1.8139499E-04  3.8566199E-09 -8.6775579E-08 -8.6312603E-08
   2578.110      1.7685400E-04  3.7195700E-09 -8.4724888E-08 -8.4272870E-08
   2606.180      1.7242599E-04  3.5873799E-09 -8.2710713E-08 -8.2269260E-08
   2634.560      1.6811000E-04  3.4598999E-09 -8.0730715E-08 -8.0299820E-08
   2663.250      1.6390100E-04  3.3369401E-09 -7.8783394E-08 -7.8362696E-08
   2692.250      1.5979800E-04  3.2183500E-09 -7.6866904E-08 -7.6456253E-08
   2721.570      1.5579700E-04  3.1039800E-09 -7.4978594E-08 -7.4577940E-08
   2751.210      1.5189699E-04  2.9936700E-09 -7.3116283E-08 -7.2725221E-08
   2781.170      1.4809400E-04  2.8872900E-09 -7.1277327E-08 -7.0895808E-08
   2811.450      1.4438599E-04  2.7846800E-09 -6.9458551E-08 -6.9086298E-08
   2842.060      1.4077200E-04  2.6857201E-09 -6.7655442E-08 -6.7292447E-08
   2873.010      1.3724700E-04  2.5902700E-09 -6.5863063E-08 -6.5508956E-08
   2904.300      1.3381100E-04  2.4982201E-09 -6.4075238E-08 -6.3729850E-08
   2935.920      1.3046101E-04  2.4094400E-09 -6.2284691E-08 -6.1947752E-08
   2967.890      1.2719500E-04  2.3238100E-09 -6.0479586E-08 -6.0150434E-08
   3000.210      1.2401100E-04  2.2412301E-09 -5.8644737E-08 -5.8322737E-08
   3032.880      1.2090600E-04  2.1615800E-09 -5.6756992E-08 -5.6440808E-08
   3065.910      1.1787900E-04  2.0847599E-09 -5.4778457E-08 -5.4465225E-08
   3099.290      1.1492800E-04  2.0106801E-09 -5.2644133E-08 -5.2327060E-08
   3133.040      1.1205100E-04  1.9392199E-09 -5.0219686E-08 -4.9877908E-08
   3167.160      1.0924600E-04  1.8703099E-09 -4.7166303E-08 -4.6706194E-08
   3201.650      1.0651100E-04  1.8038400E-09 -4.0012164E-08 -4.0298467E-08
   3236.510      8.8925997E-04  1.4898100E-08 -3.9453969E-08 -3.9689219E-08
   3271.750      8.6316501E-04  1.4305100E-08 -4.5175554E-08 -4.4687830E-08
   3307.380      8.3783601E-04  1.3735800E-08 -4.6444235E-08 -4.6100805E-08
   3343.400      8.1325002E-04  1.3189100E-08 -4.6937707E-08 -4.6636089E-08
   3379.800      7.8938500E-04  1.2664200E-08 -4.7038746E-08 -4.6755588E-08
   3416.610      7.6622103E-04  1.2160100E-08 -4.6904088E-08 -4.6631524E-08
   3453.810      7.4373698E-04  1.1676200E-08 -4.6613906E-08 -4.6348859E-08
   3491.420      7.2191202E-04  1.1211400E-08 -4.6214986E-08 -4.5955847E-08
   3529.440      7.0072798E-04  1.0765200E-08 -4.5737227E-08 -4.5483198E-08
   3567.870      6.8016502E-04  1.0336800E-08 -4.5201006E-08 -4.4951808E-08
   3606.730      6.6020602E-04  9.9253503E-09 -4.4620698E-08 -4.4375909E-08
   3646.000      6.4083299E-04  9.5303099E-09 -4.4007205E-08 -4.3766807E-08
   3685.700      6.2202802E-04  9.1510097E-09 -4.3368424E-08 -4.3132292E-08
   3725.840      6.0377503E-04  8.7867900E-09 -4.2710653E-08 -4.2478643E-08
   3766.410      5.8605702E-04  8.4370697E-09 -4.2039122E-08 -4.1811308E-08
   3807.420      5.6885998E-04  8.1012699E-09 -4.1357751E-08 -4.1134030E-08
   3848.880      5.5216701E-04  7.7788398E-09 -4.0669711E-08 -4.0450015E-08
   3890.790      5.3596398E-04  7.4692403E-09 -3.9977774E-08 -3.9762106E-08
   3933.160      5.2023598E-04  7.1719599E-09 -3.9284089E-08 -3.9072415E-08
   3975.990      5.0497003E-04  6.8865100E-09 -3.8590617E-08 -3.8382939E-08
   4019.290      4.9015199E-04  6.6124302E-09 -3.7898953E-08 -3.7695091E-08
   4063.050      4.7576899E-04  6.3492500E-09 -3.7210423E-08 -3.7010423E-08
   4107.300      4.6180800E-04  6.0965499E-09 -3.6525833E-08 -3.6329684E-08
   4152.020      4.4825600E-04  5.8539000E-09 -3.5846575E-08 -3.5654224E-08
   4197.240      4.3510200E-04  5.6209202E-09 -3.5173052E-08 -3.4984350E-08
   4242.940      4.2233401E-04  5.3972000E-09 -3.4506314E-08 -3.4321250E-08
   4289.140      4.0994101E-04  5.1823901E-09 -3.3846586E-08 -3.3665145E-08
   4335.850      3.9791199E-04  4.9761302E-09 -3.3194468E-08 -3.3016608E-08
   4383.060      3.8623501E-04  4.7780802E-09 -3.2550471E-08 -3.2376100E-08
   4430.790      3.7490099E-04  4.5879101E-09 -3.1914787E-08 -3.1743848E-08
   4479.040      3.6390001E-04  4.4053099E-09 -3.1287708E-08 -3.1120237E-08
   4527.810      3.5322201E-04  4.2299799E-09 -3.0669650E-08 -3.0505522E-08
   4577.120      3.4285599E-04  4.0616199E-09 -3.0060473E-08 -2.9899660E-08
   4626.960      3.3279500E-04  3.8999701E-09 -2.9460603E-08 -2.9303029E-08
   4677.340      3.2302999E-04  3.7447401E-09 -2.8870076E-08 -2.8715681E-08
   4728.280      3.1355099E-04  3.5957000E-09 -2.8288841E-08 -2.8137581E-08
   4779.770      3.0434900E-04  3.4525900E-09 -2.7717125E-08 -2.7568921E-08
   4831.810      2.9541799E-04  3.3151799E-09 -2.7154970E-08 -2.7009824E-08
   4884.430      2.8674901E-04  3.1832299E-09 -2.6602173E-08 -2.6459997E-08
   4937.620      2.7833501E-04  3.0565399E-09 -2.6058929E-08 -2.5919666E-08
   4991.380      2.7016699E-04  2.9348901E-09 -2.5525205E-08 -2.5388823E-08
   5045.740      2.6224001E-04  2.8180800E-09 -2.5000771E-08 -2.4867219E-08
   5100.680      2.5454399E-04  2.7059199E-09 -2.4485873E-08 -2.4355074E-08
   5156.220      2.4707499E-04  2.5982201E-09 -2.3980252E-08 -2.3852175E-08
   5212.370      2.3982400E-04  2.4948099E-09 -2.3483825E-08 -2.3358380E-08
   5269.130      2.3278700E-04  2.3955100E-09 -2.2996586E-08 -2.2873746E-08
   5326.510      2.2595600E-04  2.3001701E-09 -2.2518371E-08 -2.2398144E-08
   5384.510      2.1932500E-04  2.2086200E-09 -2.2049244E-08 -2.1931534E-08
   5443.140      2.1288900E-04  2.1207200E-09 -2.1588995E-08 -2.1473745E-08
   5502.420      2.0664200E-04  2.0363100E-09 -2.1137469E-08 -2.1024622E-08
   5562.330      2.0057800E-04  1.9552699E-09 -2.0694689E-08 -2.0584226E-08
   5622.900      1.9469300E-04  1.8774500E-09 -2.0260444E-08 -2.0152314E-08
   5684.130      1.8897900E-04  1.8027200E-09 -1.9834671E-08 -1.9728789E-08
   5746.030      1.8343399E-04  1.7309800E-09 -1.9417159E-08 -1.9313550E-08
   5808.600      1.7805101E-04  1.6620800E-09 -1.9007917E-08 -1.8906483E-08
   5871.850      1.7282600E-04  1.5959301E-09 -1.8606798E-08 -1.8507503E-08
   5935.790      1.6775500E-04  1.5324100E-09 -1.8213605E-08 -1.8116449E-08
   6000.430      1.6283200E-04  1.4714200E-09 -1.7828288E-08 -1.7733157E-08
   6065.770      1.5805400E-04  1.4128601E-09 -1.7450652E-08 -1.7357541E-08
   6131.820      1.5341600E-04  1.3566300E-09 -1.7080678E-08 -1.6989551E-08
   6198.590      1.4891400E-04  1.3026300E-09 -1.6718156E-08 -1.6628981E-08
   6266.090      1.4454400E-04  1.2507900E-09 -1.6362975E-08 -1.6275683E-08
   6334.320      1.4030300E-04  1.2010000E-09 -1.6015035E-08 -1.5929581E-08
   6403.300      1.3618500E-04  1.1532000E-09 -1.5674162E-08 -1.5590562E-08
   6473.020      1.3218900E-04  1.1073100E-09 -1.5340321E-08 -1.5258482E-08
   6543.510      1.2831000E-04  1.0632299E-09 -1.5013281E-08 -1.4933189E-08
   6614.770      1.2454500E-04  1.0209200E-09 -1.4692959E-08 -1.4614566E-08
   6686.800      1.2089000E-04  9.8028397E-10 -1.4379263E-08 -1.4302567E-08
   6759.610      1.1734300E-04  9.4126895E-10 -1.4072083E-08 -1.3997011E-08
   6833.220      1.1389900E-04  9.0380597E-10 -1.3771236E-08 -1.3697782E-08
   6907.630      1.1055700E-04  8.6783403E-10 -1.3476655E-08 -1.3404769E-08
   6982.850      1.0731300E-04  8.3329399E-10 -1.3188198E-08 -1.3117858E-08
   7058.880      1.0416400E-04  8.0012802E-10 -1.2905794E-08 -1.2836963E-08
   7135.750      1.0110700E-04  7.6828299E-10 -1.2629241E-08 -1.2561884E-08
   7213.450      9.8140197E-05  7.3770501E-10 -1.2358503E-08 -1.2292601E-08
   7292.000      9.5260300E-05  7.0834399E-10 -1.2093453E-08 -1.2028948E-08
   7371.410      9.2464899E-05  6.8015199E-10 -1.1833936E-08 -1.1770818E-08
   7451.680      8.9751600E-05  6.5308098E-10 -1.1579896E-08 -1.1518134E-08
   7532.820      8.7117900E-05  6.2708799E-10 -1.1331214E-08 -1.1270788E-08
   7614.850      8.4561398E-05  6.0213001E-10 -1.1087780E-08 -1.1028649E-08
   7697.770      8.2079998E-05  5.7816502E-10 -1.0849484E-08 -1.0791627E-08
   7781.590      7.9671401E-05  5.5515398E-10 -1.0616256E-08 -1.0559637E-08
   7866.330      7.7333498E-05  5.3305799E-10 -1.0387917E-08 -1.0332522E-08
   7951.990      7.5064199E-05  5.1184301E-10 -1.0164438E-08 -1.0110231E-08
   8038.580      7.2861498E-05  4.9147098E-10 -9.9457260E-09 -9.8926778E-09
   8126.110      7.0723399E-05  4.7191001E-10 -9.7316439E-09 -9.6797459E-09
   8214.600      6.8648100E-05  4.5312801E-10 -9.5221147E-09 -9.4713393E-09
   8304.050      6.6633598E-05  4.3509399E-10 -9.3170502E-09 -9.2673700E-09
   8394.470      6.4678301E-05  4.1777701E-10 -9.1163646E-09 -9.0677688E-09
   8485.880      6.2780302E-05  4.0114900E-10 -8.9199519E-09 -8.8723802E-09
   8578.290      6.0938099E-05  3.8518300E-10 -8.7277199E-09 -8.6811740E-09
   8671.700      5.9149901E-05  3.6985301E-10 -8.5395868E-09 -8.4940464E-09
   8766.130      5.7414200E-05  3.5513201E-10 -8.3555021E-09 -8.3109475E-09
   8861.590      5.5729401E-05  3.4099801E-10 -8.1753289E-09 -8.1317300E-09
   8958.080      5.4093998E-05  3.2742600E-10 -7.9990414E-09 -7.9563947E-09
   9055.630      5.2506701E-05  3.1439401E-10 -7.8265101E-09 -7.7847764E-09
   9154.240      5.0965900E-05  3.0188099E-10 -7.6576869E-09 -7.6168458E-09
   9253.920      4.9470302E-05  2.8986599E-10 -7.4924831E-09 -7.4525355E-09
   9354.690      4.8018599E-05  2.7833000E-10 -7.3308231E-09 -7.2917223E-09
   9456.560      4.6609501E-05  2.6725200E-10 -7.1726247E-09 -7.1343740E-09
   9559.530      4.5241799E-05  2.5661501E-10 -7.0178316E-09 -6.9804122E-09
   9663.630      4.3914199E-05  2.4640201E-10 -6.8663715E-09 -6.8297443E-09
   9768.860      4.2625499E-05  2.3659499E-10 -6.7181611E-09 -6.6823285E-09
   9875.240      4.1374700E-05  2.2717800E-10 -6.5731265E-09 -6.5380727E-09
   9982.770      4.0160601E-05  2.1813600E-10 -6.4312280E-09 -6.3969368E-09
   10091.50      3.8982100E-05  2.0945500E-10 -6.2923480E-09 -6.2587922E-09
   10201.40      3.7838199E-05  2.0111800E-10 -6.1564767E-09 -6.1236447E-09
   10312.50      3.6727899E-05  1.9311400E-10 -6.0235341E-09 -5.9914074E-09
   10424.70      3.5650100E-05  1.8542801E-10 -5.8935798E-09 -5.8621485E-09
   10538.30      3.4604000E-05  1.7804801E-10 -5.7662204E-09 -5.7354672E-09
   10653.00      3.3588502E-05  1.7096100E-10 -5.6417604E-09 -5.6116725E-09
   10769.00      3.2602900E-05  1.6415699E-10 -5.5199254E-09 -5.4904836E-09
   10886.30      3.1646199E-05  1.5762300E-10 -5.4006843E-09 -5.3718860E-09
   11004.80      3.0717500E-05  1.5135000E-10 -5.2840790E-09 -5.2559077E-09
   11124.70      2.9816099E-05  1.4532600E-10 -5.1699103E-09 -5.1423390E-09
   11245.80      2.8941200E-05  1.3954200E-10 -5.0582880E-09 -5.0313145E-09
   11368.30      2.8091899E-05  1.3398800E-10 -4.9490105E-09 -4.9226156E-09
   11492.10      2.7267601E-05  1.2865500E-10 -4.8421209E-09 -4.8162927E-09
   11617.20      2.6467400E-05  1.2353500E-10 -4.7375686E-09 -4.7123101E-09
   11743.70      2.5690801E-05  1.1861800E-10 -4.6352526E-09 -4.6105448E-09
   11871.60      2.4936900E-05  1.1389700E-10 -4.5351376E-09 -4.5109507E-09
   12000.90      2.4205099E-05  1.0936400E-10 -4.4371684E-09 -4.4135060E-09
   12131.50      2.3494800E-05  1.0501100E-10 -4.3414050E-09 -4.3182586E-09
   12263.60      2.2805400E-05  1.0083200E-10 -4.2476507E-09 -4.2249919E-09
   12397.20      2.2136201E-05  9.6818602E-11 -4.1558743E-09 -4.1337143E-09
   12532.20      2.1486600E-05  9.2965198E-11 -4.0661261E-09 -4.0444412E-09
   12668.60      2.0856100E-05  8.9265102E-11 -3.9783612E-09 -3.9571453E-09
   12806.60      2.0244101E-05  8.5712298E-11 -3.8924224E-09 -3.8716608E-09
   12946.10      1.9650000E-05  8.2300999E-11 -3.8083430E-09 -3.7880326E-09
   13087.00      1.9073401E-05  7.9025300E-11 -3.7261527E-09 -3.7062822E-09
   13229.50      1.8513700E-05  7.5880101E-11 -3.6457031E-09 -3.6262611E-09
   13373.60      1.7970400E-05  7.2860003E-11 -3.5669667E-09 -3.5479408E-09
   13519.20      1.7443101E-05  6.9960197E-11 -3.4899716E-09 -3.4713525E-09
   13666.40      1.6931201E-05  6.7175703E-11 -3.4146246E-09 -3.3964185E-09
   13815.30      1.6434400E-05  6.4502098E-11 -3.3408682E-09 -3.3230514E-09
   13965.70      1.5952101E-05  6.1934902E-11 -3.2687659E-09 -3.2513323E-09
   14117.80      1.5484000E-05  5.9469901E-11 -3.1981917E-09 -3.1811360E-09
   14271.50      1.5029700E-05  5.7102899E-11 -3.1291689E-09 -3.1124798E-09
   14426.90      1.4588600E-05  5.4830199E-11 -3.0616321E-09 -3.0453002E-09
   14584.00      1.4160500E-05  5.2648001E-11 -2.9955496E-09 -2.9795713E-09
   14742.80      1.3745000E-05  5.0552600E-11 -2.9308971E-09 -2.9152640E-09
   14903.40      1.3341600E-05  4.8540501E-11 -2.8676186E-09 -2.8523248E-09
   15065.60      1.2950100E-05  4.6608599E-11 -2.8057674E-09 -2.7908031E-09
   15229.70      1.2570100E-05  4.4753600E-11 -2.7452025E-09 -2.7305616E-09
   15395.50      1.2201300E-05  4.2972400E-11 -2.6859777E-09 -2.6716545E-09
   15563.20      1.1843200E-05  4.1262001E-11 -2.6280063E-09 -2.6139864E-09
   15732.70      1.1495700E-05  3.9619800E-11 -2.5712945E-09 -2.5575795E-09
   15904.00      1.1158400E-05  3.8042899E-11 -2.5158278E-09 -2.5024105E-09
   16077.20      1.0830900E-05  3.6528801E-11 -2.4615412E-09 -2.4484121E-09
   16252.20      1.0513100E-05  3.5074901E-11 -2.4084583E-09 -2.3956148E-09
   16429.20      1.0204600E-05  3.3678900E-11 -2.3565023E-09 -2.3439333E-09
   16608.10      9.9051404E-06  3.2338500E-11 -2.3056721E-09 -2.2933746E-09
   16789.00      9.6144804E-06  3.1051401E-11 -2.2559266E-09 -2.2438944E-09
   16971.80      9.3323497E-06  2.9815601E-11 -2.2072770E-09 -2.1955064E-09
   17156.60      9.0584999E-06  2.8628900E-11 -2.1596793E-09 -2.1481614E-09
   17343.40      8.7926801E-06  2.7489500E-11 -2.1131084E-09 -2.1018398E-09
   17532.30      8.5346601E-06  2.6395400E-11 -2.0675317E-09 -2.0565034E-09
   17723.20      8.2842198E-06  2.5344799E-11 -2.0229558E-09 -2.0121660E-09
   17916.20      8.0411201E-06  2.4336101E-11 -1.9793376E-09 -1.9687836E-09
   18111.30      7.8051598E-06  2.3367501E-11 -1.9366599E-09 -1.9263324E-09
   18308.50      7.5761200E-06  2.2437500E-11 -1.8949162E-09 -1.8848070E-09
   18507.80      7.3537999E-06  2.1544400E-11 -1.8540777E-09 -1.8441891E-09
   18709.40      7.1380100E-06  2.0687001E-11 -1.8140998E-09 -1.8044232E-09
   18913.10      6.9285502E-06  1.9863600E-11 -1.7750043E-09 -1.7655359E-09
   19119.10      6.7252299E-06  1.9073000E-11 -1.7367346E-09 -1.7274724E-09
   19327.30      6.5278800E-06  1.8313901E-11 -1.6993057E-09 -1.6902406E-09
   19537.70      6.3363200E-06  1.7584999E-11 -1.6626944E-09 -1.6538256E-09
   19750.50      6.1503902E-06  1.6885099E-11 -1.6268565E-09 -1.6181794E-09
   19965.50      5.9699100E-06  1.6213100E-11 -1.5918113E-09 -1.5833199E-09
   20183.00      5.7947200E-06  1.5567801E-11 -1.5574985E-09 -1.5491916E-09
   20402.70      5.6246799E-06  1.4948201E-11 -1.5239544E-09 -1.5158251E-09
   20624.90      5.4596298E-06  1.4353300E-11 -1.4911160E-09 -1.4831630E-09
   20849.50      5.2994201E-06  1.3782000E-11 -1.4589919E-09 -1.4512094E-09
   21076.50      5.1439101E-06  1.3233500E-11 -1.4275682E-09 -1.4199536E-09
   21306.00      4.9929599E-06  1.2706800E-11 -1.3968183E-09 -1.3893678E-09
   21538.00      4.8464499E-06  1.2201000E-11 -1.3667324E-09 -1.3594406E-09
   21772.60      4.7042299E-06  1.1715400E-11 -1.3372902E-09 -1.3301561E-09
   22009.70      4.5661900E-06  1.1249100E-11 -1.3084863E-09 -1.3015068E-09
   22249.30      4.4321901E-06  1.0801400E-11 -1.2803170E-09 -1.2734851E-09
   22491.60      4.3021300E-06  1.0371500E-11 -1.2527435E-09 -1.2460590E-09
   22736.50      4.1758899E-06  9.9587300E-12 -1.2257688E-09 -1.2192297E-09
   22984.10      4.0533500E-06  9.5623700E-12 -1.1993762E-09 -1.1929771E-09
   23234.40      3.9344100E-06  9.1817803E-12 -1.1735506E-09 -1.1672910E-09
   23487.40      3.8189501E-06  8.8163504E-12 -1.1482840E-09 -1.1421587E-09
   23743.20      3.7068901E-06  8.4654497E-12 -1.1235606E-09 -1.1175681E-09
   24001.70      3.5981100E-06  8.1285204E-12 -1.0993760E-09 -1.0935155E-09
   24263.10      3.4925299E-06  7.8049997E-12 -1.0757107E-09 -1.0699721E-09
   24527.30      3.3900401E-06  7.4943602E-12 -1.0525579E-09 -1.0469422E-09
   24794.40      3.2905600E-06  7.1960801E-12 -1.0299017E-09 -1.0244080E-09
   25064.40      3.1940001E-06  6.9096799E-12 -1.0077359E-09 -1.0023592E-09
   25337.30      3.1002801E-06  6.6346698E-12 -9.8605024E-10 -9.8079067E-10
   25613.20      3.0092999E-06  6.3706102E-12 -9.6483133E-10 -9.5968333E-10
   25892.10      2.9209900E-06  6.1170500E-12 -9.4407004E-10 -9.3903463E-10
   26174.10      2.8352799E-06  5.8735898E-12 -9.2375280E-10 -9.1882540E-10
   26459.10      2.7520800E-06  5.6398202E-12 -9.0387842E-10 -8.9905600E-10
   26747.20      2.6713201E-06  5.4153500E-12 -8.8443197E-10 -8.7971419E-10
   27038.40      2.5929301E-06  5.1998202E-12 -8.6540797E-10 -8.6079199E-10
   27332.90      2.5168399E-06  4.9928599E-12 -8.4678581E-10 -8.4226986E-10
   27630.50      2.4429901E-06  4.7941499E-12 -8.2857299E-10 -8.2415258E-10
   27931.40      2.3713001E-06  4.6033398E-12 -8.1074852E-10 -8.0642243E-10
   28235.50      2.3017101E-06  4.4201201E-12 -7.9331247E-10 -7.8908075E-10
   28543.00      2.2341701E-06  4.2442000E-12 -7.7624762E-10 -7.7210577E-10
   28853.80      2.1686101E-06  4.0752800E-12 -7.5955253E-10 -7.5550027E-10
   29168.00      2.1049700E-06  3.9130799E-12 -7.4321621E-10 -7.3925188E-10
   29485.60      2.0432001E-06  3.7573399E-12 -7.2723422E-10 -7.2335576E-10
   29806.70      1.9832501E-06  3.6078000E-12 -7.1159600E-10 -7.0779910E-10
   30131.30      1.9250499E-06  3.4642001E-12 -6.9629225E-10 -6.9257688E-10
   30459.40      1.8685600E-06  3.3263301E-12 -6.8132067E-10 -6.7768530E-10
   30791.10      1.8137300E-06  3.1939399E-12 -6.6667055E-10 -6.6311429E-10
   31126.40      1.7605100E-06  3.0668200E-12 -6.5233680E-10 -6.4885614E-10
   31465.30      1.7088400E-06  2.9447601E-12 -6.3831351E-10 -6.3490863E-10
   31807.90      1.6586999E-06  2.8275600E-12 -6.2459138E-10 -6.2125943E-10
   32154.30      1.6100300E-06  2.7150200E-12 -6.1116251E-10 -6.0790167E-10
   32504.50      1.5627800E-06  2.6069600E-12 -5.9802330E-10 -5.9483279E-10
   32858.40      1.5169200E-06  2.5031999E-12 -5.8516941E-10 -5.8204808E-10
   33216.20      1.4724100E-06  2.4035700E-12 -5.7259181E-10 -5.6953703E-10
   33577.90      1.4292000E-06  2.3079099E-12 -5.6028460E-10 -5.5729532E-10
   33943.50      1.3872600E-06  2.2160500E-12 -5.4824334E-10 -5.4531873E-10
   34313.20      1.3465500E-06  2.1278500E-12 -5.3645854E-10 -5.3359600E-10
   34686.80      1.3070400E-06  2.0431599E-12 -5.2493099E-10 -5.2212956E-10
   35064.50      1.2686800E-06  1.9618500E-12 -5.1364984E-10 -5.1090993E-10
   35446.40      1.2314600E-06  1.8837601E-12 -5.0260995E-10 -4.9992871E-10
   35832.30      1.1953200E-06  1.8087900E-12 -4.9181148E-10 -4.8918763E-10
   36222.50      1.1602400E-06  1.7368000E-12 -4.8124366E-10 -4.7867638E-10
   36617.00      1.1262000E-06  1.6676700E-12 -4.7090154E-10 -4.6838960E-10
   37015.70      1.0931500E-06  1.6013000E-12 -4.6078458E-10 -4.5832629E-10
   37418.80      1.0610700E-06  1.5375700E-12 -4.5088411E-10 -4.4847856E-10
   37826.20      1.0299300E-06  1.4763700E-12 -4.4119922E-10 -4.3884474E-10
   38238.10      9.9971101E-07  1.4176100E-12 -4.3172010E-10 -4.2941695E-10
   38654.50      9.7037503E-07  1.3611900E-12 -4.2244558E-10 -4.2019166E-10
   39075.40      9.4190000E-07  1.3070099E-12 -4.1337050E-10 -4.1116524E-10
   39501.00      9.1426000E-07  1.2549900E-12 -4.0448903E-10 -4.0233097E-10
   39931.10      8.8743201E-07  1.2050400E-12 -3.9580136E-10 -3.9368936E-10
   40365.90      8.6139102E-07  1.1570800E-12 -3.8730005E-10 -3.8523396E-10
   40805.50      8.3611297E-07  1.1110300E-12 -3.7898018E-10 -3.7695830E-10
   41249.80      8.1157799E-07  1.0668101E-12 -3.7084102E-10 -3.6886288E-10
   41699.00      7.8776299E-07  1.0243500E-12 -3.6287612E-10 -3.6094019E-10
   42153.10      7.6464602E-07  9.8358203E-13 -3.5508227E-10 -3.5318790E-10
   42612.10      7.4220799E-07  9.4443496E-13 -3.4745665E-10 -3.4560305E-10
   43076.10      7.2042798E-07  9.0684600E-13 -3.3999495E-10 -3.3818132E-10
   43545.20      6.9928802E-07  8.7075399E-13 -3.3269351E-10 -3.3091818E-10
   44019.30      6.7876800E-07  8.3609698E-13 -3.2555036E-10 -3.2381325E-10
   44498.70      6.5884899E-07  8.0282000E-13 -3.1855865E-10 -3.1685926E-10
   44983.20      6.3951597E-07  7.7086802E-13 -3.1171926E-10 -3.1005604E-10
   45473.10      6.2074997E-07  7.4018699E-13 -3.0502534E-10 -3.0339742E-10
   45968.20      6.0253399E-07  7.1072700E-13 -2.9847658E-10 -2.9688410E-10
   46468.80      5.8485301E-07  6.8244000E-13 -2.9206751E-10 -2.9050956E-10
   46974.80      5.6769102E-07  6.5527900E-13 -2.8579705E-10 -2.8427227E-10
   47486.30      5.5103197E-07  6.2919797E-13 -2.7966132E-10 -2.7816938E-10
   48003.40      5.3486201E-07  6.0415599E-13 -2.7365749E-10 -2.7219760E-10
   48526.20      5.1916697E-07  5.8011002E-13 -2.6778132E-10 -2.6635269E-10
   49054.60      5.0393197E-07  5.5702198E-13 -2.6203301E-10 -2.6063504E-10
   49588.70      4.8914501E-07  5.3485200E-13 -2.5640870E-10 -2.5504104E-10
   50128.70      4.7479099E-07  5.1356499E-13 -2.5090444E-10 -2.4956587E-10
   50674.60      4.6085799E-07  4.9312502E-13 -2.4551833E-10 -2.4420832E-10
   51226.40      4.4733500E-07  4.7349798E-13 -2.4024810E-10 -2.3896649E-10
   51784.20      4.3420800E-07  4.5465300E-13 -2.3509131E-10 -2.3383745E-10
   52348.10      4.2146601E-07  4.3655701E-13 -2.3004554E-10 -2.2881813E-10
   52918.10      4.0909899E-07  4.1918200E-13 -2.2510796E-10 -2.2390721E-10
   53494.40      3.9709400E-07  4.0249799E-13 -2.2027620E-10 -2.1910083E-10
   54076.90      3.8544101E-07  3.8647899E-13 -2.1554829E-10 -2.1439849E-10
   54665.80      3.7413099E-07  3.7109701E-13 -2.1092225E-10 -2.0979676E-10
   55261.00      3.6315200E-07  3.5632700E-13 -2.0639596E-10 -2.0529475E-10
   55862.80      3.5249599E-07  3.4214501E-13 -2.0196597E-10 -2.0088854E-10
   56471.10      3.4215199E-07  3.2852800E-13 -1.9763187E-10 -1.9657738E-10
   57086.00      3.3211100E-07  3.1545201E-13 -1.9339083E-10 -1.9235907E-10
   57707.60      3.2236599E-07  3.0289700E-13 -1.8924104E-10 -1.8823126E-10
   58336.00      3.1290600E-07  2.9084200E-13 -1.8517998E-10 -1.8419190E-10
   58971.30      3.0372399E-07  2.7926600E-13 -1.8120587E-10 -1.8023905E-10
   59613.40      2.9481100E-07  2.6815101E-13 -1.7731787E-10 -1.7637179E-10
   60262.60      2.8616000E-07  2.5747899E-13 -1.7351259E-10 -1.7258690E-10
   60918.80      2.7776301E-07  2.4723100E-13 -1.6978963E-10 -1.6888387E-10
   61582.20      2.6961200E-07  2.3739100E-13 -1.6614646E-10 -1.6526004E-10
   62252.80      2.6170099E-07  2.2794299E-13 -1.6258166E-10 -1.6171391E-10
   62930.60      2.5402099E-07  2.1887001E-13 -1.5909364E-10 -1.5824490E-10
   63615.90      2.4656700E-07  2.1015900E-13 -1.5568001E-10 -1.5484938E-10
   64308.60      2.3933200E-07  2.0179500E-13 -1.5234004E-10 -1.5152737E-10
   65008.90      2.3230901E-07  1.9376300E-13 -1.4907156E-10 -1.4827611E-10
   65716.80      2.2549200E-07  1.8605100E-13 -1.4587356E-10 -1.4509507E-10
   66432.40      2.1887500E-07  1.7864700E-13 -1.4274378E-10 -1.4198233E-10
   67155.80      2.1245199E-07  1.7153600E-13 -1.3968163E-10 -1.3893622E-10
   67887.10      2.0621800E-07  1.6470900E-13 -1.3668508E-10 -1.3595573E-10
   68626.30      2.0016600E-07  1.5815399E-13 -1.3375281E-10 -1.3303930E-10
   69373.60      1.9429200E-07  1.5185899E-13 -1.3088347E-10 -1.3018522E-10
   70129.10      1.8859100E-07  1.4581500E-13 -1.2807561E-10 -1.2739228E-10
   70892.70      1.8305700E-07  1.4001200E-13 -1.2532841E-10 -1.2465969E-10
   71664.70      1.7768500E-07  1.3443900E-13 -1.2263998E-10 -1.2198551E-10
   72445.10      1.7247100E-07  1.2908800E-13 -1.2000904E-10 -1.1936889E-10
   73233.90      1.6740999E-07  1.2395099E-13 -1.1743502E-10 -1.1680855E-10
   74031.40      1.6249800E-07  1.1901701E-13 -1.1491586E-10 -1.1430269E-10
   74837.60      1.5772900E-07  1.1428000E-13 -1.1245076E-10 -1.1185095E-10
   75652.50      1.5310100E-07  1.0973200E-13 -1.1003891E-10 -1.0945188E-10
   76476.30      1.4860800E-07  1.0536500E-13 -1.0767873E-10 -1.0710417E-10
   77309.10      1.4424700E-07  1.0117100E-13 -1.0536907E-10 -1.0480689E-10
   78150.90      1.4001400E-07  9.7144298E-14 -1.0310925E-10 -1.0255909E-10
   79001.90      1.3590601E-07  9.3277897E-14 -1.0089776E-10 -1.0035951E-10
   79862.20      1.3191701E-07  8.9565399E-14 -9.8733667E-11 -9.8206908E-11
   80731.80      1.2804600E-07  8.6000698E-14 -9.6616194E-11 -9.6100759E-11
   81610.90      1.2428900E-07  8.2577798E-14 -9.4544067E-11 -9.4039630E-11
   82499.60      1.2064200E-07  7.9291201E-14 -9.2516342E-11 -9.2022723E-11
   83398.00      1.1710200E-07  7.6135401E-14 -9.0532179E-11 -9.0049170E-11
   84306.10      1.1366500E-07  7.3105198E-14 -8.8590614E-11 -8.8118027E-11
   85224.20      1.1033000E-07  7.0195497E-14 -8.6690634E-11 -8.6228129E-11
   86152.20      1.0709200E-07  6.7401698E-14 -8.4831621E-11 -8.4378893E-11
   87090.30      1.0395000E-07  6.4719097E-14 -8.3012396E-11 -8.2569569E-11
   88038.70      1.0089900E-07  6.2143297E-14 -8.1232097E-11 -8.0798736E-11
   88997.40      9.7938504E-08  5.9670002E-14 -7.9490067E-11 -7.9066080E-11
   89966.50      9.5064600E-08  5.7295097E-14 -7.7785473E-11 -7.7370478E-11
   90946.10      9.2274902E-08  5.5014698E-14 -7.6117564E-11 -7.5711527E-11
   91936.50      8.9567202E-08  5.2825101E-14 -7.4485182E-11 -7.4087868E-11
   92937.60      8.6938897E-08  5.0722600E-14 -7.2888133E-11 -7.2499076E-11
   93949.60      8.4387700E-08  4.8703802E-14 -7.1325154E-11 -7.0944549E-11
   94972.70      8.1911402E-08  4.6765401E-14 -6.9795607E-11 -6.9423203E-11
   96006.90      7.9507700E-08  4.4904100E-14 -6.8298971E-11 -6.7934616E-11
   97052.30      7.7174597E-08  4.3116901E-14 -6.6834566E-11 -6.6477976E-11
   98109.10      7.4909998E-08  4.1400900E-14 -6.5401441E-11 -6.5052547E-11
   99177.50      7.2711799E-08  3.9753099E-14 -6.3999056E-11 -6.3657628E-11
   100257.0      7.0578103E-08  3.8170899E-14 -6.2627417E-11 -6.2293275E-11
   101349.0      6.8506999E-08  3.6651698E-14 -6.1284276E-11 -6.0957205E-11
   102453.0      6.6496703E-08  3.5192901E-14 -5.9969828E-11 -5.9649792E-11
   103568.0      6.4545397E-08  3.3792302E-14 -5.8684675E-11 -5.8371551E-11
   104696.0      6.2651303E-08  3.2447301E-14 -5.7426057E-11 -5.7119632E-11
   105836.0      6.0812901E-08  3.1155901E-14 -5.6194865E-11 -5.5895032E-11
   106989.0      5.9028299E-08  2.9915899E-14 -5.4989454E-11 -5.4696116E-11
   108154.0      5.7296202E-08  2.8725201E-14 -5.3810491E-11 -5.3523339E-11
   109332.0      5.5614901E-08  2.7581900E-14 -5.2656556E-11 -5.2375635E-11
   110522.0      5.3982902E-08  2.6484199E-14 -5.1528115E-11 -5.1253182E-11
   111726.0      5.2398800E-08  2.5430099E-14 -5.0422881E-11 -5.0153878E-11
   112942.0      5.0861200E-08  2.4418000E-14 -4.9342346E-11 -4.9079140E-11
   114172.0      4.9368701E-08  2.3446101E-14 -4.8284394E-11 -4.8026780E-11
   115415.0      4.7920000E-08  2.2512901E-14 -4.7249444E-11 -4.6997368E-11
   116672.0      4.6513801E-08  2.1616901E-14 -4.6236261E-11 -4.5989577E-11
   117943.0      4.5148902E-08  2.0756600E-14 -4.5244586E-11 -4.5003206E-11
   119227.0      4.3823999E-08  1.9930401E-14 -4.4274872E-11 -4.4038627E-11
   120525.0      4.2538002E-08  1.9137200E-14 -4.3325874E-11 -4.3094712E-11
   121838.0      4.1289699E-08  1.8375501E-14 -4.2396673E-11 -4.2170462E-11
   123164.0      4.0078099E-08  1.7644199E-14 -4.1488264E-11 -4.1266893E-11
   124506.0      3.8902002E-08  1.6941901E-14 -4.0598247E-11 -4.0381695E-11
   125861.0      3.7760501E-08  1.6267600E-14 -3.9728439E-11 -3.9516456E-11
   127232.0      3.6652398E-08  1.5620201E-14 -3.8876461E-11 -3.8669096E-11
   128617.0      3.5576900E-08  1.4998500E-14 -3.8043325E-11 -3.7840342E-11
   130018.0      3.4532899E-08  1.4401500E-14 -3.7227530E-11 -3.7028894E-11
   131434.0      3.3519498E-08  1.3828400E-14 -3.6429325E-11 -3.6234973E-11
   132865.0      3.2535901E-08  1.3278000E-14 -3.5648529E-11 -3.5458324E-11
   134312.0      3.1581202E-08  1.2749500E-14 -3.4884207E-11 -3.4698099E-11
   135774.0      3.0654402E-08  1.2242100E-14 -3.4136728E-11 -3.3954544E-11
   137253.0      2.9754901E-08  1.1754800E-14 -3.3404675E-11 -3.3226442E-11
   138747.0      2.8881701E-08  1.1287000E-14 -3.2688862E-11 -3.2514460E-11
   140258.0      2.8034201E-08  1.0837800E-14 -3.1988079E-11 -3.1817399E-11
   141785.0      2.7211600E-08  1.0406400E-14 -3.1302502E-11 -3.1135473E-11
   143329.0      2.6413099E-08  9.9922402E-15 -3.0631459E-11 -3.0468031E-11
   144890.0      2.5638000E-08  9.5945404E-15 -2.9974735E-11 -2.9814800E-11
   146468.0      2.4885701E-08  9.2126802E-15 -2.9332113E-11 -2.9175620E-11
   148063.0      2.4155399E-08  8.8460098E-15 -2.8703342E-11 -2.8550187E-11
   149675.0      2.3446599E-08  8.4939304E-15 -2.8088174E-11 -2.7938344E-11
   151305.0      2.2758501E-08  8.1558702E-15 -2.7486046E-11 -2.7339395E-11
   152953.0      2.2090701E-08  7.8312601E-15 -2.6896759E-11 -2.6753242E-11
   154618.0      2.1442499E-08  7.5195697E-15 -2.6320406E-11 -2.6179942E-11
   156302.0      2.0813200E-08  7.2202901E-15 -2.5756111E-11 -2.5618688E-11
   158004.0      2.0202499E-08  6.9329202E-15 -2.5204014E-11 -2.5069585E-11
   159724.0      1.9609599E-08  6.6569899E-15 -2.4663977E-11 -2.4532380E-11
   161464.0      1.9034200E-08  6.3920401E-15 -2.4135085E-11 -2.4006342E-11
   163222.0      1.8475699E-08  6.1376300E-15 -2.3617854E-11 -2.3491844E-11
   164999.0      1.7933500E-08  5.8933499E-15 -2.3111691E-11 -2.2988389E-11
   166796.0      1.7407300E-08  5.6587900E-15 -2.2616234E-11 -2.2495584E-11
   168612.0      1.6896401E-08  5.4335698E-15 -2.2131564E-11 -2.2013471E-11
   170448.0      1.6400600E-08  5.2173100E-15 -2.1657221E-11 -2.1541656E-11
   172304.0      1.5919399E-08  5.0096599E-15 -2.1193020E-11 -2.1079936E-11
   174181.0      1.5452200E-08  4.8102802E-15 -2.0738572E-11 -2.0627942E-11
   176077.0      1.4998800E-08  4.6188300E-15 -2.0294230E-11 -2.0185959E-11
   177995.0      1.4558600E-08  4.4350001E-15 -1.9859120E-11 -1.9753144E-11
   179933.0      1.4131400E-08  4.2584802E-15 -1.9433503E-11 -1.9329829E-11
   181892.0      1.3716800E-08  4.0889901E-15 -1.9017059E-11 -1.8915576E-11
   183873.0      1.3314200E-08  3.9262501E-15 -1.8609387E-11 -1.8510068E-11
   185875.0      1.2923500E-08  3.7699802E-15 -1.8210563E-11 -1.8113398E-11
   187899.0      1.2544300E-08  3.6199300E-15 -1.7820280E-11 -1.7725160E-11
   189945.0      1.2176200E-08  3.4758601E-15 -1.7438341E-11 -1.7345288E-11
   192014.0      1.1818900E-08  3.3375201E-15 -1.7064471E-11 -1.6973412E-11
   194105.0      1.1472100E-08  3.2046799E-15 -1.6698670E-11 -1.6609575E-11
   196218.0      1.1135400E-08  3.0771400E-15 -1.6340911E-11 -1.6253707E-11
   198355.0      1.0808700E-08  2.9546701E-15 -1.5990596E-11 -1.5905300E-11
   200515.0      1.0491500E-08  2.8370699E-15 -1.5647894E-11 -1.5564380E-11
   202698.0      1.0183600E-08  2.7241501E-15 -1.5312564E-11 -1.5230889E-11
   204906.0      9.8847899E-09  2.6157301E-15 -1.4984279E-11 -1.4904330E-11
   207137.0      9.5947303E-09  2.5116200E-15 -1.4663167E-11 -1.4584906E-11
   209392.0      9.3131796E-09  2.4116599E-15 -1.4349006E-11 -1.4272446E-11
   211673.0      9.0398800E-09  2.3156699E-15 -1.4041359E-11 -1.3966428E-11
   213978.0      8.7746104E-09  2.2235100E-15 -1.3740413E-11 -1.3667088E-11
   216308.0      8.5171301E-09  2.1350101E-15 -1.3445923E-11 -1.3374187E-11
   218663.0      8.2672003E-09  2.0500400E-15 -1.3157806E-11 -1.3087597E-11
   221044.0      8.0245997E-09  1.9684499E-15 -1.2875814E-11 -1.2807109E-11
   223451.0      7.7891196E-09  1.8901000E-15 -1.2599862E-11 -1.2532631E-11
   225884.0      7.5605504E-09  1.8148699E-15 -1.2329839E-11 -1.2264068E-11
   228344.0      7.3386901E-09  1.7426400E-15 -1.2065568E-11 -1.2001191E-11
   230831.0      7.1233401E-09  1.6732800E-15 -1.1806936E-11 -1.1743917E-11
   233344.0      6.9143100E-09  1.6066900E-15 -1.1553936E-11 -1.1492286E-11
   235885.0      6.7114101E-09  1.5427400E-15 -1.1306307E-11 -1.1245988E-11
   238454.0      6.5144699E-09  1.4813400E-15 -1.1063955E-11 -1.1004925E-11
   241050.0      6.3233099E-09  1.4223800E-15 -1.0826893E-11 -1.0769125E-11
   243675.0      6.1377499E-09  1.3657700E-15 -1.0594850E-11 -1.0538315E-11
   246329.0      5.9576402E-09  1.3114100E-15 -1.0367741E-11 -1.0312427E-11
   249011.0      5.7828200E-09  1.2592200E-15 -1.0145580E-11 -1.0091446E-11
   251723.0      5.6131300E-09  1.2091000E-15 -9.9281052E-12 -9.8751285E-12
   254464.0      5.4484102E-09  1.1609800E-15 -9.7153362E-12 -9.6635000E-12
   257235.0      5.2885301E-09  1.1147700E-15 -9.5071156E-12 -9.4563975E-12
   260036.0      5.1333400E-09  1.0704000E-15 -9.3033818E-12 -9.2537471E-12
   262867.0      4.9827000E-09  1.0278000E-15 -9.1040430E-12 -9.0554699E-12
   265730.0      4.8364899E-09  9.8689100E-16 -8.9088953E-12 -8.8613518E-12
   268623.0      4.6945701E-09  9.4761303E-16 -8.7180029E-12 -8.6714915E-12
   271548.0      4.5567998E-09  9.0989698E-16 -8.5311792E-12 -8.4856566E-12
   274505.0      4.4230899E-09  8.7368299E-16 -8.3483368E-12 -8.3038047E-12
   277495.0      4.2932999E-09  8.3891001E-16 -8.1693888E-12 -8.1257934E-12
   280516.0      4.1673101E-09  8.0552097E-16 -7.9943612E-12 -7.9516914E-12
   283571.0      4.0450199E-09  7.7346099E-16 -7.8230079E-12 -7.7812670E-12
   286659.0      3.9263202E-09  7.4267701E-16 -7.6553494E-12 -7.6144993E-12
   289780.0      3.8111101E-09  7.1311799E-16 -7.4913114E-12 -7.4513338E-12
   292936.0      3.6992700E-09  6.8473598E-16 -7.3307428E-12 -7.2916239E-12
   296126.0      3.5907199E-09  6.5748301E-16 -7.1736458E-12 -7.1353709E-12
   299350.0      3.4853500E-09  6.3131499E-16 -7.0199367E-12 -6.9824832E-12
   302610.0      3.3830800E-09  6.0618802E-16 -6.8694841E-12 -6.8328381E-12
   305905.0      3.2837999E-09  5.8206198E-16 -6.7222781E-12 -6.6864092E-12
   309236.0      3.1874401E-09  5.5889500E-16 -6.5782141E-12 -6.5431180E-12
   312604.0      3.0939000E-09  5.3665101E-16 -6.4372227E-12 -6.4028665E-12
   316008.0      3.0031200E-09  5.1529202E-16 -6.2992688E-12 -6.2656581E-12
   319449.0      2.9149900E-09  4.9478302E-16 -6.1642761E-12 -6.1313918E-12
   322927.0      2.8294500E-09  4.7509099E-16 -6.0322042E-12 -6.0000160E-12
   326444.0      2.7464200E-09  4.5618198E-16 -5.9029075E-12 -5.8714110E-12
   329999.0      2.6658300E-09  4.3802599E-16 -5.7764006E-12 -5.7455759E-12
   333592.0      2.5875999E-09  4.2059201E-16 -5.6526190E-12 -5.6224639E-12
   337225.0      2.5116700E-09  4.0385199E-16 -5.5314728E-12 -5.5019565E-12
   340897.0      2.4379700E-09  3.8777899E-16 -5.4129362E-12 -5.3840591E-12
   344609.0      2.3664299E-09  3.7234499E-16 -5.2969430E-12 -5.2686787E-12
   348361.0      2.2969899E-09  3.5752599E-16 -5.1834448E-12 -5.1557903E-12
   352155.0      2.2295801E-09  3.4329599E-16 -5.0723501E-12 -5.0452806E-12
   355990.0      2.1641600E-09  3.2963301E-16 -4.9636319E-12 -4.9371549E-12
   359866.0      2.1006501E-09  3.1651300E-16 -4.8572799E-12 -4.8313632E-12
   363785.0      2.0390101E-09  3.0391600E-16 -4.7531848E-12 -4.7278184E-12
   367746.0      1.9791699E-09  2.9182000E-16 -4.6513336E-12 -4.6265123E-12
   371751.0      1.9210999E-09  2.8020501E-16 -4.5516412E-12 -4.5273529E-12
   375799.0      1.8647199E-09  2.6905300E-16 -4.4541072E-12 -4.4303307E-12
   379891.0      1.8100000E-09  2.5834500E-16 -4.3586562E-12 -4.3353997E-12
   384028.0      1.7568900E-09  2.4806199E-16 -4.2652474E-12 -4.2424822E-12
   388209.0      1.7053300E-09  2.3818900E-16 -4.1738535E-12 -4.1515866E-12
   392437.0      1.6552900E-09  2.2870901E-16 -4.0844086E-12 -4.0626062E-12
   396710.0      1.6067200E-09  2.1960700E-16 -3.9968827E-12 -3.9755551E-12
   401030.0      1.5595700E-09  2.1086599E-16 -3.9112294E-12 -3.8903585E-12
   405397.0      1.5138000E-09  2.0247400E-16 -3.8274089E-12 -3.8069912E-12
   409811.0      1.4693800E-09  1.9441500E-16 -3.7453964E-12 -3.7254175E-12
   414274.0      1.4262600E-09  1.8667700E-16 -3.6651333E-12 -3.6455756E-12
   418785.0      1.3844100E-09  1.7924800E-16 -3.5865959E-12 -3.5674603E-12
   423345.0      1.3437900E-09  1.7211301E-16 -3.5097431E-12 -3.4910139E-12
   427955.0      1.3043500E-09  1.6526300E-16 -3.4345315E-12 -3.4162055E-12
   432615.0      1.2660800E-09  1.5868600E-16 -3.3609335E-12 -3.3429984E-12
   437326.0      1.2289300E-09  1.5237000E-16 -3.2889067E-12 -3.2713615E-12
   442088.0      1.1928600E-09  1.4630600E-16 -3.2184262E-12 -3.2012576E-12
   446902.0      1.1578600E-09  1.4048300E-16 -3.1494653E-12 -3.1326543E-12
   451769.0      1.1238800E-09  1.3489100E-16 -3.0819629E-12 -3.0655192E-12
   456688.0      1.0909000E-09  1.2952300E-16 -3.0159263E-12 -2.9998341E-12
   461661.0      1.0588900E-09  1.2436799E-16 -2.9512968E-12 -2.9355489E-12
   466688.0      1.0278201E-09  1.1941800E-16 -2.8880552E-12 -2.8726442E-12
   471770.0      9.9765796E-10  1.1466499E-16 -2.8261640E-12 -2.8110830E-12
   476908.0      9.6838204E-10  1.1010100E-16 -2.7655937E-12 -2.7508362E-12
   482101.0      9.3996499E-10  1.0571900E-16 -2.7063280E-12 -2.6918925E-12
   487351.0      9.1238200E-10  1.0151100E-16 -2.6483325E-12 -2.6341997E-12
   492657.0      8.8560898E-10  9.7471099E-17 -2.5915912E-12 -2.5777661E-12
   498022.0      8.5962099E-10  9.3591701E-17 -2.5360532E-12 -2.5225210E-12
   503445.0      8.3439600E-10  8.9866801E-17 -2.4817078E-12 -2.4684671E-12
   508927.0      8.0991103E-10  8.6289999E-17 -2.4285289E-12 -2.4155721E-12
   514469.0      7.8614498E-10  8.2855697E-17 -2.3764872E-12 -2.3638049E-12
   520071.0      7.6307499E-10  7.9558000E-17 -2.3255644E-12 -2.3131562E-12
   525735.0      7.4068301E-10  7.6391499E-17 -2.2757191E-12 -2.2635771E-12
   531460.0      7.1894801E-10  7.3351101E-17 -2.2269545E-12 -2.2150675E-12
   537247.0      6.9785100E-10  7.0431703E-17 -2.1792323E-12 -2.1676064E-12
   543097.0      6.7737299E-10  6.7628500E-17 -2.1325372E-12 -2.1211572E-12
   549011.0      6.5749600E-10  6.4936901E-17 -2.0868370E-12 -2.0757040E-12
   554989.0      6.3820199E-10  6.2352398E-17 -2.0421230E-12 -2.0312252E-12
   561033.0      6.1947403E-10  5.9870697E-17 -1.9983572E-12 -1.9876954E-12
   567142.0      6.0129601E-10  5.7487802E-17 -1.9555377E-12 -1.9451021E-12
   573318.0      5.8365202E-10  5.5199800E-17 -1.9136318E-12 -1.9034190E-12
   579561.0      5.6652499E-10  5.3002799E-17 -1.8726238E-12 -1.8626314E-12
   585872.0      5.4990001E-10  5.0893300E-17 -1.8324962E-12 -1.8227175E-12
   592251.0      5.3376398E-10  4.8867700E-17 -1.7932353E-12 -1.7836649E-12
   598701.0      5.1810101E-10  4.6922800E-17 -1.7548033E-12 -1.7454394E-12
   605220.0      5.0289700E-10  4.5055201E-17 -1.7172027E-12 -1.7080391E-12
   611810.0      4.8813997E-10  4.3261999E-17 -1.6804087E-12 -1.6714410E-12
   618473.0      4.7381599E-10  4.1540200E-17 -1.6443930E-12 -1.6356213E-12
   625207.0      4.5991200E-10  3.9886801E-17 -1.6091594E-12 -1.6005737E-12
   632015.0      4.4641599E-10  3.8299299E-17 -1.5746805E-12 -1.5662764E-12
   638898.0      4.3331599E-10  3.6775001E-17 -1.5409307E-12 -1.5327080E-12
   645855.0      4.2060100E-10  3.5311301E-17 -1.5079122E-12 -1.4998654E-12
   652888.0      4.0825801E-10  3.3905898E-17 -1.4755987E-12 -1.4677245E-12
   659997.0      3.9627801E-10  3.2556499E-17 -1.4439780E-12 -1.4362745E-12
   667184.0      3.8465001E-10  3.1260701E-17 -1.4130370E-12 -1.4054969E-12
   674449.0      3.7336201E-10  3.0016498E-17 -1.3827576E-12 -1.3753805E-12
   681793.0      3.6240599E-10  2.8821901E-17 -1.3531277E-12 -1.3459093E-12
   689218.0      3.5177100E-10  2.7674701E-17 -1.3241299E-12 -1.3170657E-12
   696723.0      3.4144901E-10  2.6573300E-17 -1.2957569E-12 -1.2888437E-12
   704310.0      3.3142900E-10  2.5515600E-17 -1.2679902E-12 -1.2612231E-12
   711979.0      3.2170400E-10  2.4500100E-17 -1.2408191E-12 -1.2341983E-12
   719732.0      3.1226299E-10  2.3525000E-17 -1.2142299E-12 -1.2077506E-12
   727569.0      3.0309999E-10  2.2588699E-17 -1.1882127E-12 -1.1818717E-12
   735492.0      2.9420599E-10  2.1689700E-17 -1.1627489E-12 -1.1565452E-12
   743501.0      2.8557301E-10  2.0826399E-17 -1.1378342E-12 -1.1317619E-12
   751597.0      2.7719299E-10  1.9997500E-17 -1.1134516E-12 -1.1075106E-12
   759782.0      2.6905800E-10  1.9201600E-17 -1.0895914E-12 -1.0837760E-12
   768055.0      2.6116301E-10  1.8437399E-17 -1.0662429E-12 -1.0605530E-12
   776419.0      2.5349900E-10  1.7703500E-17 -1.0433935E-12 -1.0378264E-12
   784873.0      2.4606100E-10  1.6998901E-17 -1.0210383E-12 -1.0155893E-12
   793420.0      2.3884000E-10  1.6322399E-17 -9.9915746E-13 -9.9382601E-13
   802060.0      2.3183100E-10  1.5672700E-17 -9.7774631E-13 -9.7252826E-13
   810794.0      2.2502800E-10  1.5048999E-17 -9.5679389E-13 -9.5169033E-13
   819623.0      2.1842500E-10  1.4450000E-17 -9.3629152E-13 -9.3129508E-13
   828548.0      2.1201600E-10  1.3874900E-17 -9.1622966E-13 -9.1134066E-13
   837570.0      2.0579401E-10  1.3322700E-17 -8.9659714E-13 -8.9181342E-13
   846691.0      1.9975500E-10  1.2792400E-17 -8.7738372E-13 -8.7270279E-13
   855910.0      1.9389300E-10  1.2283300E-17 -8.5858393E-13 -8.5400296E-13
   865231.0      1.8820399E-10  1.1794400E-17 -8.4018534E-13 -8.3570141E-13
   874652.0      1.8268100E-10  1.1325000E-17 -8.2218282E-13 -8.1779624E-13
   884177.0      1.7732001E-10  1.0874200E-17 -8.0456345E-13 -8.0027022E-13
   893805.0      1.7211700E-10  1.0441400E-17 -7.8732198E-13 -7.8312156E-13
   903538.0      1.6706600E-10  1.0025900E-17 -7.7045119E-13 -7.6634044E-13
   913377.0      1.6216400E-10  9.6268198E-18 -7.5394096E-13 -7.4991955E-13
   923323.0      1.5740501E-10  9.2436697E-18 -7.3778619E-13 -7.3384891E-13
   933377.0      1.5278601E-10  8.8757704E-18 -7.2197706E-13 -7.1812472E-13
   943541.0      1.4830299E-10  8.5225097E-18 -7.0650614E-13 -7.0273572E-13
   953815.0      1.4395100E-10  8.1833102E-18 -6.9136689E-13 -6.8767941E-13
   964202.0      1.3972699E-10  7.8576103E-18 -6.7655148E-13 -6.7294195E-13
   974701.0      1.3562600E-10  7.5448699E-18 -6.6205461E-13 -6.5852190E-13
   985315.0      1.3164700E-10  7.2445901E-18 -6.4786788E-13 -6.4441177E-13
   996044.0      1.2778301E-10  6.9562498E-18 -6.3398576E-13 -6.3060288E-13
   1006890.      1.2403401E-10  6.6793900E-18 -6.2040081E-13 -6.1709015E-13
   1017850.      1.2039400E-10  6.4135399E-18 -6.0711115E-13 -6.0387139E-13
   1028940.      1.1686099E-10  6.1582798E-18 -5.9409509E-13 -5.9092515E-13
   1040140.      1.1343200E-10  5.9131800E-18 -5.8136877E-13 -5.7826649E-13
   1051470.      1.1010300E-10  5.6778302E-18 -5.6890777E-13 -5.6587211E-13
   1062920.      1.0687200E-10  5.4518601E-18 -5.5671694E-13 -5.5374612E-13
   1074490.      1.0373600E-10  5.2348700E-18 -5.4479175E-13 -5.4188463E-13
   1086190.      1.0069200E-10  5.0265202E-18 -5.3311831E-13 -5.3027325E-13
   1098020.      9.7737402E-11  4.8264599E-18 -5.2169179E-13 -5.1890886E-13
   1109980.      9.4869300E-11  4.6343700E-18 -5.1051101E-13 -5.0778614E-13
   1122070.      9.2085402E-11  4.4499198E-18 -4.9956816E-13 -4.9690297E-13
   1134280.      8.9383202E-11  4.2728101E-18 -4.8887028E-13 -4.8626245E-13
   1146640.      8.6760300E-11  4.1027501E-18 -4.7838724E-13 -4.7583514E-13
   1159120.      8.4214399E-11  3.9394601E-18 -4.6814164E-13 -4.6564385E-13
   1171740.      8.1743202E-11  3.7826701E-18 -4.5811196E-13 -4.5566773E-13
   1184500.      7.9344399E-11  3.6321100E-18 -4.4829589E-13 -4.4590330E-13
   1197400.      7.7016102E-11  3.4875601E-18 -4.3868788E-13 -4.3634765E-13
   1210440.      7.4756097E-11  3.3487499E-18 -4.2928692E-13 -4.2699641E-13
   1223620.      7.2562401E-11  3.2154700E-18 -4.2008896E-13 -4.1784694E-13
   1236950.      7.0433097E-11  3.0874901E-18 -4.1108311E-13 -4.0888977E-13
   1250410.      6.8366299E-11  2.9646099E-18 -4.0228037E-13 -4.0013405E-13
   1264030.      6.6360098E-11  2.8466099E-18 -3.9365790E-13 -3.9155718E-13
   1277800.      6.4412801E-11  2.7333199E-18 -3.8521920E-13 -3.8316355E-13
   1291710.      6.2522598E-11  2.6245299E-18 -3.7696693E-13 -3.7495620E-13
   1305780.      6.0687899E-11  2.5200700E-18 -3.6888683E-13 -3.6691855E-13
   1319990.      5.8907101E-11  2.4197701E-18 -3.6098753E-13 -3.5906130E-13
   1334370.      5.7178502E-11  2.3234699E-18 -3.5324876E-13 -3.5136388E-13
   1348900.      5.5500601E-11  2.2309901E-18 -3.4567951E-13 -3.4383499E-13
   1363590.      5.3872001E-11  2.1422001E-18 -3.3827146E-13 -3.3646678E-13
   1378440.      5.2291099E-11  2.0569401E-18 -3.3102194E-13 -3.2925580E-13
   1393450.      5.0756701E-11  1.9750699E-18 -3.2392887E-13 -3.2220074E-13
   1408620.      4.9267201E-11  1.8964600E-18 -3.1698954E-13 -3.1529808E-13
   1423960.      4.7821500E-11  1.8209800E-18 -3.1019667E-13 -3.0854158E-13
   1439460.      4.6418199E-11  1.7485101E-18 -3.0355175E-13 -3.0193261E-13
   1455140.      4.5056101E-11  1.6789100E-18 -2.9704540E-13 -2.9546057E-13
   1470980.      4.3733999E-11  1.6120900E-18 -2.9068246E-13 -2.8913097E-13
   1487000.      4.2450599E-11  1.5479300E-18 -2.8445299E-13 -2.8293503E-13
   1503190.      4.1204901E-11  1.4863200E-18 -2.7835831E-13 -2.7687314E-13
   1519560.      3.9995798E-11  1.4271700E-18 -2.7239322E-13 -2.7093979E-13
   1536110.      3.8822098E-11  1.3703600E-18 -2.6655533E-13 -2.6513308E-13
   1552840.      3.7682898E-11  1.3158200E-18 -2.6084224E-13 -2.5945088E-13
   1569750.      3.6577099E-11  1.2634500E-18 -2.5525301E-13 -2.5389085E-13
   1586840.      3.5503801E-11  1.2131700E-18 -2.4978446E-13 -2.4845168E-13
   1604120.      3.4461899E-11  1.1648800E-18 -2.4443178E-13 -2.4312765E-13
   1621590.      3.3450701E-11  1.1185200E-18 -2.3919330E-13 -2.3791705E-13
   1639250.      3.2469100E-11  1.0740000E-18 -2.3406732E-13 -2.3281840E-13
   1657100.      3.1516300E-11  1.0312600E-18 -2.2905183E-13 -2.2782983E-13
   1675140.      3.0591502E-11  9.9021202E-19 -2.2414517E-13 -2.2294920E-13
   1693380.      2.9693800E-11  9.5080203E-19 -2.1934246E-13 -2.1817204E-13
   1711820.      2.8822399E-11  9.1295904E-19 -2.1464231E-13 -2.1349712E-13
   1730460.      2.7976600E-11  8.7662296E-19 -2.1004311E-13 -2.0892238E-13
   1749300.      2.7155700E-11  8.4173299E-19 -2.0554302E-13 -2.0444646E-13
   1768350.      2.6358801E-11  8.0823202E-19 -2.0113826E-13 -2.0006493E-13
   1787610.      2.5585300E-11  7.7606400E-19 -1.9682765E-13 -1.9577723E-13
   1807080.      2.4834501E-11  7.4517599E-19 -1.9260884E-13 -1.9158115E-13
   1826750.      2.4105801E-11  7.1551800E-19 -1.8848319E-13 -1.8747781E-13
   1846650.      2.3398400E-11  6.8703998E-19 -1.8444286E-13 -1.8345858E-13
   1866750.      2.2711799E-11  6.5969598E-19 -1.8049237E-13 -1.7952930E-13
   1887080.      2.2045300E-11  6.3343899E-19 -1.7662416E-13 -1.7568168E-13
   1907630.      2.1398400E-11  6.0822802E-19 -1.7283924E-13 -1.7191714E-13
   1928400.      2.0770500E-11  5.8402001E-19 -1.6913619E-13 -1.6823366E-13
   1949400.      2.0161000E-11  5.6077598E-19 -1.6551165E-13 -1.6462850E-13
   1970630.      1.9569400E-11  5.3845699E-19 -1.6196472E-13 -1.6110060E-13
   1992090.      1.8995101E-11  5.1702598E-19 -1.5849390E-13 -1.5764817E-13
   2013780.      1.8437699E-11  4.9644801E-19 -1.5509809E-13 -1.5427057E-13
   2035710.      1.7896700E-11  4.7669002E-19 -1.5177441E-13 -1.5096465E-13
   2057880.      1.7371500E-11  4.5771698E-19 -1.4852181E-13 -1.4772950E-13
   2080290.      1.6861700E-11  4.3949998E-19 -1.4533928E-13 -1.4456349E-13
   2102940.      1.6366899E-11  4.2200801E-19 -1.4222522E-13 -1.4146628E-13
   2125840.      1.5886700E-11  4.0521200E-19 -1.3917751E-13 -1.3843485E-13
   2148990.      1.5420500E-11  3.8908399E-19 -1.3619513E-13 -1.3546830E-13
   2172390.      1.4968001E-11  3.7359801E-19 -1.3327687E-13 -1.3256570E-13
   2196040.      1.4528700E-11  3.5872900E-19 -1.3042148E-13 -1.2972581E-13
   2219960.      1.4102400E-11  3.4445101E-19 -1.2762611E-13 -1.2694510E-13
   2244130.      1.3688600E-11  3.3074199E-19 -1.2489182E-13 -1.2422528E-13
   2268570.      1.3286900E-11  3.1757801E-19 -1.2221521E-13 -1.2156316E-13
   2293270.      1.2897000E-11  3.0493900E-19 -1.1959681E-13 -1.1895855E-13
   2318240.      1.2518500E-11  2.9280201E-19 -1.1703422E-13 -1.1640981E-13
   2343490.      1.2151200E-11  2.8114799E-19 -1.1452577E-13 -1.1391483E-13
   2369010.      1.1794600E-11  2.6995900E-19 -1.1207182E-13 -1.1147374E-13
   2394800.      1.1448500E-11  2.5921400E-19 -1.0967097E-13 -1.0908573E-13
   2420880.      1.1112600E-11  2.4889699E-19 -1.0732071E-13 -1.0674805E-13
   2447240.      1.0786500E-11  2.3899099E-19 -1.0502121E-13 -1.0446081E-13
   2473890.      1.0469900E-11  2.2947900E-19 -1.0277062E-13 -1.0222236E-13
   2500830.      1.0162700E-11  2.2034600E-19 -1.0056847E-13 -1.0003170E-13
   2528060.      9.8644903E-12  2.1157600E-19 -9.8413682E-14 -9.7888440E-14
   2555590.      9.5750196E-12  2.0315500E-19 -9.6304644E-14 -9.5790780E-14
   2583420.      9.2940499E-12  1.9506900E-19 -9.4241008E-14 -9.3738141E-14
   2611550.      9.0213201E-12  1.8730600E-19 -9.2221729E-14 -9.1729569E-14
   2639990.      8.7565901E-12  1.7985100E-19 -9.0245397E-14 -8.9763924E-14
   2668740.      8.4996402E-12  1.7269300E-19 -8.8311472E-14 -8.7840285E-14
   2697800.      8.2502200E-12  1.6581900E-19 -8.6419119E-14 -8.5958103E-14
   2727170.      8.0081202E-12  1.5922000E-19 -8.4567858E-14 -8.4116477E-14
   2756870.      7.7731198E-12  1.5288300E-19 -8.2755498E-14 -8.2313950E-14
   2786890.      7.5450297E-12  1.4679800E-19 -8.0982306E-14 -8.0550245E-14
   2817240.      7.3236200E-12  1.4095500E-19 -7.9246769E-14 -7.8823964E-14
   2847920.      7.1087099E-12  1.3534500E-19 -7.7548496E-14 -7.7134811E-14
   2878930.      6.9001098E-12  1.2995800E-19 -7.5887010E-14 -7.5482101E-14
   2910280.      6.6976299E-12  1.2478600E-19 -7.4260802E-14 -7.3864580E-14
   2941970.      6.5010900E-12  1.1981999E-19 -7.2669687E-14 -7.2281767E-14
   2974000.      6.3103199E-12  1.1505100E-19 -7.1112732E-14 -7.0733282E-14
   3006390.      6.1251499E-12  1.1047200E-19 -6.9588710E-14 -6.9217364E-14
   3039130.      5.9454100E-12  1.0607500E-19 -6.8097465E-14 -6.7734074E-14
   3072220.      5.7709401E-12  1.0185300E-19 -6.6638379E-14 -6.6282829E-14
   3105670.      5.6015999E-12  9.7799199E-20 -6.5210532E-14 -6.4862727E-14
   3139490.      5.4372201E-12  9.3906700E-20 -6.3813260E-14 -6.3472719E-14
   3173680.      5.2776698E-12  9.0169201E-20 -6.2445742E-14 -6.2112499E-14
   3208240.      5.1228002E-12  8.6580497E-20 -6.1107613E-14 -6.0781553E-14
   3243170.      4.9724699E-12  8.3134501E-20 -5.9798392E-14 -5.9479270E-14
   3278490.      4.8265602E-12  7.9825701E-20 -5.8516885E-14 -5.8204702E-14
   3314190.      4.6849300E-12  7.6648598E-20 -5.7262978E-14 -5.6957477E-14
   3350280.      4.5474501E-12  7.3598001E-20 -5.6035997E-14 -5.5736980E-14
   3386760.      4.4140100E-12  7.0668702E-20 -5.4835361E-14 -5.4542688E-14
   3423640.      4.2844799E-12  6.7856101E-20 -5.3660289E-14 -5.3373979E-14
   3460920.      4.1587502E-12  6.5155401E-20 -5.2510483E-14 -5.2230301E-14
   3498610.      4.0367202E-12  6.2562203E-20 -5.1385176E-14 -5.1111049E-14
   3536710.      3.9182598E-12  6.0072202E-20 -5.0284087E-14 -5.0015710E-14
   3575220.      3.8032802E-12  5.7681301E-20 -4.9206668E-14 -4.8944071E-14
   3614150.      3.6916802E-12  5.5385597E-20 -4.8152224E-14 -4.7895315E-14
   3653510.      3.5833400E-12  5.3181199E-20 -4.7120358E-14 -4.6868932E-14
   3693290.      3.4781900E-12  5.1064599E-20 -4.6110783E-14 -4.5864720E-14
   3733510.      3.3761301E-12  4.9032200E-20 -4.5122604E-14 -4.4881884E-14
   3774160.      3.2770600E-12  4.7080700E-20 -4.4155858E-14 -4.3920234E-14
   3815260.      3.1808900E-12  4.5206800E-20 -4.3209607E-14 -4.2979092E-14
   3856810.      3.0875500E-12  4.3407602E-20 -4.2283664E-14 -4.2058015E-14
   3898800.      2.9969499E-12  4.1679899E-20 -4.1377759E-14 -4.1156985E-14
   3941260.      2.9090001E-12  4.0021102E-20 -4.0491024E-14 -4.0274987E-14
   3984180.      2.8236400E-12  3.8428200E-20 -3.9623310E-14 -3.9411911E-14
   4027560.      2.7407800E-12  3.6898702E-20 -3.8774332E-14 -3.8567477E-14
   4071420.      2.6603600E-12  3.5430201E-20 -3.7943478E-14 -3.7741023E-14
   4115750.      2.5822901E-12  3.4020000E-20 -3.7130492E-14 -3.6932371E-14
   4160570.      2.5065100E-12  3.2665999E-20 -3.6334840E-14 -3.6140904E-14
   4205880.      2.4329601E-12  3.1365900E-20 -3.5556170E-14 -3.5366451E-14
   4251680.      2.3615699E-12  3.0117501E-20 -3.4794274E-14 -3.4608587E-14
   4297970.      2.2922701E-12  2.8918800E-20 -3.4048797E-14 -3.3867152E-14
   4344780.      2.2249999E-12  2.7767901E-20 -3.3319098E-14 -3.3141292E-14
   4392090.      2.1597099E-12  2.6662700E-20 -3.2605104E-14 -3.2431167E-14
   4439910.      2.0963400E-12  2.5601500E-20 -3.1906579E-14 -3.1736298E-14
   4488260.      2.0348200E-12  2.4582599E-20 -3.1222858E-14 -3.1056209E-14
   4537140.      1.9751100E-12  2.3604200E-20 -3.0553732E-14 -3.0390712E-14
   4586540.      1.9171500E-12  2.2664700E-20 -2.9899121E-14 -2.9739540E-14
   4636490.      1.8608899E-12  2.1762600E-20 -2.9258327E-14 -2.9102270E-14
   4686970.      1.8062900E-12  2.0896500E-20 -2.8631482E-14 -2.8478755E-14
   4738010.      1.7532800E-12  2.0064801E-20 -2.8017983E-14 -2.7868485E-14
   4789600.      1.7018300E-12  1.9266200E-20 -2.7417677E-14 -2.7271342E-14
   4841760.      1.6518900E-12  1.8499400E-20 -2.6830099E-14 -2.6686950E-14
   4894480.      1.6034200E-12  1.7763099E-20 -2.6255216E-14 -2.6115125E-14
   4947780.      1.5563701E-12  1.7056101E-20 -2.5692586E-14 -2.5555509E-14
   5001660.      1.5107000E-12  1.6377300E-20 -2.5142055E-14 -2.5007858E-14
   5056120.      1.4663700E-12  1.5725500E-20 -2.4603346E-14 -2.4472047E-14
   5111180.      1.4233400E-12  1.5099600E-20 -2.4076095E-14 -2.3947639E-14
   5166840.      1.3815700E-12  1.4498600E-20 -2.3560196E-14 -2.3434478E-14
   5223100.      1.3410300E-12  1.3921600E-20 -2.3055380E-14 -2.2932348E-14
   5279980.      1.3016700E-12  1.3367500E-20 -2.2561285E-14 -2.2440932E-14
   5337470.      1.2634800E-12  1.2835500E-20 -2.2077885E-14 -2.1960088E-14
   5395590.      1.2263999E-12  1.2324600E-20 -2.1604820E-14 -2.1489549E-14
   5454350.      1.1904100E-12  1.1834100E-20 -2.1141844E-14 -2.1029014E-14
   5513740.      1.1554800E-12  1.1363100E-20 -2.0688831E-14 -2.0578450E-14
   5573780.      1.1215700E-12  1.0910800E-20 -2.0245531E-14 -2.0137512E-14
   5634480.      1.0886600E-12  1.0476600E-20 -1.9811643E-14 -1.9705954E-14
   5695830.      1.0567200E-12  1.0059600E-20 -1.9387146E-14 -1.9283730E-14
   5757860.      1.0257100E-12  9.6592198E-21 -1.8971705E-14 -1.8870476E-14
   5820550.      9.9560898E-13  9.2747804E-21 -1.8565236E-14 -1.8466167E-14
   5883940.      9.6639298E-13  8.9056397E-21 -1.8167381E-14 -1.8070409E-14
   5948010.      9.3803502E-13  8.5511896E-21 -1.7778090E-14 -1.7683232E-14
   6012780.      9.1050897E-13  8.2108500E-21 -1.7397144E-14 -1.7304300E-14
   6078250.      8.8379000E-13  7.8840499E-21 -1.7024371E-14 -1.6933552E-14
   6144440.      8.5785600E-13  7.5702697E-21 -1.6659564E-14 -1.6570682E-14
   6211350.      8.3268201E-13  7.2689700E-21 -1.6302553E-14 -1.6215587E-14
   6278990.      8.0824800E-13  6.9796603E-21 -1.5953242E-14 -1.5868102E-14
   6347360.      7.8452999E-13  6.7018698E-21 -1.5611412E-14 -1.5528096E-14
   6416480.      7.6150902E-13  6.4351299E-21 -1.5276886E-14 -1.5195373E-14
   6486350.      7.3916199E-13  6.1790101E-21 -1.4949540E-14 -1.4869750E-14
   6556980.      7.1747198E-13  5.9330802E-21 -1.4629189E-14 -1.4551159E-14
   6628380.      6.9641802E-13  5.6969399E-21 -1.4315719E-14 -1.4239349E-14
   6700560.      6.7598200E-13  5.4701999E-21 -1.4008981E-14 -1.3934226E-14
   6773520.      6.5614598E-13  5.2524899E-21 -1.3708820E-14 -1.3635654E-14
   6847280.      6.3689098E-13  5.0434301E-21 -1.3415051E-14 -1.3343479E-14
   6921850.      6.1820200E-13  4.8426998E-21 -1.3127561E-14 -1.3057522E-14
   6997220.      6.0006102E-13  4.6499599E-21 -1.2846275E-14 -1.2777736E-14
   7073410.      5.8245298E-13  4.4648899E-21 -1.2571033E-14 -1.2503942E-14
   7150440.      5.6536102E-13  4.2871899E-21 -1.2301648E-14 -1.2236000E-14
   7228300.      5.4877099E-13  4.1165600E-21 -1.2038042E-14 -1.1973818E-14
   7307010.      5.3266701E-13  3.9527100E-21 -1.1780106E-14 -1.1717254E-14
   7386580.      5.1703699E-13  3.7953999E-21 -1.1527674E-14 -1.1466166E-14
   7467020.      5.0186401E-13  3.6443401E-21 -1.1280636E-14 -1.1220458E-14
   7548330.      4.8713702E-13  3.4992898E-21 -1.1038917E-14 -1.0980014E-14
   7630520.      4.7284301E-13  3.3600200E-21 -1.0802398E-14 -1.0744759E-14
   7713610.      4.5896701E-13  3.2262899E-21 -1.0570930E-14 -1.0514520E-14
   7797610.      4.4549900E-13  3.0978800E-21 -1.0344396E-14 -1.0289212E-14
   7882520.      4.3242601E-13  2.9745801E-21 -1.0122745E-14 -1.0068734E-14
   7968350.      4.1973700E-13  2.8561900E-21 -9.9058394E-15 -9.8529939E-15
