1 1 1 0.000 
1 1 2 0.000 
1 1 3 0.000 
1 1 4 0.000 
1 1 5 0.000 
1 1 6 0.000 
1 1 7 0.000 
1 1 8 0.000 
1 1 9 0.000 
1 1 10 0.000 
1 1 11 0.000 
1 1 12 0.000 
1 1 13 0.000 
1 1 14 0.000 
1 1 15 0.000 
1 1 16 0.000 
1 1 17 0.000 
1 1 18 0.000 
1 1 19 0.000 
1 1 20 0.000 
1 1 21 0.000 
1 1 22 0.000 
1 1 23 0.000 
1 1 24 0.000 
1 1 25 0.000 
1 1 26 0.000 
1 1 27 0.000 
1 1 28 0.000 
1 1 29 0.000 
1 1 30 0.000 
1 1 31 0.000 
1 1 32 0.000 
1 1 33 0.000 
1 1 34 0.000 
1 1 35 0.000 
1 1 36 0.000 
1 1 37 0.000 
1 1 38 0.000 
1 1 39 0.000 
1 1 40 0.000 
1 1 41 0.000 
1 1 42 0.000 
1 1 43 0.000 
1 1 44 0.000 
1 1 45 0.000 
1 1 46 0.000 
1 1 47 0.000 
1 1 48 0.000 
1 1 49 0.000 
1 2 1 0.000 
1 2 2 0.000 
1 2 3 0.000 
1 2 4 0.000 
1 2 5 0.000 
1 2 6 0.000 
1 2 7 0.000 
1 2 8 0.000 
1 2 9 0.000 
1 2 10 0.000 
1 2 11 0.000 
1 2 12 0.000 
1 2 13 0.000 
1 2 14 0.000 
1 2 15 0.000 
1 2 16 0.000 
1 2 17 0.000 
1 2 18 0.000 
1 2 19 0.000 
1 2 20 0.000 
1 2 21 0.000 
1 2 22 0.000 
1 2 23 0.000 
1 2 24 0.000 
1 2 25 0.000 
1 2 26 0.000 
1 2 27 0.000 
1 2 28 0.000 
1 2 29 0.000 
1 2 30 0.000 
1 2 31 0.000 
1 2 32 0.000 
1 2 33 0.000 
1 2 34 0.000 
1 2 35 0.000 
1 2 36 0.000 
1 2 37 0.000 
1 2 38 0.000 
1 2 39 0.000 
1 2 40 0.000 
1 2 41 0.000 
1 2 42 0.000 
1 2 43 0.000 
1 2 44 0.000 
1 2 45 0.000 
1 2 46 0.000 
1 2 47 0.000 
1 2 48 0.000 
1 2 49 0.000 
1 3 1 0.000 
1 3 2 0.000 
1 3 3 0.000 
1 3 4 0.000 
1 3 5 0.000 
1 3 6 0.000 
1 3 7 0.000 
1 3 8 0.000 
1 3 9 0.000 
1 3 10 0.000 
1 3 11 0.000 
1 3 12 0.000 
1 3 13 0.000 
1 3 14 0.000 
1 3 15 0.000 
1 3 16 0.000 
1 3 17 0.000 
1 3 18 0.000 
1 3 19 0.000 
1 3 20 0.000 
1 3 21 0.000 
1 3 22 0.000 
1 3 23 0.000 
1 3 24 0.000 
1 3 25 0.000 
1 4 1 0.000 
1 4 2 0.000 
1 4 3 0.000 
1 4 4 0.000 
1 4 5 0.000 
1 4 6 0.000 
1 4 7 0.000 
1 4 8 0.000 
1 4 9 0.000 
1 4 10 0.000 
1 4 11 0.000 
1 4 12 0.000 
1 4 13 0.000 
1 4 14 0.000 
1 4 15 0.000 
1 4 16 0.000 
1 4 17 0.000 
1 4 18 0.000 
1 4 19 0.000 
1 4 20 0.000 
1 4 21 0.000 
1 4 22 0.000 
1 4 23 0.000 
1 4 24 0.000 
1 4 25 0.000 
1 5 1 0.000 
1 5 2 0.000 
1 5 3 0.000 
1 5 4 0.000 
1 5 5 0.000 
1 5 6 0.000 
1 5 7 0.000 
1 6 1 0.000 
1 6 2 0.000 
1 6 3 0.000 
1 6 4 0.000 
1 6 5 0.000 
1 6 6 0.000 
1 6 7 0.000 
2 1 1 0.912 
2 1 2 0.996 
2 1 3 3.183 
2 1 4 0.821 
2 1 5 1.000 
2 1 6 1.180 
2 1 7 1.222 
2 1 8 1.000 
2 1 9 1.000 
2 1 10 1.000 
2 1 11 0.000 
2 1 12 0.000 
2 1 13 0.000 
2 1 14 0.000 
2 1 15 0.000 
2 1 16 0.000 
2 1 17 0.000 
2 1 18 1.507 
2 1 19 1.425 
2 1 20 1.091 
2 1 21 0.887 
2 1 22 0.838 
2 1 23 1.239 
2 1 24 1.102 
2 1 25 3.732 
2 1 26 3.769 
2 1 27 1.587 
2 1 28 1.000 
2 1 29 0.000 
2 1 30 0.000 
2 1 31 0.000 
2 1 32 0.000 
2 1 33 0.000 
2 1 34 0.000 
2 1 35 0.964 
2 1 36 0.880 
2 1 37 1.134 
2 1 38 0.991 
2 1 39 1.071 
2 1 40 1.077 
2 1 41 1.187 
2 1 42 0.857 
2 1 43 0.939 
2 1 44 0.743 
2 1 45 4.500 
2 1 46 1.491 
2 1 47 0.000 
2 1 48 0.000 
2 1 49 0.000 
2 1 50 0.000 
2 1 51 0.000 
2 1 52 1.148 
2 1 53 0.902 
2 1 54 0.973 
2 1 55 0.855 
2 1 56 0.959 
2 1 57 0.962 
2 1 58 0.914 
2 1 59 0.719 
2 1 60 1.209 
2 1 61 0.970 
2 1 62 3.786 
2 1 63 1.136 
2 1 64 3.139 
2 1 65 0.000 
2 1 66 0.000 
2 1 67 0.000 
2 1 68 0.000 
2 1 69 0.899 
2 1 70 1.040 
2 1 71 1.077 
2 1 72 1.031 
2 1 73 1.000 
2 1 74 1.412 
2 1 75 1.506 
2 1 76 0.885 
2 1 77 1.089 
2 1 78 1.164 
2 1 79 1.393 
2 1 80 0.978 
2 1 81 1.323 
2 1 82 2.835 
2 1 83 0.800 
2 1 84 0.000 
2 1 85 0.000 
2 1 86 1.029 
2 1 87 1.048 
2 1 88 0.879 
2 1 89 0.958 
2 1 90 1.257 
2 1 91 0.826 
2 1 92 1.054 
2 1 93 1.014 
2 1 94 1.044 
2 1 95 0.830 
2 1 96 0.726 
2 1 97 1.506 
2 1 98 0.796 
2 1 99 1.345 
2 1 100 3.533 
2 1 101 0.000 
2 1 102 0.000 
2 1 103 1.087 
2 1 104 0.758 
2 1 105 0.948 
2 1 106 0.979 
2 1 107 0.835 
2 1 108 0.951 
2 1 109 0.722 
2 1 110 1.005 
2 1 111 0.960 
2 1 112 0.961 
2 1 113 0.857 
2 1 114 0.881 
2 1 115 1.339 
2 1 116 0.771 
2 1 117 0.744 
2 1 118 1.464 
2 1 119 0.000 
2 1 120 1.058 
2 1 121 1.224 
2 1 122 0.960 
2 1 123 0.844 
2 1 124 0.890 
2 1 125 1.034 
2 1 126 0.989 
2 1 127 0.959 
2 1 128 0.977 
2 1 129 1.114 
2 1 130 4.396 
2 1 131 1.058 
2 1 132 0.474 
2 1 133 1.137 
2 1 134 1.485 
2 1 135 4.500 
2 1 136 4.500 
2 1 137 1.201 
2 1 138 1.240 
2 1 139 0.814 
2 1 140 0.906 
2 1 141 1.526 
2 1 142 1.175 
2 1 143 0.958 
2 1 144 0.867 
2 1 145 1.308 
2 1 146 0.845 
2 1 147 0.965 
2 1 148 0.766 
2 1 149 0.960 
2 1 150 1.132 
2 1 151 1.157 
2 1 152 0.594 
2 1 153 4.234 
2 1 154 0.000 
2 1 155 0.000 
2 1 156 0.000 
2 1 157 0.000 
2 1 158 0.000 
2 1 159 0.000 
2 1 160 0.000 
2 1 161 0.000 
2 1 162 0.806 
2 1 163 0.978 
2 1 164 1.113 
2 1 165 0.960 
2 1 166 0.737 
2 1 167 0.722 
2 1 168 1.198 
2 1 169 0.565 
2 1 170 4.500 
2 1 171 0.000 
2 1 172 0.000 
2 1 173 0.000 
2 1 174 0.000 
2 1 175 0.000 
2 1 176 0.000 
2 1 177 0.000 
2 1 178 0.000 
2 1 179 1.067 
2 1 180 1.009 
2 1 181 1.088 
2 1 182 0.963 
2 1 183 1.061 
2 1 184 0.909 
2 1 185 1.428 
2 1 186 0.907 
2 1 187 4.500 
2 1 188 0.000 
2 1 189 0.000 
2 1 190 0.000 
2 1 191 0.000 
2 1 192 0.000 
2 1 193 0.000 
2 1 194 0.000 
2 1 195 0.000 
2 1 196 0.619 
2 1 197 0.926 
2 1 198 0.711 
2 1 199 1.078 
2 1 200 0.711 
2 1 201 1.107 
2 1 202 0.929 
2 1 203 1.178 
2 1 204 4.500 
2 1 205 0.000 
2 1 206 0.000 
2 1 207 0.000 
2 1 208 0.000 
2 1 209 0.000 
2 1 210 0.000 
2 1 211 0.000 
2 1 212 0.000 
2 1 213 1.063 
2 1 214 0.938 
2 1 215 1.110 
2 1 216 0.740 
2 1 217 0.969 
2 1 218 0.906 
2 1 219 1.182 
2 1 220 1.007 
2 1 221 4.500 
2 1 222 0.000 
2 1 223 0.000 
2 1 224 0.000 
2 1 225 0.000 
2 1 226 0.000 
2 1 227 0.000 
2 1 228 0.000 
2 1 229 0.000 
2 1 230 1.176 
2 1 231 1.111 
2 1 232 0.931 
2 1 233 0.950 
2 1 234 1.160 
2 1 235 0.771 
2 1 236 1.075 
2 1 237 0.861 
2 1 238 4.500 
2 1 239 0.000 
2 1 240 0.000 
2 1 241 0.000 
2 1 242 0.000 
2 1 243 0.000 
2 1 244 0.000 
2 1 245 0.000 
2 1 246 0.000 
2 1 247 0.795 
2 1 248 0.921 
2 1 249 0.984 
2 1 250 0.908 
2 1 251 1.024 
2 1 252 1.140 
2 1 253 0.562 
2 1 254 1.322 
2 1 255 2.091 
2 1 256 0.000 
2 1 257 0.000 
2 1 258 0.000 
2 1 259 0.000 
2 1 260 0.000 
2 1 261 0.000 
2 1 262 0.000 
2 1 263 0.000 
2 1 264 0.640 
2 1 265 0.893 
2 1 266 0.911 
2 1 267 0.830 
2 1 268 1.061 
2 1 269 1.088 
2 1 270 0.832 
2 1 271 1.016 
2 1 272 1.707 
2 1 273 0.000 
2 1 274 0.000 
2 1 275 0.000 
2 1 276 0.000 
2 1 277 0.000 
2 1 278 0.000 
2 1 279 0.000 
2 1 280 0.000 
2 1 281 1.128 
2 1 282 0.776 
2 1 283 0.759 
2 1 284 1.013 
2 1 285 0.820 
2 1 286 0.994 
2 1 287 1.000 
2 1 288 0.857 
2 1 289 4.476 
2 1 290 0.000 
2 1 291 0.000 
2 1 292 0.000 
2 1 293 0.000 
2 1 294 0.000 
2 1 295 0.000 
2 1 296 0.000 
2 1 297 0.000 
2 1 298 1.124 
2 1 299 1.446 
2 1 300 0.899 
2 1 301 1.089 
2 1 302 1.061 
2 1 303 1.116 
2 1 304 1.026 
2 1 305 1.085 
2 1 306 4.500 
2 1 307 0.000 
2 1 308 0.000 
2 1 309 0.000 
2 1 310 0.000 
2 1 311 0.000 
2 1 312 0.000 
2 1 313 0.000 
2 1 314 0.000 
2 1 315 1.244 
2 1 316 1.182 
2 1 317 0.866 
2 1 318 0.926 
2 1 319 0.904 
2 1 320 0.972 
2 1 321 0.969 
2 1 322 0.778 
2 1 323 1.329 
2 1 324 0.000 
2 1 325 0.000 
2 1 326 0.000 
2 1 327 0.000 
2 1 328 0.000 
2 1 329 0.000 
2 1 330 0.000 
2 1 331 0.000 
2 1 332 0.934 
2 1 333 0.978 
2 1 334 0.985 
2 1 335 1.198 
2 1 336 0.981 
2 1 337 0.932 
2 1 338 0.856 
2 1 339 0.822 
2 1 340 0.925 
2 1 341 0.000 
2 1 342 0.000 
2 1 343 0.000 
2 1 344 0.000 
2 1 345 0.000 
2 1 346 0.000 
2 1 347 0.000 
2 1 348 0.000 
2 1 349 0.951 
2 1 350 1.046 
2 1 351 1.016 
2 1 352 1.029 
2 1 353 0.923 
2 1 354 1.036 
2 1 355 1.009 
2 1 356 1.232 
2 1 357 1.264 
2 1 358 0.000 
2 1 359 0.000 
2 1 360 0.000 
2 1 361 0.000 
2 1 362 0.000 
2 1 363 0.000 
2 1 364 0.000 
2 1 365 0.000 
2 1 366 1.068 
2 1 367 1.049 
2 1 368 0.805 
2 1 369 0.818 
2 1 370 0.972 
2 1 371 1.063 
2 1 372 0.981 
2 1 373 0.839 
2 1 374 2.246 
2 1 375 0.000 
2 1 376 0.000 
2 1 377 0.000 
2 1 378 0.000 
2 1 379 0.000 
2 1 380 0.000 
2 1 381 0.000 
2 1 382 0.000 
2 1 383 1.227 
2 1 384 1.163 
2 1 385 1.037 
2 1 386 0.935 
2 1 387 0.957 
2 1 388 1.091 
2 1 389 1.052 
2 1 390 1.202 
2 1 391 1.079 
2 1 392 0.000 
2 1 393 0.000 
2 1 394 0.000 
2 1 395 0.000 
2 1 396 0.000 
2 1 397 0.000 
2 1 398 0.000 
2 1 399 0.000 
2 1 400 1.001 
2 1 401 1.066 
2 1 402 0.921 
2 1 403 0.995 
2 1 404 1.017 
2 1 405 1.024 
2 1 406 0.850 
2 1 407 0.813 
2 1 408 0.670 
2 1 409 0.000 
2 1 410 0.000 
2 1 411 0.000 
2 1 412 0.000 
2 1 413 0.000 
2 1 414 0.000 
2 1 415 0.000 
2 1 416 0.000 
2 1 417 1.011 
2 1 418 0.907 
2 1 419 1.040 
2 1 420 0.993 
2 1 421 0.989 
2 1 422 1.100 
2 1 423 1.014 
2 1 424 0.792 
2 1 425 4.334 
2 1 426 1.447 
2 1 427 0.946 
2 1 428 1.182 
2 1 429 1.128 
2 1 430 1.127 
2 1 431 0.835 
2 1 432 0.799 
2 1 433 0.918 
2 1 434 0.907 
2 1 435 1.127 
2 1 436 0.980 
2 1 437 1.021 
2 1 438 0.946 
2 1 439 1.016 
2 1 440 0.946 
2 1 441 1.301 
2 1 442 0.979 
2 1 443 1.095 
2 1 444 1.014 
2 1 445 1.017 
2 1 446 1.036 
2 1 447 0.819 
2 1 448 1.028 
2 1 449 1.100 
2 1 450 1.129 
2 1 451 1.003 
2 1 452 0.996 
2 1 453 1.135 
2 1 454 0.933 
2 1 455 0.953 
2 1 456 1.015 
2 1 457 1.143 
2 1 458 0.931 
2 1 459 1.287 
2 1 460 0.948 
2 1 461 0.935 
2 1 462 1.144 
2 1 463 0.872 
2 1 464 1.143 
2 1 465 0.978 
2 1 466 0.807 
2 1 467 0.912 
2 1 468 1.005 
2 1 469 1.007 
2 1 470 1.083 
2 1 471 1.362 
2 1 472 0.985 
2 1 473 0.896 
2 1 474 1.000 
2 1 475 0.652 
2 1 476 0.000 
2 1 477 0.852 
2 1 478 1.087 
2 1 479 1.104 
2 1 480 0.958 
2 1 481 0.944 
2 1 482 0.901 
2 1 483 1.100 
2 1 484 0.934 
2 1 485 1.087 
2 1 486 1.003 
2 1 487 1.011 
2 1 488 0.920 
2 1 489 0.798 
2 1 490 1.323 
2 1 491 0.737 
2 1 492 0.000 
2 1 493 0.000 
2 1 494 1.124 
2 1 495 1.018 
2 1 496 1.115 
2 1 497 0.993 
2 1 498 0.976 
2 1 499 0.982 
2 1 500 1.086 
2 1 501 0.930 
2 1 502 1.052 
2 1 503 0.993 
2 1 504 1.069 
2 1 505 0.913 
2 1 506 0.479 
2 1 507 0.479 
2 1 508 0.000 
2 1 509 0.000 
2 1 510 0.000 
2 1 511 1.112 
2 1 512 1.098 
2 1 513 0.953 
2 1 514 0.893 
2 1 515 0.967 
2 1 516 0.989 
2 1 517 1.107 
2 1 518 0.973 
2 1 519 1.003 
2 1 520 1.005 
2 1 521 1.107 
2 1 522 2.000 
2 1 523 0.514 
2 1 524 0.000 
2 1 525 0.000 
2 1 526 0.000 
2 1 527 0.000 
2 1 528 3.676 
2 1 529 0.965 
2 1 530 1.032 
2 1 531 0.870 
2 1 532 0.947 
2 1 533 1.200 
2 1 534 0.911 
2 1 535 0.802 
2 1 536 0.976 
2 1 537 0.918 
2 1 538 1.200 
2 1 539 1.542 
2 1 540 0.000 
2 1 541 0.000 
2 1 542 0.000 
2 1 543 0.000 
2 1 544 0.000 
2 1 545 0.888 
2 1 546 1.422 
2 1 547 0.840 
2 1 548 1.984 
2 1 549 1.300 
2 1 550 1.200 
2 1 551 1.316 
2 1 552 1.016 
2 1 553 0.798 
2 1 554 1.485 
2 1 555 1.020 
2 1 556 0.000 
2 1 557 0.000 
2 1 558 0.000 
2 1 559 0.000 
2 1 560 0.000 
2 1 561 0.000 
2 1 562 1.209 
2 1 563 0.681 
2 1 564 2.216 
2 1 565 1.455 
2 1 566 1.000 
2 1 567 0.609 
2 1 568 1.069 
2 1 569 1.146 
2 1 570 0.963 
2 1 571 1.419 
2 1 572 0.000 
2 1 573 0.000 
2 1 574 0.000 
2 1 575 0.000 
2 1 576 0.000 
2 1 577 0.000 
2 1 578 0.000 
2 2 1 2.125 
2 2 2 3.919 
2 2 3 4.500 
2 2 4 1.705 
2 2 5 2.425 
2 2 6 4.414 
2 2 7 3.514 
2 2 8 1.599 
2 2 9 1.131 
2 2 10 2.242 
2 2 11 0.000 
2 2 12 0.000 
2 2 13 0.000 
2 2 14 0.000 
2 2 15 0.000 
2 2 16 0.000 
2 2 17 0.000 
2 2 18 0.995 
2 2 19 2.525 
2 2 20 1.105 
2 2 21 0.860 
2 2 22 1.164 
2 2 23 0.942 
2 2 24 0.935 
2 2 25 1.005 
2 2 26 0.875 
2 2 27 0.957 
2 2 28 0.658 
2 2 29 0.000 
2 2 30 0.000 
2 2 31 0.000 
2 2 32 0.000 
2 2 33 0.000 
2 2 34 0.000 
2 2 35 0.500 
2 2 36 1.342 
2 2 37 0.618 
2 2 38 1.043 
2 2 39 1.130 
2 2 40 1.137 
2 2 41 0.711 
2 2 42 0.690 
2 2 43 1.387 
2 2 44 1.252 
2 2 45 0.777 
2 2 46 0.527 
2 2 47 0.000 
2 2 48 0.000 
2 2 49 0.000 
2 2 50 0.000 
2 2 51 0.000 
2 2 52 1.018 
2 2 53 0.881 
2 2 54 0.795 
2 2 55 0.858 
2 2 56 0.947 
2 2 57 0.945 
2 2 58 1.231 
2 2 59 0.808 
2 2 60 0.972 
2 2 61 1.010 
2 2 62 1.004 
2 2 63 1.630 
2 2 64 3.787 
2 2 65 0.000 
2 2 66 0.000 
2 2 67 0.000 
2 2 68 0.000 
2 2 69 0.918 
2 2 70 1.196 
2 2 71 1.190 
2 2 72 0.992 
2 2 73 1.075 
2 2 74 1.181 
2 2 75 1.085 
2 2 76 0.739 
2 2 77 1.099 
2 2 78 1.014 
2 2 79 0.944 
2 2 80 1.145 
2 2 81 1.035 
2 2 82 1.294 
2 2 83 0.000 
2 2 84 0.000 
2 2 85 0.000 
2 2 86 0.992 
2 2 87 0.887 
2 2 88 1.000 
2 2 89 0.862 
2 2 90 0.942 
2 2 91 0.999 
2 2 92 1.131 
2 2 93 0.918 
2 2 94 0.905 
2 2 95 0.834 
2 2 96 1.193 
2 2 97 0.889 
2 2 98 1.035 
2 2 99 0.821 
2 2 100 4.500 
2 2 101 0.000 
2 2 102 0.000 
2 2 103 1.365 
2 2 104 0.708 
2 2 105 0.619 
2 2 106 1.182 
2 2 107 0.557 
2 2 108 0.773 
2 2 109 0.924 
2 2 110 1.057 
2 2 111 0.917 
2 2 112 1.174 
2 2 113 0.977 
2 2 114 4.500 
2 2 115 0.764 
2 2 116 1.053 
2 2 117 0.848 
2 2 118 4.500 
2 2 119 0.000 
2 2 120 1.174 
2 2 121 1.548 
2 2 122 0.925 
2 2 123 0.990 
2 2 124 1.059 
2 2 125 0.913 
2 2 126 1.036 
2 2 127 0.947 
2 2 128 1.283 
2 2 129 0.916 
2 2 130 1.136 
2 2 131 0.948 
2 2 132 0.934 
2 2 133 1.293 
2 2 134 1.532 
2 2 135 0.816 
2 2 136 4.500 
2 2 137 1.159 
2 2 138 0.682 
2 2 139 0.847 
2 2 140 1.223 
2 2 141 1.099 
2 2 142 0.751 
2 2 143 3.517 
2 2 144 0.722 
2 2 145 0.962 
2 2 146 0.993 
2 2 147 1.046 
2 2 148 1.011 
2 2 149 0.995 
2 2 150 1.149 
2 2 151 1.267 
2 2 152 0.759 
2 2 153 2.452 
2 2 154 0.000 
2 2 155 0.000 
2 2 156 0.000 
2 2 157 0.000 
2 2 158 0.000 
2 2 159 0.000 
2 2 160 0.000 
2 2 161 0.000 
2 2 162 1.013 
2 2 163 0.937 
2 2 164 0.812 
2 2 165 1.050 
2 2 166 1.203 
2 2 167 1.063 
2 2 168 0.548 
2 2 169 0.862 
2 2 170 1.292 
2 2 171 0.000 
2 2 172 0.000 
2 2 173 0.000 
2 2 174 0.000 
2 2 175 0.000 
2 2 176 0.000 
2 2 177 0.000 
2 2 178 0.000 
2 2 179 0.967 
2 2 180 0.979 
2 2 181 0.854 
2 2 182 1.006 
2 2 183 1.111 
2 2 184 0.915 
2 2 185 0.806 
2 2 186 0.969 
2 2 187 4.500 
2 2 188 0.000 
2 2 189 0.000 
2 2 190 0.000 
2 2 191 0.000 
2 2 192 0.000 
2 2 193 0.000 
2 2 194 0.000 
2 2 195 0.000 
2 2 196 0.958 
2 2 197 0.935 
2 2 198 0.880 
2 2 199 0.937 
2 2 200 1.034 
2 2 201 0.974 
2 2 202 0.987 
2 2 203 1.135 
2 2 204 4.500 
2 2 205 0.000 
2 2 206 0.000 
2 2 207 0.000 
2 2 208 0.000 
2 2 209 0.000 
2 2 210 0.000 
2 2 211 0.000 
2 2 212 0.000 
2 2 213 1.025 
2 2 214 0.774 
2 2 215 0.974 
2 2 216 0.942 
2 2 217 0.899 
2 2 218 1.043 
2 2 219 1.045 
2 2 220 1.288 
2 2 221 2.452 
2 2 222 0.000 
2 2 223 0.000 
2 2 224 0.000 
2 2 225 0.000 
2 2 226 0.000 
2 2 227 0.000 
2 2 228 0.000 
2 2 229 0.000 
2 2 230 1.226 
2 2 231 1.235 
2 2 232 1.036 
2 2 233 0.881 
2 2 234 1.038 
2 2 235 1.027 
2 2 236 0.911 
2 2 237 0.733 
2 2 238 4.500 
2 2 239 0.000 
2 2 240 0.000 
2 2 241 0.000 
2 2 242 0.000 
2 2 243 0.000 
2 2 244 0.000 
2 2 245 0.000 
2 2 246 0.000 
2 2 247 0.849 
2 2 248 0.726 
2 2 249 1.404 
2 2 250 1.021 
2 2 251 1.000 
2 2 252 1.287 
2 2 253 0.811 
2 2 254 1.131 
2 2 255 4.334 
2 2 256 0.000 
2 2 257 0.000 
2 2 258 0.000 
2 2 259 0.000 
2 2 260 0.000 
2 2 261 0.000 
2 2 262 0.000 
2 2 263 0.000 
2 2 264 0.697 
2 2 265 0.908 
2 2 266 0.994 
2 2 267 0.890 
2 2 268 1.144 
2 2 269 0.720 
2 2 270 1.063 
2 2 271 1.128 
2 2 272 0.894 
2 2 273 0.000 
2 2 274 0.000 
2 2 275 0.000 
2 2 276 0.000 
2 2 277 0.000 
2 2 278 0.000 
2 2 279 0.000 
2 2 280 3.000 
2 2 281 3.000 
2 2 282 0.880 
2 2 283 0.929 
2 2 284 0.745 
2 2 285 0.775 
2 2 286 0.855 
2 2 287 1.083 
2 2 288 1.024 
2 2 289 1.039 
2 2 290 0.000 
2 2 291 0.000 
2 2 292 0.000 
2 2 293 0.000 
2 2 294 0.000 
2 2 295 0.000 
2 2 296 0.000 
2 2 297 0.000 
2 2 298 1.488 
2 2 299 0.839 
2 2 300 0.785 
2 2 301 1.027 
2 2 302 1.150 
2 2 303 0.962 
2 2 304 1.037 
2 2 305 0.985 
2 2 306 0.684 
2 2 307 0.000 
2 2 308 0.000 
2 2 309 0.000 
2 2 310 0.000 
2 2 311 0.000 
2 2 312 0.000 
2 2 313 0.000 
2 2 314 0.000 
2 2 315 1.304 
2 2 316 1.044 
2 2 317 1.169 
2 2 318 1.107 
2 2 319 1.232 
2 2 320 0.926 
2 2 321 1.016 
2 2 322 1.136 
2 2 323 3.651 
2 2 324 0.000 
2 2 325 0.000 
2 2 326 0.000 
2 2 327 0.000 
2 2 328 0.000 
2 2 329 0.800 
2 2 330 0.000 
2 2 331 0.000 
2 2 332 1.035 
2 2 333 1.065 
2 2 334 1.017 
2 2 335 0.945 
2 2 336 0.912 
2 2 337 0.983 
2 2 338 0.832 
2 2 339 1.436 
2 2 340 1.986 
2 2 341 0.000 
2 2 342 0.000 
2 2 343 0.000 
2 2 344 0.000 
2 2 345 0.000 
2 2 346 0.000 
2 2 347 0.000 
2 2 348 0.000 
2 2 349 1.084 
2 2 350 1.101 
2 2 351 1.043 
2 2 352 0.986 
2 2 353 1.022 
2 2 354 1.005 
2 2 355 1.038 
2 2 356 1.021 
2 2 357 2.476 
2 2 358 0.000 
2 2 359 0.000 
2 2 360 0.000 
2 2 361 0.000 
2 2 362 0.000 
2 2 363 0.000 
2 2 364 0.000 
2 2 365 0.000 
2 2 366 0.870 
2 2 367 1.240 
2 2 368 0.954 
2 2 369 1.075 
2 2 370 0.931 
2 2 371 1.130 
2 2 372 1.035 
2 2 373 1.141 
2 2 374 1.097 
2 2 375 0.000 
2 2 376 0.000 
2 2 377 0.000 
2 2 378 0.000 
2 2 379 0.000 
2 2 380 0.000 
2 2 381 0.000 
2 2 382 0.000 
2 2 383 1.024 
2 2 384 1.077 
2 2 385 0.926 
2 2 386 0.852 
2 2 387 1.058 
2 2 388 0.963 
2 2 389 0.921 
2 2 390 0.901 
2 2 391 1.173 
2 2 392 0.000 
2 2 393 0.000 
2 2 394 0.000 
2 2 395 0.000 
2 2 396 0.000 
2 2 397 0.000 
2 2 398 0.000 
2 2 399 0.000 
2 2 400 1.037 
2 2 401 1.177 
2 2 402 0.906 
2 2 403 1.600 
2 2 404 0.972 
2 2 405 1.020 
2 2 406 1.013 
2 2 407 0.934 
2 2 408 2.003 
2 2 409 0.000 
2 2 410 0.000 
2 2 411 0.000 
2 2 412 0.000 
2 2 413 0.000 
2 2 414 0.000 
2 2 415 0.000 
2 2 416 0.000 
2 2 417 0.846 
2 2 418 1.068 
2 2 419 1.006 
2 2 420 1.037 
2 2 421 0.966 
2 2 422 0.937 
2 2 423 0.984 
2 2 424 0.968 
2 2 425 2.716 
2 2 426 1.412 
2 2 427 1.079 
2 2 428 1.261 
2 2 429 1.332 
2 2 430 1.315 
2 2 431 0.894 
2 2 432 0.823 
2 2 433 1.065 
2 2 434 1.149 
2 2 435 0.932 
2 2 436 1.023 
2 2 437 1.003 
2 2 438 1.005 
2 2 439 1.051 
2 2 440 1.167 
2 2 441 1.370 
2 2 442 2.242 
2 2 443 1.060 
2 2 444 1.336 
2 2 445 0.869 
2 2 446 1.285 
2 2 447 1.289 
2 2 448 0.974 
2 2 449 1.133 
2 2 450 0.939 
2 2 451 0.971 
2 2 452 1.213 
2 2 453 0.946 
2 2 454 1.037 
2 2 455 0.965 
2 2 456 0.993 
2 2 457 0.962 
2 2 458 0.822 
2 2 459 2.262 
2 2 460 1.126 
2 2 461 0.954 
2 2 462 0.992 
2 2 463 1.066 
2 2 464 0.919 
2 2 465 1.000 
2 2 466 1.172 
2 2 467 0.909 
2 2 468 1.092 
2 2 469 1.008 
2 2 470 0.969 
2 2 471 1.080 
2 2 472 0.944 
2 2 473 0.979 
2 2 474 1.000 
2 2 475 1.017 
2 2 476 0.000 
2 2 477 0.925 
2 2 478 0.891 
2 2 479 0.950 
2 2 480 0.950 
2 2 481 0.847 
2 2 482 1.002 
2 2 483 1.078 
2 2 484 0.958 
2 2 485 0.958 
2 2 486 1.094 
2 2 487 0.986 
2 2 488 0.785 
2 2 489 0.987 
2 2 490 1.263 
2 2 491 1.211 
2 2 492 0.000 
2 2 493 0.000 
2 2 494 1.036 
2 2 495 1.110 
2 2 496 1.043 
2 2 497 1.109 
2 2 498 1.059 
2 2 499 1.131 
2 2 500 1.037 
2 2 501 0.928 
2 2 502 0.979 
2 2 503 0.971 
2 2 504 1.044 
2 2 505 1.052 
2 2 506 1.368 
2 2 507 0.613 
2 2 508 0.000 
2 2 509 0.000 
2 2 510 0.000 
2 2 511 0.917 
2 2 512 0.904 
2 2 513 1.037 
2 2 514 0.979 
2 2 515 1.019 
2 2 516 1.005 
2 2 517 0.997 
2 2 518 1.071 
2 2 519 0.989 
2 2 520 1.175 
2 2 521 1.039 
2 2 522 1.114 
2 2 523 0.932 
2 2 524 0.000 
2 2 525 0.000 
2 2 526 0.000 
2 2 527 0.000 
2 2 528 0.998 
2 2 529 0.946 
2 2 530 1.129 
2 2 531 1.022 
2 2 532 0.906 
2 2 533 0.999 
2 2 534 1.042 
2 2 535 1.072 
2 2 536 0.833 
2 2 537 0.635 
2 2 538 1.109 
2 2 539 0.854 
2 2 540 0.000 
2 2 541 0.000 
2 2 542 0.000 
2 2 543 0.000 
2 2 544 0.000 
2 2 545 0.936 
2 2 546 1.139 
2 2 547 0.945 
2 2 548 1.134 
2 2 549 0.973 
2 2 550 1.033 
2 2 551 1.178 
2 2 552 0.924 
2 2 553 1.218 
2 2 554 1.070 
2 2 555 1.050 
2 2 556 0.000 
2 2 557 0.000 
2 2 558 0.000 
2 2 559 0.000 
2 2 560 0.000 
2 2 561 0.000 
2 2 562 1.106 
2 2 563 0.943 
2 2 564 1.111 
2 2 565 0.843 
2 2 566 1.095 
2 2 567 0.895 
2 2 568 0.806 
2 2 569 0.698 
2 2 570 0.928 
2 2 571 1.323 
2 2 572 0.000 
2 2 573 0.000 
2 2 574 0.000 
2 2 575 0.000 
2 2 576 0.000 
2 2 577 0.000 
2 2 578 0.000 
2 3 1 0.668 
2 3 2 0.631 
2 3 3 0.770 
2 3 4 0.726 
2 3 5 0.873 
2 3 6 0.834 
2 3 7 0.722 
2 3 8 0.732 
2 3 9 1.000 
2 3 10 1.538 
2 3 11 0.886 
2 3 12 0.895 
2 3 13 0.592 
2 3 14 1.139 
2 3 15 1.096 
2 3 16 0.716 
2 3 17 1.284 
2 3 18 1.277 
2 3 19 1.350 
2 3 20 1.117 
2 3 21 0.705 
2 3 22 0.789 
2 3 23 1.209 
2 3 24 1.374 
2 3 25 0.912 
2 3 26 0.931 
2 3 27 1.168 
2 3 28 0.766 
2 3 29 1.486 
2 3 30 0.976 
2 3 31 3.501 
2 3 32 1.363 
2 3 33 0.775 
2 3 34 0.745 
2 3 35 1.701 
2 3 36 1.136 
2 3 37 0.997 
2 3 38 1.095 
2 3 39 1.160 
2 3 40 1.139 
2 3 41 0.872 
2 3 42 1.479 
2 3 43 4.500 
2 3 44 4.500 
2 3 45 0.936 
2 3 46 1.025 
2 3 47 4.500 
2 3 48 1.000 
2 3 49 1.034 
2 3 50 1.239 
2 3 51 1.318 
2 3 52 2.333 
2 3 53 0.816 
2 3 54 0.905 
2 3 55 0.934 
2 3 56 1.000 
2 3 57 1.342 
2 3 58 0.758 
2 3 59 0.685 
2 3 60 0.800 
2 3 61 0.902 
2 3 62 1.023 
2 3 63 0.672 
2 3 64 1.685 
2 3 65 2.990 
2 3 66 1.003 
2 3 67 0.726 
2 3 68 0.885 
2 3 69 0.884 
2 3 70 0.917 
2 3 71 0.800 
2 3 72 1.086 
2 3 73 1.010 
2 3 74 1.024 
2 3 75 0.741 
2 3 76 1.312 
2 3 77 0.821 
2 3 78 2.160 
2 3 79 0.959 
2 3 80 1.135 
2 3 81 1.438 
2 3 82 0.624 
2 3 83 1.048 
2 3 84 0.833 
2 3 85 0.000 
2 3 86 0.000 
2 3 87 0.000 
2 3 88 0.000 
2 3 89 0.000 
2 3 90 0.673 
2 3 91 0.842 
2 3 92 0.748 
2 3 93 0.982 
2 3 94 0.675 
2 3 95 1.514 
2 3 96 0.678 
2 3 97 0.000 
2 3 98 0.000 
2 3 99 0.000 
2 3 100 0.000 
2 3 101 0.000 
2 3 102 1.002 
2 3 103 0.952 
2 3 104 1.083 
2 3 105 0.937 
2 3 106 0.778 
2 3 107 1.210 
2 3 108 1.143 
2 3 109 0.000 
2 3 110 0.000 
2 3 111 0.000 
2 3 112 0.000 
2 3 113 0.000 
2 3 114 0.967 
2 3 115 1.061 
2 3 116 0.882 
2 3 117 0.948 
2 3 118 1.176 
2 3 119 1.085 
2 3 120 1.016 
2 3 121 0.000 
2 3 122 0.000 
2 3 123 0.000 
2 3 124 0.000 
2 3 125 0.000 
2 3 126 1.207 
2 3 127 0.846 
2 3 128 2.156 
2 3 129 1.115 
2 3 130 1.087 
2 3 131 0.873 
2 3 132 1.002 
2 3 133 0.000 
2 3 134 0.000 
2 3 135 0.000 
2 3 136 0.000 
2 3 137 0.000 
2 3 138 0.789 
2 3 139 0.924 
2 3 140 0.974 
2 3 141 0.807 
2 3 142 1.170 
2 3 143 1.099 
2 3 144 0.926 
2 3 145 0.000 
2 3 146 0.000 
2 3 147 0.000 
2 3 148 0.000 
2 3 149 0.000 
2 3 150 1.425 
2 3 151 1.600 
2 3 152 1.358 
2 3 153 0.779 
2 3 154 1.000 
2 3 155 1.044 
2 3 156 0.878 
2 3 157 0.000 
2 3 158 0.000 
2 3 159 0.000 
2 3 160 0.000 
2 3 161 0.000 
2 3 162 1.523 
2 3 163 0.684 
2 3 164 2.000 
2 3 165 0.737 
2 3 166 1.104 
2 3 167 0.776 
2 3 168 1.569 
2 3 169 0.000 
2 3 170 0.000 
2 3 171 0.000 
2 3 172 0.000 
2 3 173 0.000 
2 3 174 1.310 
2 3 175 0.815 
2 3 176 1.000 
2 3 177 4.500 
2 3 178 1.384 
2 3 179 1.182 
2 3 180 0.922 
2 3 181 0.000 
2 3 182 0.000 
2 3 183 0.000 
2 3 184 0.000 
2 3 185 0.000 
2 3 186 1.020 
2 3 187 0.347 
2 3 188 0.504 
2 3 189 4.500 
2 3 190 2.275 
2 3 191 1.488 
2 3 192 2.182 
2 3 193 0.000 
2 3 194 0.000 
2 3 195 0.000 
2 3 196 0.000 
2 3 197 0.000 
2 3 198 1.000 
2 3 199 1.000 
2 3 200 1.196 
2 3 201 1.634 
2 3 202 1.259 
2 3 203 1.000 
2 3 204 1.000 
2 3 205 0.947 
2 3 206 1.338 
2 3 207 2.010 
2 3 208 1.600 
2 3 209 4.484 
2 3 210 1.000 
2 3 211 1.704 
2 3 212 1.000 
2 3 213 0.732 
2 3 214 0.674 
2 3 215 1.000 
2 3 216 0.500 
2 3 217 1.477 
2 3 218 1.585 
2 3 219 0.961 
2 3 220 1.019 
2 3 221 0.878 
2 3 222 1.217 
2 3 223 0.994 
2 3 224 1.017 
2 3 225 1.050 
2 3 226 0.932 
2 3 227 0.888 
2 3 228 0.457 
2 3 229 1.174 
2 3 230 0.889 
2 3 231 1.870 
2 3 232 1.000 
2 3 233 1.008 
2 3 234 1.217 
2 3 235 0.888 
2 3 236 1.048 
2 3 237 1.086 
2 3 238 0.917 
2 3 239 0.800 
2 3 240 1.213 
2 3 241 1.600 
2 3 242 1.296 
2 3 243 1.743 
2 3 244 0.943 
2 3 245 0.835 
2 3 246 0.802 
2 3 247 0.803 
2 3 248 0.729 
2 3 249 1.289 
2 3 250 1.000 
2 3 251 0.930 
2 3 252 1.130 
2 3 253 1.282 
2 3 254 1.648 
2 3 255 0.838 
2 3 256 1.112 
2 3 257 1.015 
2 3 258 1.312 
2 3 259 0.899 
2 3 260 0.903 
2 3 261 0.897 
2 3 262 4.500 
2 3 263 1.154 
2 3 264 0.807 
2 3 265 1.043 
2 3 266 1.324 
2 3 267 1.213 
2 3 268 0.721 
2 3 269 1.272 
2 3 270 1.341 
2 3 271 0.701 
2 3 272 0.872 
2 3 273 1.102 
2 3 274 0.842 
2 3 275 1.234 
2 3 276 1.077 
2 3 277 1.469 
2 3 278 1.562 
2 3 279 0.685 
2 3 280 1.036 
2 3 281 0.716 
2 3 282 0.977 
2 3 283 0.591 
2 3 284 0.562 
2 3 285 0.960 
2 3 286 1.515 
2 3 287 1.194 
2 3 288 2.181 
2 4 1 0.927 
2 4 2 0.651 
2 4 3 0.945 
2 4 4 2.943 
2 4 5 3.000 
2 4 6 1.355 
2 4 7 0.900 
2 4 8 0.746 
2 4 9 1.200 
2 4 10 1.156 
2 4 11 1.381 
2 4 12 0.300 
2 4 13 0.679 
2 4 14 1.121 
2 4 15 1.158 
2 4 16 0.995 
2 4 17 2.325 
2 4 18 1.515 
2 4 19 1.108 
2 4 20 1.204 
2 4 21 1.743 
2 4 22 0.660 
2 4 23 0.967 
2 4 24 1.276 
2 4 25 0.852 
2 4 26 1.049 
2 4 27 1.378 
2 4 28 0.750 
2 4 29 0.887 
2 4 30 1.006 
2 4 31 0.781 
2 4 32 0.960 
2 4 33 1.605 
2 4 34 0.966 
2 4 35 1.123 
2 4 36 1.000 
2 4 37 0.985 
2 4 38 1.873 
2 4 39 0.845 
2 4 40 0.867 
2 4 41 0.854 
2 4 42 1.153 
2 4 43 1.946 
2 4 44 1.434 
2 4 45 0.947 
2 4 46 1.200 
2 4 47 1.009 
2 4 48 1.748 
2 4 49 1.565 
2 4 50 0.843 
2 4 51 1.051 
2 4 52 1.722 
2 4 53 1.003 
2 4 54 0.941 
2 4 55 1.267 
2 4 56 1.230 
2 4 57 0.835 
2 4 58 1.000 
2 4 59 0.947 
2 4 60 0.795 
2 4 61 1.498 
2 4 62 1.107 
2 4 63 1.184 
2 4 64 0.712 
2 4 65 1.339 
2 4 66 1.322 
2 4 67 0.746 
2 4 68 1.150 
2 4 69 1.019 
2 4 70 0.954 
2 4 71 0.995 
2 4 72 0.886 
2 4 73 1.200 
2 4 74 0.947 
2 4 75 0.922 
2 4 76 0.666 
2 4 77 1.193 
2 4 78 1.657 
2 4 79 1.217 
2 4 80 1.000 
2 4 81 0.917 
2 4 82 1.054 
2 4 83 1.196 
2 4 84 1.200 
2 4 85 0.000 
2 4 86 0.000 
2 4 87 0.000 
2 4 88 0.000 
2 4 89 0.000 
2 4 90 0.547 
2 4 91 1.081 
2 4 92 0.723 
2 4 93 1.004 
2 4 94 1.036 
2 4 95 1.187 
2 4 96 1.200 
2 4 97 0.000 
2 4 98 0.000 
2 4 99 0.000 
2 4 100 0.000 
2 4 101 0.000 
2 4 102 0.708 
2 4 103 0.879 
2 4 104 1.245 
2 4 105 0.759 
2 4 106 0.872 
2 4 107 1.183 
2 4 108 1.004 
2 4 109 0.000 
2 4 110 0.000 
2 4 111 0.000 
2 4 112 0.000 
2 4 113 0.000 
2 4 114 0.881 
2 4 115 0.838 
2 4 116 1.085 
2 4 117 1.282 
2 4 118 1.000 
2 4 119 0.841 
2 4 120 0.887 
2 4 121 0.000 
2 4 122 0.000 
2 4 123 0.000 
2 4 124 0.000 
2 4 125 0.000 
2 4 126 0.958 
2 4 127 0.883 
2 4 128 1.069 
2 4 129 0.834 
2 4 130 1.019 
2 4 131 0.971 
2 4 132 0.886 
2 4 133 0.000 
2 4 134 0.000 
2 4 135 0.000 
2 4 136 0.000 
2 4 137 0.000 
2 4 138 0.731 
2 4 139 0.874 
2 4 140 0.927 
2 4 141 0.940 
2 4 142 1.066 
2 4 143 0.849 
2 4 144 1.134 
2 4 145 0.000 
2 4 146 0.000 
2 4 147 0.000 
2 4 148 0.000 
2 4 149 0.000 
2 4 150 1.034 
2 4 151 0.815 
2 4 152 0.882 
2 4 153 0.906 
2 4 154 1.080 
2 4 155 1.003 
2 4 156 1.225 
2 4 157 0.000 
2 4 158 0.000 
2 4 159 0.000 
2 4 160 0.000 
2 4 161 0.000 
2 4 162 0.994 
2 4 163 1.036 
2 4 164 1.014 
2 4 165 0.841 
2 4 166 0.834 
2 4 167 1.030 
2 4 168 0.992 
2 4 169 0.000 
2 4 170 0.000 
2 4 171 0.000 
2 4 172 0.000 
2 4 173 0.000 
2 4 174 0.834 
2 4 175 1.059 
2 4 176 1.075 
2 4 177 0.822 
2 4 178 1.041 
2 4 179 0.935 
2 4 180 0.846 
2 4 181 0.000 
2 4 182 0.000 
2 4 183 0.000 
2 4 184 0.000 
2 4 185 0.000 
2 4 186 1.018 
2 4 187 0.909 
2 4 188 0.890 
2 4 189 0.987 
2 4 190 1.042 
2 4 191 1.021 
2 4 192 1.068 
2 4 193 0.000 
2 4 194 0.000 
2 4 195 0.000 
2 4 196 0.000 
2 4 197 0.000 
2 4 198 1.000 
2 4 199 0.798 
2 4 200 4.500 
2 4 201 1.000 
2 4 202 0.976 
2 4 203 0.838 
2 4 204 0.976 
2 4 205 2.026 
2 4 206 0.950 
2 4 207 1.379 
2 4 208 1.095 
2 4 209 0.800 
2 4 210 1.088 
2 4 211 0.682 
2 4 212 0.970 
2 4 213 1.088 
2 4 214 0.720 
2 4 215 0.904 
2 4 216 1.087 
2 4 217 1.292 
2 4 218 1.276 
2 4 219 2.434 
2 4 220 0.507 
2 4 221 2.308 
2 4 222 1.437 
2 4 223 0.533 
2 4 224 1.546 
2 4 225 2.713 
2 4 226 4.500 
2 4 227 0.826 
2 4 228 0.868 
2 4 229 1.495 
2 4 230 0.890 
2 4 231 1.290 
2 4 232 1.192 
2 4 233 1.669 
2 4 234 0.781 
2 4 235 2.407 
2 4 236 0.913 
2 4 237 1.204 
2 4 238 1.086 
2 4 239 1.161 
2 4 240 0.777 
2 4 241 1.056 
2 4 242 0.656 
2 4 243 0.770 
2 4 244 0.775 
2 4 245 1.197 
2 4 246 1.065 
2 4 247 0.600 
2 4 248 1.079 
2 4 249 1.093 
2 4 250 1.104 
2 4 251 0.456 
2 4 252 0.537 
2 4 253 0.765 
2 4 254 1.388 
2 4 255 1.325 
2 4 256 0.737 
2 4 257 1.660 
2 4 258 1.090 
2 4 259 0.579 
2 4 260 1.004 
2 4 261 1.344 
2 4 262 1.436 
2 4 263 0.654 
2 4 264 0.526 
2 4 265 0.698 
2 4 266 2.364 
2 4 267 0.751 
2 4 268 0.751 
2 4 269 0.952 
2 4 270 1.651 
2 4 271 1.181 
2 4 272 1.548 
2 4 273 0.733 
2 4 274 0.700 
2 4 275 1.114 
2 4 276 1.029 
2 4 277 1.004 
2 4 278 0.980 
2 4 279 1.796 
2 4 280 1.567 
2 4 281 1.000 
2 4 282 1.058 
2 4 283 4.500 
2 4 284 0.850 
2 4 285 0.944 
2 4 286 0.858 
2 4 287 1.000 
2 4 288 1.200 
