  0 100
  1 100
  2 100
  3 100
  4 100
  5 100
  6 100
  7 100
  8 100
  9 100
 10 100
 11 100
 12 100
 13 100
 14 100
 15 100
 16 100
 17 100
 18 100
 19 100
 20 100
 21 100
 22 100
 23 100
 24 100
 25 100
 26 100
 27 100
 28 100
 29 100
 30 100
 31 100
 32 100
 33 100
 34 100
 35 100
 36 100
 37 100
 38 100
 39 100
 40 100
 41 100
 42 100
 43 100
 44 100
 45 100
 46 100
 47 100
 48 100
 49 100
 50 100
 51 100
 52 100
 53 100
 54 100
 55 100
 56 100
 57 100
 58 100
 59 100
 60 100
 61 100
 62 100
 63 100
 64 100
 65 100
 66 100
 67 100
 68 100
 69 100
 70 100
 71 100
 72 100
 73 100
 74 100
 75 100
 76 100
 77 100
 78 100
 79 100
 80 100
 81 100
 82 100
 83 100
 84 100
 85 100
 86 100
 87 100
 88 100
 89 100
 90 100
 91 100
 92 100
 93 100
 94 100
 95 100
 96 100
 97 100
 98 100
 99 100
100 100
101 100
102 100
103 100
104 100
105 100
106 100
107 100
108 100
109 100
110 100
111 100
112 100
113 100
114 100
115 100
116 100
117 100
118 100
119 100
120 100
121 100
122 100
123 100
124 100
125 100
126 100
127 100
128 100
129 100
130 100
131 100
132 100
133 100
134 100
135 100
136 100
137 100
138 100
139 100
140 100
141 100
142 100
143 100
144 100
145 100
146 100
147 100
148 100
149 100
150 100
151 100
152 100
153 100
154 100
155 100
156 100
157 100
158 100
159 100
160 100
161 100
162 100
163 100
164 100
165 100
166 100
167 100
168 100
169 100
170 100
171 100
172 100
173 100
174 100
175 100
176 100
177 100
178 100
179 100
180 100
181 100
182 100
183 100
184 100
185 100
186 100
187 100
188 100
189 100
190 100
191 100
192 100
193 100
194 100
195 100
196 100
197 100
198 100
199 100
200 100
201 100
202 100
203 100
204 100
205 100
206 100
207 100
208 100
209 100
210 100
211 100
212 100
213 100
214 100
215 100
216 100
217 100
218 100
219 100
220 100
221 100
222 100
223 100
224 100
225 100
226 100
227 100
228 100
229 100
230 100
231 100
232 100
233 100
234 100
235 100
236 100
237 100
238 100
239 100
240 100
