#ehp ns  dep  ch   EtGain
  1   0   0   0    2.1499
  1   0   0   1    2.2511
  1   0   0   2    2.3770
  1   0   0   3    2.5238
  1   0   0   4    1.9050
  1   0   0   5    2.0188
  1   0   0   6    2.1588
  1   0   0   7    2.3199
  1   0   0   8    1.6645
  1   0   0   9    1.7940
  1   0   0  10    1.9505
  1   0   0  11    2.1280
  1   0   0  12    1.4313
  1   0   0  13    1.5803
  1   0   0  14    1.7564
  1   0   0  15    1.9521
  1   0   0  16    1.2102
  1   0   0  17    1.3834
  1   0   0  18    1.5819
  1   0   0  19    1.7971
  1   0   0  20    1.0095
  1   0   0  21    1.2120
  1   0   0  22    1.4347
  1   0   0  23    1.6693
  1   0   0  24    0.8445
  1   0   0  25    1.0787
  1   0   0  26    1.3242
  1   0   0  27    1.5755
  1   0   0  28    0.7399
  1   0   0  29    0.9990
  1   0   0  30    1.2602
  1   0   0  31    1.5223
  1   0   1   0    2.6879
  1   0   1   1    2.8660
  1   0   1   2    3.0555
  1   0   1   3    3.2541
  1   0   1   4    2.4980
  1   0   1   5    2.6894
  1   0   1   6    2.8912
  1   0   1   7    3.1011
  1   0   1   8    2.3214
  1   0   1   9    2.5268
  1   0   1  10    2.7413
  1   0   1  11    2.9626
  1   0   1  12    2.1618
  1   0   1  13    2.3815
  1   0   1  14    2.6086
  1   0   1  15    2.8408
  1   0   1  16    2.0234
  1   0   1  17    2.2571
  1   0   1  18    2.4960
  1   0   1  19    2.7383
  1   0   1  20    1.9111
  1   0   1  21    2.1574
  1   0   1  22    2.4066
  1   0   1  23    2.6575
  1   0   1  24    1.8300
  1   0   1  25    2.0862
  1   0   1  26    2.3432
  1   0   1  27    2.6005
  1   0   1  28    1.7846
  1   0   1  29    2.0466
  1   0   1  30    2.3082
  1   0   1  31    2.5691
  1   0   2   0    3.4600
  1   0   2   1    3.6717
  1   0   2   2    3.8879
  1   0   2   3    4.1076
  1   0   2   4    3.3173
  1   0   2   5    3.5384
  1   0   2   6    3.7631
  1   0   2   7    3.9905
  1   0   2   8    3.1889
  1   0   2   9    3.4190
  1   0   2  10    3.6518
  1   0   2  11    3.8865
  1   0   2  12    3.0767
  1   0   2  13    3.3152
  1   0   2  14    3.5555
  1   0   2  15    3.7968
  1   0   2  16    2.9828
  1   0   2  17    3.2288
  1   0   2  18    3.4756
  1   0   2  19    3.7226
  1   0   2  20    2.9092
  1   0   2  21    3.1614
  1   0   2  22    3.4134
  1   0   2  23    3.6651
  1   0   2  24    2.8576
  1   0   2  25    3.1142
  1   0   2  26    3.3701
  1   0   2  27    3.6250
  1   0   2  28    2.8292
  1   0   2  29    3.0883
  1   0   2  30    3.3464
  1   0   2  31    3.6031
  1   0   3   0    0.7226
  1   0   3   1    0.9862
  1   0   3   2    1.2502
  1   0   3   3    1.5140
  1   0   3   4    0.7983
  1   0   3   5    1.0429
  1   0   3   6    1.2953
  1   0   3   7    1.5514
  1   0   3   8    0.9449
  1   0   3   9    1.1588
  1   0   3  10    1.3901
  1   0   3  11    1.6312
  1   0   3  12    1.1349
  1   0   3  13    1.3182
  1   0   3  14    1.5253
  1   0   3  15    1.7475
  1   0   3  16    1.3499
  1   0   3  17    1.5071
  1   0   3  18    1.6909
  1   0   3  19    1.8935
  1   0   3  20    1.5795
  1   0   3  21    1.7155
  1   0   3  22    1.8787
  1   0   3  23    2.0625
  1   0   3  24    1.8177
  1   0   3  25    1.9368
  1   0   3  26    2.0824
  1   0   3  27    2.2492
  1   0   3  28    2.0612
  1   0   3  29    2.1667
  1   0   3  30    2.2974
  1   0   3  31    2.4492
  1   0   4   0    1.7775
  1   0   4   1    2.0405
  1   0   4   2    2.3028
  1   0   4   3    2.5643
  1   0   4   4    1.8094
  1   0   4   5    2.0682
  1   0   4   6    2.3273
  1   0   4   7    2.5862
  1   0   4   8    1.8780
  1   0   4   9    2.1283
  1   0   4  10    2.3806
  1   0   4  11    2.6341
  1   0   4  12    1.9796
  1   0   4  13    2.2181
  1   0   4  14    2.4609
  1   0   4  15    2.7065
  1   0   4  16    2.1092
  1   0   4  17    2.3341
  1   0   4  18    2.5655
  1   0   4  19    2.8015
  1   0   4  20    2.2617
  1   0   4  21    2.4723
  1   0   4  22    2.6913
  1   0   4  23    2.9166
  1   0   4  24    2.4327
  1   0   4  25    2.6290
  1   0   4  26    2.8354
  1   0   4  27    3.0494
  1   0   4  28    2.6181
  1   0   4  29    2.8009
  1   0   4  30    2.9948
  1   0   4  31    3.1975
  1   0   5   0    2.8249
  1   0   5   1    3.0844
  1   0   5   2    3.3427
  1   0   5   3    3.5998
  1   0   5   4    2.8446
  1   0   5   5    3.1024
  1   0   5   6    3.3592
  1   0   5   7    3.6150
  1   0   5   8    2.8880
  1   0   5   9    3.1420
  1   0   5  10    3.3956
  1   0   5  11    3.6486
  1   0   5  12    2.9539
  1   0   5  13    3.2023
  1   0   5  14    3.4511
  1   0   5  15    3.6999
  1   0   5  16    3.0407
  1   0   5  17    3.2820
  1   0   5  18    3.5247
  1   0   5  19    3.7682
  1   0   5  20    3.1465
  1   0   5  21    3.3797
  1   0   5  22    3.6153
  1   0   5  23    3.8524
  1   0   5  24    3.2693
  1   0   5  25    3.4937
  1   0   5  26    3.7213
  1   0   5  27    3.9514
  1   0   5  28    3.4071
  1   0   5  29    3.6222
  1   0   5  30    3.8414
  1   0   5  31    4.0640
  1   0   6   0    2.6468
  1   0   6   1    2.7291
  1   0   6   2    2.8331
  1   0   6   3    2.9564
  1   0   6   4    2.3975
  1   0   6   5    2.4884
  1   0   6   6    2.6025
  1   0   6   7    2.7367
  1   0   6   8    3.0964
  1   0   6   9    3.2510
  1   0   6  10    3.4177
  1   0   6  11    3.5948
  1   0   6  12    2.8881
  1   0   6  13    3.0539
  1   0   6  14    3.2317
  1   0   6  15    3.4193
  1   0   6  16    3.7806
  1   0   6  17    3.9735
  1   0   6  18    4.1723
  1   0   6  19    4.3758
  1   0   6  20    3.6150
  1   0   6  21    3.8173
  1   0   6  22    4.0248
  1   0   6  23    4.2364
  1   0   6  24    0.0000
  1   0   6  25    0.0000
  1   0   6  26    0.0000
  1   0   6  27    0.0000
  1   0   6  28    0.0000
  1   0   6  29    0.0000
  1   0   6  30    0.0000
  1   0   6  31    0.0000
  1   0   7   0    2.3081
  1   0   7   1    2.4025
  1   0   7   2    2.5206
  1   0   7   3    2.6591
  1   0   7   4    2.5568
  1   0   7   5    2.6421
  1   0   7   6    2.7495
  1   0   7   7    2.8766
  1   0   7   8    2.8149
  1   0   7   9    2.9851
  1   0   7  10    3.1670
  1   0   7  11    3.3585
  1   0   7  12    3.0206
  1   0   7  13    3.1790
  1   0   7  14    3.3497
  1   0   7  15    3.5305
  1   0   7  16    3.5579
  1   0   7  17    3.7635
  1   0   7  18    3.9741
  1   0   7  19    4.1887
  1   0   7  20    3.7198
  1   0   7  21    3.9161
  1   0   7  22    4.1180
  1   0   7  23    4.3245
  1   0   7  24    0.0000
  1   0   7  25    0.0000
  1   0   7  26    0.0000
  1   0   7  27    0.0000
  1   0   7  28    0.0000
  1   0   7  29    0.0000
  1   0   7  30    0.0000
  1   0   7  31    0.0000
  1   0   8   0    4.5833
  1   0   8   1    4.4514
  1   0   8   2    4.3299
  1   0   8   3    4.2199
  1   0   8   4    4.1224
  1   0   8   5    4.0386
  1   0   8   6    3.9695
  1   0   8   7    3.9160
  1   0   8   8    3.8789
  1   0   8   9    3.8586
  1   0   8  10    3.8555
  1   0   8  11    3.8696
  1   0   8  12    3.9007
  1   0   8  13    3.9484
  1   0   8  14    4.0120
  1   0   8  15    4.0906
  1   0   8  16    4.1832
  1   0   8  17    4.2889
  1   0   8  18    4.4064
  1   0   8  19    4.5346
  1   0   8  20    0.0000
  1   0   8  21    0.0000
  1   0   8  22    0.0000
  1   0   8  23    0.0000
  1   0   8  24    0.0000
  1   0   8  25    0.0000
  1   0   8  26    0.0000
  1   0   8  27    0.0000
  1   0   8  28    0.0000
  1   0   8  29    0.0000
  1   0   8  30    0.0000
  1   0   8  31    0.0000
  1   1   0   0    2.1499
  1   1   0   1    2.2511
  1   1   0   2    2.3770
  1   1   0   3    2.5238
  1   1   0   4    1.9050
  1   1   0   5    2.0188
  1   1   0   6    2.1588
  1   1   0   7    2.3199
  1   1   0   8    1.6645
  1   1   0   9    1.7940
  1   1   0  10    1.9505
  1   1   0  11    2.1280
  1   1   0  12    1.4313
  1   1   0  13    1.5803
  1   1   0  14    1.7564
  1   1   0  15    1.9521
  1   1   0  16    1.2102
  1   1   0  17    1.3834
  1   1   0  18    1.5819
  1   1   0  19    1.7971
  1   1   0  20    1.0095
  1   1   0  21    1.2120
  1   1   0  22    1.4347
  1   1   0  23    1.6693
  1   1   0  24    0.8445
  1   1   0  25    1.0787
  1   1   0  26    1.3242
  1   1   0  27    1.5755
  1   1   0  28    0.7399
  1   1   0  29    0.9990
  1   1   0  30    1.2602
  1   1   0  31    1.5223
  1   1   1   0    2.6879
  1   1   1   1    2.8660
  1   1   1   2    3.0555
  1   1   1   3    3.2541
  1   1   1   4    2.4980
  1   1   1   5    2.6894
  1   1   1   6    2.8912
  1   1   1   7    3.1011
  1   1   1   8    2.3214
  1   1   1   9    2.5268
  1   1   1  10    2.7413
  1   1   1  11    2.9626
  1   1   1  12    2.1618
  1   1   1  13    2.3815
  1   1   1  14    2.6086
  1   1   1  15    2.8408
  1   1   1  16    2.0234
  1   1   1  17    2.2571
  1   1   1  18    2.4960
  1   1   1  19    2.7383
  1   1   1  20    1.9111
  1   1   1  21    2.1574
  1   1   1  22    2.4066
  1   1   1  23    2.6575
  1   1   1  24    1.8300
  1   1   1  25    2.0862
  1   1   1  26    2.3432
  1   1   1  27    2.6005
  1   1   1  28    1.7846
  1   1   1  29    2.0466
  1   1   1  30    2.3082
  1   1   1  31    2.5691
  1   1   2   0    3.4600
  1   1   2   1    3.6717
  1   1   2   2    3.8879
  1   1   2   3    4.1076
  1   1   2   4    3.3173
  1   1   2   5    3.5384
  1   1   2   6    3.7631
  1   1   2   7    3.9905
  1   1   2   8    3.1889
  1   1   2   9    3.4190
  1   1   2  10    3.6518
  1   1   2  11    3.8865
  1   1   2  12    3.0767
  1   1   2  13    3.3152
  1   1   2  14    3.5555
  1   1   2  15    3.7968
  1   1   2  16    2.9828
  1   1   2  17    3.2288
  1   1   2  18    3.4756
  1   1   2  19    3.7226
  1   1   2  20    2.9092
  1   1   2  21    3.1614
  1   1   2  22    3.4134
  1   1   2  23    3.6651
  1   1   2  24    2.8576
  1   1   2  25    3.1142
  1   1   2  26    3.3701
  1   1   2  27    3.6250
  1   1   2  28    2.8292
  1   1   2  29    3.0883
  1   1   2  30    3.3464
  1   1   2  31    3.6031
  1   1   3   0    0.7226
  1   1   3   1    0.9862
  1   1   3   2    1.2502
  1   1   3   3    1.5140
  1   1   3   4    0.7983
  1   1   3   5    1.0429
  1   1   3   6    1.2953
  1   1   3   7    1.5514
  1   1   3   8    0.9449
  1   1   3   9    1.1588
  1   1   3  10    1.3901
  1   1   3  11    1.6312
  1   1   3  12    1.1349
  1   1   3  13    1.3182
  1   1   3  14    1.5253
  1   1   3  15    1.7475
  1   1   3  16    1.3499
  1   1   3  17    1.5071
  1   1   3  18    1.6909
  1   1   3  19    1.8935
  1   1   3  20    1.5795
  1   1   3  21    1.7155
  1   1   3  22    1.8787
  1   1   3  23    2.0625
  1   1   3  24    1.8177
  1   1   3  25    1.9368
  1   1   3  26    2.0824
  1   1   3  27    2.2492
  1   1   3  28    2.0612
  1   1   3  29    2.1667
  1   1   3  30    2.2974
  1   1   3  31    2.4492
  1   1   4   0    1.7775
  1   1   4   1    2.0405
  1   1   4   2    2.3028
  1   1   4   3    2.5643
  1   1   4   4    1.8094
  1   1   4   5    2.0682
  1   1   4   6    2.3273
  1   1   4   7    2.5862
  1   1   4   8    1.8780
  1   1   4   9    2.1283
  1   1   4  10    2.3806
  1   1   4  11    2.6341
  1   1   4  12    1.9796
  1   1   4  13    2.2181
  1   1   4  14    2.4609
  1   1   4  15    2.7065
  1   1   4  16    2.1092
  1   1   4  17    2.3341
  1   1   4  18    2.5655
  1   1   4  19    2.8015
  1   1   4  20    2.2617
  1   1   4  21    2.4723
  1   1   4  22    2.6913
  1   1   4  23    2.9166
  1   1   4  24    2.4327
  1   1   4  25    2.6290
  1   1   4  26    2.8354
  1   1   4  27    3.0494
  1   1   4  28    2.6181
  1   1   4  29    2.8009
  1   1   4  30    2.9948
  1   1   4  31    3.1975
  1   1   5   0    2.8249
  1   1   5   1    3.0844
  1   1   5   2    3.3427
  1   1   5   3    3.5998
  1   1   5   4    2.8446
  1   1   5   5    3.1024
  1   1   5   6    3.3592
  1   1   5   7    3.6150
  1   1   5   8    2.8880
  1   1   5   9    3.1420
  1   1   5  10    3.3956
  1   1   5  11    3.6486
  1   1   5  12    2.9539
  1   1   5  13    3.2023
  1   1   5  14    3.4511
  1   1   5  15    3.6999
  1   1   5  16    3.0407
  1   1   5  17    3.2820
  1   1   5  18    3.5247
  1   1   5  19    3.7682
  1   1   5  20    3.1465
  1   1   5  21    3.3797
  1   1   5  22    3.6153
  1   1   5  23    3.8524
  1   1   5  24    3.2693
  1   1   5  25    3.4937
  1   1   5  26    3.7213
  1   1   5  27    3.9514
  1   1   5  28    3.4071
  1   1   5  29    3.6222
  1   1   5  30    3.8414
  1   1   5  31    4.0640
  1   1   6   0    2.6468
  1   1   6   1    2.7291
  1   1   6   2    2.8331
  1   1   6   3    2.9564
  1   1   6   4    2.3975
  1   1   6   5    2.4884
  1   1   6   6    2.6025
  1   1   6   7    2.7367
  1   1   6   8    3.0964
  1   1   6   9    3.2510
  1   1   6  10    3.4177
  1   1   6  11    3.5948
  1   1   6  12    2.8881
  1   1   6  13    3.0539
  1   1   6  14    3.2317
  1   1   6  15    3.4193
  1   1   6  16    3.7806
  1   1   6  17    3.9735
  1   1   6  18    4.1723
  1   1   6  19    4.3758
  1   1   6  20    3.6150
  1   1   6  21    3.8173
  1   1   6  22    4.0248
  1   1   6  23    4.2364
  1   1   6  24    0.0000
  1   1   6  25    0.0000
  1   1   6  26    0.0000
  1   1   6  27    0.0000
  1   1   6  28    0.0000
  1   1   6  29    0.0000
  1   1   6  30    0.0000
  1   1   6  31    0.0000
  1   1   7   0    2.3081
  1   1   7   1    2.4025
  1   1   7   2    2.5206
  1   1   7   3    2.6591
  1   1   7   4    2.5568
  1   1   7   5    2.6421
  1   1   7   6    2.7495
  1   1   7   7    2.8766
  1   1   7   8    2.8149
  1   1   7   9    2.9851
  1   1   7  10    3.1670
  1   1   7  11    3.3585
  1   1   7  12    3.0206
  1   1   7  13    3.1790
  1   1   7  14    3.3497
  1   1   7  15    3.5305
  1   1   7  16    3.5579
  1   1   7  17    3.7635
  1   1   7  18    3.9741
  1   1   7  19    4.1887
  1   1   7  20    3.7198
  1   1   7  21    3.9161
  1   1   7  22    4.1180
  1   1   7  23    4.3245
  1   1   7  24    0.0000
  1   1   7  25    0.0000
  1   1   7  26    0.0000
  1   1   7  27    0.0000
  1   1   7  28    0.0000
  1   1   7  29    0.0000
  1   1   7  30    0.0000
  1   1   7  31    0.0000
  1   1   8   0    4.5833
  1   1   8   1    4.4514
  1   1   8   2    4.3299
  1   1   8   3    4.2199
  1   1   8   4    4.1224
  1   1   8   5    4.0386
  1   1   8   6    3.9695
  1   1   8   7    3.9160
  1   1   8   8    3.8789
  1   1   8   9    3.8586
  1   1   8  10    3.8555
  1   1   8  11    3.8696
  1   1   8  12    3.9007
  1   1   8  13    3.9484
  1   1   8  14    4.0120
  1   1   8  15    4.0906
  1   1   8  16    4.1832
  1   1   8  17    4.2889
  1   1   8  18    4.4064
  1   1   8  19    4.5346
  1   1   8  20    0.0000
  1   1   8  21    0.0000
  1   1   8  22    0.0000
  1   1   8  23    0.0000
  1   1   8  24    0.0000
  1   1   8  25    0.0000
  1   1   8  26    0.0000
  1   1   8  27    0.0000
  1   1   8  28    0.0000
  1   1   8  29    0.0000
  1   1   8  30    0.0000
  1   1   8  31    0.0000
