#ehp ns  dep  ch   EtGain
  0   0   0   0    2.5046
  0   0   0   1    2.5595
  0   0   0   2    2.6233
  0   0   0   3    2.6953
  0   0   0   4    2.3513
  0   0   0   5    2.4098
  0   0   0   6    2.4775
  0   0   0   7    2.5539
  0   0   0   8    2.1988
  0   0   0   9    2.2613
  0   0   0  10    2.3336
  0   0   0  11    2.4146
  0   0   0  12    2.0475
  0   0   0  13    2.1146
  0   0   0  14    2.1919
  0   0   0  15    2.2781
  0   0   0  16    1.8977
  0   0   0  17    1.9701
  0   0   0  18    2.0529
  0   0   0  19    2.1449
  0   0   0  20    1.7500
  0   0   0  21    1.8284
  0   0   0  22    1.9175
  0   0   0  23    2.0158
  0   0   0  24    1.6051
  0   0   0  25    1.6903
  0   0   0  26    1.7864
  0   0   0  27    1.8918
  0   0   0  28    1.4639
  0   0   0  29    1.5569
  0   0   0  30    1.6609
  0   0   0  31    1.7739
  0   0   1   0    2.7749
  0   0   1   1    2.8614
  0   0   1   2    2.9541
  0   0   1   3    3.0524
  0   0   1   4    2.6379
  0   0   1   5    2.7290
  0   0   1   6    2.8263
  0   0   1   7    2.9292
  0   0   1   8    2.5036
  0   0   1   9    2.5996
  0   0   1  10    2.7018
  0   0   1  11    2.8096
  0   0   1  12    2.3724
  0   0   1  13    2.4737
  0   0   1  14    2.5812
  0   0   1  15    2.6940
  0   0   1  16    2.2450
  0   0   1  17    2.3520
  0   0   1  18    2.4650
  0   0   1  19    2.5832
  0   0   1  20    2.1222
  0   0   1  21    2.2353
  0   0   1  22    2.3541
  0   0   1  23    2.4778
  0   0   1  24    2.0049
  0   0   1  25    2.1244
  0   0   1  26    2.2494
  0   0   1  27    2.3787
  0   0   1  28    1.8942
  0   0   1  29    2.0205
  0   0   1  30    2.1517
  0   0   1  31    2.2868
  0   0   2   0    3.1559
  0   0   2   1    3.2638
  0   0   2   2    3.3757
  0   0   2   3    3.4912
  0   0   2   4    3.0371
  0   0   2   5    3.1494
  0   0   2   6    3.2656
  0   0   2   7    3.3852
  0   0   2   8    2.9222
  0   0   2   9    3.0390
  0   0   2  10    3.1596
  0   0   2  11    3.2833
  0   0   2  12    2.8115
  0   0   2  13    2.9330
  0   0   2  14    3.0581
  0   0   2  15    3.1861
  0   0   2  16    2.7058
  0   0   2  17    2.8321
  0   0   2  18    2.9617
  0   0   2  19    3.0940
  0   0   2  20    2.6056
  0   0   2  21    2.7368
  0   0   2  22    2.8710
  0   0   2  23    3.0075
  0   0   2  24    2.5118
  0   0   2  25    2.6479
  0   0   2  26    2.7866
  0   0   2  27    2.9273
  0   0   2  28    2.4251
  0   0   2  29    2.5660
  0   0   2  30    2.7091
  0   0   2  31    2.8539
  0   0   3   0    3.6099
  0   0   3   1    3.7313
  0   0   3   2    3.8553
  0   0   3   3    3.9813
  0   0   3   4    3.5078
  0   0   3   5    3.6330
  0   0   3   6    3.7605
  0   0   3   7    3.8901
  0   0   3   8    3.4099
  0   0   3   9    3.5390
  0   0   3  10    3.6701
  0   0   3  11    3.8030
  0   0   3  12    3.3167
  0   0   3  13    3.4496
  0   0   3  14    3.5843
  0   0   3  15    3.7207
  0   0   3  16    3.2286
  0   0   3  17    3.3653
  0   0   3  18    3.5035
  0   0   3  19    3.6432
  0   0   3  20    3.1462
  0   0   3  21    3.2865
  0   0   3  22    3.4283
  0   0   3  23    3.5712
  0   0   3  24    3.0698
  0   0   3  25    3.2138
  0   0   3  26    3.3589
  0   0   3  27    3.5049
  0   0   3  28    3.0002
  0   0   3  29    3.1475
  0   0   3  30    3.2958
  0   0   3  31    3.4447
  0   0   4   0    4.1093
  0   0   4   1    4.2389
  0   0   4   2    4.3700
  0   0   4   3    4.5022
  0   0   4   4    4.0213
  0   0   4   5    4.1541
  0   0   4   6    4.2881
  0   0   4   7    4.4232
  0   0   4   8    3.9376
  0   0   4   9    4.0734
  0   0   4  10    4.2103
  0   0   4  11    4.3482
  0   0   4  12    3.8584
  0   0   4  13    3.9972
  0   0   4  14    4.1371
  0   0   4  15    4.2777
  0   0   4  16    3.7841
  0   0   4  17    3.9259
  0   0   4  18    4.0685
  0   0   4  19    4.2117
  0   0   4  20    3.7151
  0   0   4  21    3.8597
  0   0   4  22    4.0050
  0   0   4  23    4.1507
  0   0   4  24    3.6517
  0   0   4  25    3.7990
  0   0   4  26    3.9468
  0   0   4  27    4.0948
  0   0   4  28    3.5942
  0   0   4  29    3.7441
  0   0   4  30    3.8942
  0   0   4  31    4.0444
  0   0   5   0    1.3276
  0   0   5   1    1.4297
  0   0   5   2    1.5424
  0   0   5   3    1.6636
  0   0   5   4    1.1982
  0   0   5   5    1.3104
  0   0   5   6    1.4327
  0   0   5   7    1.5626
  0   0   5   8    1.0782
  0   0   5   9    1.2017
  0   0   5  10    1.3341
  0   0   5  11    1.4728
  0   0   5  12    0.9711
  0   0   5  13    1.1067
  0   0   5  14    1.2493
  0   0   5  15    1.3965
  0   0   5  16    0.8817
  0   0   5  17    1.0293
  0   0   5  18    1.1813
  0   0   5  19    1.3362
  0   0   5  20    0.8161
  0   0   5  21    0.9737
  0   0   5  22    1.1333
  0   0   5  23    1.2939
  0   0   5  24    0.7803
  0   0   5  25    0.9439
  0   0   5  26    1.1078
  0   0   5  27    1.2717
  0   0   5  28    0.7783
  0   0   5  29    0.9423
  0   0   5  30    1.1064
  0   0   5  31    1.2705
  0   0   6   0    1.7915
  0   0   6   1    1.9247
  0   0   6   2    2.0621
  0   0   6   3    2.2029
  0   0   6   4    1.6982
  0   0   6   5    1.8384
  0   0   6   6    1.9820
  0   0   6   7    2.1282
  0   0   6   8    1.6162
  0   0   6   9    1.7630
  0   0   6  10    1.9124
  0   0   6  11    2.0637
  0   0   6  12    1.5471
  0   0   6  13    1.7000
  0   0   6  14    1.8546
  0   0   6  15    2.0104
  0   0   6  16    1.4929
  0   0   6  17    1.6509
  0   0   6  18    1.8098
  0   0   6  19    1.9692
  0   0   6  20    1.4553
  0   0   6  21    1.6170
  0   0   6  22    1.7790
  0   0   6  23    1.9410
  0   0   6  24    1.4355
  0   0   6  25    1.5993
  0   0   6  26    1.7629
  0   0   6  27    1.9264
  0   0   6  28    1.4345
  0   0   6  29    1.5984
  0   0   6  30    1.7621
  0   0   6  31    1.9256
  0   0   7   0    2.3464
  0   0   7   1    2.4920
  0   0   7   2    2.6393
  0   0   7   3    2.7880
  0   0   7   4    2.2766
  0   0   7   5    2.4265
  0   0   7   6    2.5778
  0   0   7   7    2.7300
  0   0   7   8    2.2165
  0   0   7   9    2.3704
  0   0   7  10    2.5252
  0   0   7  11    2.6805
  0   0   7  12    2.1671
  0   0   7  13    2.3244
  0   0   7  14    2.4821
  0   0   7  15    2.6401
  0   0   7  16    2.1290
  0   0   7  17    2.2891
  0   0   7  18    2.4492
  0   0   7  19    2.6093
  0   0   7  20    2.1031
  0   0   7  21    2.2650
  0   0   7  22    2.4268
  0   0   7  23    2.5883
  0   0   7  24    2.0896
  0   0   7  25    2.2525
  0   0   7  26    2.4151
  0   0   7  27    2.5774
  0   0   7  28    2.0889
  0   0   7  29    2.2518
  0   0   7  30    2.4145
  0   0   7  31    2.5769
  0   0   8   0    2.9377
  0   0   8   1    3.0882
  0   0   8   2    3.2394
  0   0   8   3    3.3911
  0   0   8   4    2.8829
  0   0   8   5    3.0364
  0   0   8   6    3.1902
  0   0   8   7    3.3442
  0   0   8   8    2.8363
  0   0   8   9    2.9923
  0   0   8  10    3.1484
  0   0   8  11    3.3046
  0   0   8  12    2.7983
  0   0   8  13    2.9564
  0   0   8  14    3.1145
  0   0   8  15    3.2724
  0   0   8  16    2.7693
  0   0   8  17    2.9291
  0   0   8  18    3.0886
  0   0   8  19    3.2479
  0   0   8  20    2.7496
  0   0   8  21    2.9105
  0   0   8  22    3.0711
  0   0   8  23    3.2313
  0   0   8  24    2.7394
  0   0   8  25    2.9010
  0   0   8  26    3.0621
  0   0   8  27    3.2228
  0   0   8  28    2.7389
  0   0   8  29    2.9004
  0   0   8  30    3.0616
  0   0   8  31    3.2223
  0   0   9   0    3.5430
  0   0   9   1    3.6952
  0   0   9   2    3.8474
  0   0   9   3    3.9996
  0   0   9   4    3.4984
  0   0   9   5    3.6526
  0   0   9   6    3.8067
  0   0   9   7    3.9607
  0   0   9   8    3.4607
  0   0   9   9    3.6167
  0   0   9  10    3.7724
  0   0   9  11    3.9279
  0   0   9  12    3.4301
  0   0   9  13    3.5875
  0   0   9  14    3.7446
  0   0   9  15    3.9014
  0   0   9  16    3.4069
  0   0   9  17    3.5654
  0   0   9  18    3.7235
  0   0   9  19    3.8812
  0   0   9  20    3.3911
  0   0   9  21    3.5504
  0   0   9  22    3.7093
  0   0   9  23    3.8676
  0   0   9  24    3.3830
  0   0   9  25    3.5427
  0   0   9  26    3.7019
  0   0   9  27    3.8606
  0   0   9  28    3.3826
  0   0   9  29    3.5423
  0   0   9  30    3.7015
  0   0   9  31    3.8602
  0   0  10   0    0.8105
  0   0  10   1    0.9691
  0   0  10   2    1.1293
  0   0  10   3    1.2904
  0   0  10   4    0.8731
  0   0  10   5    1.0219
  0   0  10   6    1.1749
  0   0  10   7    1.3305
  0   0  10   8    0.9601
  0   0  10   9    1.0971
  0   0  10  10    1.2408
  0   0  10  11    1.3889
  0   0  10  12    1.0654
  0   0  10  13    1.1904
  0   0  10  14    1.3239
  0   0  10  15    1.4635
  0   0  10  16    1.1842
  0   0  10  17    1.2977
  0   0  10  18    1.4211
  0   0  10  19    1.5519
  0   0  10  20    1.3128
  0   0  10  21    1.4159
  0   0  10  22    1.5296
  0   0  10  23    1.6518
  0   0  10  24    1.4483
  0   0  10  25    1.5423
  0   0  10  26    1.6472
  0   0  10  27    1.7611
  0   0  10  28    1.5891
  0   0  10  29    1.6751
  0   0  10  30    1.7720
  0   0  10  31    1.8782
  0   0  11   0    1.4521
  0   0  11   1    1.6142
  0   0  11   2    1.7764
  0   0  11   3    1.9387
  0   0  11   4    1.4878
  0   0  11   5    1.6463
  0   0  11   6    1.8056
  0   0  11   7    1.9654
  0   0  11   8    1.5402
  0   0  11   9    1.6938
  0   0  11  10    1.8489
  0   0  11  11    2.0052
  0   0  11  12    1.6077
  0   0  11  13    1.7553
  0   0  11  14    1.9053
  0   0  11  15    2.0572
  0   0  11  16    1.6885
  0   0  11  17    1.8294
  0   0  11  18    1.9736
  0   0  11  19    2.1205
  0   0  11  20    1.7806
  0   0  11  21    1.9146
  0   0  11  22    2.0527
  0   0  11  23    2.1941
  0   0  11  24    1.8823
  0   0  11  25    2.0094
  0   0  11  26    2.1412
  0   0  11  27    2.2770
  0   0  11  28    1.9921
  0   0  11  29    2.1124
  0   0  11  30    2.2380
  0   0  11  31    2.3681
  0   0  12   0    2.1009
  0   0  12   1    2.2630
  0   0  12   2    2.4249
  0   0  12   3    2.5866
  0   0  12   4    2.1255
  0   0  12   5    2.2858
  0   0  12   6    2.4461
  0   0  12   7    2.6064
  0   0  12   8    2.1622
  0   0  12   9    2.3199
  0   0  12  10    2.4779
  0   0  12  11    2.6362
  0   0  12  12    2.2104
  0   0  12  13    2.3648
  0   0  12  14    2.5199
  0   0  12  15    2.6755
  0   0  12  16    2.2693
  0   0  12  17    2.4198
  0   0  12  18    2.5714
  0   0  12  19    2.7240
  0   0  12  20    2.3381
  0   0  12  21    2.4842
  0   0  12  22    2.6320
  0   0  12  23    2.7811
  0   0  12  24    2.4159
  0   0  12  25    2.5573
  0   0  12  26    2.7009
  0   0  12  27    2.8462
  0   0  12  28    2.5017
  0   0  12  29    2.6384
  0   0  12  30    2.7775
  0   0  12  31    2.9188
  0   0  13   0    2.7480
  0   0  13   1    2.9090
  0   0  13   2    3.0697
  0   0  13   3    3.2300
  0   0  13   4    2.7666
  0   0  13   5    2.9266
  0   0  13   6    3.0863
  0   0  13   7    3.2457
  0   0  13   8    2.7946
  0   0  13   9    2.9529
  0   0  13  10    3.1112
  0   0  13  11    3.2693
  0   0  13  12    2.8316
  0   0  13  13    2.9878
  0   0  13  14    3.1442
  0   0  13  15    3.3006
  0   0  13  16    2.8773
  0   0  13  17    3.0310
  0   0  13  18    3.1851
  0   0  13  19    3.3394
  0   0  13  20    2.9312
  0   0  13  21    3.0821
  0   0  13  22    3.2336
  0   0  13  23    3.3855
  0   0  13  24    2.9928
  0   0  13  25    3.1405
  0   0  13  26    3.2891
  0   0  13  27    3.4384
  0   0  13  28    3.0617
  0   0  13  29    3.2060
  0   0  13  30    3.3515
  0   0  13  31    3.4979
  0   0  14   0    3.3898
  0   0  14   1    3.5492
  0   0  14   2    3.7081
  0   0  14   3    3.8665
  0   0  14   4    3.4047
  0   0  14   5    3.5634
  0   0  14   6    3.7216
  0   0  14   7    3.8794
  0   0  14   8    3.4271
  0   0  14   9    3.5847
  0   0  14  10    3.7419
  0   0  14  11    3.8988
  0   0  14  12    3.4569
  0   0  14  13    3.6131
  0   0  14  14    3.7690
  0   0  14  15    3.9246
  0   0  14  16    3.4939
  0   0  14  17    3.6483
  0   0  14  18    3.8026
  0   0  14  19    3.9567
  0   0  14  20    3.5377
  0   0  14  21    3.6901
  0   0  14  22    3.8425
  0   0  14  23    3.9950
  0   0  14  24    3.5882
  0   0  14  25    3.7383
  0   0  14  26    3.8886
  0   0  14  27    4.0391
  0   0  14  28    3.6449
  0   0  14  29    3.7926
  0   0  14  30    3.9406
  0   0  14  31    4.0889
  0   0  15   0    1.7336
  0   0  15   1    1.8127
  0   0  15   2    1.9025
  0   0  15   3    2.0017
  0   0  15   4    1.8811
  0   0  15   5    1.9541
  0   0  15   6    2.0375
  0   0  15   7    2.1303
  0   0  15   8    2.0306
  0   0  15   9    2.0983
  0   0  15  10    2.1761
  0   0  15  11    2.2630
  0   0  15  12    2.1818
  0   0  15  13    2.2448
  0   0  15  14    2.3176
  0   0  15  15    2.3992
  0   0  15  16    2.3342
  0   0  15  17    2.3931
  0   0  15  18    2.4613
  0   0  15  19    2.5381
  0   0  15  20    2.4874
  0   0  15  21    2.5427
  0   0  15  22    2.6069
  0   0  15  23    2.6793
  0   0  15  24    2.6413
  0   0  15  25    2.6933
  0   0  15  26    2.7538
  0   0  15  27    2.8224
  0   0  15  28    2.7956
  0   0  15  29    2.8447
  0   0  15  30    2.9019
  0   0  15  31    2.9669
  0   0  16   0    2.1088
  0   0  16   1    2.2226
  0   0  16   2    2.3421
  0   0  16   3    2.4664
  0   0  16   4    2.2310
  0   0  16   5    2.3387
  0   0  16   6    2.4523
  0   0  16   7    2.5711
  0   0  16   8    2.3579
  0   0  16   9    2.4598
  0   0  16  10    2.5679
  0   0  16  11    2.6813
  0   0  16  12    2.4887
  0   0  16  13    2.5853
  0   0  16  14    2.6881
  0   0  16  15    2.7964
  0   0  16  16    2.6227
  0   0  16  17    2.7143
  0   0  16  18    2.8122
  0   0  16  19    2.9156
  0   0  16  20    2.7594
  0   0  16  21    2.8464
  0   0  16  22    2.9396
  0   0  16  23    3.0385
  0   0  16  24    2.8983
  0   0  16  25    2.9810
  0   0  16  26    3.0699
  0   0  16  27    3.1644
  0   0  16  28    3.0390
  0   0  16  29    3.1177
  0   0  16  30    3.2026
  0   0  16  31    3.2930
  0   0  17   0    2.5948
  0   0  17   1    2.7265
  0   0  17   2    2.8612
  0   0  17   3    2.9982
  0   0  17   4    2.6943
  0   0  17   5    2.8211
  0   0  17   6    2.9512
  0   0  17   7    3.0840
  0   0  17   8    2.7994
  0   0  17   9    2.9215
  0   0  17  10    3.0470
  0   0  17  11    3.1755
  0   0  17  12    2.9095
  0   0  17  13    3.0269
  0   0  17  14    3.1480
  0   0  17  15    3.2722
  0   0  17  16    3.0241
  0   0  17  17    3.1369
  0   0  17  18    3.2535
  0   0  17  19    3.3736
  0   0  17  20    3.1424
  0   0  17  21    3.2508
  0   0  17  22    3.3632
  0   0  17  23    3.4791
  0   0  17  24    3.2640
  0   0  17  25    3.3682
  0   0  17  26    3.4765
  0   0  17  27    3.5885
  0   0  17  28    3.3886
  0   0  17  29    3.4887
  0   0  17  30    3.5931
  0   0  17  31    3.7012
  0   0  18   0    3.1373
  0   0  18   1    3.2781
  0   0  18   2    3.4202
  0   0  18   3    3.5635
  0   0  18   4    3.2191
  0   0  18   5    3.3562
  0   0  18   6    3.4948
  0   0  18   7    3.6349
  0   0  18   8    3.3066
  0   0  18   9    3.4399
  0   0  18  10    3.5750
  0   0  18  11    3.7117
  0   0  18  12    3.3992
  0   0  18  13    3.5287
  0   0  18  14    3.6602
  0   0  18  15    3.7936
  0   0  18  16    3.4966
  0   0  18  17    3.6223
  0   0  18  18    3.7502
  0   0  18  19    3.8801
  0   0  18  20    3.5982
  0   0  18  21    3.7201
  0   0  18  22    3.8445
  0   0  18  23    3.9709
  0   0  18  24    3.7037
  0   0  18  25    3.8219
  0   0  18  26    3.9426
  0   0  18  27    4.0657
  0   0  18  28    3.8127
  0   0  18  29    3.9272
  0   0  18  30    4.0444
  0   0  18  31    4.1641
  0   0  19   0    3.7077
  0   0  19   1    3.8527
  0   0  19   2    3.9982
  0   0  19   3    4.1442
  0   0  19   4    3.7761
  0   0  19   5    3.9182
  0   0  19   6    4.0611
  0   0  19   7    4.2046
  0   0  19   8    3.8498
  0   0  19   9    3.9890
  0   0  19  10    4.1291
  0   0  19  11    4.2700
  0   0  19  12    3.9285
  0   0  19  13    4.0646
  0   0  19  14    4.2019
  0   0  19  15    4.3401
  0   0  19  16    4.0117
  0   0  19  17    4.1448
  0   0  19  18    4.2792
  0   0  19  19    4.4146
  0   0  19  20    4.0993
  0   0  19  21    4.2292
  0   0  19  22    4.3606
  0   0  19  23    4.4932
  0   0  19  24    4.1907
  0   0  19  25    4.3176
  0   0  19  26    4.4459
  0   0  19  27    4.5756
  0   0  19  28    4.2859
  0   0  19  29    4.4095
  0   0  19  30    4.5349
  0   0  19  31    4.6617
  0   0  20   0    2.6160
  0   0  20   1    2.6586
  0   0  20   2    2.7102
  0   0  20   3    2.7704
  0   0  20   4    2.8385
  0   0  20   5    2.9140
  0   0  20   6    2.9962
  0   0  20   7    3.0847
  0   0  20   8    3.1787
  0   0  20   9    3.2779
  0   0  20  10    3.3816
  0   0  20  11    3.4894
  0   0  20  12    3.6009
  0   0  20  13    3.7158
  0   0  20  14    3.8335
  0   0  20  15    3.9539
  0   0  20  16    4.0765
  0   0  20  17    4.2012
  0   0  20  18    4.3277
  0   0  20  19    4.4557
  0   0  20  20    4.5851
  0   0  20  21    4.7157
  0   0  20  22    0.0000
  0   0  20  23    0.0000
  0   0  20  24    0.0000
  0   0  20  25    0.0000
  0   0  20  26    0.0000
  0   0  20  27    0.0000
  0   0  20  28    0.0000
  0   0  20  29    0.0000
  0   0  20  30    0.0000
  0   0  20  31    0.0000
  0   0  21   0    2.9120
  0   0  21   1    2.9502
  0   0  21   2    2.9966
  0   0  21   3    3.0509
  0   0  21   4    3.1126
  0   0  21   5    3.1812
  0   0  21   6    3.2563
  0   0  21   7    3.3373
  0   0  21   8    3.4240
  0   0  21   9    3.5156
  0   0  21  10    3.6120
  0   0  21  11    3.7125
  0   0  21  12    3.8169
  0   0  21  13    3.9247
  0   0  21  14    4.0357
  0   0  21  15    4.1495
  0   0  21  16    4.2658
  0   0  21  17    4.3843
  0   0  21  18    4.5049
  0   0  21  19    4.6272
  0   0  21  20    4.7512
  0   0  21  21    4.8765
  0   0  21  22    0.0000
  0   0  21  23    0.0000
  0   0  21  24    0.0000
  0   0  21  25    0.0000
  0   0  21  26    0.0000
  0   0  21  27    0.0000
  0   0  21  28    0.0000
  0   0  21  29    0.0000
  0   0  21  30    0.0000
  0   0  21  31    0.0000
  0   0  22   0    2.4593
  0   0  22   1    2.3028
  0   0  22   2    2.1468
  0   0  22   3    1.9915
  0   0  22   4    1.8371
  0   0  22   5    1.6840
  0   0  22   6    1.5327
  0   0  22   7    1.3841
  0   0  22   8    1.2390
  0   0  22   9    1.0991
  0   0  22  10    0.9668
  0   0  22  11    0.8456
  0   0  22  12    0.7413
  0   0  22  13    0.6618
  0   0  22  14    0.6170
  0   0  22  15    0.6146
  0   0  22  16    0.6549
  0   0  22  17    0.7309
  0   0  22  18    0.8330
  0   0  22  19    0.9526
  0   0  22  20    1.0839
  0   0  22  21    1.2231
  0   0  22  22    1.3676
  0   0  22  23    1.5160
  0   0  22  24    1.6669
  0   0  22  25    1.8199
  0   0  22  26    1.9741
  0   0  22  27    2.1294
  0   0  22  28    2.2853
  0   0  22  29    2.4417
  0   0  22  30    2.5984
  0   0  22  31    2.7552
  0   0  23   0    4.6355
  0   0  23   1    4.5592
  0   0  23   2    4.4869
  0   0  23   3    4.4189
  0   0  23   4    4.3554
  0   0  23   5    4.2967
  0   0  23   6    4.2431
  0   0  23   7    4.1947
  0   0  23   8    4.1517
  0   0  23   9    4.1145
  0   0  23  10    4.0830
  0   0  23  11    4.0576
  0   0  23  12    4.0384
  0   0  23  13    4.0254
  0   0  23  14    4.0187
  0   0  23  15    4.0183
  0   0  23  16    4.0243
  0   0  23  17    4.0366
  0   0  23  18    4.0552
  0   0  23  19    4.0799
  0   0  23  20    4.1106
  0   0  23  21    4.1473
  0   0  23  22    4.1896
  0   0  23  23    4.2374
  0   0  23  24    4.2905
  0   0  23  25    4.3486
  0   0  23  26    4.4115
  0   0  23  27    4.4791
  0   0  23  28    4.5509
  0   0  23  29    4.6268
  0   0  23  30    4.7065
  0   0  23  31    4.7898
  0   1   0   0    2.5046
  0   1   0   1    2.5595
  0   1   0   2    2.6233
  0   1   0   3    2.6953
  0   1   0   4    2.3513
  0   1   0   5    2.4098
  0   1   0   6    2.4775
  0   1   0   7    2.5539
  0   1   0   8    2.1988
  0   1   0   9    2.2613
  0   1   0  10    2.3336
  0   1   0  11    2.4146
  0   1   0  12    2.0475
  0   1   0  13    2.1146
  0   1   0  14    2.1919
  0   1   0  15    2.2781
  0   1   0  16    1.8977
  0   1   0  17    1.9701
  0   1   0  18    2.0529
  0   1   0  19    2.1449
  0   1   0  20    1.7500
  0   1   0  21    1.8284
  0   1   0  22    1.9175
  0   1   0  23    2.0158
  0   1   0  24    1.6051
  0   1   0  25    1.6903
  0   1   0  26    1.7864
  0   1   0  27    1.8918
  0   1   0  28    1.4639
  0   1   0  29    1.5569
  0   1   0  30    1.6609
  0   1   0  31    1.7739
  0   1   1   0    2.7749
  0   1   1   1    2.8614
  0   1   1   2    2.9541
  0   1   1   3    3.0524
  0   1   1   4    2.6379
  0   1   1   5    2.7290
  0   1   1   6    2.8263
  0   1   1   7    2.9292
  0   1   1   8    2.5036
  0   1   1   9    2.5996
  0   1   1  10    2.7018
  0   1   1  11    2.8096
  0   1   1  12    2.3724
  0   1   1  13    2.4737
  0   1   1  14    2.5812
  0   1   1  15    2.6940
  0   1   1  16    2.2450
  0   1   1  17    2.3520
  0   1   1  18    2.4650
  0   1   1  19    2.5832
  0   1   1  20    2.1222
  0   1   1  21    2.2353
  0   1   1  22    2.3541
  0   1   1  23    2.4778
  0   1   1  24    2.0049
  0   1   1  25    2.1244
  0   1   1  26    2.2494
  0   1   1  27    2.3787
  0   1   1  28    1.8942
  0   1   1  29    2.0205
  0   1   1  30    2.1517
  0   1   1  31    2.2868
  0   1   2   0    3.1559
  0   1   2   1    3.2638
  0   1   2   2    3.3757
  0   1   2   3    3.4912
  0   1   2   4    3.0371
  0   1   2   5    3.1494
  0   1   2   6    3.2656
  0   1   2   7    3.3852
  0   1   2   8    2.9222
  0   1   2   9    3.0390
  0   1   2  10    3.1596
  0   1   2  11    3.2833
  0   1   2  12    2.8115
  0   1   2  13    2.9330
  0   1   2  14    3.0581
  0   1   2  15    3.1861
  0   1   2  16    2.7058
  0   1   2  17    2.8321
  0   1   2  18    2.9617
  0   1   2  19    3.0940
  0   1   2  20    2.6056
  0   1   2  21    2.7368
  0   1   2  22    2.8710
  0   1   2  23    3.0075
  0   1   2  24    2.5118
  0   1   2  25    2.6479
  0   1   2  26    2.7866
  0   1   2  27    2.9273
  0   1   2  28    2.4251
  0   1   2  29    2.5660
  0   1   2  30    2.7091
  0   1   2  31    2.8539
  0   1   3   0    3.6099
  0   1   3   1    3.7313
  0   1   3   2    3.8553
  0   1   3   3    3.9813
  0   1   3   4    3.5078
  0   1   3   5    3.6330
  0   1   3   6    3.7605
  0   1   3   7    3.8901
  0   1   3   8    3.4099
  0   1   3   9    3.5390
  0   1   3  10    3.6701
  0   1   3  11    3.8030
  0   1   3  12    3.3167
  0   1   3  13    3.4496
  0   1   3  14    3.5843
  0   1   3  15    3.7207
  0   1   3  16    3.2286
  0   1   3  17    3.3653
  0   1   3  18    3.5035
  0   1   3  19    3.6432
  0   1   3  20    3.1462
  0   1   3  21    3.2865
  0   1   3  22    3.4283
  0   1   3  23    3.5712
  0   1   3  24    3.0698
  0   1   3  25    3.2138
  0   1   3  26    3.3589
  0   1   3  27    3.5049
  0   1   3  28    3.0002
  0   1   3  29    3.1475
  0   1   3  30    3.2958
  0   1   3  31    3.4447
  0   1   4   0    4.1093
  0   1   4   1    4.2389
  0   1   4   2    4.3700
  0   1   4   3    4.5022
  0   1   4   4    4.0213
  0   1   4   5    4.1541
  0   1   4   6    4.2881
  0   1   4   7    4.4232
  0   1   4   8    3.9376
  0   1   4   9    4.0734
  0   1   4  10    4.2103
  0   1   4  11    4.3482
  0   1   4  12    3.8584
  0   1   4  13    3.9972
  0   1   4  14    4.1371
  0   1   4  15    4.2777
  0   1   4  16    3.7841
  0   1   4  17    3.9259
  0   1   4  18    4.0685
  0   1   4  19    4.2117
  0   1   4  20    3.7151
  0   1   4  21    3.8597
  0   1   4  22    4.0050
  0   1   4  23    4.1507
  0   1   4  24    3.6517
  0   1   4  25    3.7990
  0   1   4  26    3.9468
  0   1   4  27    4.0948
  0   1   4  28    3.5942
  0   1   4  29    3.7441
  0   1   4  30    3.8942
  0   1   4  31    4.0444
  0   1   5   0    1.3276
  0   1   5   1    1.4297
  0   1   5   2    1.5424
  0   1   5   3    1.6636
  0   1   5   4    1.1982
  0   1   5   5    1.3104
  0   1   5   6    1.4327
  0   1   5   7    1.5626
  0   1   5   8    1.0782
  0   1   5   9    1.2017
  0   1   5  10    1.3341
  0   1   5  11    1.4728
  0   1   5  12    0.9711
  0   1   5  13    1.1067
  0   1   5  14    1.2493
  0   1   5  15    1.3965
  0   1   5  16    0.8817
  0   1   5  17    1.0293
  0   1   5  18    1.1813
  0   1   5  19    1.3362
  0   1   5  20    0.8161
  0   1   5  21    0.9737
  0   1   5  22    1.1333
  0   1   5  23    1.2939
  0   1   5  24    0.7803
  0   1   5  25    0.9439
  0   1   5  26    1.1078
  0   1   5  27    1.2717
  0   1   5  28    0.7783
  0   1   5  29    0.9423
  0   1   5  30    1.1064
  0   1   5  31    1.2705
  0   1   6   0    1.7915
  0   1   6   1    1.9247
  0   1   6   2    2.0621
  0   1   6   3    2.2029
  0   1   6   4    1.6982
  0   1   6   5    1.8384
  0   1   6   6    1.9820
  0   1   6   7    2.1282
  0   1   6   8    1.6162
  0   1   6   9    1.7630
  0   1   6  10    1.9124
  0   1   6  11    2.0637
  0   1   6  12    1.5471
  0   1   6  13    1.7000
  0   1   6  14    1.8546
  0   1   6  15    2.0104
  0   1   6  16    1.4929
  0   1   6  17    1.6509
  0   1   6  18    1.8098
  0   1   6  19    1.9692
  0   1   6  20    1.4553
  0   1   6  21    1.6170
  0   1   6  22    1.7790
  0   1   6  23    1.9410
  0   1   6  24    1.4355
  0   1   6  25    1.5993
  0   1   6  26    1.7629
  0   1   6  27    1.9264
  0   1   6  28    1.4345
  0   1   6  29    1.5984
  0   1   6  30    1.7621
  0   1   6  31    1.9256
  0   1   7   0    2.3464
  0   1   7   1    2.4920
  0   1   7   2    2.6393
  0   1   7   3    2.7880
  0   1   7   4    2.2766
  0   1   7   5    2.4265
  0   1   7   6    2.5778
  0   1   7   7    2.7300
  0   1   7   8    2.2165
  0   1   7   9    2.3704
  0   1   7  10    2.5252
  0   1   7  11    2.6805
  0   1   7  12    2.1671
  0   1   7  13    2.3244
  0   1   7  14    2.4821
  0   1   7  15    2.6401
  0   1   7  16    2.1290
  0   1   7  17    2.2891
  0   1   7  18    2.4492
  0   1   7  19    2.6093
  0   1   7  20    2.1031
  0   1   7  21    2.2650
  0   1   7  22    2.4268
  0   1   7  23    2.5883
  0   1   7  24    2.0896
  0   1   7  25    2.2525
  0   1   7  26    2.4151
  0   1   7  27    2.5774
  0   1   7  28    2.0889
  0   1   7  29    2.2518
  0   1   7  30    2.4145
  0   1   7  31    2.5769
  0   1   8   0    2.9377
  0   1   8   1    3.0882
  0   1   8   2    3.2394
  0   1   8   3    3.3911
  0   1   8   4    2.8829
  0   1   8   5    3.0364
  0   1   8   6    3.1902
  0   1   8   7    3.3442
  0   1   8   8    2.8363
  0   1   8   9    2.9923
  0   1   8  10    3.1484
  0   1   8  11    3.3046
  0   1   8  12    2.7983
  0   1   8  13    2.9564
  0   1   8  14    3.1145
  0   1   8  15    3.2724
  0   1   8  16    2.7693
  0   1   8  17    2.9291
  0   1   8  18    3.0886
  0   1   8  19    3.2479
  0   1   8  20    2.7496
  0   1   8  21    2.9105
  0   1   8  22    3.0711
  0   1   8  23    3.2313
  0   1   8  24    2.7394
  0   1   8  25    2.9010
  0   1   8  26    3.0621
  0   1   8  27    3.2228
  0   1   8  28    2.7389
  0   1   8  29    2.9004
  0   1   8  30    3.0616
  0   1   8  31    3.2223
  0   1   9   0    3.5430
  0   1   9   1    3.6952
  0   1   9   2    3.8474
  0   1   9   3    3.9996
  0   1   9   4    3.4984
  0   1   9   5    3.6526
  0   1   9   6    3.8067
  0   1   9   7    3.9607
  0   1   9   8    3.4607
  0   1   9   9    3.6167
  0   1   9  10    3.7724
  0   1   9  11    3.9279
  0   1   9  12    3.4301
  0   1   9  13    3.5875
  0   1   9  14    3.7446
  0   1   9  15    3.9014
  0   1   9  16    3.4069
  0   1   9  17    3.5654
  0   1   9  18    3.7235
  0   1   9  19    3.8812
  0   1   9  20    3.3911
  0   1   9  21    3.5504
  0   1   9  22    3.7093
  0   1   9  23    3.8676
  0   1   9  24    3.3830
  0   1   9  25    3.5427
  0   1   9  26    3.7019
  0   1   9  27    3.8606
  0   1   9  28    3.3826
  0   1   9  29    3.5423
  0   1   9  30    3.7015
  0   1   9  31    3.8602
  0   1  10   0    0.8105
  0   1  10   1    0.9691
  0   1  10   2    1.1293
  0   1  10   3    1.2904
  0   1  10   4    0.8731
  0   1  10   5    1.0219
  0   1  10   6    1.1749
  0   1  10   7    1.3305
  0   1  10   8    0.9601
  0   1  10   9    1.0971
  0   1  10  10    1.2408
  0   1  10  11    1.3889
  0   1  10  12    1.0654
  0   1  10  13    1.1904
  0   1  10  14    1.3239
  0   1  10  15    1.4635
  0   1  10  16    1.1842
  0   1  10  17    1.2977
  0   1  10  18    1.4211
  0   1  10  19    1.5519
  0   1  10  20    1.3128
  0   1  10  21    1.4159
  0   1  10  22    1.5296
  0   1  10  23    1.6518
  0   1  10  24    1.4483
  0   1  10  25    1.5423
  0   1  10  26    1.6472
  0   1  10  27    1.7611
  0   1  10  28    1.5891
  0   1  10  29    1.6751
  0   1  10  30    1.7720
  0   1  10  31    1.8782
  0   1  11   0    1.4521
  0   1  11   1    1.6142
  0   1  11   2    1.7764
  0   1  11   3    1.9387
  0   1  11   4    1.4878
  0   1  11   5    1.6463
  0   1  11   6    1.8056
  0   1  11   7    1.9654
  0   1  11   8    1.5402
  0   1  11   9    1.6938
  0   1  11  10    1.8489
  0   1  11  11    2.0052
  0   1  11  12    1.6077
  0   1  11  13    1.7553
  0   1  11  14    1.9053
  0   1  11  15    2.0572
  0   1  11  16    1.6885
  0   1  11  17    1.8294
  0   1  11  18    1.9736
  0   1  11  19    2.1205
  0   1  11  20    1.7806
  0   1  11  21    1.9146
  0   1  11  22    2.0527
  0   1  11  23    2.1941
  0   1  11  24    1.8823
  0   1  11  25    2.0094
  0   1  11  26    2.1412
  0   1  11  27    2.2770
  0   1  11  28    1.9921
  0   1  11  29    2.1124
  0   1  11  30    2.2380
  0   1  11  31    2.3681
  0   1  12   0    2.1009
  0   1  12   1    2.2630
  0   1  12   2    2.4249
  0   1  12   3    2.5866
  0   1  12   4    2.1255
  0   1  12   5    2.2858
  0   1  12   6    2.4461
  0   1  12   7    2.6064
  0   1  12   8    2.1622
  0   1  12   9    2.3199
  0   1  12  10    2.4779
  0   1  12  11    2.6362
  0   1  12  12    2.2104
  0   1  12  13    2.3648
  0   1  12  14    2.5199
  0   1  12  15    2.6755
  0   1  12  16    2.2693
  0   1  12  17    2.4198
  0   1  12  18    2.5714
  0   1  12  19    2.7240
  0   1  12  20    2.3381
  0   1  12  21    2.4842
  0   1  12  22    2.6320
  0   1  12  23    2.7811
  0   1  12  24    2.4159
  0   1  12  25    2.5573
  0   1  12  26    2.7009
  0   1  12  27    2.8462
  0   1  12  28    2.5017
  0   1  12  29    2.6384
  0   1  12  30    2.7775
  0   1  12  31    2.9188
  0   1  13   0    2.7480
  0   1  13   1    2.9090
  0   1  13   2    3.0697
  0   1  13   3    3.2300
  0   1  13   4    2.7666
  0   1  13   5    2.9266
  0   1  13   6    3.0863
  0   1  13   7    3.2457
  0   1  13   8    2.7946
  0   1  13   9    2.9529
  0   1  13  10    3.1112
  0   1  13  11    3.2693
  0   1  13  12    2.8316
  0   1  13  13    2.9878
  0   1  13  14    3.1442
  0   1  13  15    3.3006
  0   1  13  16    2.8773
  0   1  13  17    3.0310
  0   1  13  18    3.1851
  0   1  13  19    3.3394
  0   1  13  20    2.9312
  0   1  13  21    3.0821
  0   1  13  22    3.2336
  0   1  13  23    3.3855
  0   1  13  24    2.9928
  0   1  13  25    3.1405
  0   1  13  26    3.2891
  0   1  13  27    3.4384
  0   1  13  28    3.0617
  0   1  13  29    3.2060
  0   1  13  30    3.3515
  0   1  13  31    3.4979
  0   1  14   0    3.3898
  0   1  14   1    3.5492
  0   1  14   2    3.7081
  0   1  14   3    3.8665
  0   1  14   4    3.4047
  0   1  14   5    3.5634
  0   1  14   6    3.7216
  0   1  14   7    3.8794
  0   1  14   8    3.4271
  0   1  14   9    3.5847
  0   1  14  10    3.7419
  0   1  14  11    3.8988
  0   1  14  12    3.4569
  0   1  14  13    3.6131
  0   1  14  14    3.7690
  0   1  14  15    3.9246
  0   1  14  16    3.4939
  0   1  14  17    3.6483
  0   1  14  18    3.8026
  0   1  14  19    3.9567
  0   1  14  20    3.5377
  0   1  14  21    3.6901
  0   1  14  22    3.8425
  0   1  14  23    3.9950
  0   1  14  24    3.5882
  0   1  14  25    3.7383
  0   1  14  26    3.8886
  0   1  14  27    4.0391
  0   1  14  28    3.6449
  0   1  14  29    3.7926
  0   1  14  30    3.9406
  0   1  14  31    4.0889
  0   1  15   0    1.7336
  0   1  15   1    1.8127
  0   1  15   2    1.9025
  0   1  15   3    2.0017
  0   1  15   4    1.8811
  0   1  15   5    1.9541
  0   1  15   6    2.0375
  0   1  15   7    2.1303
  0   1  15   8    2.0306
  0   1  15   9    2.0983
  0   1  15  10    2.1761
  0   1  15  11    2.2630
  0   1  15  12    2.1818
  0   1  15  13    2.2448
  0   1  15  14    2.3176
  0   1  15  15    2.3992
  0   1  15  16    2.3342
  0   1  15  17    2.3931
  0   1  15  18    2.4613
  0   1  15  19    2.5381
  0   1  15  20    2.4874
  0   1  15  21    2.5427
  0   1  15  22    2.6069
  0   1  15  23    2.6793
  0   1  15  24    2.6413
  0   1  15  25    2.6933
  0   1  15  26    2.7538
  0   1  15  27    2.8224
  0   1  15  28    2.7956
  0   1  15  29    2.8447
  0   1  15  30    2.9019
  0   1  15  31    2.9669
  0   1  16   0    2.1088
  0   1  16   1    2.2226
  0   1  16   2    2.3421
  0   1  16   3    2.4664
  0   1  16   4    2.2310
  0   1  16   5    2.3387
  0   1  16   6    2.4523
  0   1  16   7    2.5711
  0   1  16   8    2.3579
  0   1  16   9    2.4598
  0   1  16  10    2.5679
  0   1  16  11    2.6813
  0   1  16  12    2.4887
  0   1  16  13    2.5853
  0   1  16  14    2.6881
  0   1  16  15    2.7964
  0   1  16  16    2.6227
  0   1  16  17    2.7143
  0   1  16  18    2.8122
  0   1  16  19    2.9156
  0   1  16  20    2.7594
  0   1  16  21    2.8464
  0   1  16  22    2.9396
  0   1  16  23    3.0385
  0   1  16  24    2.8983
  0   1  16  25    2.9810
  0   1  16  26    3.0699
  0   1  16  27    3.1644
  0   1  16  28    3.0390
  0   1  16  29    3.1177
  0   1  16  30    3.2026
  0   1  16  31    3.2930
  0   1  17   0    2.5948
  0   1  17   1    2.7265
  0   1  17   2    2.8612
  0   1  17   3    2.9982
  0   1  17   4    2.6943
  0   1  17   5    2.8211
  0   1  17   6    2.9512
  0   1  17   7    3.0840
  0   1  17   8    2.7994
  0   1  17   9    2.9215
  0   1  17  10    3.0470
  0   1  17  11    3.1755
  0   1  17  12    2.9095
  0   1  17  13    3.0269
  0   1  17  14    3.1480
  0   1  17  15    3.2722
  0   1  17  16    3.0241
  0   1  17  17    3.1369
  0   1  17  18    3.2535
  0   1  17  19    3.3736
  0   1  17  20    3.1424
  0   1  17  21    3.2508
  0   1  17  22    3.3632
  0   1  17  23    3.4791
  0   1  17  24    3.2640
  0   1  17  25    3.3682
  0   1  17  26    3.4765
  0   1  17  27    3.5885
  0   1  17  28    3.3886
  0   1  17  29    3.4887
  0   1  17  30    3.5931
  0   1  17  31    3.7012
  0   1  18   0    3.1373
  0   1  18   1    3.2781
  0   1  18   2    3.4202
  0   1  18   3    3.5635
  0   1  18   4    3.2191
  0   1  18   5    3.3562
  0   1  18   6    3.4948
  0   1  18   7    3.6349
  0   1  18   8    3.3066
  0   1  18   9    3.4399
  0   1  18  10    3.5750
  0   1  18  11    3.7117
  0   1  18  12    3.3992
  0   1  18  13    3.5287
  0   1  18  14    3.6602
  0   1  18  15    3.7936
  0   1  18  16    3.4966
  0   1  18  17    3.6223
  0   1  18  18    3.7502
  0   1  18  19    3.8801
  0   1  18  20    3.5982
  0   1  18  21    3.7201
  0   1  18  22    3.8445
  0   1  18  23    3.9709
  0   1  18  24    3.7037
  0   1  18  25    3.8219
  0   1  18  26    3.9426
  0   1  18  27    4.0657
  0   1  18  28    3.8127
  0   1  18  29    3.9272
  0   1  18  30    4.0444
  0   1  18  31    4.1641
  0   1  19   0    3.7077
  0   1  19   1    3.8527
  0   1  19   2    3.9982
  0   1  19   3    4.1442
  0   1  19   4    3.7761
  0   1  19   5    3.9182
  0   1  19   6    4.0611
  0   1  19   7    4.2046
  0   1  19   8    3.8498
  0   1  19   9    3.9890
  0   1  19  10    4.1291
  0   1  19  11    4.2700
  0   1  19  12    3.9285
  0   1  19  13    4.0646
  0   1  19  14    4.2019
  0   1  19  15    4.3401
  0   1  19  16    4.0117
  0   1  19  17    4.1448
  0   1  19  18    4.2792
  0   1  19  19    4.4146
  0   1  19  20    4.0993
  0   1  19  21    4.2292
  0   1  19  22    4.3606
  0   1  19  23    4.4932
  0   1  19  24    4.1907
  0   1  19  25    4.3176
  0   1  19  26    4.4459
  0   1  19  27    4.5756
  0   1  19  28    4.2859
  0   1  19  29    4.4095
  0   1  19  30    4.5349
  0   1  19  31    4.6617
  0   1  20   0    2.6160
  0   1  20   1    2.6586
  0   1  20   2    2.7102
  0   1  20   3    2.7704
  0   1  20   4    2.8385
  0   1  20   5    2.9140
  0   1  20   6    2.9962
  0   1  20   7    3.0847
  0   1  20   8    3.1787
  0   1  20   9    3.2779
  0   1  20  10    3.3816
  0   1  20  11    3.4894
  0   1  20  12    3.6009
  0   1  20  13    3.7158
  0   1  20  14    3.8335
  0   1  20  15    3.9539
  0   1  20  16    4.0765
  0   1  20  17    4.2012
  0   1  20  18    4.3277
  0   1  20  19    4.4557
  0   1  20  20    4.5851
  0   1  20  21    4.7157
  0   1  20  22    0.0000
  0   1  20  23    0.0000
  0   1  20  24    0.0000
  0   1  20  25    0.0000
  0   1  20  26    0.0000
  0   1  20  27    0.0000
  0   1  20  28    0.0000
  0   1  20  29    0.0000
  0   1  20  30    0.0000
  0   1  20  31    0.0000
  0   1  21   0    2.9120
  0   1  21   1    2.9502
  0   1  21   2    2.9966
  0   1  21   3    3.0509
  0   1  21   4    3.1126
  0   1  21   5    3.1812
  0   1  21   6    3.2563
  0   1  21   7    3.3373
  0   1  21   8    3.4240
  0   1  21   9    3.5156
  0   1  21  10    3.6120
  0   1  21  11    3.7125
  0   1  21  12    3.8169
  0   1  21  13    3.9247
  0   1  21  14    4.0357
  0   1  21  15    4.1495
  0   1  21  16    4.2658
  0   1  21  17    4.3843
  0   1  21  18    4.5049
  0   1  21  19    4.6272
  0   1  21  20    4.7512
  0   1  21  21    4.8765
  0   1  21  22    0.0000
  0   1  21  23    0.0000
  0   1  21  24    0.0000
  0   1  21  25    0.0000
  0   1  21  26    0.0000
  0   1  21  27    0.0000
  0   1  21  28    0.0000
  0   1  21  29    0.0000
  0   1  21  30    0.0000
  0   1  21  31    0.0000
  0   1  22   0    2.4593
  0   1  22   1    2.3028
  0   1  22   2    2.1468
  0   1  22   3    1.9915
  0   1  22   4    1.8371
  0   1  22   5    1.6840
  0   1  22   6    1.5327
  0   1  22   7    1.3841
  0   1  22   8    1.2390
  0   1  22   9    1.0991
  0   1  22  10    0.9668
  0   1  22  11    0.8456
  0   1  22  12    0.7413
  0   1  22  13    0.6618
  0   1  22  14    0.6170
  0   1  22  15    0.6146
  0   1  22  16    0.6549
  0   1  22  17    0.7309
  0   1  22  18    0.8330
  0   1  22  19    0.9526
  0   1  22  20    1.0839
  0   1  22  21    1.2231
  0   1  22  22    1.3676
  0   1  22  23    1.5160
  0   1  22  24    1.6669
  0   1  22  25    1.8199
  0   1  22  26    1.9741
  0   1  22  27    2.1294
  0   1  22  28    2.2853
  0   1  22  29    2.4417
  0   1  22  30    2.5984
  0   1  22  31    2.7552
  0   1  23   0    4.6355
  0   1  23   1    4.5592
  0   1  23   2    4.4869
  0   1  23   3    4.4189
  0   1  23   4    4.3554
  0   1  23   5    4.2967
  0   1  23   6    4.2431
  0   1  23   7    4.1947
  0   1  23   8    4.1517
  0   1  23   9    4.1145
  0   1  23  10    4.0830
  0   1  23  11    4.0576
  0   1  23  12    4.0384
  0   1  23  13    4.0254
  0   1  23  14    4.0187
  0   1  23  15    4.0183
  0   1  23  16    4.0243
  0   1  23  17    4.0366
  0   1  23  18    4.0552
  0   1  23  19    4.0799
  0   1  23  20    4.1106
  0   1  23  21    4.1473
  0   1  23  22    4.1896
  0   1  23  23    4.2374
  0   1  23  24    4.2905
  0   1  23  25    4.3486
  0   1  23  26    4.4115
  0   1  23  27    4.4791
  0   1  23  28    4.5509
  0   1  23  29    4.6268
  0   1  23  30    4.7065
  0   1  23  31    4.7898
