#ehp ns  dep  ch   EtGain
  1   0   0   0    3.1326
  1   0   0   1    3.2777
  1   0   0   2    3.4618
  1   0   0   3    3.6788
  1   0   0   4    2.7612
  1   0   0   5    2.9251
  1   0   0   6    3.1306
  1   0   0   7    3.3698
  1   0   0   8    2.3959
  1   0   0   9    2.5835
  1   0   0  10    2.8146
  1   0   0  11    3.0791
  1   0   0  12    2.0408
  1   0   0  13    2.2585
  1   0   0  14    2.5201
  1   0   0  15    2.8131
  1   0   0  16    1.7033
  1   0   0  17    1.9592
  1   0   0  18    2.2563
  1   0   0  19    2.5800
  1   0   0  20    1.3970
  1   0   0  21    1.6999
  1   0   0  22    2.0356
  1   0   0  23    2.3898
  1   0   0  24    1.1478
  1   0   0  25    1.5021
  1   0   0  26    1.8738
  1   0   0  27    2.2540
  1   0   0  28    1.0000
  1   0   0  29    1.3926
  1   0   0  30    1.7874
  1   0   0  31    2.1828
  1   0   1   0    3.9231
  1   0   1   1    4.1895
  1   0   1   2    4.4737
  1   0   1   3    4.7722
  1   0   1   4    3.6357
  1   0   1   5    3.9227
  1   0   1   6    4.2259
  1   0   1   7    4.5418
  1   0   1   8    3.3689
  1   0   1   9    3.6776
  1   0   1  10    4.0005
  1   0   1  11    4.3339
  1   0   1  12    3.1284
  1   0   1  13    3.4594
  1   0   1  14    3.8017
  1   0   1  15    4.1520
  1   0   1  16    2.9212
  1   0   1  17    3.2739
  1   0   1  18    3.6344
  1   0   1  19    4.0001
  1   0   1  20    2.7552
  1   0   1  21    3.1272
  1   0   1  22    3.5034
  1   0   1  23    3.8820
  1   0   1  24    2.6385
  1   0   1  25    3.0253
  1   0   1  26    3.4131
  1   0   1  27    3.8011
  1   0   1  28    2.5782
  1   0   1  29    2.9730
  1   0   1  30    3.3670
  1   0   1  31    3.7600
  1   0   2   0    5.0820
  1   0   2   1    5.4007
  1   0   2   2    5.7264
  1   0   2   3    6.0575
  1   0   2   4    4.8675
  1   0   2   5    5.2006
  1   0   2   6    5.5394
  1   0   2   7    5.8823
  1   0   2   8    4.6751
  1   0   2   9    5.0220
  1   0   2  10    5.3731
  1   0   2  11    5.7271
  1   0   2  12    4.5079
  1   0   2  13    4.8677
  1   0   2  14    5.2301
  1   0   2  15    5.5942
  1   0   2  16    4.3691
  1   0   2  17    4.7403
  1   0   2  18    5.1125
  1   0   2  19    5.4851
  1   0   2  20    4.2619
  1   0   2  21    4.6422
  1   0   2  22    5.0223
  1   0   2  23    5.4018
  1   0   2  24    4.1887
  1   0   2  25    4.5755
  1   0   2  26    4.9612
  1   0   2  27    5.3454
  1   0   2  28    4.1516
  1   0   2  29    4.5418
  1   0   2  30    4.9303
  1   0   2  31    5.3169
  1   0   3   0    1.0000
  1   0   3   1    1.3926
  1   0   3   2    1.7874
  1   0   3   3    2.1828
  1   0   3   4    1.1478
  1   0   3   5    1.5021
  1   0   3   6    1.8738
  1   0   3   7    2.2540
  1   0   3   8    1.3970
  1   0   3   9    1.6999
  1   0   3  10    2.0356
  1   0   3  11    2.3898
  1   0   3  12    1.7033
  1   0   3  13    1.9592
  1   0   3  14    2.2563
  1   0   3  15    2.5800
  1   0   3  16    2.0408
  1   0   3  17    2.2585
  1   0   3  18    2.5201
  1   0   3  19    2.8131
  1   0   3  20    2.3959
  1   0   3  21    2.5835
  1   0   3  22    2.8146
  1   0   3  23    3.0791
  1   0   3  24    2.7612
  1   0   3  25    2.9251
  1   0   3  26    3.1306
  1   0   3  27    3.3698
  1   0   3  28    3.1326
  1   0   3  29    3.2777
  1   0   3  30    3.4618
  1   0   3  31    3.6788
  1   0   4   0    2.5782
  1   0   4   1    2.9730
  1   0   4   2    3.3670
  1   0   4   3    3.7600
  1   0   4   4    2.6385
  1   0   4   5    3.0253
  1   0   4   6    3.4131
  1   0   4   7    3.8011
  1   0   4   8    2.7552
  1   0   4   9    3.1272
  1   0   4  10    3.5034
  1   0   4  11    3.8820
  1   0   4  12    2.9212
  1   0   4  13    3.2739
  1   0   4  14    3.6344
  1   0   4  15    4.0001
  1   0   4  16    3.1284
  1   0   4  17    3.4594
  1   0   4  18    3.8017
  1   0   4  19    4.1520
  1   0   4  20    3.3689
  1   0   4  21    3.6776
  1   0   4  22    4.0005
  1   0   4  23    4.3339
  1   0   4  24    3.6357
  1   0   4  25    3.9227
  1   0   4  26    4.2259
  1   0   4  27    4.5418
  1   0   4  28    3.9231
  1   0   4  29    4.1895
  1   0   4  30    4.4737
  1   0   4  31    4.7722
  1   0   5   0    4.1516
  1   0   5   1    4.5418
  1   0   5   2    4.9303
  1   0   5   3    5.3169
  1   0   5   4    4.1887
  1   0   5   5    4.5755
  1   0   5   6    4.9612
  1   0   5   7    5.3454
  1   0   5   8    4.2619
  1   0   5   9    4.6422
  1   0   5  10    5.0223
  1   0   5  11    5.4018
  1   0   5  12    4.3691
  1   0   5  13    4.7403
  1   0   5  14    5.1125
  1   0   5  15    5.4851
  1   0   5  16    4.5079
  1   0   5  17    4.8677
  1   0   5  18    5.2301
  1   0   5  19    5.5942
  1   0   5  20    4.6751
  1   0   5  21    5.0220
  1   0   5  22    5.3731
  1   0   5  23    5.7271
  1   0   5  24    4.8675
  1   0   5  25    5.2006
  1   0   5  26    5.5394
  1   0   5  27    5.8823
  1   0   5  28    5.0820
  1   0   5  29    5.4007
  1   0   5  30    5.7264
  1   0   5  31    6.0575
  1   0   6   0    3.8848
  1   0   6   1    4.0020
  1   0   6   2    4.1530
  1   0   6   3    4.3342
  1   0   6   4    3.5077
  1   0   6   5    3.6375
  1   0   6   6    3.8036
  1   0   6   7    4.0015
  1   0   6   8    4.5417
  1   0   6   9    4.7718
  1   0   6  10    5.0210
  1   0   6  11    5.2864
  1   0   6  12    4.2263
  1   0   6  13    4.4737
  1   0   6  14    4.7398
  1   0   6  15    5.0214
  1   0   6  16    5.5652
  1   0   6  17    5.8551
  1   0   6  18    6.1542
  1   0   6  19    6.4607
  1   0   6  20    5.3155
  1   0   6  21    5.6197
  1   0   6  22    5.9321
  1   0   6  23    6.2510
  1   0   6  24    0.0000
  1   0   6  25    0.0000
  1   0   6  26    0.0000
  1   0   6  27    0.0000
  1   0   6  28    0.0000
  1   0   6  29    0.0000
  1   0   6  30    0.0000
  1   0   6  31    0.0000
  1   0   7   0    3.5077
  1   0   7   1    3.6375
  1   0   7   2    3.8036
  1   0   7   3    4.0015
  1   0   7   4    3.8848
  1   0   7   5    4.0020
  1   0   7   6    4.1530
  1   0   7   7    4.3342
  1   0   7   8    4.2263
  1   0   7   9    4.4737
  1   0   7  10    4.7398
  1   0   7  11    5.0214
  1   0   7  12    4.5417
  1   0   7  13    4.7718
  1   0   7  14    5.0210
  1   0   7  15    5.2864
  1   0   7  16    5.3155
  1   0   7  17    5.6197
  1   0   7  18    5.9321
  1   0   7  19    6.2510
  1   0   7  20    5.5652
  1   0   7  21    5.8551
  1   0   7  22    6.1542
  1   0   7  23    6.4607
  1   0   7  24    0.0000
  1   0   7  25    0.0000
  1   0   7  26    0.0000
  1   0   7  27    0.0000
  1   0   7  28    0.0000
  1   0   7  29    0.0000
  1   0   7  30    0.0000
  1   0   7  31    0.0000
  1   0   8   0    6.7731
  1   0   8   1    6.5750
  1   0   8   2    6.3927
  1   0   8   3    6.2282
  1   0   8   4    6.0830
  1   0   8   5    5.9589
  1   0   8   6    5.8575
  1   0   8   7    5.7801
  1   0   8   8    5.7278
  1   0   8   9    5.7015
  1   0   8  10    5.7015
  1   0   8  11    5.7278
  1   0   8  12    5.7801
  1   0   8  13    5.8575
  1   0   8  14    5.9589
  1   0   8  15    6.0830
  1   0   8  16    6.2282
  1   0   8  17    6.3927
  1   0   8  18    6.5750
  1   0   8  19    6.7731
  1   0   8  20    0.0000
  1   0   8  21    0.0000
  1   0   8  22    0.0000
  1   0   8  23    0.0000
  1   0   8  24    0.0000
  1   0   8  25    0.0000
  1   0   8  26    0.0000
  1   0   8  27    0.0000
  1   0   8  28    0.0000
  1   0   8  29    0.0000
  1   0   8  30    0.0000
  1   0   8  31    0.0000
  1   1   0   0    3.1326
  1   1   0   1    3.2777
  1   1   0   2    3.4618
  1   1   0   3    3.6788
  1   1   0   4    2.7612
  1   1   0   5    2.9251
  1   1   0   6    3.1306
  1   1   0   7    3.3698
  1   1   0   8    2.3959
  1   1   0   9    2.5835
  1   1   0  10    2.8146
  1   1   0  11    3.0791
  1   1   0  12    2.0408
  1   1   0  13    2.2585
  1   1   0  14    2.5201
  1   1   0  15    2.8131
  1   1   0  16    1.7033
  1   1   0  17    1.9592
  1   1   0  18    2.2563
  1   1   0  19    2.5800
  1   1   0  20    1.3970
  1   1   0  21    1.6999
  1   1   0  22    2.0356
  1   1   0  23    2.3898
  1   1   0  24    1.1478
  1   1   0  25    1.5021
  1   1   0  26    1.8738
  1   1   0  27    2.2540
  1   1   0  28    1.0000
  1   1   0  29    1.3926
  1   1   0  30    1.7874
  1   1   0  31    2.1828
  1   1   1   0    3.9231
  1   1   1   1    4.1895
  1   1   1   2    4.4737
  1   1   1   3    4.7722
  1   1   1   4    3.6357
  1   1   1   5    3.9227
  1   1   1   6    4.2259
  1   1   1   7    4.5418
  1   1   1   8    3.3689
  1   1   1   9    3.6776
  1   1   1  10    4.0005
  1   1   1  11    4.3339
  1   1   1  12    3.1284
  1   1   1  13    3.4594
  1   1   1  14    3.8017
  1   1   1  15    4.1520
  1   1   1  16    2.9212
  1   1   1  17    3.2739
  1   1   1  18    3.6344
  1   1   1  19    4.0001
  1   1   1  20    2.7552
  1   1   1  21    3.1272
  1   1   1  22    3.5034
  1   1   1  23    3.8820
  1   1   1  24    2.6385
  1   1   1  25    3.0253
  1   1   1  26    3.4131
  1   1   1  27    3.8011
  1   1   1  28    2.5782
  1   1   1  29    2.9730
  1   1   1  30    3.3670
  1   1   1  31    3.7600
  1   1   2   0    5.0820
  1   1   2   1    5.4007
  1   1   2   2    5.7264
  1   1   2   3    6.0575
  1   1   2   4    4.8675
  1   1   2   5    5.2006
  1   1   2   6    5.5394
  1   1   2   7    5.8823
  1   1   2   8    4.6751
  1   1   2   9    5.0220
  1   1   2  10    5.3731
  1   1   2  11    5.7271
  1   1   2  12    4.5079
  1   1   2  13    4.8677
  1   1   2  14    5.2301
  1   1   2  15    5.5942
  1   1   2  16    4.3691
  1   1   2  17    4.7403
  1   1   2  18    5.1125
  1   1   2  19    5.4851
  1   1   2  20    4.2619
  1   1   2  21    4.6422
  1   1   2  22    5.0223
  1   1   2  23    5.4018
  1   1   2  24    4.1887
  1   1   2  25    4.5755
  1   1   2  26    4.9612
  1   1   2  27    5.3454
  1   1   2  28    4.1516
  1   1   2  29    4.5418
  1   1   2  30    4.9303
  1   1   2  31    5.3169
  1   1   3   0    1.0000
  1   1   3   1    1.3926
  1   1   3   2    1.7874
  1   1   3   3    2.1828
  1   1   3   4    1.1478
  1   1   3   5    1.5021
  1   1   3   6    1.8738
  1   1   3   7    2.2540
  1   1   3   8    1.3970
  1   1   3   9    1.6999
  1   1   3  10    2.0356
  1   1   3  11    2.3898
  1   1   3  12    1.7033
  1   1   3  13    1.9592
  1   1   3  14    2.2563
  1   1   3  15    2.5800
  1   1   3  16    2.0408
  1   1   3  17    2.2585
  1   1   3  18    2.5201
  1   1   3  19    2.8131
  1   1   3  20    2.3959
  1   1   3  21    2.5835
  1   1   3  22    2.8146
  1   1   3  23    3.0791
  1   1   3  24    2.7612
  1   1   3  25    2.9251
  1   1   3  26    3.1306
  1   1   3  27    3.3698
  1   1   3  28    3.1326
  1   1   3  29    3.2777
  1   1   3  30    3.4618
  1   1   3  31    3.6788
  1   1   4   0    2.5782
  1   1   4   1    2.9730
  1   1   4   2    3.3670
  1   1   4   3    3.7600
  1   1   4   4    2.6385
  1   1   4   5    3.0253
  1   1   4   6    3.4131
  1   1   4   7    3.8011
  1   1   4   8    2.7552
  1   1   4   9    3.1272
  1   1   4  10    3.5034
  1   1   4  11    3.8820
  1   1   4  12    2.9212
  1   1   4  13    3.2739
  1   1   4  14    3.6344
  1   1   4  15    4.0001
  1   1   4  16    3.1284
  1   1   4  17    3.4594
  1   1   4  18    3.8017
  1   1   4  19    4.1520
  1   1   4  20    3.3689
  1   1   4  21    3.6776
  1   1   4  22    4.0005
  1   1   4  23    4.3339
  1   1   4  24    3.6357
  1   1   4  25    3.9227
  1   1   4  26    4.2259
  1   1   4  27    4.5418
  1   1   4  28    3.9231
  1   1   4  29    4.1895
  1   1   4  30    4.4737
  1   1   4  31    4.7722
  1   1   5   0    4.1516
  1   1   5   1    4.5418
  1   1   5   2    4.9303
  1   1   5   3    5.3169
  1   1   5   4    4.1887
  1   1   5   5    4.5755
  1   1   5   6    4.9612
  1   1   5   7    5.3454
  1   1   5   8    4.2619
  1   1   5   9    4.6422
  1   1   5  10    5.0223
  1   1   5  11    5.4018
  1   1   5  12    4.3691
  1   1   5  13    4.7403
  1   1   5  14    5.1125
  1   1   5  15    5.4851
  1   1   5  16    4.5079
  1   1   5  17    4.8677
  1   1   5  18    5.2301
  1   1   5  19    5.5942
  1   1   5  20    4.6751
  1   1   5  21    5.0220
  1   1   5  22    5.3731
  1   1   5  23    5.7271
  1   1   5  24    4.8675
  1   1   5  25    5.2006
  1   1   5  26    5.5394
  1   1   5  27    5.8823
  1   1   5  28    5.0820
  1   1   5  29    5.4007
  1   1   5  30    5.7264
  1   1   5  31    6.0575
  1   1   6   0    3.8848
  1   1   6   1    4.0020
  1   1   6   2    4.1530
  1   1   6   3    4.3342
  1   1   6   4    3.5077
  1   1   6   5    3.6375
  1   1   6   6    3.8036
  1   1   6   7    4.0015
  1   1   6   8    4.5417
  1   1   6   9    4.7718
  1   1   6  10    5.0210
  1   1   6  11    5.2864
  1   1   6  12    4.2263
  1   1   6  13    4.4737
  1   1   6  14    4.7398
  1   1   6  15    5.0214
  1   1   6  16    5.5652
  1   1   6  17    5.8551
  1   1   6  18    6.1542
  1   1   6  19    6.4607
  1   1   6  20    5.3155
  1   1   6  21    5.6197
  1   1   6  22    5.9321
  1   1   6  23    6.2510
  1   1   6  24    0.0000
  1   1   6  25    0.0000
  1   1   6  26    0.0000
  1   1   6  27    0.0000
  1   1   6  28    0.0000
  1   1   6  29    0.0000
  1   1   6  30    0.0000
  1   1   6  31    0.0000
  1   1   7   0    3.5077
  1   1   7   1    3.6375
  1   1   7   2    3.8036
  1   1   7   3    4.0015
  1   1   7   4    3.8848
  1   1   7   5    4.0020
  1   1   7   6    4.1530
  1   1   7   7    4.3342
  1   1   7   8    4.2263
  1   1   7   9    4.4737
  1   1   7  10    4.7398
  1   1   7  11    5.0214
  1   1   7  12    4.5417
  1   1   7  13    4.7718
  1   1   7  14    5.0210
  1   1   7  15    5.2864
  1   1   7  16    5.3155
  1   1   7  17    5.6197
  1   1   7  18    5.9321
  1   1   7  19    6.2510
  1   1   7  20    5.5652
  1   1   7  21    5.8551
  1   1   7  22    6.1542
  1   1   7  23    6.4607
  1   1   7  24    0.0000
  1   1   7  25    0.0000
  1   1   7  26    0.0000
  1   1   7  27    0.0000
  1   1   7  28    0.0000
  1   1   7  29    0.0000
  1   1   7  30    0.0000
  1   1   7  31    0.0000
  1   1   8   0    6.7731
  1   1   8   1    6.5750
  1   1   8   2    6.3927
  1   1   8   3    6.2282
  1   1   8   4    6.0830
  1   1   8   5    5.9589
  1   1   8   6    5.8575
  1   1   8   7    5.7801
  1   1   8   8    5.7278
  1   1   8   9    5.7015
  1   1   8  10    5.7015
  1   1   8  11    5.7278
  1   1   8  12    5.7801
  1   1   8  13    5.8575
  1   1   8  14    5.9589
  1   1   8  15    6.0830
  1   1   8  16    6.2282
  1   1   8  17    6.3927
  1   1   8  18    6.5750
  1   1   8  19    6.7731
  1   1   8  20    0.0000
  1   1   8  21    0.0000
  1   1   8  22    0.0000
  1   1   8  23    0.0000
  1   1   8  24    0.0000
  1   1   8  25    0.0000
  1   1   8  26    0.0000
  1   1   8  27    0.0000
  1   1   8  28    0.0000
  1   1   8  29    0.0000
  1   1   8  30    0.0000
  1   1   8  31    0.0000
