#ehp ns  dep  ch   EtGain
  0   0   0   0    3.4434
  0   0   0   1    3.5101
  0   0   0   2    3.5880
  0   0   0   3    3.6762
  0   0   0   4    3.2428
  0   0   0   5    3.3137
  0   0   0   6    3.3963
  0   0   0   7    3.4896
  0   0   0   8    3.0431
  0   0   0   9    3.1186
  0   0   0  10    3.2064
  0   0   0  11    3.3054
  0   0   0  12    2.8444
  0   0   0  13    2.9253
  0   0   0  14    3.0188
  0   0   0  15    3.1240
  0   0   0  16    2.6473
  0   0   0  17    2.7341
  0   0   0  18    2.8342
  0   0   0  19    2.9461
  0   0   0  20    2.4521
  0   0   0  21    2.5458
  0   0   0  22    2.6531
  0   0   0  23    2.7726
  0   0   0  24    2.2597
  0   0   0  25    2.3611
  0   0   0  26    2.4767
  0   0   0  27    2.6044
  0   0   0  28    2.0708
  0   0   0  29    2.1812
  0   0   0  30    2.3059
  0   0   0  31    2.4429
  0   0   1   0    3.7742
  0   0   1   1    3.8810
  0   0   1   2    3.9959
  0   0   1   3    4.1182
  0   0   1   4    3.5929
  0   0   1   5    3.7053
  0   0   1   6    3.8258
  0   0   1   7    3.9537
  0   0   1   8    3.4145
  0   0   1   9    3.5328
  0   0   1  10    3.6593
  0   0   1  11    3.7932
  0   0   1  12    3.2395
  0   0   1  13    3.3642
  0   0   1  14    3.4971
  0   0   1  15    3.6373
  0   0   1  16    3.0685
  0   0   1  17    3.2002
  0   0   1  18    3.3400
  0   0   1  19    3.4868
  0   0   1  20    2.9026
  0   0   1  21    3.0417
  0   0   1  22    3.1888
  0   0   1  23    3.3425
  0   0   1  24    2.7427
  0   0   1  25    2.8898
  0   0   1  26    3.0444
  0   0   1  27    3.2054
  0   0   1  28    2.5899
  0   0   1  29    2.7455
  0   0   1  30    2.9081
  0   0   1  31    3.0765
  0   0   2   0    4.2472
  0   0   2   1    4.3821
  0   0   2   2    4.5225
  0   0   2   3    4.6677
  0   0   2   4    4.0882
  0   0   2   5    4.2287
  0   0   2   6    4.3744
  0   0   2   7    4.5248
  0   0   2   8    3.9336
  0   0   2   9    4.0797
  0   0   2  10    4.2309
  0   0   2  11    4.3867
  0   0   2  12    3.7838
  0   0   2  13    3.9359
  0   0   2  14    4.0929
  0   0   2  15    4.2540
  0   0   2  16    3.6397
  0   0   2  17    3.7979
  0   0   2  18    3.9607
  0   0   2  19    4.1275
  0   0   2  20    3.5021
  0   0   2  21    3.6666
  0   0   2  22    3.8353
  0   0   2  23    4.0076
  0   0   2  24    3.3717
  0   0   2  25    3.5426
  0   0   2  26    3.7173
  0   0   2  27    3.8952
  0   0   2  28    3.2497
  0   0   2  29    3.4270
  0   0   2  30    3.6076
  0   0   2  31    3.7909
  0   0   3   0    4.8172
  0   0   3   1    4.9706
  0   0   3   2    5.1274
  0   0   3   3    5.2872
  0   0   3   4    4.6793
  0   0   3   5    4.8375
  0   0   3   6    4.9990
  0   0   3   7    5.1633
  0   0   3   8    4.5464
  0   0   3   9    4.7095
  0   0   3  10    4.8756
  0   0   3  11    5.0444
  0   0   3  12    4.4189
  0   0   3  13    4.5870
  0   0   3  14    4.7579
  0   0   3  15    4.9311
  0   0   3  16    4.2976
  0   0   3  17    4.4707
  0   0   3  18    4.6462
  0   0   3  19    4.8239
  0   0   3  20    4.1830
  0   0   3  21    4.3610
  0   0   3  22    4.5412
  0   0   3  23    4.7232
  0   0   3  24    4.0758
  0   0   3  25    4.2586
  0   0   3  26    4.4433
  0   0   3  27    4.6295
  0   0   3  28    3.9766
  0   0   3  29    4.1641
  0   0   3  30    4.3531
  0   0   3  31    4.5434
  0   0   4   0    5.4497
  0   0   4   1    5.6146
  0   0   4   2    5.7815
  0   0   4   3    5.9502
  0   0   4   4    5.3300
  0   0   4   5    5.4990
  0   0   4   6    5.6698
  0   0   4   7    5.8422
  0   0   4   8    5.2154
  0   0   4   9    5.3884
  0   0   4  10    5.5631
  0   0   4  11    5.7393
  0   0   4  12    5.1064
  0   0   4  13    5.2834
  0   0   4  14    5.4620
  0   0   4  15    5.6417
  0   0   4  16    5.0033
  0   0   4  17    5.1843
  0   0   4  18    5.3666
  0   0   4  19    5.5499
  0   0   4  20    4.9067
  0   0   4  21    5.0916
  0   0   4  22    5.2774
  0   0   4  23    5.4641
  0   0   4  24    4.8170
  0   0   4  25    5.0055
  0   0   4  26    5.1948
  0   0   4  27    5.3848
  0   0   4  28    4.7346
  0   0   4  29    4.9266
  0   0   4  30    5.1192
  0   0   4  31    5.3122
  0   0   5   0    1.8868
  0   0   5   1    2.0074
  0   0   5   2    2.1425
  0   0   5   3    2.2894
  0   0   5   4    1.7092
  0   0   5   5    1.8416
  0   0   5   6    1.9882
  0   0   5   7    2.1458
  0   0   5   8    1.5406
  0   0   5   9    1.6864
  0   0   5  10    1.8454
  0   0   5  11    2.0145
  0   0   5  12    1.3842
  0   0   5  13    1.5450
  0   0   5  14    1.7173
  0   0   5  15    1.8979
  0   0   5  16    1.2450
  0   0   5  17    1.4217
  0   0   5  18    1.6073
  0   0   5  19    1.7992
  0   0   5  20    1.1292
  0   0   5  21    1.3215
  0   0   5  22    1.5196
  0   0   5  23    1.7213
  0   0   5  24    1.0449
  0   0   5  25    1.2503
  0   0   5  26    1.4581
  0   0   5  27    1.6673
  0   0   5  28    1.0000
  0   0   5  29    1.2131
  0   0   5  30    1.4264
  0   0   5  31    1.6397
  0   0   6   0    2.4459
  0   0   6   1    2.6103
  0   0   6   2    2.7810
  0   0   6   3    2.9569
  0   0   6   4    2.3123
  0   0   6   5    2.4857
  0   0   6   6    2.6647
  0   0   6   7    2.8480
  0   0   6   8    2.1911
  0   0   6   9    2.3736
  0   0   6  10    2.5606
  0   0   6  11    2.7511
  0   0   6  12    2.0846
  0   0   6  13    2.2758
  0   0   6  14    2.4704
  0   0   6  15    2.6675
  0   0   6  16    1.9953
  0   0   6  17    2.1944
  0   0   6  18    2.3957
  0   0   6  19    2.5987
  0   0   6  20    1.9254
  0   0   6  21    2.1312
  0   0   6  22    2.3381
  0   0   6  23    2.5458
  0   0   6  24    1.8774
  0   0   6  25    2.0880
  0   0   6  26    2.2989
  0   0   6  27    2.5098
  0   0   6  28    1.8530
  0   0   6  29    2.0661
  0   0   6  30    2.2790
  0   0   6  31    2.4917
  0   0   7   0    3.1370
  0   0   7   1    3.3206
  0   0   7   2    3.5070
  0   0   7   3    3.6956
  0   0   7   4    3.0348
  0   0   7   5    3.2245
  0   0   7   6    3.4163
  0   0   7   7    3.6100
  0   0   7   8    2.9443
  0   0   7   9    3.1396
  0   0   7  10    3.3366
  0   0   7  11    3.5348
  0   0   7  12    2.8665
  0   0   7  13    3.0670
  0   0   7  14    3.2686
  0   0   7  15    3.4709
  0   0   7  16    2.8027
  0   0   7  17    3.0076
  0   0   7  18    3.2130
  0   0   7  19    3.4188
  0   0   7  20    2.7539
  0   0   7  21    2.9622
  0   0   7  22    3.1707
  0   0   7  23    3.3792
  0   0   7  24    2.7208
  0   0   7  25    2.9316
  0   0   7  26    3.1422
  0   0   7  27    3.3525
  0   0   7  28    2.7041
  0   0   7  29    2.9161
  0   0   7  30    3.1278
  0   0   7  31    3.3391
  0   0   8   0    3.8861
  0   0   8   1    4.0781
  0   0   8   2    4.2712
  0   0   8   3    4.4653
  0   0   8   4    3.8050
  0   0   8   5    4.0011
  0   0   8   6    4.1981
  0   0   8   7    4.3957
  0   0   8   8    3.7340
  0   0   8   9    3.9339
  0   0   8  10    4.1343
  0   0   8  11    4.3350
  0   0   8  12    3.6737
  0   0   8  13    3.8769
  0   0   8  14    4.0803
  0   0   8  15    4.2838
  0   0   8  16    3.6247
  0   0   8  17    3.8307
  0   0   8  18    4.0366
  0   0   8  19    4.2423
  0   0   8  20    3.5875
  0   0   8  21    3.7956
  0   0   8  22    4.0034
  0   0   8  23    4.2109
  0   0   8  24    3.5625
  0   0   8  25    3.7720
  0   0   8  26    3.9812
  0   0   8  27    4.1898
  0   0   8  28    3.5499
  0   0   8  29    3.7602
  0   0   8  30    3.9700
  0   0   8  31    4.1792
  0   0   9   0    4.6600
  0   0   9   1    4.8553
  0   0   9   2    5.0509
  0   0   9   3    5.2467
  0   0   9   4    4.5937
  0   0   9   5    4.7919
  0   0   9   6    4.9903
  0   0   9   7    5.1887
  0   0   9   8    4.5359
  0   0   9   9    4.7368
  0   0   9  10    4.9377
  0   0   9  11    5.1383
  0   0   9  12    4.4872
  0   0   9  13    4.6904
  0   0   9  14    4.8933
  0   0   9  15    5.0959
  0   0   9  16    4.4477
  0   0   9  17    4.6528
  0   0   9  18    4.8575
  0   0   9  19    5.0617
  0   0   9  20    4.4179
  0   0   9  21    4.6244
  0   0   9  22    4.8304
  0   0   9  23    5.0358
  0   0   9  24    4.3979
  0   0   9  25    4.6054
  0   0   9  26    4.8123
  0   0   9  27    5.0185
  0   0   9  28    4.3878
  0   0   9  29    4.5959
  0   0   9  30    4.8032
  0   0   9  31    5.0099
  0   0  10   0    1.0000
  0   0  10   1    1.2131
  0   0  10   2    1.4264
  0   0  10   3    1.6397
  0   0  10   4    1.0449
  0   0  10   5    1.2503
  0   0  10   6    1.4581
  0   0  10   7    1.6673
  0   0  10   8    1.1292
  0   0  10   9    1.3215
  0   0  10  10    1.5196
  0   0  10  11    1.7213
  0   0  10  12    1.2450
  0   0  10  13    1.4217
  0   0  10  14    1.6073
  0   0  10  15    1.7992
  0   0  10  16    1.3842
  0   0  10  17    1.5450
  0   0  10  18    1.7173
  0   0  10  19    1.8979
  0   0  10  20    1.5406
  0   0  10  21    1.6864
  0   0  10  22    1.8454
  0   0  10  23    2.0145
  0   0  10  24    1.7092
  0   0  10  25    1.8416
  0   0  10  26    1.9882
  0   0  10  27    2.1458
  0   0  10  28    1.8868
  0   0  10  29    2.0074
  0   0  10  30    2.1425
  0   0  10  31    2.2894
  0   0  11   0    1.8530
  0   0  11   1    2.0661
  0   0  11   2    2.2790
  0   0  11   3    2.4917
  0   0  11   4    1.8774
  0   0  11   5    2.0880
  0   0  11   6    2.2989
  0   0  11   7    2.5098
  0   0  11   8    1.9254
  0   0  11   9    2.1312
  0   0  11  10    2.3381
  0   0  11  11    2.5458
  0   0  11  12    1.9953
  0   0  11  13    2.1944
  0   0  11  14    2.3957
  0   0  11  15    2.5987
  0   0  11  16    2.0846
  0   0  11  17    2.2758
  0   0  11  18    2.4704
  0   0  11  19    2.6675
  0   0  11  20    2.1911
  0   0  11  21    2.3736
  0   0  11  22    2.5606
  0   0  11  23    2.7511
  0   0  11  24    2.3123
  0   0  11  25    2.4857
  0   0  11  26    2.6647
  0   0  11  27    2.8480
  0   0  11  28    2.4459
  0   0  11  29    2.6103
  0   0  11  30    2.7810
  0   0  11  31    2.9569
  0   0  12   0    2.7041
  0   0  12   1    2.9161
  0   0  12   2    3.1278
  0   0  12   3    3.3391
  0   0  12   4    2.7208
  0   0  12   5    2.9316
  0   0  12   6    3.1422
  0   0  12   7    3.3525
  0   0  12   8    2.7539
  0   0  12   9    2.9622
  0   0  12  10    3.1707
  0   0  12  11    3.3792
  0   0  12  12    2.8027
  0   0  12  13    3.0076
  0   0  12  14    3.2130
  0   0  12  15    3.4188
  0   0  12  16    2.8665
  0   0  12  17    3.0670
  0   0  12  18    3.2686
  0   0  12  19    3.4709
  0   0  12  20    2.9443
  0   0  12  21    3.1396
  0   0  12  22    3.3366
  0   0  12  23    3.5348
  0   0  12  24    3.0348
  0   0  12  25    3.2245
  0   0  12  26    3.4163
  0   0  12  27    3.6100
  0   0  12  28    3.1370
  0   0  12  29    3.3206
  0   0  12  30    3.5070
  0   0  12  31    3.6956
  0   0  13   0    3.5499
  0   0  13   1    3.7602
  0   0  13   2    3.9700
  0   0  13   3    4.1792
  0   0  13   4    3.5625
  0   0  13   5    3.7720
  0   0  13   6    3.9812
  0   0  13   7    4.1898
  0   0  13   8    3.5875
  0   0  13   9    3.7956
  0   0  13  10    4.0034
  0   0  13  11    4.2109
  0   0  13  12    3.6247
  0   0  13  13    3.8307
  0   0  13  14    4.0366
  0   0  13  15    4.2423
  0   0  13  16    3.6737
  0   0  13  17    3.8769
  0   0  13  18    4.0803
  0   0  13  19    4.2838
  0   0  13  20    3.7340
  0   0  13  21    3.9339
  0   0  13  22    4.1343
  0   0  13  23    4.3350
  0   0  13  24    3.8050
  0   0  13  25    4.0011
  0   0  13  26    4.1981
  0   0  13  27    4.3957
  0   0  13  28    3.8861
  0   0  13  29    4.0781
  0   0  13  30    4.2712
  0   0  13  31    4.4653
  0   0  14   0    4.3878
  0   0  14   1    4.5959
  0   0  14   2    4.8032
  0   0  14   3    5.0099
  0   0  14   4    4.3979
  0   0  14   5    4.6054
  0   0  14   6    4.8123
  0   0  14   7    5.0185
  0   0  14   8    4.4179
  0   0  14   9    4.6244
  0   0  14  10    4.8304
  0   0  14  11    5.0358
  0   0  14  12    4.4477
  0   0  14  13    4.6528
  0   0  14  14    4.8575
  0   0  14  15    5.0617
  0   0  14  16    4.4872
  0   0  14  17    4.6904
  0   0  14  18    4.8933
  0   0  14  19    5.0959
  0   0  14  20    4.5359
  0   0  14  21    4.7368
  0   0  14  22    4.9377
  0   0  14  23    5.1383
  0   0  14  24    4.5937
  0   0  14  25    4.7919
  0   0  14  26    4.9903
  0   0  14  27    5.1887
  0   0  14  28    4.6600
  0   0  14  29    4.8553
  0   0  14  30    5.0509
  0   0  14  31    5.2467
  0   0  15   0    2.0708
  0   0  15   1    2.1812
  0   0  15   2    2.3059
  0   0  15   3    2.4429
  0   0  15   4    2.2597
  0   0  15   5    2.3611
  0   0  15   6    2.4767
  0   0  15   7    2.6044
  0   0  15   8    2.4521
  0   0  15   9    2.5458
  0   0  15  10    2.6531
  0   0  15  11    2.7726
  0   0  15  12    2.6473
  0   0  15  13    2.7341
  0   0  15  14    2.8342
  0   0  15  15    2.9461
  0   0  15  16    2.8444
  0   0  15  17    2.9253
  0   0  15  18    3.0188
  0   0  15  19    3.1240
  0   0  15  20    3.0431
  0   0  15  21    3.1186
  0   0  15  22    3.2064
  0   0  15  23    3.3054
  0   0  15  24    3.2428
  0   0  15  25    3.3137
  0   0  15  26    3.3963
  0   0  15  27    3.4896
  0   0  15  28    3.4434
  0   0  15  29    3.5101
  0   0  15  30    3.5880
  0   0  15  31    3.6762
  0   0  16   0    2.5899
  0   0  16   1    2.7455
  0   0  16   2    2.9081
  0   0  16   3    3.0765
  0   0  16   4    2.7427
  0   0  16   5    2.8898
  0   0  16   6    3.0444
  0   0  16   7    3.2054
  0   0  16   8    2.9026
  0   0  16   9    3.0417
  0   0  16  10    3.1888
  0   0  16  11    3.3425
  0   0  16  12    3.0685
  0   0  16  13    3.2002
  0   0  16  14    3.3400
  0   0  16  15    3.4868
  0   0  16  16    3.2395
  0   0  16  17    3.3642
  0   0  16  18    3.4971
  0   0  16  19    3.6373
  0   0  16  20    3.4145
  0   0  16  21    3.5328
  0   0  16  22    3.6593
  0   0  16  23    3.7932
  0   0  16  24    3.5929
  0   0  16  25    3.7053
  0   0  16  26    3.8258
  0   0  16  27    3.9537
  0   0  16  28    3.7742
  0   0  16  29    3.8810
  0   0  16  30    3.9959
  0   0  16  31    4.1182
  0   0  17   0    3.2497
  0   0  17   1    3.4270
  0   0  17   2    3.6076
  0   0  17   3    3.7909
  0   0  17   4    3.3717
  0   0  17   5    3.5426
  0   0  17   6    3.7173
  0   0  17   7    3.8952
  0   0  17   8    3.5021
  0   0  17   9    3.6666
  0   0  17  10    3.8353
  0   0  17  11    4.0076
  0   0  17  12    3.6397
  0   0  17  13    3.7979
  0   0  17  14    3.9607
  0   0  17  15    4.1275
  0   0  17  16    3.7838
  0   0  17  17    3.9359
  0   0  17  18    4.0929
  0   0  17  19    4.2540
  0   0  17  20    3.9336
  0   0  17  21    4.0797
  0   0  17  22    4.2309
  0   0  17  23    4.3867
  0   0  17  24    4.0882
  0   0  17  25    4.2287
  0   0  17  26    4.3744
  0   0  17  27    4.5248
  0   0  17  28    4.2472
  0   0  17  29    4.3821
  0   0  17  30    4.5225
  0   0  17  31    4.6677
  0   0  18   0    3.9766
  0   0  18   1    4.1641
  0   0  18   2    4.3531
  0   0  18   3    4.5434
  0   0  18   4    4.0758
  0   0  18   5    4.2586
  0   0  18   6    4.4433
  0   0  18   7    4.6295
  0   0  18   8    4.1830
  0   0  18   9    4.3610
  0   0  18  10    4.5412
  0   0  18  11    4.7232
  0   0  18  12    4.2976
  0   0  18  13    4.4707
  0   0  18  14    4.6462
  0   0  18  15    4.8239
  0   0  18  16    4.4189
  0   0  18  17    4.5870
  0   0  18  18    4.7579
  0   0  18  19    4.9311
  0   0  18  20    4.5464
  0   0  18  21    4.7095
  0   0  18  22    4.8756
  0   0  18  23    5.0444
  0   0  18  24    4.6793
  0   0  18  25    4.8375
  0   0  18  26    4.9990
  0   0  18  27    5.1633
  0   0  18  28    4.8172
  0   0  18  29    4.9706
  0   0  18  30    5.1274
  0   0  18  31    5.2872
  0   0  19   0    4.7346
  0   0  19   1    4.9266
  0   0  19   2    5.1192
  0   0  19   3    5.3122
  0   0  19   4    4.8170
  0   0  19   5    5.0055
  0   0  19   6    5.1948
  0   0  19   7    5.3848
  0   0  19   8    4.9067
  0   0  19   9    5.0916
  0   0  19  10    5.2774
  0   0  19  11    5.4641
  0   0  19  12    5.0033
  0   0  19  13    5.1843
  0   0  19  14    5.3666
  0   0  19  15    5.5499
  0   0  19  16    5.1064
  0   0  19  17    5.2834
  0   0  19  18    5.4620
  0   0  19  19    5.6417
  0   0  19  20    5.2154
  0   0  19  21    5.3884
  0   0  19  22    5.5631
  0   0  19  23    5.7393
  0   0  19  24    5.3300
  0   0  19  25    5.4990
  0   0  19  26    5.6698
  0   0  19  27    5.8422
  0   0  19  28    5.4497
  0   0  19  29    5.6146
  0   0  19  30    5.7815
  0   0  19  31    5.9502
  0   0  20   0    3.5928
  0   0  20   1    3.6445
  0   0  20   2    3.7074
  0   0  20   3    3.7811
  0   0  20   4    3.8647
  0   0  20   5    3.9578
  0   0  20   6    4.0595
  0   0  20   7    4.1692
  0   0  20   8    4.2862
  0   0  20   9    4.4099
  0   0  20  10    4.5396
  0   0  20  11    4.6748
  0   0  20  12    4.8150
  0   0  20  13    4.9597
  0   0  20  14    5.1083
  0   0  20  15    5.2605
  0   0  20  16    5.4159
  0   0  20  17    5.5742
  0   0  20  18    5.7350
  0   0  20  19    5.8979
  0   0  20  20    6.0629
  0   0  20  21    6.2295
  0   0  20  22    0.0000
  0   0  20  23    0.0000
  0   0  20  24    0.0000
  0   0  20  25    0.0000
  0   0  20  26    0.0000
  0   0  20  27    0.0000
  0   0  20  28    0.0000
  0   0  20  29    0.0000
  0   0  20  30    0.0000
  0   0  20  31    0.0000
  0   0  21   0    3.5928
  0   0  21   1    3.6445
  0   0  21   2    3.7074
  0   0  21   3    3.7811
  0   0  21   4    3.8647
  0   0  21   5    3.9578
  0   0  21   6    4.0595
  0   0  21   7    4.1692
  0   0  21   8    4.2862
  0   0  21   9    4.4099
  0   0  21  10    4.5396
  0   0  21  11    4.6748
  0   0  21  12    4.8150
  0   0  21  13    4.9597
  0   0  21  14    5.1083
  0   0  21  15    5.2605
  0   0  21  16    5.4159
  0   0  21  17    5.5742
  0   0  21  18    5.7350
  0   0  21  19    5.8979
  0   0  21  20    6.0629
  0   0  21  21    6.2295
  0   0  21  22    0.0000
  0   0  21  23    0.0000
  0   0  21  24    0.0000
  0   0  21  25    0.0000
  0   0  21  26    0.0000
  0   0  21  27    0.0000
  0   0  21  28    0.0000
  0   0  21  29    0.0000
  0   0  21  30    0.0000
  0   0  21  31    0.0000
  0   0  22   0    3.3886
  0   0  22   1    3.1844
  0   0  22   2    2.9807
  0   0  22   3    2.7774
  0   0  22   4    2.5751
  0   0  22   5    2.3739
  0   0  22   6    2.1744
  0   0  22   7    1.9773
  0   0  22   8    1.7836
  0   0  22   9    1.5945
  0   0  22  10    1.4121
  0   0  22  11    1.2396
  0   0  22  12    1.0818
  0   0  22  13    0.9461
  0   0  22  14    0.8437
  0   0  22  15    0.7874
  0   0  22  16    0.7874
  0   0  22  17    0.8437
  0   0  22  18    0.9461
  0   0  22  19    1.0818
  0   0  22  20    1.2396
  0   0  22  21    1.4121
  0   0  22  22    1.5945
  0   0  22  23    1.7836
  0   0  22  24    1.9773
  0   0  22  25    2.1744
  0   0  22  26    2.3739
  0   0  22  27    2.5751
  0   0  22  28    2.7774
  0   0  22  29    2.9807
  0   0  22  30    3.1844
  0   0  22  31    3.3886
  0   0  23   0    6.1204
  0   0  23   1    6.0160
  0   0  23   2    5.9166
  0   0  23   3    5.8225
  0   0  23   4    5.7340
  0   0  23   5    5.6514
  0   0  23   6    5.5752
  0   0  23   7    5.5054
  0   0  23   8    5.4426
  0   0  23   9    5.3869
  0   0  23  10    5.3387
  0   0  23  11    5.2981
  0   0  23  12    5.2653
  0   0  23  13    5.2406
  0   0  23  14    5.2241
  0   0  23  15    5.2158
  0   0  23  16    5.2158
  0   0  23  17    5.2241
  0   0  23  18    5.2406
  0   0  23  19    5.2653
  0   0  23  20    5.2981
  0   0  23  21    5.3387
  0   0  23  22    5.3869
  0   0  23  23    5.4426
  0   0  23  24    5.5054
  0   0  23  25    5.5752
  0   0  23  26    5.6514
  0   0  23  27    5.7340
  0   0  23  28    5.8225
  0   0  23  29    5.9166
  0   0  23  30    6.0160
  0   0  23  31    6.1204
  0   1   0   0    3.4434
  0   1   0   1    3.5101
  0   1   0   2    3.5880
  0   1   0   3    3.6762
  0   1   0   4    3.2428
  0   1   0   5    3.3137
  0   1   0   6    3.3963
  0   1   0   7    3.4896
  0   1   0   8    3.0431
  0   1   0   9    3.1186
  0   1   0  10    3.2064
  0   1   0  11    3.3054
  0   1   0  12    2.8444
  0   1   0  13    2.9253
  0   1   0  14    3.0188
  0   1   0  15    3.1240
  0   1   0  16    2.6473
  0   1   0  17    2.7341
  0   1   0  18    2.8342
  0   1   0  19    2.9461
  0   1   0  20    2.4521
  0   1   0  21    2.5458
  0   1   0  22    2.6531
  0   1   0  23    2.7726
  0   1   0  24    2.2597
  0   1   0  25    2.3611
  0   1   0  26    2.4767
  0   1   0  27    2.6044
  0   1   0  28    2.0708
  0   1   0  29    2.1812
  0   1   0  30    2.3059
  0   1   0  31    2.4429
  0   1   1   0    3.7742
  0   1   1   1    3.8810
  0   1   1   2    3.9959
  0   1   1   3    4.1182
  0   1   1   4    3.5929
  0   1   1   5    3.7053
  0   1   1   6    3.8258
  0   1   1   7    3.9537
  0   1   1   8    3.4145
  0   1   1   9    3.5328
  0   1   1  10    3.6593
  0   1   1  11    3.7932
  0   1   1  12    3.2395
  0   1   1  13    3.3642
  0   1   1  14    3.4971
  0   1   1  15    3.6373
  0   1   1  16    3.0685
  0   1   1  17    3.2002
  0   1   1  18    3.3400
  0   1   1  19    3.4868
  0   1   1  20    2.9026
  0   1   1  21    3.0417
  0   1   1  22    3.1888
  0   1   1  23    3.3425
  0   1   1  24    2.7427
  0   1   1  25    2.8898
  0   1   1  26    3.0444
  0   1   1  27    3.2054
  0   1   1  28    2.5899
  0   1   1  29    2.7455
  0   1   1  30    2.9081
  0   1   1  31    3.0765
  0   1   2   0    4.2472
  0   1   2   1    4.3821
  0   1   2   2    4.5225
  0   1   2   3    4.6677
  0   1   2   4    4.0882
  0   1   2   5    4.2287
  0   1   2   6    4.3744
  0   1   2   7    4.5248
  0   1   2   8    3.9336
  0   1   2   9    4.0797
  0   1   2  10    4.2309
  0   1   2  11    4.3867
  0   1   2  12    3.7838
  0   1   2  13    3.9359
  0   1   2  14    4.0929
  0   1   2  15    4.2540
  0   1   2  16    3.6397
  0   1   2  17    3.7979
  0   1   2  18    3.9607
  0   1   2  19    4.1275
  0   1   2  20    3.5021
  0   1   2  21    3.6666
  0   1   2  22    3.8353
  0   1   2  23    4.0076
  0   1   2  24    3.3717
  0   1   2  25    3.5426
  0   1   2  26    3.7173
  0   1   2  27    3.8952
  0   1   2  28    3.2497
  0   1   2  29    3.4270
  0   1   2  30    3.6076
  0   1   2  31    3.7909
  0   1   3   0    4.8172
  0   1   3   1    4.9706
  0   1   3   2    5.1274
  0   1   3   3    5.2872
  0   1   3   4    4.6793
  0   1   3   5    4.8375
  0   1   3   6    4.9990
  0   1   3   7    5.1633
  0   1   3   8    4.5464
  0   1   3   9    4.7095
  0   1   3  10    4.8756
  0   1   3  11    5.0444
  0   1   3  12    4.4189
  0   1   3  13    4.5870
  0   1   3  14    4.7579
  0   1   3  15    4.9311
  0   1   3  16    4.2976
  0   1   3  17    4.4707
  0   1   3  18    4.6462
  0   1   3  19    4.8239
  0   1   3  20    4.1830
  0   1   3  21    4.3610
  0   1   3  22    4.5412
  0   1   3  23    4.7232
  0   1   3  24    4.0758
  0   1   3  25    4.2586
  0   1   3  26    4.4433
  0   1   3  27    4.6295
  0   1   3  28    3.9766
  0   1   3  29    4.1641
  0   1   3  30    4.3531
  0   1   3  31    4.5434
  0   1   4   0    5.4497
  0   1   4   1    5.6146
  0   1   4   2    5.7815
  0   1   4   3    5.9502
  0   1   4   4    5.3300
  0   1   4   5    5.4990
  0   1   4   6    5.6698
  0   1   4   7    5.8422
  0   1   4   8    5.2154
  0   1   4   9    5.3884
  0   1   4  10    5.5631
  0   1   4  11    5.7393
  0   1   4  12    5.1064
  0   1   4  13    5.2834
  0   1   4  14    5.4620
  0   1   4  15    5.6417
  0   1   4  16    5.0033
  0   1   4  17    5.1843
  0   1   4  18    5.3666
  0   1   4  19    5.5499
  0   1   4  20    4.9067
  0   1   4  21    5.0916
  0   1   4  22    5.2774
  0   1   4  23    5.4641
  0   1   4  24    4.8170
  0   1   4  25    5.0055
  0   1   4  26    5.1948
  0   1   4  27    5.3848
  0   1   4  28    4.7346
  0   1   4  29    4.9266
  0   1   4  30    5.1192
  0   1   4  31    5.3122
  0   1   5   0    1.8868
  0   1   5   1    2.0074
  0   1   5   2    2.1425
  0   1   5   3    2.2894
  0   1   5   4    1.7092
  0   1   5   5    1.8416
  0   1   5   6    1.9882
  0   1   5   7    2.1458
  0   1   5   8    1.5406
  0   1   5   9    1.6864
  0   1   5  10    1.8454
  0   1   5  11    2.0145
  0   1   5  12    1.3842
  0   1   5  13    1.5450
  0   1   5  14    1.7173
  0   1   5  15    1.8979
  0   1   5  16    1.2450
  0   1   5  17    1.4217
  0   1   5  18    1.6073
  0   1   5  19    1.7992
  0   1   5  20    1.1292
  0   1   5  21    1.3215
  0   1   5  22    1.5196
  0   1   5  23    1.7213
  0   1   5  24    1.0449
  0   1   5  25    1.2503
  0   1   5  26    1.4581
  0   1   5  27    1.6673
  0   1   5  28    1.0000
  0   1   5  29    1.2131
  0   1   5  30    1.4264
  0   1   5  31    1.6397
  0   1   6   0    2.4459
  0   1   6   1    2.6103
  0   1   6   2    2.7810
  0   1   6   3    2.9569
  0   1   6   4    2.3123
  0   1   6   5    2.4857
  0   1   6   6    2.6647
  0   1   6   7    2.8480
  0   1   6   8    2.1911
  0   1   6   9    2.3736
  0   1   6  10    2.5606
  0   1   6  11    2.7511
  0   1   6  12    2.0846
  0   1   6  13    2.2758
  0   1   6  14    2.4704
  0   1   6  15    2.6675
  0   1   6  16    1.9953
  0   1   6  17    2.1944
  0   1   6  18    2.3957
  0   1   6  19    2.5987
  0   1   6  20    1.9254
  0   1   6  21    2.1312
  0   1   6  22    2.3381
  0   1   6  23    2.5458
  0   1   6  24    1.8774
  0   1   6  25    2.0880
  0   1   6  26    2.2989
  0   1   6  27    2.5098
  0   1   6  28    1.8530
  0   1   6  29    2.0661
  0   1   6  30    2.2790
  0   1   6  31    2.4917
  0   1   7   0    3.1370
  0   1   7   1    3.3206
  0   1   7   2    3.5070
  0   1   7   3    3.6956
  0   1   7   4    3.0348
  0   1   7   5    3.2245
  0   1   7   6    3.4163
  0   1   7   7    3.6100
  0   1   7   8    2.9443
  0   1   7   9    3.1396
  0   1   7  10    3.3366
  0   1   7  11    3.5348
  0   1   7  12    2.8665
  0   1   7  13    3.0670
  0   1   7  14    3.2686
  0   1   7  15    3.4709
  0   1   7  16    2.8027
  0   1   7  17    3.0076
  0   1   7  18    3.2130
  0   1   7  19    3.4188
  0   1   7  20    2.7539
  0   1   7  21    2.9622
  0   1   7  22    3.1707
  0   1   7  23    3.3792
  0   1   7  24    2.7208
  0   1   7  25    2.9316
  0   1   7  26    3.1422
  0   1   7  27    3.3525
  0   1   7  28    2.7041
  0   1   7  29    2.9161
  0   1   7  30    3.1278
  0   1   7  31    3.3391
  0   1   8   0    3.8861
  0   1   8   1    4.0781
  0   1   8   2    4.2712
  0   1   8   3    4.4653
  0   1   8   4    3.8050
  0   1   8   5    4.0011
  0   1   8   6    4.1981
  0   1   8   7    4.3957
  0   1   8   8    3.7340
  0   1   8   9    3.9339
  0   1   8  10    4.1343
  0   1   8  11    4.3350
  0   1   8  12    3.6737
  0   1   8  13    3.8769
  0   1   8  14    4.0803
  0   1   8  15    4.2838
  0   1   8  16    3.6247
  0   1   8  17    3.8307
  0   1   8  18    4.0366
  0   1   8  19    4.2423
  0   1   8  20    3.5875
  0   1   8  21    3.7956
  0   1   8  22    4.0034
  0   1   8  23    4.2109
  0   1   8  24    3.5625
  0   1   8  25    3.7720
  0   1   8  26    3.9812
  0   1   8  27    4.1898
  0   1   8  28    3.5499
  0   1   8  29    3.7602
  0   1   8  30    3.9700
  0   1   8  31    4.1792
  0   1   9   0    4.6600
  0   1   9   1    4.8553
  0   1   9   2    5.0509
  0   1   9   3    5.2467
  0   1   9   4    4.5937
  0   1   9   5    4.7919
  0   1   9   6    4.9903
  0   1   9   7    5.1887
  0   1   9   8    4.5359
  0   1   9   9    4.7368
  0   1   9  10    4.9377
  0   1   9  11    5.1383
  0   1   9  12    4.4872
  0   1   9  13    4.6904
  0   1   9  14    4.8933
  0   1   9  15    5.0959
  0   1   9  16    4.4477
  0   1   9  17    4.6528
  0   1   9  18    4.8575
  0   1   9  19    5.0617
  0   1   9  20    4.4179
  0   1   9  21    4.6244
  0   1   9  22    4.8304
  0   1   9  23    5.0358
  0   1   9  24    4.3979
  0   1   9  25    4.6054
  0   1   9  26    4.8123
  0   1   9  27    5.0185
  0   1   9  28    4.3878
  0   1   9  29    4.5959
  0   1   9  30    4.8032
  0   1   9  31    5.0099
  0   1  10   0    1.0000
  0   1  10   1    1.2131
  0   1  10   2    1.4264
  0   1  10   3    1.6397
  0   1  10   4    1.0449
  0   1  10   5    1.2503
  0   1  10   6    1.4581
  0   1  10   7    1.6673
  0   1  10   8    1.1292
  0   1  10   9    1.3215
  0   1  10  10    1.5196
  0   1  10  11    1.7213
  0   1  10  12    1.2450
  0   1  10  13    1.4217
  0   1  10  14    1.6073
  0   1  10  15    1.7992
  0   1  10  16    1.3842
  0   1  10  17    1.5450
  0   1  10  18    1.7173
  0   1  10  19    1.8979
  0   1  10  20    1.5406
  0   1  10  21    1.6864
  0   1  10  22    1.8454
  0   1  10  23    2.0145
  0   1  10  24    1.7092
  0   1  10  25    1.8416
  0   1  10  26    1.9882
  0   1  10  27    2.1458
  0   1  10  28    1.8868
  0   1  10  29    2.0074
  0   1  10  30    2.1425
  0   1  10  31    2.2894
  0   1  11   0    1.8530
  0   1  11   1    2.0661
  0   1  11   2    2.2790
  0   1  11   3    2.4917
  0   1  11   4    1.8774
  0   1  11   5    2.0880
  0   1  11   6    2.2989
  0   1  11   7    2.5098
  0   1  11   8    1.9254
  0   1  11   9    2.1312
  0   1  11  10    2.3381
  0   1  11  11    2.5458
  0   1  11  12    1.9953
  0   1  11  13    2.1944
  0   1  11  14    2.3957
  0   1  11  15    2.5987
  0   1  11  16    2.0846
  0   1  11  17    2.2758
  0   1  11  18    2.4704
  0   1  11  19    2.6675
  0   1  11  20    2.1911
  0   1  11  21    2.3736
  0   1  11  22    2.5606
  0   1  11  23    2.7511
  0   1  11  24    2.3123
  0   1  11  25    2.4857
  0   1  11  26    2.6647
  0   1  11  27    2.8480
  0   1  11  28    2.4459
  0   1  11  29    2.6103
  0   1  11  30    2.7810
  0   1  11  31    2.9569
  0   1  12   0    2.7041
  0   1  12   1    2.9161
  0   1  12   2    3.1278
  0   1  12   3    3.3391
  0   1  12   4    2.7208
  0   1  12   5    2.9316
  0   1  12   6    3.1422
  0   1  12   7    3.3525
  0   1  12   8    2.7539
  0   1  12   9    2.9622
  0   1  12  10    3.1707
  0   1  12  11    3.3792
  0   1  12  12    2.8027
  0   1  12  13    3.0076
  0   1  12  14    3.2130
  0   1  12  15    3.4188
  0   1  12  16    2.8665
  0   1  12  17    3.0670
  0   1  12  18    3.2686
  0   1  12  19    3.4709
  0   1  12  20    2.9443
  0   1  12  21    3.1396
  0   1  12  22    3.3366
  0   1  12  23    3.5348
  0   1  12  24    3.0348
  0   1  12  25    3.2245
  0   1  12  26    3.4163
  0   1  12  27    3.6100
  0   1  12  28    3.1370
  0   1  12  29    3.3206
  0   1  12  30    3.5070
  0   1  12  31    3.6956
  0   1  13   0    3.5499
  0   1  13   1    3.7602
  0   1  13   2    3.9700
  0   1  13   3    4.1792
  0   1  13   4    3.5625
  0   1  13   5    3.7720
  0   1  13   6    3.9812
  0   1  13   7    4.1898
  0   1  13   8    3.5875
  0   1  13   9    3.7956
  0   1  13  10    4.0034
  0   1  13  11    4.2109
  0   1  13  12    3.6247
  0   1  13  13    3.8307
  0   1  13  14    4.0366
  0   1  13  15    4.2423
  0   1  13  16    3.6737
  0   1  13  17    3.8769
  0   1  13  18    4.0803
  0   1  13  19    4.2838
  0   1  13  20    3.7340
  0   1  13  21    3.9339
  0   1  13  22    4.1343
  0   1  13  23    4.3350
  0   1  13  24    3.8050
  0   1  13  25    4.0011
  0   1  13  26    4.1981
  0   1  13  27    4.3957
  0   1  13  28    3.8861
  0   1  13  29    4.0781
  0   1  13  30    4.2712
  0   1  13  31    4.4653
  0   1  14   0    4.3878
  0   1  14   1    4.5959
  0   1  14   2    4.8032
  0   1  14   3    5.0099
  0   1  14   4    4.3979
  0   1  14   5    4.6054
  0   1  14   6    4.8123
  0   1  14   7    5.0185
  0   1  14   8    4.4179
  0   1  14   9    4.6244
  0   1  14  10    4.8304
  0   1  14  11    5.0358
  0   1  14  12    4.4477
  0   1  14  13    4.6528
  0   1  14  14    4.8575
  0   1  14  15    5.0617
  0   1  14  16    4.4872
  0   1  14  17    4.6904
  0   1  14  18    4.8933
  0   1  14  19    5.0959
  0   1  14  20    4.5359
  0   1  14  21    4.7368
  0   1  14  22    4.9377
  0   1  14  23    5.1383
  0   1  14  24    4.5937
  0   1  14  25    4.7919
  0   1  14  26    4.9903
  0   1  14  27    5.1887
  0   1  14  28    4.6600
  0   1  14  29    4.8553
  0   1  14  30    5.0509
  0   1  14  31    5.2467
  0   1  15   0    2.0708
  0   1  15   1    2.1812
  0   1  15   2    2.3059
  0   1  15   3    2.4429
  0   1  15   4    2.2597
  0   1  15   5    2.3611
  0   1  15   6    2.4767
  0   1  15   7    2.6044
  0   1  15   8    2.4521
  0   1  15   9    2.5458
  0   1  15  10    2.6531
  0   1  15  11    2.7726
  0   1  15  12    2.6473
  0   1  15  13    2.7341
  0   1  15  14    2.8342
  0   1  15  15    2.9461
  0   1  15  16    2.8444
  0   1  15  17    2.9253
  0   1  15  18    3.0188
  0   1  15  19    3.1240
  0   1  15  20    3.0431
  0   1  15  21    3.1186
  0   1  15  22    3.2064
  0   1  15  23    3.3054
  0   1  15  24    3.2428
  0   1  15  25    3.3137
  0   1  15  26    3.3963
  0   1  15  27    3.4896
  0   1  15  28    3.4434
  0   1  15  29    3.5101
  0   1  15  30    3.5880
  0   1  15  31    3.6762
  0   1  16   0    2.5899
  0   1  16   1    2.7455
  0   1  16   2    2.9081
  0   1  16   3    3.0765
  0   1  16   4    2.7427
  0   1  16   5    2.8898
  0   1  16   6    3.0444
  0   1  16   7    3.2054
  0   1  16   8    2.9026
  0   1  16   9    3.0417
  0   1  16  10    3.1888
  0   1  16  11    3.3425
  0   1  16  12    3.0685
  0   1  16  13    3.2002
  0   1  16  14    3.3400
  0   1  16  15    3.4868
  0   1  16  16    3.2395
  0   1  16  17    3.3642
  0   1  16  18    3.4971
  0   1  16  19    3.6373
  0   1  16  20    3.4145
  0   1  16  21    3.5328
  0   1  16  22    3.6593
  0   1  16  23    3.7932
  0   1  16  24    3.5929
  0   1  16  25    3.7053
  0   1  16  26    3.8258
  0   1  16  27    3.9537
  0   1  16  28    3.7742
  0   1  16  29    3.8810
  0   1  16  30    3.9959
  0   1  16  31    4.1182
  0   1  17   0    3.2497
  0   1  17   1    3.4270
  0   1  17   2    3.6076
  0   1  17   3    3.7909
  0   1  17   4    3.3717
  0   1  17   5    3.5426
  0   1  17   6    3.7173
  0   1  17   7    3.8952
  0   1  17   8    3.5021
  0   1  17   9    3.6666
  0   1  17  10    3.8353
  0   1  17  11    4.0076
  0   1  17  12    3.6397
  0   1  17  13    3.7979
  0   1  17  14    3.9607
  0   1  17  15    4.1275
  0   1  17  16    3.7838
  0   1  17  17    3.9359
  0   1  17  18    4.0929
  0   1  17  19    4.2540
  0   1  17  20    3.9336
  0   1  17  21    4.0797
  0   1  17  22    4.2309
  0   1  17  23    4.3867
  0   1  17  24    4.0882
  0   1  17  25    4.2287
  0   1  17  26    4.3744
  0   1  17  27    4.5248
  0   1  17  28    4.2472
  0   1  17  29    4.3821
  0   1  17  30    4.5225
  0   1  17  31    4.6677
  0   1  18   0    3.9766
  0   1  18   1    4.1641
  0   1  18   2    4.3531
  0   1  18   3    4.5434
  0   1  18   4    4.0758
  0   1  18   5    4.2586
  0   1  18   6    4.4433
  0   1  18   7    4.6295
  0   1  18   8    4.1830
  0   1  18   9    4.3610
  0   1  18  10    4.5412
  0   1  18  11    4.7232
  0   1  18  12    4.2976
  0   1  18  13    4.4707
  0   1  18  14    4.6462
  0   1  18  15    4.8239
  0   1  18  16    4.4189
  0   1  18  17    4.5870
  0   1  18  18    4.7579
  0   1  18  19    4.9311
  0   1  18  20    4.5464
  0   1  18  21    4.7095
  0   1  18  22    4.8756
  0   1  18  23    5.0444
  0   1  18  24    4.6793
  0   1  18  25    4.8375
  0   1  18  26    4.9990
  0   1  18  27    5.1633
  0   1  18  28    4.8172
  0   1  18  29    4.9706
  0   1  18  30    5.1274
  0   1  18  31    5.2872
  0   1  19   0    4.7346
  0   1  19   1    4.9266
  0   1  19   2    5.1192
  0   1  19   3    5.3122
  0   1  19   4    4.8170
  0   1  19   5    5.0055
  0   1  19   6    5.1948
  0   1  19   7    5.3848
  0   1  19   8    4.9067
  0   1  19   9    5.0916
  0   1  19  10    5.2774
  0   1  19  11    5.4641
  0   1  19  12    5.0033
  0   1  19  13    5.1843
  0   1  19  14    5.3666
  0   1  19  15    5.5499
  0   1  19  16    5.1064
  0   1  19  17    5.2834
  0   1  19  18    5.4620
  0   1  19  19    5.6417
  0   1  19  20    5.2154
  0   1  19  21    5.3884
  0   1  19  22    5.5631
  0   1  19  23    5.7393
  0   1  19  24    5.3300
  0   1  19  25    5.4990
  0   1  19  26    5.6698
  0   1  19  27    5.8422
  0   1  19  28    5.4497
  0   1  19  29    5.6146
  0   1  19  30    5.7815
  0   1  19  31    5.9502
  0   1  20   0    3.5928
  0   1  20   1    3.6445
  0   1  20   2    3.7074
  0   1  20   3    3.7811
  0   1  20   4    3.8647
  0   1  20   5    3.9578
  0   1  20   6    4.0595
  0   1  20   7    4.1692
  0   1  20   8    4.2862
  0   1  20   9    4.4099
  0   1  20  10    4.5396
  0   1  20  11    4.6748
  0   1  20  12    4.8150
  0   1  20  13    4.9597
  0   1  20  14    5.1083
  0   1  20  15    5.2605
  0   1  20  16    5.4159
  0   1  20  17    5.5742
  0   1  20  18    5.7350
  0   1  20  19    5.8979
  0   1  20  20    6.0629
  0   1  20  21    6.2295
  0   1  20  22    0.0000
  0   1  20  23    0.0000
  0   1  20  24    0.0000
  0   1  20  25    0.0000
  0   1  20  26    0.0000
  0   1  20  27    0.0000
  0   1  20  28    0.0000
  0   1  20  29    0.0000
  0   1  20  30    0.0000
  0   1  20  31    0.0000
  0   1  21   0    3.5928
  0   1  21   1    3.6445
  0   1  21   2    3.7074
  0   1  21   3    3.7811
  0   1  21   4    3.8647
  0   1  21   5    3.9578
  0   1  21   6    4.0595
  0   1  21   7    4.1692
  0   1  21   8    4.2862
  0   1  21   9    4.4099
  0   1  21  10    4.5396
  0   1  21  11    4.6748
  0   1  21  12    4.8150
  0   1  21  13    4.9597
  0   1  21  14    5.1083
  0   1  21  15    5.2605
  0   1  21  16    5.4159
  0   1  21  17    5.5742
  0   1  21  18    5.7350
  0   1  21  19    5.8979
  0   1  21  20    6.0629
  0   1  21  21    6.2295
  0   1  21  22    0.0000
  0   1  21  23    0.0000
  0   1  21  24    0.0000
  0   1  21  25    0.0000
  0   1  21  26    0.0000
  0   1  21  27    0.0000
  0   1  21  28    0.0000
  0   1  21  29    0.0000
  0   1  21  30    0.0000
  0   1  21  31    0.0000
  0   1  22   0    3.3886
  0   1  22   1    3.1844
  0   1  22   2    2.9807
  0   1  22   3    2.7774
  0   1  22   4    2.5751
  0   1  22   5    2.3739
  0   1  22   6    2.1744
  0   1  22   7    1.9773
  0   1  22   8    1.7836
  0   1  22   9    1.5945
  0   1  22  10    1.4121
  0   1  22  11    1.2396
  0   1  22  12    1.0818
  0   1  22  13    0.9461
  0   1  22  14    0.8437
  0   1  22  15    0.7874
  0   1  22  16    0.7874
  0   1  22  17    0.8437
  0   1  22  18    0.9461
  0   1  22  19    1.0818
  0   1  22  20    1.2396
  0   1  22  21    1.4121
  0   1  22  22    1.5945
  0   1  22  23    1.7836
  0   1  22  24    1.9773
  0   1  22  25    2.1744
  0   1  22  26    2.3739
  0   1  22  27    2.5751
  0   1  22  28    2.7774
  0   1  22  29    2.9807
  0   1  22  30    3.1844
  0   1  22  31    3.3886
  0   1  23   0    6.1204
  0   1  23   1    6.0160
  0   1  23   2    5.9166
  0   1  23   3    5.8225
  0   1  23   4    5.7340
  0   1  23   5    5.6514
  0   1  23   6    5.5752
  0   1  23   7    5.5054
  0   1  23   8    5.4426
  0   1  23   9    5.3869
  0   1  23  10    5.3387
  0   1  23  11    5.2981
  0   1  23  12    5.2653
  0   1  23  13    5.2406
  0   1  23  14    5.2241
  0   1  23  15    5.2158
  0   1  23  16    5.2158
  0   1  23  17    5.2241
  0   1  23  18    5.2406
  0   1  23  19    5.2653
  0   1  23  20    5.2981
  0   1  23  21    5.3387
  0   1  23  22    5.3869
  0   1  23  23    5.4426
  0   1  23  24    5.5054
  0   1  23  25    5.5752
  0   1  23  26    5.6514
  0   1  23  27    5.7340
  0   1  23  28    5.8225
  0   1  23  29    5.9166
  0   1  23  30    6.0160
  0   1  23  31    6.1204
