#ehp ns  dep  ch   Gain
  0   0  20   0  1.1139457
  0   0  20   1  1.1046903
  0   0  20   2  1.1039155
  0   0  20   3  1.1062156
  0   0  20   4  1.1082802
  0   0  20   5  1.0964507
  0   0  20   6  1.1321798
  0   0  20   7  1.1097984
  0   0  20   8  1.0802377
  0   0  20   9  1.0799120
  0   0  20  10  1.0580290
  0   0  20  11  1.0657855
  0   0  20  12  1.0594057
  0   0  20  13  1.0483870
  0   0  20  14  1.0384585
  0   0  20  15  1.0219266
  0   0  20  16  1.0265366
  0   0  20  17  1.0303031
  0   0  20  18  1.0436894
  0   0  20  19  1.0322652
  0   0  20  20  1.0362779
  0   0  20  21  1.0164301
  0   0  22   0  1.1126159
  0   0   0   0  1.1096899
  0   0   0   1  1.1171875
  0   0   0   2  1.1073093
  0   0   0   3  1.0852423
  0   0   1   0  1.0857950
  0   0   1   1  1.0827931
  0   0   1   2  1.1011606
  0   0   1   3  1.0726853
  0   0   2   0  1.0864550
  0   0   2   1  1.0714286
  0   0   2   2  1.0704121
  0   0   2   3  1.0248177
  0   0   3   0  1.0582776
  0   0   3   1  1.0211076
  0   0   3   2  1.0326239
  0   0   3   3  1.0443188
  0   0   4   0  1.0409280
  0   0   4   1  1.0506878
  0   0   4   2  1.0547507
  0   0   4   3  1.0253699
  0   0  23   0  1.0150001
  0   0  22   1  1.1715927
  0   0   0   4  1.1859162
  0   0   0   5  1.1563280
  0   0   0   6  1.1649565
  0   0   0   7  1.1351948
  0   0   1   4  1.1264335
  0   0   1   5  1.1146491
  0   0   1   6  1.0877193
  0   0   1   7  1.0800000
  0   0   2   4  1.0782609
  0   0   2   5  1.0446429
  0   0   2   6  1.0488602
  0   0   2   7  1.0507160
  0   0   3   4  1.0635215
  0   0   3   5  1.0460204
  0   0   3   6  1.0466733
  0   0   3   7  1.0362172
  0   0   4   4  1.0454545
  0   0   4   5  1.0286944
  0   0   4   6  1.0209790
  0   0   4   7  1.0265095
  0   0  23   1  1.0221647
  0   0  22   2  1.1886792
  0   0   0   8  1.1818270
  0   0   0   9  1.1651017
  0   0   0  10  1.1690687
  0   0   0  11  1.1328671
  0   0   1   8  1.1364792
  0   0   1   9  1.1052632
  0   0   1  10  1.1013656
  0   0   1  11  1.0819249
  0   0   2   8  1.0863877
  0   0   2   9  1.0833379
  0   0   2  10  1.0602698
  0   0   2  11  1.0734103
  0   0   3   8  1.0752178
  0   0   3   9  1.0600319
  0   0   3  10  1.0393012
  0   0   3  11  1.0443493
  0   0   4   8  1.0370397
  0   0   4   9  1.0323222
  0   0   4  10  1.0323975
  0   0   4  11  1.0240482
  0   0  23   2  1.0306121
  0   0  22   3  1.2130473
  0   0   0  12  1.2234983
  0   0   0  13  1.2043335
  0   0   0  14  1.1851813
  0   0   0  15  1.1750565
  0   0   1  12  1.1739173
  0   0   1  13  1.1176471
  0   0   1  14  1.1017594
  0   0   1  15  1.0857950
  0   0   2  12  1.0965688
  0   0   2  13  1.0784314
  0   0   2  14  1.0742053
  0   0   2  15  1.0745030
  0   0   3  12  1.0788321
  0   0   3  13  1.0609719
  0   0   3  14  1.0544517
  0   0   3  15  1.0630822
  0   0   4  12  1.0577391
  0   0   4  13  1.0449075
  0   0   4  14  1.0353215
  0   0   4  15  1.0309279
  0   0  23   3  1.0158775
  0   0  22   4  1.2094756
  0   0   0  16  1.2185314
  0   0   0  17  1.1739130
  0   0   0  18  1.1903331
  0   0   0  19  1.1708434
  0   0   1  16  1.1786628
  0   0   1  17  1.1258884
  0   0   1  18  1.1383280
  0   0   1  19  1.0909091
  0   0   2  16  1.0854233
  0   0   2  17  1.0924900
  0   0   2  18  1.0701804
  0   0   2  19  1.0653193
  0   0   3  16  1.0702744
  0   0   3  17  1.0698165
  0   0   3  18  1.0507652
  0   0   3  19  1.0605186
  0   0   4  16  1.0618775
  0   0   4  17  1.0454494
  0   0   4  18  1.0403070
  0   0   4  19  1.0232625
  0   0  23   4  1.0203446
  0   0  22   5  1.3726108
  0   0   0  20  1.3183265
  0   0   0  21  1.2500000
  0   0   0  22  1.2842105
  0   0   0  23  1.2426942
  0   0   1  20  1.2499907
  0   0   1  21  1.1558447
  0   0   1  22  1.1585366
  0   0   1  23  1.1100040
  0   0   2  20  1.1095605
  0   0   2  21  1.1047619
  0   0   2  22  1.1125602
  0   0   2  23  1.0917771
  0   0   3  20  1.0804293
  0   0   3  21  1.0642011
  0   0   3  22  1.0691323
  0   0   3  23  1.0620690
  0   0   4  20  1.0374064
  0   0   4  21  1.0385714
  0   0   4  22  1.0207852
  0   0   4  23  1.0410024
  0   0  23   5  1.0201548
  0   0  22   6  1.3720930
  0   0   0  24  1.3307068
  0   0   0  25  1.3151279
  0   0   0  26  1.3294519
  0   0   0  27  1.2662838
  0   0   1  24  1.2500081
  0   0   1  25  1.1744754
  0   0   1  26  1.1554556
  0   0   1  27  1.1319304
  0   0   2  24  1.0994110
  0   0   2  25  1.1147442
  0   0   2  26  1.1176471
  0   0   2  27  1.0996734
  0   0   3  24  1.0926567
  0   0   3  25  1.0721922
  0   0   3  26  1.0585549
  0   0   3  27  1.0287541
  0   0   4  24  1.0720000
  0   0   4  25  1.0375374
  0   0   4  26  1.0323739
  0   0   4  27  1.0359076
  0   0  23   6  1.0371386
  0   0  22   7  1.5543066
  0   0   0  28  1.4895759
  0   0   0  29  1.3657512
  0   0   0  30  1.3553504
  0   0   0  31  1.2499907
  0   0   1  28  1.2389242
  0   0   1  29  1.2108844
  0   0   1  30  1.2025825
  0   0   1  31  1.1234334
  0   0   2  28  1.1246542
  0   0   2  29  1.1322189
  0   0   2  30  1.1280638
  0   0   2  31  1.1009891
  0   0   3  28  1.0843851
  0   0   3  29  1.0609802
  0   0   3  30  1.0649427
  0   0   3  31  1.0553378
  0   0   4  28  1.0464233
  0   0   4  29  1.0466562
  0   0   4  30  1.0470260
  0   0   4  31  1.0193549
  0   0  23   7  1.0088952
  0   0  22   8  1.5639917
  0   0   5   0  1.5291641
  0   0   5   1  1.3547280
  0   0   5   2  1.3639347
  0   0   5   3  1.2450487
  0   0   6   0  1.2176522
  0   0   6   1  1.2055101
  0   0   6   2  1.2091921
  0   0   6   3  1.1336720
  0   0   7   0  1.1432156
  0   0   7   1  1.1099241
  0   0   7   2  1.1306614
  0   0   7   3  1.1084694
  0   0   8   0  1.0787003
  0   0   8   1  1.0825442
  0   0   8   2  1.0683761
  0   0   8   3  1.0618070
  0   0   9   0  1.0501766
  0   0   9   1  1.0267000
  0   0   9   2  1.0397551
  0   0   9   3  1.0662458
  0   0  23   8  1.0079108
  0   0  22   9  2.1111111
  0   0   5   4  2.0304701
  0   0   5   5  1.5322604
  0   0   5   6  1.5946088
  0   0   5   7  1.4447931
  0   0   6   4  1.4113525
  0   0   6   5  1.2362192
  0   0   6   6  1.2974287
  0   0   6   7  1.1781998
  0   0   7   4  1.1710186
  0   0   7   5  1.1272091
  0   0   7   6  1.1466667
  0   0   7   7  1.0839472
  0   0   8   4  1.0954068
  0   0   8   5  1.0522829
  0   0   8   6  1.0440059
  0   0   8   7  1.0561354
  0   0   9   4  1.0709921
  0   0   9   5  1.0429359
  0   0   9   6  1.0259647
  0   0   9   7  1.0687334
  0   0  23   9  1.0557618
  0   0  22  10  2.2262645
  0   0   5   8  1.9878701
  0   0   5   9  1.6332041
  0   0   5  10  1.5266826
  0   0   5  11  1.4476191
  0   0   6   8  1.3980783
  0   0   6   9  1.2429565
  0   0   6  10  1.2959351
  0   0   6  11  1.1806653
  0   0   7   8  1.1700831
  0   0   7   9  1.1512976
  0   0   7  10  1.1725546
  0   0   7  11  1.0979126
  0   0   8   8  1.0860580
  0   0   8   9  1.0811553
  0   0   8  10  1.0710524
  0   0   8  11  1.0584837
  0   0   9   8  1.0649758
  0   0   9   9  1.0594458
  0   0   9  10  1.0666616
  0   0   9  11  1.0474686
  0   0  23  10  1.0236219
  0   0  22  11  2.0546756
  0   0   5  12  2.2536335
  0   0   5  13  1.9076924
  0   0   5  14  1.8280490
  0   0   5  15  1.4279343
  0   0   6  12  1.4796100
  0   0   6  13  1.3192932
  0   0   6  14  1.3449975
  0   0   6  15  1.1878661
  0   0   7  12  1.1831388
  0   0   7  13  1.1314733
  0   0   7  14  1.1403459
  0   0   7  15  1.1087669
  0   0   8  12  1.0909045
  0   0   8  13  1.0726700
  0   0   8  14  1.0716178
  0   0   8  15  1.0747972
  0   0   9  12  1.0781591
  0   0   9  13  1.0842105
  0   0   9  14  1.0323573
  0   0   9  15  1.0230976
  0   0  23  11  1.0616611
  0   0  22  12  1.9644527
  0   0   5  16  2.3088583
  0   0   5  17  2.3619183
  0   0   5  18  1.8243243
  0   0   5  19  1.5333406
  0   0   6  16  1.4999873
  0   0   6  17  1.3437630
  0   0   6  18  1.3656240
  0   0   6  19  1.2108303
  0   0   7  16  1.1696161
  0   0   7  17  1.1331071
  0   0   7  18  1.1298196
  0   0   7  19  1.0996734
  0   0   8  16  1.1104290
  0   0   8  17  1.0530038
  0   0   8  18  1.0826251
  0   0   8  19  1.0714327
  0   0   9  16  1.0749997
  0   0   9  17  1.0788595
  0   0   9  18  1.0637640
  0   0   9  19  1.0484481
  0   0  23  12  1.0205055
  0   0  22  13  4.8266855
  0   0   5  20  8.5757145
  0   0   5  21  3.3733143
  0   0   5  22  2.2909091
  0   0   5  23  1.5302363
  0   0   6  20  1.5894737
  0   0   6  21  1.3403459
  0   0   6  22  1.3250950
  0   0   6  23  1.2324115
  0   0   7  20  1.2133012
  0   0   7  21  1.1294117
  0   0   7  22  1.1497725
  0   0   7  23  1.1141874
  0   0   8  20  1.1087669
  0   0   8  21  1.0815214
  0   0   8  22  1.0769304
  0   0   8  23  1.0507982
  0   0   9  20  1.0580844
  0   0   9  21  1.0693371
  0   0   9  22  1.0496045
  0   0   9  23  1.0298464
  0   0  23  13  1.0661365
  0   0  22  14  5.5599998
  0   0   5  24  7.5999997
  0   0   5  25  3.3809692
  0   0   5  26  2.2439968
  0   0   5  27  1.6230735
  0   0   6  24  1.6044381
  0   0   6  25  1.3578947
  0   0   6  26  1.3291199
  0   0   6  27  1.2347826
  0   0   7  24  1.2099134
  0   0   7  25  1.1473684
  0   0   7  26  1.1423365
  0   0   7  27  1.1126655
  0   0   8  24  1.1000096
  0   0   8  25  1.0819672
  0   0   8  26  1.0857143
  0   0   8  27  1.0559260
  0   0   9  24  1.0653752
  0   0   9  25  1.0467221
  0   0   9  26  1.0488373
  0   0   9  27  1.0382652
  0   0  23  14  1.0160302
  0   0  22  15  4.4416789
  0   0   5  28  5.1047759
  0   0   5  29  2.9619183
  0   0   5  30  2.3962264
  0   0   5  31  1.5303630
  0   0   6  28  1.6461538
  0   0   6  29  1.3963206
  0   0   6  30  1.3525687
  0   0   6  31  1.2723133
  0   0   7  28  1.2797266
  0   0   7  29  1.1523810
  0   0   7  30  1.1444445
  0   0   7  31  1.1104430
  0   0   8  28  1.0962563
  0   0   8  29  1.0935084
  0   0   8  30  1.1016946
  0   0   8  31  1.0801236
  0   0   9  28  1.0762297
  0   0   9  29  1.0482210
  0   0   9  30  1.0442857
  0   0   9  31  1.0604840
  0   0  23  15  1.0128571
  0   0  22  16  4.0148716
  0   0  10   0  5.8553542
  0   0  10   1  3.2532413
  0   0  10   2  2.3926032
  0   0  10   3  1.5378787
  0   0  11   0  1.6650603
  0   0  11   1  1.4461539
  0   0  11   2  1.3670947
  0   0  11   3  1.2888952
  0   0  12   0  1.2812515
  0   0  12   1  1.1287516
  0   0  12   2  1.1360855
  0   0  12   3  1.1035415
  0   0  13   0  1.0965344
  0   0  13   1  1.0800000
  0   0  13   2  1.1118689
  0   0  13   3  1.0809016
  0   0  14   0  1.0497630
  0   0  14   1  1.0455530
  0   0  14   2  1.0570757
  0   0  14   3  1.0633248
  0   0  23  16  1.0718350
  0   0  22  17  2.7574112
  0   0  10   4  3.2870238
  0   0  10   5  2.3259365
  0   0  10   6  2.2127566
  0   0  10   7  1.4633525
  0   0  11   4  1.5267760
  0   0  11   5  1.3627118
  0   0  11   6  1.3711340
  0   0  11   7  1.2150167
  0   0  12   4  1.2207092
  0   0  12   5  1.1466667
  0   0  12   6  1.1363645
  0   0  12   7  1.1304340
  0   0  13   4  1.1052632
  0   0  13   5  1.0901816
  0   0  13   6  1.0777521
  0   0  13   7  1.0785343
  0   0  14   4  1.0795753
  0   0  14   5  1.0580011
  0   0  14   6  1.0451376
  0   0  14   7  1.0375806
  0   0  23  17  1.0250103
  0   0  22  18  2.9185081
  0   0  10   8  2.9853152
  0   0  10   9  2.2994757
  0   0  10  10  2.1527778
  0   0  10  11  1.5885119
  0   0  11   8  1.5248707
  0   0  11   9  1.2755618
  0   0  11  10  1.3714285
  0   0  11  11  1.2436170
  0   0  12   8  1.2340511
  0   0  12   9  1.1457498
  0   0  12  10  1.1288952
  0   0  12  11  1.1215630
  0   0  13   8  1.1068254
  0   0  13   9  1.0868418
  0   0  13  10  1.0792914
  0   0  13  11  1.0594352
  0   0  14   8  1.0600496
  0   0  14   9  1.0436617
  0   0  14  10  1.0396477
  0   0  14  11  1.0489034
  0   0  23  18  1.0105633
  0   0  22  19  1.9187678
  0   0  10  12  1.8818627
  0   0  10  13  1.9066667
  0   0  10  14  1.8622286
  0   0  10  15  1.5240208
  0   0  11  12  1.4615384
  0   0  11  13  1.2218640
  0   0  11  14  1.2689975
  0   0  11  15  1.2032704
  0   0  12  12  1.1999958
  0   0  12  13  1.1577237
  0   0  12  14  1.1405679
  0   0  12  15  1.0559001
  0   0  13  12  1.1137311
  0   0  13  13  1.0828217
  0   0  13  14  1.0984082
  0   0  13  15  1.0838195
  0   0  14  12  1.0845526
  0   0  14  13  1.0631577
  0   0  14  14  1.0585364
  0   0  14  15  1.0349312
  0   0  23  19  1.0663090
  0   0  22  20  1.8915911
  0   0  10  16  1.8989827
  0   0  10  17  1.7999999
  0   0  10  18  1.7822284
  0   0  10  19  1.4693792
  0   0  11  16  1.4545613
  0   0  11  17  1.2730204
  0   0  11  18  1.2427755
  0   0  11  19  1.1972789
  0   0  12  16  1.1893057
  0   0  12  17  1.1906768
  0   0  12  18  1.2008608
  0   0  12  19  1.1747090
  0   0  13  16  1.1168836
  0   0  13  17  1.0931681
  0   0  13  18  1.1152692
  0   0  13  19  1.0811553
  0   0  14  16  1.0618559
  0   0  14  17  1.0375374
  0   0  14  18  1.0476231
  0   0  14  19  1.0278408
  0   0  23  20  1.0270964
  0   0  22  21  1.4932831
  0   0  10  20  1.5229091
  0   0  10  21  1.4627396
  0   0  10  22  1.4822217
  0   0  10  23  1.3388720
  0   0  11  20  1.2571914
  0   0  11  21  1.2757934
  0   0  11  22  1.2689531
  0   0  11  23  1.2140011
  0   0  12  20  1.1733333
  0   0  12  21  1.1311422
  0   0  12  22  1.1310670
  0   0  12  23  1.1182269
  0   0  13  20  1.1052599
  0   0  13  21  1.0990620
  0   0  13  22  1.0824179
  0   0  13  23  1.0618775
  0   0  14  20  1.0629002
  0   0  14  21  1.0636849
  0   0  14  22  1.0439560
  0   0  14  23  1.0199430
  0   0  23  21  1.0526225
  0   0  22  22  1.4871868
  0   0  10  24  1.5320159
  0   0  10  25  1.4858327
  0   0  10  26  1.4771880
  0   0  10  27  1.3228121
  0   0  11  24  1.3519231
  0   0  11  25  1.2885621
  0   0  11  26  1.2532990
  0   0  11  27  1.1795765
  0   0  12  24  1.2000000
  0   0  12  25  1.1320085
  0   0  12  26  1.1153846
  0   0  12  27  1.1106349
  0   0  13  24  1.0949889
  0   0  13  25  1.0833374
  0   0  13  26  1.0719640
  0   0  13  27  1.0531644
  0   0  14  24  1.0660149
  0   0  14  25  1.0128159
  0   0  14  26  1.0415514
  0   0  14  27  1.0174094
  0   0  23  22  1.0461052
  0   0  22  23  1.2617462
  0   0  10  28  1.2870370
  0   0  10  29  1.3392857
  0   0  10  30  1.3569516
  0   0  10  31  1.2911450
  0   0  11  28  1.2847850
  0   0  11  29  1.1578947
  0   0  11  30  1.1774687
  0   0  11  31  1.1523810
  0   0  12  28  1.1486569
  0   0  12  29  1.1388889
  0   0  12  30  1.1250000
  0   0  12  31  1.0936960
  0   0  13  28  1.0837697
  0   0  13  29  1.0675755
  0   0  13  30  1.0911081
  0   0  13  31  1.0533371
  0   0  14  28  1.0530644
  0   0  14  29  1.0282352
  0   0  14  30  1.0459803
  0   0  14  31  1.0619104
  0   0  23  23  1.0117731
  0   0  22  24  1.2421944
  0   0  15   0  1.2653061
  0   0  15   1  1.3333380
  0   0  15   2  1.3543307
  0   0  15   3  1.2997239
  0   0  16   0  1.3150385
  0   0  16   1  1.1849583
  0   0  16   2  1.1419407
  0   0  16   3  1.1390442
  0   0  17   0  1.1424371
  0   0  17   1  1.1129032
  0   0  17   2  1.1603773
  0   0  17   3  1.1097558
  0   0  18   0  1.0917784
  0   0  18   1  1.0857728
  0   0  18   2  1.0781576
  0   0  18   3  1.0366316
  0   0  19   0  1.0507160
  0   0  19   1  1.0345636
  0   0  19   2  1.0176991
  0   0  19   3  1.0726647
  0   0  23  24  1.0080645
  0   0  22  25  1.1825397
  0   0  15   4  1.1759427
  0   0  15   5  1.2000000
  0   0  15   6  1.2281082
  0   0  15   7  1.1865980
  0   0  16   4  1.1916261
  0   0  16   5  1.1791399
  0   0  16   6  1.1590214
  0   0  16   7  1.1571381
  0   0  17   4  1.1465150
  0   0  17   5  1.0957447
  0   0  17   6  1.0929532
  0   0  17   7  1.0845526
  0   0  18   4  1.0909091
  0   0  18   5  1.0691824
  0   0  18   6  1.0572517
  0   0  18   7  1.0463969
  0   0  19   4  1.0557973
  0   0  19   5  1.0534322
  0   0  19   6  1.0517240
  0   0  19   7  1.0494755
  0   0  23  25  1.0476231
  0   0  22  26  1.1720692
  0   0  15   8  1.1810860
  0   0  15   9  1.2162162
  0   0  15  10  1.1769443
  0   0  15  11  1.1785672
  0   0  16   8  1.2074475
  0   0  16   9  1.1635873
  0   0  16  10  1.1592004
  0   0  16  11  1.1671422
  0   0  17   8  1.1651135
  0   0  17   9  1.0920680
  0   0  17  10  1.0953721
  0   0  17  11  1.0894309
  0   0  18   8  1.0826121
  0   0  18   9  1.0642025
  0   0  18  10  1.0640274
  0   0  18  11  1.0574467
  0   0  19   8  1.0500991
  0   0  19   9  1.0425869
  0   0  19  10  1.0461538
  0   0  19  11  1.0253389
  0   0  23  26  1.0454628
  0   0  22  27  1.1203824
  0   0  15  12  1.1234785
  0   0  15  13  1.1409617
  0   0  15  14  1.1350045
  0   0  15  15  1.0991340
  0   0  16  12  1.1086914
  0   0  16  13  1.1128241
  0   0  16  14  1.1705250
  0   0  16  15  1.1035415
  0   0  17  12  1.0996734
  0   0  17  13  1.0779608
  0   0  17  14  1.1031005
  0   0  17  15  1.0717026
  0   0  18  12  1.0703969
  0   0  18  13  1.0629921
  0   0  18  14  1.0655807
  0   0  18  15  1.0255848
  0   0  19  12  1.0508476
  0   0  19  13  1.0299251
  0   0  19  14  1.0311851
  0   0  19  15  1.0497459
  0   0  23  27  1.0087719
  0   0  22  28  1.1375846
  0   0  15  16  1.1220505
  0   0  15  17  1.1443845
  0   0  15  18  1.1269874
  0   0  15  19  1.1424098
  0   0  16  16  1.1086358
  0   0  16  17  1.0981107
  0   0  16  18  1.1065994
  0   0  16  19  1.0969980
  0   0  17  16  1.0948681
  0   0  17  17  1.1131537
  0   0  17  18  1.0915803
  0   0  17  19  1.0648825
  0   0  18  16  1.0752893
  0   0  18  17  1.0560264
  0   0  18  18  1.0628103
  0   0  18  19  1.0484191
  0   0  19  16  1.0406534
  0   0  19  17  1.0565039
  0   0  19  18  1.0445860
  0   0  19  19  1.0053400
  0   0  23  28  1.0201688
  0   0  22  29  1.0769170
  0   0  15  20  1.0784285
  0   0  15  21  1.0757607
  0   0  15  22  1.0881124
  0   0  15  23  1.0734561
  0   0  16  20  1.0880918
  0   0  16  21  1.0775860
  0   0  16  22  1.0694213
  0   0  16  23  1.0509134
  0   0  17  20  1.0894483
  0   0  17  21  1.0464715
  0   0  17  22  1.0591574
  0   0  17  23  1.0518360
  0   0  18  20  1.0419999
  0   0  18  21  1.0281169
  0   0  18  22  1.0486111
  0   0  18  23  1.0184049
  0   0  19  20  1.0358975
  0   0  19  21  1.0378545
  0   0  19  22  1.0359588
  0   0  19  23  1.0163295
  0   0  23  29  1.0148148
  0   0  22  30  1.0576530
  0   0  15  24  1.0811419
  0   0  15  25  1.0790158
  0   0  15  26  1.0853394
  0   0  15  27  1.0963855
  0   0  16  24  1.0782123
  0   0  16  25  1.0632939
  0   0  16  26  1.0680788
  0   0  16  27  1.0453577
  0   0  17  24  1.0514882
  0   0  17  25  1.0643779
  0   0  17  26  1.0554514
  0   0  17  27  1.0866263
  0   0  18  24  1.0511729
  0   0  18  25  1.0453777
  0   0  18  26  1.0469980
  0   0  18  27  1.0295164
  0   0  19  24  1.0589284
  0   0  19  25  1.0235134
  0   0  19  26  1.0173410
  0   0  19  27  1.0181818
  0   0  23  30  1.0238127
  0   0  22  31  1.0451661
  0   0  15  28  1.1061954
  0   0  15  29  1.0565475
  0   0  15  30  1.0586595
  0   0  15  31  1.0953721
  0   0  16  28  1.0528006
  0   0  16  29  1.0456378
  0   0  16  30  1.0550460
  0   0  16  31  1.0669350
  0   0  17  28  1.0602680
  0   0  17  29  1.0761905
  0   0  17  30  1.0175072
  0   0  17  31  1.0511366
  0   0  18  28  1.0217313
  0   0  18  29  1.0311716
  0   0  18  30  1.0408571
  0   0  18  31  1.0245901
  0   0  19  28  1.0277778
  0   0  19  29  1.0341881
  0   0  19  30  1.0289101
  0   0  19  31  1.0074813
  0   0  23  31  1.0150376
  0   0  21   0  1.0684407
  0   0  21   1  1.0666616
  0   0  21   2  1.0591135
  0   0  21   3  1.0771317
  0   0  21   4  1.0909140
  0   0  21   5  1.0940762
  0   0  21   6  1.0496315
  0   0  21   7  1.0537968
  0   0  21   8  1.0597734
  0   0  21   9  1.0635293
  0   0  21  10  1.0561495
  0   0  21  11  1.0393896
  0   0  21  12  1.0203446
  0   0  21  13  1.0381188
  0   0  21  14  1.0409674
  0   0  21  15  1.0147101
  0   0  21  16  1.0234708
  0   0  21  17  1.0335399
  0   0  21  18  1.0173913
  0   0  21  19  1.0124105
  0   0  21  20  1.0106869
  0   0  21  21  1.0124617
  0   1  20   0  1.1386062
  0   1  20   1  1.1344836
  0   1  20   2  1.1011392
  0   1  20   3  1.1185310
  0   1  20   4  1.0997643
  0   1  20   5  1.0966957
  0   1  20   6  1.0935714
  0   1  20   7  1.0800973
  0   1  20   8  1.0626449
  0   1  20   9  1.0643492
  0   1  20  10  1.0555555
  0   1  20  11  1.0461538
  0   1  20  12  1.0360561
  0   1  20  13  1.0644167
  0   1  20  14  1.0664560
  0   1  20  15  1.0754717
  0   1  20  16  1.0484481
  0   1  20  17  1.0236030
  0   1  20  18  1.0203082
  0   1  20  19  1.0311143
  0   1  20  20  1.0431784
  0   1  20  21  1.0270331
  0   1  22   0  1.1428571
  0   1   0   0  1.1122991
  0   1   0   1  1.1042777
  0   1   0   2  1.1060575
  0   1   0   3  1.0932367
  0   1   1   0  1.1005158
  0   1   1   1  1.0824547
  0   1   1   2  1.0767289
  0   1   1   3  1.0640000
  0   1   2   0  1.0849535
  0   1   2   1  1.0976679
  0   1   2   2  1.0222286
  0   1   2   3  1.0318425
  0   1   3   0  1.0527997
  0   1   3   1  1.0331077
  0   1   3   2  1.0559543
  0   1   3   3  1.0202459
  0   1   4   0  1.0217455
  0   1   4   1  1.0588236
  0   1   4   2  1.0218024
  0   1   4   3  1.0079788
  0   1  23   0  1.0296194
  0   1  22   1  1.1578947
  0   1   0   4  1.1752833
  0   1   0   5  1.1315863
  0   1   0   6  1.1384362
  0   1   0   7  1.1284748
  0   1   1   4  1.1252230
  0   1   1   5  1.1002084
  0   1   1   6  1.1125000
  0   1   1   7  1.1018873
  0   1   2   4  1.1052632
  0   1   2   5  1.0548436
  0   1   2   6  1.0436565
  0   1   2   7  1.0483873
  0   1   3   4  1.0631579
  0   1   3   5  1.0495671
  0   1   3   6  1.0581311
  0   1   3   7  1.0401973
  0   1   4   4  1.0455615
  0   1   4   5  1.0433737
  0   1   4   6  1.0201548
  0   1   4   7  1.0230382
  0   1  23   1  1.0335881
  0   1  22   2  1.1687800
  0   1   0   8  1.1630972
  0   1   0   9  1.1645330
  0   1   0  10  1.1505844
  0   1   0  11  1.1381874
  0   1   1   8  1.1477512
  0   1   1   9  1.1173598
  0   1   1  10  1.1164384
  0   1   1  11  1.1011606
  0   1   2   8  1.0878831
  0   1   2   9  1.0927835
  0   1   2  10  1.0551066
  0   1   2  11  1.0511275
  0   1   3   8  1.0438596
  0   1   3   9  1.0442478
  0   1   3  10  1.0191694
  0   1   3  11  1.0431227
  0   1   4   8  1.0457197
  0   1   4   9  1.0338599
  0   1   4  10  1.0382165
  0   1   4  11  1.0108727
  0   1  23   2  1.0197566
  0   1  22   3  1.1730115
  0   1   0  12  1.1957737
  0   1   0  13  1.1862929
  0   1   0  14  1.1792693
  0   1   0  15  1.1760397
  0   1   1  12  1.1693344
  0   1   1  13  1.1341424
  0   1   1  14  1.1366747
  0   1   1  15  1.0970149
  0   1   2  12  1.1081007
  0   1   2  13  1.0909091
  0   1   2  14  1.1007807
  0   1   2  15  1.0671642
  0   1   3  12  1.0863019
  0   1   3  13  1.0575010
  0   1   3  14  1.0626629
  0   1   3  15  1.0456695
  0   1   4  12  1.0512787
  0   1   4  13  1.0240574
  0   1   4  14  1.0340666
  0   1   4  15  1.0139535
  0   1  23   3  1.0506878
  0   1  22   4  1.2061080
  0   1   0  16  1.1775995
  0   1   0  17  1.2267433
  0   1   0  18  1.1988836
  0   1   0  19  1.1662209
  0   1   1  16  1.1600000
  0   1   1  17  1.1328944
  0   1   1  18  1.1340839
  0   1   1  19  1.1081007
  0   1   2  16  1.0959632
  0   1   2  17  1.0702358
  0   1   2  18  1.1140413
  0   1   2  19  1.0697676
  0   1   3  16  1.0804876
  0   1   3  17  1.0549450
  0   1   3  18  1.0599264
  0   1   3  19  1.0513408
  0   1   4  16  1.0442625
  0   1   4  17  1.0356540
  0   1   4  18  1.0348596
  0   1   4  19  1.0276310
  0   1  23   4  1.0255828
  0   1  22   5  1.3307068
  0   1   0  20  1.3601516
  0   1   0  21  1.2524474
  0   1   0  22  1.2479652
  0   1   0  23  1.1976225
  0   1   1  20  1.1999955
  0   1   1  21  1.1675909
  0   1   1  22  1.1680952
  0   1   1  23  1.1386629
  0   1   2  20  1.1390331
  0   1   2  21  1.1037661
  0   1   2  22  1.1058823
  0   1   2  23  1.0677422
  0   1   3  20  1.0820665
  0   1   3  21  1.0648306
  0   1   3  22  1.0550460
  0   1   3  23  1.0617284
  0   1   4  20  1.0529724
  0   1   4  21  1.0525147
  0   1   4  22  1.0466165
  0   1   4  23  1.0350913
  0   1  23   5  1.0201548
  0   1  22   6  1.3482121
  0   1   0  24  1.3384615
  0   1   0  25  1.2390763
  0   1   0  26  1.2524271
  0   1   0  27  1.2005156
  0   1   1  24  1.1916898
  0   1   1  25  1.1864512
  0   1   1  26  1.1696121
  0   1   1  27  1.1216221
  0   1   2  24  1.1206439
  0   1   2  25  1.0817382
  0   1   2  26  1.1333406
  0   1   2  27  1.0747327
  0   1   3  24  1.0805272
  0   1   3  25  1.0643434
  0   1   3  26  1.0651004
  0   1   3  27  1.0477271
  0   1   4  24  1.0400889
  0   1   4  25  1.0566539
  0   1   4  26  1.0357143
  0   1   4  27  1.0290655
  0   1  23   6  1.0473683
  0   1  22   7  1.4007544
  0   1   0  28  1.3582602
  0   1   0  29  1.3321445
  0   1   0  30  1.3383290
  0   1   0  31  1.2599002
  0   1   1  28  1.2814815
  0   1   1  29  1.1802235
  0   1   1  30  1.1873061
  0   1   1  31  1.1661546
  0   1   2  28  1.1651135
  0   1   2  29  1.1178577
  0   1   2  30  1.1435051
  0   1   2  31  1.0424030
  0   1   3  28  1.0681818
  0   1   3  29  1.0823459
  0   1   3  30  1.0738919
  0   1   3  31  1.0556440
  0   1   4  28  1.0495626
  0   1   4  29  1.0512183
  0   1   4  30  1.0541944
  0   1   4  31  1.0283020
  0   1  23   7  1.0610002
  0   1  22   8  1.4099035
  0   1   5   0  1.4154859
  0   1   5   1  1.3392926
  0   1   5   2  1.3888840
  0   1   5   3  1.2831254
  0   1   6   0  1.2801080
  0   1   6   1  1.1941748
  0   1   6   2  1.1821094
  0   1   6   3  1.1529502
  0   1   7   0  1.1460628
  0   1   7   1  1.1344821
  0   1   7   2  1.1232883
  0   1   7   3  1.1015686
  0   1   8   0  1.0719756
  0   1   8   1  1.0719640
  0   1   8   2  1.0800038
  0   1   8   3  1.0546557
  0   1   9   0  1.0515045
  0   1   9   1  1.0405406
  0   1   9   2  1.0451806
  0   1   9   3  1.0333334
  0   1  23   8  1.0407708
  0   1  22   9  1.6830314
  0   1   5   4  1.6888125
  0   1   5   5  1.4352941
  0   1   5   6  1.4133835
  0   1   5   7  1.3017740
  0   1   6   4  1.3333383
  0   1   6   5  1.2285715
  0   1   6   6  1.2345948
  0   1   6   7  1.1794239
  0   1   7   4  1.1891071
  0   1   7   5  1.1327442
  0   1   7   6  1.1182257
  0   1   7   7  1.0833291
  0   1   8   4  1.0794356
  0   1   8   5  1.0881745
  0   1   8   6  1.0764876
  0   1   8   7  1.0586595
  0   1   9   4  1.0695652
  0   1   9   5  1.0592822
  0   1   9   6  1.0480699
  0   1   9   7  1.0240733
  0   1  23   9  1.0307295
  0   1  22  10  1.7025713
  0   1   5   8  1.6771472
  0   1   5   9  1.4220025
  0   1   5  10  1.4506919
  0   1   5  11  1.3085107
  0   1   6   8  1.3155030
  0   1   6   9  1.2249144
  0   1   6  10  1.2063863
  0   1   6  11  1.1807869
  0   1   7   8  1.1929775
  0   1   7   9  1.1075691
  0   1   7  10  1.1165991
  0   1   7  11  1.0890212
  0   1   8   8  1.0767082
  0   1   8   9  1.0844716
  0   1   8  10  1.0919969
  0   1   8  11  1.0643492
  0   1   9   8  1.0668519
  0   1   9   9  1.0506629
  0   1   9  10  1.0773371
  0   1   9  11  1.0161290
  0   1  23  10  1.0107315
  0   1  22  11  2.1111111
  0   1   5  12  1.9030389
  0   1   5  13  1.6222286
  0   1   5  14  1.6538317
  0   1   5  15  1.3764706
  0   1   6  12  1.3939448
  0   1   6  13  1.2867434
  0   1   6  14  1.2773508
  0   1   6  15  1.1902902
  0   1   7  12  1.2165287
  0   1   7  13  1.1519539
  0   1   7  14  1.1538461
  0   1   7  15  1.0664022
  0   1   8  12  1.0801023
  0   1   8  13  1.0891671
  0   1   8  14  1.0532542
  0   1   8  15  1.0666700
  0   1   9  12  1.0551593
  0   1   9  13  1.0502796
  0   1   9  14  1.0384656
  0   1   9  15  1.0566489
  0   1  23  11  1.0313781
  0   1  22  12  1.9202537
  0   1   5  16  2.0662744
  0   1   5  17  1.6454717
  0   1   5  18  1.6705882
  0   1   5  19  1.4285738
  0   1   6  16  1.3880671
  0   1   6  17  1.3031368
  0   1   6  18  1.3021356
  0   1   6  19  1.2412219
  0   1   7  16  1.2522140
  0   1   7  17  1.1377715
  0   1   7  18  1.1818182
  0   1   7  19  1.0902827
  0   1   8  16  1.0830720
  0   1   8  17  1.0982406
  0   1   8  18  1.0780931
  0   1   8  19  1.0625000
  0   1   9  16  1.0647950
  0   1   9  17  1.0615384
  0   1   9  18  1.0588195
  0   1   9  19  1.0245233
  0   1  23  12  1.0359076
  0   1  22  13  2.2605974
  0   1   5  20  2.0772796
  0   1   5  21  1.8980336
  0   1   5  22  1.8221503
  0   1   5  23  1.4006899
  0   1   6  20  1.3368845
  0   1   6  21  1.2319325
  0   1   6  22  1.2439112
  0   1   6  23  1.1478866
  0   1   7  20  1.1580821
  0   1   7  21  1.1478481
  0   1   7  22  1.1387689
  0   1   7  23  1.1296825
  0   1   8  20  1.1193630
  0   1   8  21  1.0641485
  0   1   8  22  1.0525024
  0   1   8  23  1.0665153
  0   1   9  20  1.0586971
  0   1   9  21  1.0529802
  0   1   9  22  1.0660149
  0   1   9  23  1.0278408
  0   1  23  13  1.0125556
  0   1  22  14  2.1165830
  0   1   5  24  2.2484935
  0   1   5  25  1.8601249
  0   1   5  26  1.7911704
  0   1   5  27  1.3453220
  0   1   6  24  1.3861135
  0   1   6  25  1.2666666
  0   1   6  26  1.2554988
  0   1   6  27  1.1894737
  0   1   7  24  1.1705481
  0   1   7  25  1.1580821
  0   1   7  26  1.1360122
  0   1   7  27  1.1325602
  0   1   8  24  1.1077520
  0   1   8  25  1.0509507
  0   1   8  26  1.0555602
  0   1   8  27  1.0594057
  0   1   9  24  1.0636329
  0   1   9  25  1.0671330
  0   1   9  26  1.0488373
  0   1   9  27  1.0465527
  0   1  23  14  1.0300001
  0   1  22  15  3.2190612
  0   1   5  28  3.4672567
  0   1   5  29  1.8888888
  0   1   5  30  1.9411880
  0   1   5  31  1.5329222
  0   1   6  28  1.5062939
  0   1   6  29  1.2796254
  0   1   6  30  1.2500000
  0   1   6  31  1.2125972
  0   1   7  28  1.2509493
  0   1   7  29  1.1867694
  0   1   7  30  1.1575447
  0   1   7  31  1.1154924
  0   1   8  28  1.1028780
  0   1   8  29  1.0810219
  0   1   8  30  1.0827586
  0   1   8  31  1.0647629
  0   1   9  28  1.0750002
  0   1   9  29  1.0654762
  0   1   9  30  1.0537399
  0   1   9  31  1.0337219
  0   1  23  15  1.0344858
  0   1  22  16  3.1428572
  0   1  10   0  3.0148252
  0   1  10   1  1.9150746
  0   1  10   2  1.9733332
  0   1  10   3  1.4941197
  0   1  11   0  1.4933285
  0   1  11   1  1.3153775
  0   1  11   2  1.2182987
  0   1  11   3  1.2352941
  0   1  12   0  1.2281356
  0   1  12   1  1.1372549
  0   1  12   2  1.1754323
  0   1  12   3  1.1052632
  0   1  13   0  1.0825003
  0   1  13   1  1.0795668
  0   1  13   2  1.0828402
  0   1  13   3  1.0689655
  0   1  14   0  1.0600925
  0   1  14   1  1.0628625
  0   1  14   2  1.0518360
  0   1  14   3  1.0330040
  0   1  23  16  1.0468053
  0   1  22  17  3.9797077
  0   1  10   4  3.5333145
  0   1  10   5  1.7999999
  0   1  10   6  1.6871867
  0   1  10   7  1.5418540
  0   1  11   4  1.4669871
  0   1  11   5  1.2850620
  0   1  11   6  1.3010300
  0   1  11   7  1.1971721
  0   1  12   4  1.1821094
  0   1  12   5  1.1210095
  0   1  12   6  1.1351414
  0   1  12   7  1.1295259
  0   1  13   4  1.1262210
  0   1  13   5  1.0753286
  0   1  13   6  1.0777521
  0   1  13   7  1.0576002
  0   1  14   4  1.0717422
  0   1  14   5  1.0373798
  0   1  14   6  1.0299767
  0   1  14   7  1.0622351
  0   1  23  17  1.0421972
  0   1  22  18  4.1488102
  0   1  10   8  3.3999999
  0   1  10   9  1.7707441
  0   1  10  10  1.7346090
  0   1  10  11  1.4358901
  0   1  11   8  1.4627396
  0   1  11   9  1.2690706
  0   1  11  10  1.2666666
  0   1  11  11  1.2304756
  0   1  12   8  1.1779249
  0   1  12   9  1.1482553
  0   1  12  10  1.1172644
  0   1  12  11  1.1431813
  0   1  13   8  1.1362624
  0   1  13   9  1.0842937
  0   1  13  10  1.0657531
  0   1  13  11  1.0750520
  0   1  14   8  1.0641527
  0   1  14   9  1.0693032
  0   1  14  10  1.0358094
  0   1  14  11  1.0433998
  0   1  23  18  1.0475226
  0   1  22  19  2.0000337
  0   1  10  12  2.0370475
  0   1  10  13  1.6373105
  0   1  10  14  1.7044144
  0   1  10  15  1.4622286
  0   1  11  12  1.4160437
  0   1  11  13  1.2322709
  0   1  11  14  1.2304756
  0   1  11  15  1.2235294
  0   1  12  12  1.2226575
  0   1  12  13  1.1453294
  0   1  12  14  1.1387916
  0   1  12  15  1.1232178
  0   1  13  12  1.1043478
  0   1  13  13  1.0650757
  0   1  13  14  1.0840873
  0   1  13  15  1.0666629
  0   1  14  12  1.0511729
  0   1  14  13  1.0539570
  0   1  14  14  1.0346057
  0   1  14  15  1.0494655
  0   1  23  19  1.0537603
  0   1  22  20  2.1809389
  0   1  10  16  2.1037143
  0   1  10  17  1.6830679
  0   1  10  18  1.7373810
  0   1  10  19  1.4184870
  0   1  11  16  1.3886662
  0   1  11  17  1.2053221
  0   1  11  18  1.1795792
  0   1  11  19  1.1732162
  0   1  12  16  1.2042193
  0   1  12  17  1.1242033
  0   1  12  18  1.1556190
  0   1  12  19  1.0828836
  0   1  13  16  1.0773029
  0   1  13  17  1.0831528
  0   1  13  18  1.0810813
  0   1  13  19  1.0430624
  0   1  14  16  1.0545455
  0   1  14  17  1.0553378
  0   1  14  18  1.0553128
  0   1  14  19  1.0327169
  0   1  23  20  1.0443038
  0   1  22  21  1.5059374
  0   1  10  20  1.5513225
  0   1  10  21  1.4260492
  0   1  10  22  1.3821498
  0   1  10  23  1.3087670
  0   1  11  20  1.2723133
  0   1  11  21  1.2162229
  0   1  11  22  1.1690536
  0   1  11  23  1.1228120
  0   1  12  20  1.1413371
  0   1  12  21  1.1562404
  0   1  12  22  1.1062674
  0   1  12  23  1.0889966
  0   1  13  20  1.1082802
  0   1  13  21  1.0897992
  0   1  13  22  1.0729678
  0   1  13  23  1.0534322
  0   1  14  20  1.0626124
  0   1  14  21  1.0504861
  0   1  14  22  1.0477784
  0   1  14  23  1.0411665
  0   1  23  21  1.0201991
  0   1  22  22  1.5764706
  0   1  10  24  1.4919592
  0   1  10  25  1.4110803
  0   1  10  26  1.4289871
  0   1  10  27  1.3022404
  0   1  11  24  1.3688952
  0   1  11  25  1.1733333
  0   1  11  26  1.2030706
  0   1  11  27  1.1254958
  0   1  12  24  1.1201247
  0   1  12  25  1.1481441
  0   1  12  26  1.1307343
  0   1  12  27  1.1026215
  0   1  13  24  1.0986687
  0   1  13  25  1.1003816
  0   1  13  26  1.0816745
  0   1  13  27  1.0527636
  0   1  14  24  1.0564855
  0   1  14  25  1.0445155
  0   1  14  26  1.0530796
  0   1  14  27  1.0333334
  0   1  23  22  1.0415941
  0   1  22  23  1.3521968
  0   1  10  28  1.3025604
  0   1  10  29  1.3459204
  0   1  10  30  1.3214285
  0   1  10  31  1.2523365
  0   1  11  28  1.2355124
  0   1  11  29  1.2337662
  0   1  11  30  1.1954407
  0   1  11  31  1.1751539
  0   1  12  28  1.1544117
  0   1  12  29  1.1267244
  0   1  12  30  1.1130501
  0   1  12  31  1.0937044
  0   1  13  28  1.0773196
  0   1  13  29  1.0610630
  0   1  13  30  1.0763329
  0   1  13  31  1.0518054
  0   1  14  28  1.0544370
  0   1  14  29  1.0288975
  0   1  14  30  1.0369276
  0   1  14  31  1.0375477
  0   1  23  23  1.0220719
  0   1  22  24  1.3047619
  0   1  15   0  1.3106278
  0   1  15   1  1.3415400
  0   1  15   2  1.3165819
  0   1  15   3  1.2446198
  0   1  16   0  1.2351360
  0   1  16   1  1.2097913
  0   1  16   2  1.2187549
  0   1  16   3  1.1417031
  0   1  17   0  1.1288779
  0   1  17   1  1.1211382
  0   1  17   2  1.1089034
  0   1  17   3  1.0809685
  0   1  18   0  1.0874073
  0   1  18   1  1.0711970
  0   1  18   2  1.0653993
  0   1  18   3  1.0726980
  0   1  19   0  1.0541448
  0   1  19   1  1.0402278
  0   1  19   2  1.0341464
  0   1  19   3  1.0343668
  0   1  23  24  1.0161884
  0   1  22  25  1.2373372
  0   1  15   4  1.2399990
  0   1  15   5  1.1823101
  0   1  15   6  1.2093674
  0   1  15   7  1.2295523
  0   1  16   4  1.2165504
  0   1  16   5  1.1560457
  0   1  16   6  1.1437352
  0   1  16   7  1.0955410
  0   1  17   4  1.1099238
  0   1  17   5  1.0856448
  0   1  17   6  1.0862035
  0   1  17   7  1.0959298
  0   1  18   4  1.0985296
  0   1  18   5  1.0740036
  0   1  18   6  1.0661132
  0   1  18   7  1.0517823
  0   1  19   4  1.0543258
  0   1  19   5  1.0407878
  0   1  19   6  1.0437880
  0   1  19   7  1.0443608
  0   1  23  25  1.0400832
  0   1  22  26  1.2485600
  0   1  15   8  1.2439649
  0   1  15   9  1.2009099
  0   1  15  10  1.1670529
  0   1  15  11  1.2170654
  0   1  16   8  1.2186654
  0   1  16   9  1.1550758
  0   1  16  10  1.1516848
  0   1  16  11  1.1008256
  0   1  17   8  1.1152896
  0   1  17   9  1.0903226
  0   1  17  10  1.0884084
  0   1  17  11  1.0767234
  0   1  18   8  1.0859877
  0   1  18   9  1.0533537
  0   1  18  10  1.0515464
  0   1  18  11  1.0426806
  0   1  19   8  1.0392511
  0   1  19   9  1.0414794
  0   1  19  10  1.0434087
  0   1  19  11  1.0325698
  0   1  23  26  1.0416667
  0   1  22  27  1.1200004
  0   1  15  12  1.1225418
  0   1  15  13  1.1646151
  0   1  15  14  1.1525023
  0   1  15  15  1.1557697
  0   1  16  12  1.1532595
  0   1  16  13  1.1245411
  0   1  16  14  1.1177846
  0   1  16  15  1.0943467
  0   1  17  12  1.1279331
  0   1  17  13  1.0716004
  0   1  17  14  1.0647713
  0   1  17  15  1.0634084
  0   1  18  12  1.0595040
  0   1  18  13  1.0505758
  0   1  18  14  1.0535499
  0   1  18  15  1.0615036
  0   1  19  12  1.0599010
  0   1  19  13  1.0415109
  0   1  19  14  1.0362158
  0   1  19  15  1.0437754
  0   1  23  27  1.0383796
  0   1  22  28  1.1179450
  0   1  15  16  1.1368839
  0   1  15  17  1.1658981
  0   1  15  18  1.1458333
  0   1  15  19  1.1747093
  0   1  16  16  1.1422410
  0   1  16  17  1.1317069
  0   1  16  18  1.1421047
  0   1  16  19  1.0911213
  0   1  17  16  1.0915803
  0   1  17  17  1.0705362
  0   1  17  18  1.0729678
  0   1  17  19  1.0775165
  0   1  18  16  1.0722223
  0   1  18  17  1.0535430
  0   1  18  18  1.0464676
  0   1  18  19  1.0521094
  0   1  19  16  1.0371286
  0   1  19  17  1.0343137
  0   1  19  18  1.0406534
  0   1  19  19  1.0082195
  0   1  23  28  1.0445860
  0   1  22  29  1.1118689
  0   1  15  20  1.0918720
  0   1  15  21  1.1029693
  0   1  15  22  1.0965544
  0   1  15  23  1.1099239
  0   1  16  20  1.1113213
  0   1  16  21  1.0656565
  0   1  16  22  1.0857141
  0   1  16  23  1.0719478
  0   1  17  20  1.0687260
  0   1  17  21  1.0684962
  0   1  17  22  1.0519232
  0   1  17  23  1.0598260
  0   1  18  20  1.0533595
  0   1  18  21  1.0609756
  0   1  18  22  1.0385612
  0   1  18  23  1.0170333
  0   1  19  20  1.0338439
  0   1  19  21  1.0288695
  0   1  19  22  1.0157955
  0   1  19  23  1.0137591
  0   1  23  29  1.0165187
  0   1  22  30  1.0881745
  0   1  15  24  1.0718718
  0   1  15  25  1.0847140
  0   1  15  26  1.1076186
  0   1  15  27  1.0975157
  0   1  16  24  1.0925397
  0   1  16  25  1.0731388
  0   1  16  26  1.0580455
  0   1  16  27  1.0606533
  0   1  17  24  1.0874001
  0   1  17  25  1.0703627
  0   1  17  26  1.0556682
  0   1  17  27  1.0446544
  0   1  18  24  1.0426329
  0   1  18  25  1.0441533
  0   1  18  26  1.0391721
  0   1  18  27  1.0287081
  0   1  19  24  1.0472538
  0   1  19  25  1.0202041
  0   1  19  26  1.0186046
  0   1  19  27  1.0220995
  0   1  23  30  1.0174800
  0   1  22  31  1.0680628
  0   1  15  28  1.0869506
  0   1  15  29  1.0936286
  0   1  15  30  1.0792766
  0   1  15  31  1.0641446
  0   1  16  28  1.0720695
  0   1  16  29  1.0225565
  0   1  16  30  1.0673472
  0   1  16  31  1.0707267
  0   1  17  28  1.0746629
  0   1  17  29  1.0575993
  0   1  17  30  1.0580645
  0   1  17  31  1.0668070
  0   1  18  28  1.0700933
  0   1  18  29  1.0411552
  0   1  18  30  1.0410024
  0   1  18  31  1.0326590
  0   1  19  28  1.0358567
  0   1  19  29  1.0280375
  0   1  19  30  1.0320855
  0   1  19  31  1.0291262
  0   1  23  31  1.0280677
  0   1  21   0  1.0965544
  0   1  21   1  1.0882353
  0   1  21   2  1.0856616
  0   1  21   3  1.0907646
  0   1  21   4  1.0916481
  0   1  21   5  1.0729755
  0   1  21   6  1.0798481
  0   1  21   7  1.0784686
  0   1  21   8  1.0816327
  0   1  21   9  1.0679969
  0   1  21  10  1.0469015
  0   1  21  11  1.0426830
  0   1  21  12  1.0256444
  0   1  21  13  1.0421873
  0   1  21  14  1.0527744
  0   1  21  15  1.0547507
  0   1  21  16  1.0588236
  0   1  21  17  1.0310650
  0   1  21  18  1.0135631
  0   1  21  19  1.0209060
  0   1  21  20  1.0373565
  0   1  21  21  1.0252100
