         10     2.795 
    10.1617     2.877 
    10.3261     2.962 
    10.4931     3.048 
    10.6628     3.235 
    10.8353     3.462 
    11.0106     3.761 
    11.1886     4.142 
    11.3696     4.563 
    11.5535     5.209 
    11.7404     5.915 
    11.9303     6.115 
    12.1232     6.323 
    12.3193     6.537 
    12.5186     6.759 
     12.721     6.988 
    12.9268     7.119 
    13.1359     7.209 
    13.3483       7.3 
    13.5642     7.392 
    13.7836     7.436 
    14.0066     7.458 
    14.2331     7.481 
    14.4633     7.504 
    14.6973     7.527 
     14.935     7.551 
    15.1765     7.606 
     15.422     7.661 
    15.6714     7.717 
    15.9249     7.773 
    16.1825     7.829 
    16.4442     7.886 
    16.7102     7.944 
    16.9805     8.002 
    17.2551      8.06 
    17.5342     8.119 
    17.8178     8.178 
     18.106     8.237 
    18.3989     8.297 
    18.6964     8.357 
    18.9988     8.472 
    19.3061     8.625 
    19.6184     8.781 
    19.9357      8.94 
    20.2582     9.102 
    20.5858     9.267 
    20.9188     9.435 
    21.2571     9.652 
    21.6009     9.913 
    21.9503     10.18 
    22.3053     10.46 
    22.6661     10.74 
    23.0327     11.03 
    23.4053     11.33 
    23.7838     11.64 
    24.1685     11.86 
    24.5594     12.09 
    24.9566     12.32 
    25.3603     12.56 
    25.7705      12.8 
    26.1873     13.04 
    26.6109     13.29 
    27.0413     13.48 
    27.4786     13.66 
    27.9231     13.85 
    28.3747     14.04 
    28.8337     14.23 
       29.3     14.42 
    29.7739     14.61 
    30.2555     14.81 
    30.7449     15.01 
    31.2421     15.22 
    31.7475     15.35 
    32.2609     15.45 
    32.7827     15.55 
     33.313     15.65 
    33.8518     15.75 
    34.3993     15.85 
    34.9557     15.95 
    35.5211     16.05 
    36.0956     16.15 
    36.6794      16.2 
    37.2727     16.25 
    37.8755     16.29 
    38.4882     16.34 
    39.1107     16.38 
    39.7432     16.43 
    40.3861     16.48 
    41.0393     16.52 
    41.7031     16.57 
    42.3776     16.61 
     43.063     16.66 
    43.7595      16.7 
    44.4673     16.75 
    45.1865     16.79 
    45.9174     16.84 
      46.66     16.88 
    47.4147     16.91 
    48.1816     16.87 
    48.9609     16.83 
    49.7528     16.79 
    50.5576     16.74 
    51.3753      16.7 
    52.2062     16.66 
    53.0506     16.62 
    53.9087     16.58 
    54.7806     16.53 
    55.6667     16.47 
     56.567     16.41 
     57.482     16.35 
    58.4117     16.29 
    59.3564     16.23 
    60.3165     16.17 
    61.2921     16.11 
    62.2834     16.05 
    63.2908     15.99 
    64.3145     15.85 
    65.3547     15.66 
    66.4118     15.47 
    67.4859     15.29 
    68.5775     15.11 
    69.6867     14.93 
    70.8138     14.73 
    71.9591     14.53 
     73.123     14.33 
    74.3057     14.13 
    75.5076     13.93 
    76.7289     13.74 
    77.9699     13.55 
     79.231     13.32 
    80.5125      13.1 
    81.8147     12.88 
     83.138     12.66 
    84.4827     12.45 
    85.8491     12.24 
    87.2377        12 
    88.6487     11.69 
    90.0825     11.39 
    91.5395      11.1 
    93.0201     10.82 
    94.5246     10.41 
    96.0535     9.987 
    97.6071     9.582 
    99.1858     9.194 
     100.79     8.779 
     102.42     8.093 
    104.077      7.46 
     105.76     6.877 
    107.471     6.339 
    109.209     5.844 
    110.975     5.387 
     112.77     4.965 
    114.594     4.471 
    116.448     3.976 
    118.331     3.535 
    120.245     3.144 
     122.19     2.796 
    124.166     2.486 
    126.175     2.244 
    128.215     2.086 
    130.289     1.939 
    132.397     1.803 
    134.538     1.676 
    136.714     1.558 
    138.925     1.379 
    141.172     1.214 
    143.456     1.086 
    145.776     1.004 
    148.134    0.9324 
     150.53    0.8963 
    152.964    0.8615 
    155.439    0.8336 
    157.953    0.8193 
    160.507    0.8052 
    163.103    0.8022 
    165.742    0.8292 
    168.422    0.8589 
    171.146     0.893 
    173.915    0.9284 
    176.727    0.9652 
    179.586    0.9873 
    182.491     1.004 
    185.442     1.021 
    188.442     1.038 
    191.489     1.055 
    194.587     1.073 
    197.734     1.091 
    200.932     1.109 
    204.182     1.127 
    207.485     1.137 
     210.84     1.147 
    214.251     1.156 
    217.716     1.166 
    221.237     1.176 
    224.816     1.185 
    228.452     1.195 
    232.147     1.205 
    235.902     1.203 
    239.717     1.199 
    243.595     1.194 
    247.535     1.189 
    251.538     1.184 
    255.607     1.179 
    259.741     1.174 
    263.942     1.169 
    268.211     1.161 
    272.549     1.143 
    276.957     1.125 
    281.437     1.108 
    285.989     1.091 
    290.615     1.074 
    295.315     1.057 
    300.092     1.041 
    304.945     1.025 
    309.878     1.009 
     314.89    0.9903 
    319.983    0.9722 
    325.158    0.9545 
    330.418    0.9371 
    335.762    0.9201 
    341.192    0.9033 
    346.711    0.8877 
    352.319    0.8728 
    358.017    0.8583 
    363.808    0.8439 
    369.692    0.8299 
    375.672    0.8177 
    381.748    0.8191 
    387.922    0.8205 
    394.197    0.8219 
    400.573    0.8233 
      405.1    0.8242 
      405.3    0.7453 
    407.052    0.7762 
    413.635     0.903 
    420.326      1.05 
    427.124     1.222 
    434.032     1.421 
    441.052     1.654 
    448.186     1.924 
    455.435     2.235 
    462.802     2.596 
    470.287     3.014 
    477.894     3.463 
    485.623     3.743 
    493.478     3.812 
    501.459     3.763 
     509.57     3.715 
    517.812     3.668 
    526.187     3.564 
    534.698     3.458 
    543.346     3.355 
    552.134     3.256 
    561.065     3.181 
    570.139     3.142 
    579.361     3.103 
    588.732     3.064 
    598.254     3.026 
     607.93     2.989 
    617.763     2.948 
    627.755     2.904 
    637.908     2.861 
    648.226     2.818 
    658.711     2.776 
    669.365     2.735 
    680.191     2.694 
    691.193     2.649 
    702.372       2.6 
    713.733     2.552 
    725.277     2.505 
    737.008     2.459 
    748.928     2.414 
    761.042      2.36 
    773.351     2.305 
    785.859     2.252 
     798.57     2.199 
    811.486     2.148 
    824.611     2.086 
    837.949     2.016 
    851.502     1.949 
    865.274     1.885 
    879.269     1.825 
    893.491     1.766 
    907.943     1.709 
    922.628     1.653 
    937.551     1.598 
    952.715     1.545 
    968.124     1.493 
    983.783     1.443 
    999.695     1.394 
    1015.86     1.346 
    1032.29     1.297 
    1048.99      1.25 
    1065.96     1.204 
     1083.2      1.16 
    1100.72     1.117 
    1118.52     1.076 
    1136.61     1.037 
       1155    0.9987 
    1173.68    0.9621 
    1192.66    0.9267 
    1211.95    0.8927 
    1231.55    0.8599 
    1251.47    0.8284 
    1271.72     0.798 
    1292.29    0.7688 
    1313.19    0.7406 
    1334.43    0.7135 
    1356.01    0.6874 
    1377.94    0.6622 
    1400.23     0.638 
    1422.88    0.6146 
    1445.89    0.5921 
    1469.28    0.5705 
    1493.04    0.5499 
    1517.19    0.5307 
    1541.73    0.5122 
    1566.67    0.4943 
    1592.01    0.4771 
    1617.76    0.4605 
    1643.92    0.4444 
    1670.51    0.4289 
    1697.53     0.414 
    1724.99    0.3996 
    1752.89    0.3851 
    1781.24     0.371 
    1810.05    0.3572 
    1839.32     0.344 
    1869.07    0.3312 
     1899.3     0.319 
    1930.02    0.3072 
    1961.24    0.2958 
    1992.96    0.2848 
     2025.2    0.2745 
    2057.95     0.264 
    2091.24    0.2538 
    2125.06     0.244 
    2159.43    0.2345 
    2194.36    0.2252 
    2229.85    0.2163 
    2265.92    0.2076 
    2302.57    0.1993 
    2339.81    0.1912 
    2377.66    0.1833 
    2416.11    0.1758 
    2455.19    0.1684 
     2494.9    0.1614 
    2535.26    0.1545 
    2576.26    0.1479 
    2617.93    0.1415 
    2660.27    0.1353 
     2703.3    0.1294 
    2747.03    0.1236 
    2791.46     0.118 
    2836.61    0.1126 
    2882.49    0.1074 
    2929.11    0.1024 
    2976.48    0.0976 
    3024.63   0.09293 
    3073.55   0.08842 
    3123.26   0.08407 
    3173.78   0.07988 
    3225.11   0.07584 
    3277.27   0.07195 
    3330.28   0.06819 
    3384.15   0.06457 
    3438.88   0.06108 
     3494.5   0.05772 
     3537.4   0.05529 
     3537.6     0.218 
    3551.02     0.216 
    3608.46    0.2075 
    3666.82    0.1994 
    3726.13    0.1916 
     3726.9    0.1915 
     3727.1    0.2628 
     3786.4    0.2522 
    3847.64    0.2419 
    3909.87     0.232 
    3973.11    0.2225 
     4017.9    0.2161 
     4018.1    0.2515 
    4037.38    0.2486 
    4102.68    0.2389 
    4169.03    0.2296 
    4236.46    0.2206 
    4304.98    0.2119 
    4374.62    0.2036 
    4445.37    0.1955 
    4517.27    0.1878 
    4590.33    0.1803 
    4664.58    0.1731 
    4740.03    0.1661 
    4816.69    0.1595 
     4894.6     0.153 
    4973.77    0.1469 
    5054.21    0.1409 
    5135.96    0.1352 
    5219.03    0.1297 
    5303.44    0.1244 
    5389.22    0.1193 
    5476.39    0.1144 
    5564.97    0.1097 
    5654.98    0.1052 
    5746.44    0.1009 
    5839.39   0.09671 
    5933.83   0.09271 
    6029.81   0.08887 
    6127.33   0.08518 
    6226.44   0.08164 
    6327.15   0.07824 
    6429.48   0.07497 
    6533.48   0.07184 
    6639.15   0.06883 
    6746.54   0.06595 
    6855.65   0.06318 
    6966.54   0.06053 
    7079.22   0.05798 
    7193.72   0.05554 
    7310.07    0.0532 
    7428.31   0.05095 
    7548.45    0.0488 
    7670.54   0.04674 
    7794.61   0.04476 
    7920.68   0.04286 
    8048.79   0.04104 
    8178.98    0.0393 
    8311.26   0.03763 
    8445.69   0.03603 
    8582.29   0.03449 
    8721.11   0.03302 
    8862.16   0.03161 
     9005.5   0.03027 
    9151.16   0.02897 
    9299.17   0.02774 
    9449.58   0.02655 
    9602.42   0.02541 
    9757.73   0.02433 
    9915.55   0.02328 
    10075.9   0.02228 
    10238.9   0.02133 
    10404.5   0.02041 
    10572.8   0.01953 
    10743.8    0.0187 
    10917.6   0.01789 
    11094.2   0.01712 
    11273.6   0.01639 
    11455.9   0.01568 
    11641.2     0.015 
    11829.5   0.01436 
    12020.8   0.01374 
    12215.3   0.01315 
    12412.8   0.01258 
    12613.6   0.01204 
    12817.6   0.01152 
      13025   0.01102 
    13235.6   0.01054 
    13449.7   0.01009 
    13667.2  0.009652 
    13888.3  0.009235 
    14112.9  0.008835 
    14341.2  0.008453 
    14573.1  0.008087 
    14808.9  0.007737 
    15048.4  0.007402 
    15291.8  0.007081 
    15539.1  0.006774 
    15790.4  0.006481 
    16045.8    0.0062 
    16305.4  0.005931 
    16569.1  0.005674 
    16837.1  0.005427 
    17109.4  0.005192 
    17386.1  0.004966 
    17667.4  0.004751 
    17953.1  0.004544 
    18243.5  0.004347 
    18538.6  0.004158 
    18838.4  0.003977 
    19143.1  0.003804 
    19452.7  0.003639 
    19767.4   0.00348 
    20087.1  0.003329 
      20412  0.003184 
    20742.1  0.003045 
    21077.6  0.002912 
    21418.5  0.002785 
      21765  0.002664 
      22117  0.002547 
    22474.7  0.002436 
    22838.2   0.00233 
    23207.6  0.002228 
      23583   0.00213 
    23964.4  0.002037 
      24352  0.001948 
    24745.9  0.001863 
    25146.2  0.001781 
    25552.9  0.001703 
    25966.2  0.001628 
    26386.1  0.001557 
    26711.1  0.001504 
    26711.3  0.009559 
    26812.9  0.009466 
    27246.6  0.009083 
    27687.3  0.008714 
    28135.1  0.008359 
    28590.2  0.008018 
    29052.6   0.00769 
    29522.5  0.007374 
      30000   0.00707 
