         10     54.62 
    10.1617     52.04 
    10.3261     49.58 
    10.4931     47.15 
    10.6628     44.78 
    10.8353     43.75 
    11.0106     43.21 
    11.1886     45.42 
    11.3696     48.35 
    11.5535     51.58 
    11.7404     55.01 
    11.9303     58.62 
    12.1232     62.19 
    12.3193     62.75 
    12.5186     63.31 
     12.721     62.76 
    12.9268     61.48 
    13.1359     60.22 
    13.3483     58.99 
    13.5642     57.75 
    13.7836     56.35 
    14.0066     54.99 
    14.2331     53.66 
    14.4633     52.36 
    14.6973      51.1 
     14.935     49.86 
    15.1765     48.15 
     15.422     46.17 
    15.6714     44.28 
    15.9249     42.46 
    16.1825     40.72 
    16.4442     39.05 
    16.7102     37.45 
    16.9805     35.91 
    17.2551     34.44 
    17.5342     33.03 
    17.8178     31.67 
     18.106     30.37 
    18.3989     29.13 
    18.6964     27.74 
    18.9988     26.29 
    19.3061     24.92 
    19.6184     23.62 
    19.9357     22.38 
    20.2582     21.21 
    20.5858     20.11 
    20.9188     19.06 
    21.2571     18.06 
    21.6009     17.12 
    21.9503     16.22 
    22.3053     15.38 
    22.6661     14.46 
    23.0327     13.47 
    23.4053     12.56 
    23.7838      11.7 
    24.1685     10.91 
    24.5594     10.17 
    24.9566     9.475 
    25.3603     8.831 
    25.7705      8.23 
    26.1873     7.671 
    26.6109     7.149 
    27.0413     6.663 
    27.4786      6.21 
    27.9231     5.788 
    28.3747     5.401 
    28.8337     5.046 
       29.3     4.714 
    29.7739     4.403 
    30.2555     4.113 
    30.7449     3.843 
    31.2421     3.597 
    31.7475     3.373 
    32.2609     3.164 
    32.7827     2.967 
     33.313     2.783 
    33.8518      2.61 
    34.3993     2.448 
    34.9557     2.295 
    35.5211     2.146 
    36.0956     2.008 
    36.6794     1.878 
    37.2727     1.757 
    37.8755     1.667 
    38.4882     1.594 
    39.1107     1.524 
    39.7432     1.456 
    40.3861     1.392 
    41.0393     1.373 
    41.7031     1.357 
    42.3776     1.342 
     43.063     1.336 
    43.7595     1.354 
    44.4673     1.372 
    45.1865     1.396 
    45.9174     1.487 
      46.66     1.972 
    47.4147     2.949 
    48.1816     4.412 
    48.9609     6.599 
    49.7528      9.87 
    50.5576     6.679 
    51.3753     3.835 
    52.2062     2.202 
    53.0506     1.774 
    53.9087     1.766 
    54.7806     1.835 
    55.6667     2.423 
     56.567     3.201 
     57.482     3.035 
    58.4117     2.691 
    59.3564     2.581 
    60.3165     2.999 
    61.2921     3.485 
    62.2834      4.05 
    63.2908     4.706 
    64.3145     5.468 
    65.3547     6.279 
    66.4118     7.142 
    67.4859     8.124 
    68.5775     9.241 
    69.6867     10.51 
    70.8138     11.66 
    71.9591      12.5 
     73.123     13.39 
    74.3057     14.36 
    75.5076      15.3 
    76.7289     16.22 
    77.9699     17.18 
     79.231      18.2 
    80.5125     19.29 
    81.8147     19.87 
     83.138     20.43 
    84.4827     21.02 
    85.8491     21.62 
    87.2377     22.06 
    88.6487     22.43 
    90.0825      22.8 
    91.5395     23.18 
    93.0201     23.18 
    94.5246     23.15 
    96.0535     23.13 
    97.6071     22.78 
    99.1858      22.4 
     100.79     22.02 
     102.42     21.21 
    104.077     20.42 
     105.76     19.66 
    107.471     18.93 
    109.209     18.23 
    110.975     16.89 
     112.77     15.41 
    114.594     14.06 
    116.448     12.83 
    118.331     11.71 
    120.245     10.69 
     122.19     9.753 
    124.166       8.9 
    126.175     8.122 
    128.215     7.412 
    130.289     6.741 
    132.397     6.065 
    134.538     5.456 
    136.714     4.908 
    138.925     4.415 
    141.172     3.972 
    143.456     3.573 
    145.776     3.215 
    148.134     2.892 
     150.53     2.602 
    152.964     2.341 
    155.439     2.027 
    157.953     1.741 
    160.507     1.495 
    163.103     1.283 
    165.742     1.146 
    168.422     1.069 
    171.146     1.016 
    173.915    0.9761 
    176.727    0.9449 
    179.586    0.9314 
    182.491    0.9181 
    185.442    0.9207 
    188.442    0.9274 
    191.489    0.9467 
    194.587    0.9714 
    197.734    0.9969 
    200.932     1.023 
    204.182      1.05 
    207.485     1.078 
     210.84     1.106 
    214.251     1.135 
    217.716     1.165 
    221.237     1.196 
    224.816     1.228 
    228.452     1.258 
    232.147     1.285 
    235.902     1.312 
    239.717     1.341 
    243.595     1.369 
    247.535     1.399 
    251.538     1.429 
    255.607      1.46 
    259.741     1.479 
    263.942     1.495 
    268.211     1.511 
    272.549     1.527 
    276.957     1.543 
    281.437     1.559 
    285.989     1.576 
    290.615     1.576 
    295.315     1.576 
    300.092     1.576 
    304.945     1.569 
    309.878     1.556 
     314.89     1.544 
    319.983     1.532 
    325.158      1.52 
    330.418     1.508 
    335.762     1.496 
    341.192     1.482 
    346.711     1.458 
    352.319     1.433 
    358.017     1.409 
    363.808     1.386 
    369.692     1.363 
    375.672      1.34 
    381.748     1.318 
    387.922     1.296 
    394.197     1.274 
    400.573     1.253 
    407.052     1.226 
    413.635     1.199 
    420.326     1.173 
    427.124     1.148 
    434.032     1.123 
    441.052     1.099 
    448.186     1.075 
    455.435     1.051 
    462.802     1.029 
    470.287     1.004 
    477.894    0.9778 
    485.623    0.9523 
    493.478    0.9275 
    501.459    0.9033 
     509.57    0.8797 
    517.812    0.8567 
    526.187    0.8342 
    534.698    0.8124 
    543.346    0.7911 
    552.134    0.7703 
    561.065    0.7502 
    570.139    0.7305 
    579.361    0.7131 
    588.732    0.6967 
    598.254    0.6807 
     607.93    0.6651 
    617.763    0.6498 
      619.9    0.6466 
      620.1     4.626 
    627.755     4.472 
    637.908     4.278 
    648.226     4.092 
    658.711     3.915 
    669.365     3.745 
    680.191     3.592 
    691.193     3.453 
    702.372     3.323 
    713.733     3.198 
    725.277     3.077 
    737.008     2.962 
    748.928      2.85 
    761.042     2.743 
    773.351     2.641 
    785.859     2.548 
     798.57     2.461 
    811.486     2.377 
    824.611     2.296 
    837.949     2.218 
    851.502     2.173 
    865.274     2.163 
    879.269     2.183 
    893.491     2.204 
    907.943     2.225 
    922.628     2.246 
    937.551       2.2 
    952.715     2.137 
    968.124     2.063 
    983.783      1.99 
    999.695     1.921 
    1015.86     1.855 
    1032.29     1.795 
    1048.99     1.738 
    1065.96     1.684 
     1083.2     1.632 
    1100.72     1.582 
    1118.52     1.533 
    1136.61     1.486 
       1155      1.44 
    1173.68     1.395 
    1192.66     1.352 
    1211.95      1.31 
    1231.55      1.27 
    1251.47     1.229 
    1271.72     1.188 
    1292.29     1.145 
    1313.19     1.105 
    1334.43     1.066 
    1356.01     1.028 
    1377.94    0.9913 
    1400.23    0.9561 
    1422.88    0.9221 
    1445.89    0.8894 
    1469.28    0.8578 
    1493.04    0.8271 
    1517.19    0.7971 
    1541.73    0.7682 
    1566.67    0.7403 
    1592.01    0.7134 
    1617.76    0.6874 
    1643.92    0.6625 
    1670.51    0.6384 
    1697.53    0.6152 
    1724.99    0.5928 
    1752.89    0.5711 
    1781.24    0.5501 
    1810.05    0.5298 
    1839.32    0.5102 
    1869.07    0.4914 
     1899.3    0.4732 
    1930.02    0.4558 
    1961.24     0.439 
    1992.96    0.4228 
     2025.2    0.4073 
    2057.95    0.3922 
    2091.24    0.3776 
    2125.06    0.3635 
    2159.43    0.3499 
    2194.36    0.3368 
    2229.85    0.3241 
    2265.92     0.312 
    2302.57    0.3002 
    2339.81    0.2889 
    2377.66     0.278 
    2416.11    0.2675 
    2455.19    0.2573 
     2494.9    0.2476 
    2535.26    0.2381 
    2576.26    0.2291 
    2617.93    0.2203 
    2660.27    0.2119 
     2703.3    0.2037 
    2747.03    0.1959 
    2791.46    0.1884 
    2836.61    0.1811 
    2882.49    0.1741 
    2929.11    0.1673 
    2976.48    0.1608 
    3024.63    0.1545 
    3073.55    0.1485 
    3123.26    0.1427 
    3173.78    0.1371 
    3225.11    0.1317 
    3277.27    0.1264 
    3330.28    0.1214 
    3384.15    0.1166 
    3438.88    0.1119 
     3494.5    0.1075 
    3551.02    0.1031 
    3608.46   0.09899 
    3666.82   0.09498 
    3726.13   0.09112 
     3786.4   0.08741 
    3847.64   0.08383 
    3909.87   0.08039 
    3973.11   0.07707 
    4037.38   0.07388 
    4102.68   0.07081 
    4169.03   0.06785 
    4236.46     0.065 
    4304.98   0.06226 
    4374.62   0.05961 
    4445.37   0.05707 
    4517.27   0.05463 
       4557   0.05334 
     4557.2    0.1671 
    4590.33    0.1639 
    4664.58    0.1572 
    4740.03    0.1507 
    4816.69    0.1445 
       4852    0.1417 
     4852.2    0.1934 
     4894.6     0.189 
    4973.77    0.1811 
    5054.21    0.1736 
    5135.96    0.1664 
       5188     0.162 
     5188.2     0.188 
    5219.03    0.1853 
    5303.44     0.178 
    5389.22    0.1709 
    5476.39    0.1641 
    5564.97    0.1576 
    5654.98    0.1513 
    5746.44    0.1452 
    5839.39    0.1394 
    5933.83    0.1338 
    6029.81    0.1284 
    6127.33    0.1232 
    6226.44    0.1182 
    6327.15    0.1134 
    6429.48    0.1087 
    6533.48    0.1043 
    6639.15       0.1 
    6746.54   0.09593 
    6855.65   0.09198 
    6966.54   0.08819 
    7079.22   0.08455 
    7193.72   0.08106 
    7310.07    0.0777 
    7428.31   0.07447 
    7548.45   0.07138 
    7670.54   0.06841 
    7794.61   0.06556 
    7920.68   0.06282 
    8048.79   0.06019 
    8178.98   0.05767 
    8311.26   0.05526 
    8445.69   0.05294 
    8582.29   0.05071 
    8721.11   0.04858 
    8862.16   0.04653 
     9005.5   0.04457 
    9151.16   0.04269 
    9299.17   0.04088 
    9449.58   0.03915 
    9602.42    0.0375 
    9757.73   0.03591 
    9915.55   0.03438 
    10075.9   0.03292 
    10238.9   0.03152 
    10404.5   0.03018 
    10572.8    0.0289 
    10743.8   0.02767 
    10917.6   0.02649 
    11094.2   0.02536 
    11273.6   0.02428 
    11455.9   0.02324 
    11641.2   0.02224 
    11829.5   0.02129 
    12020.8   0.02038 
    12215.3   0.01951 
    12412.8   0.01867 
    12613.6   0.01787 
    12817.6   0.01711 
      13025   0.01637 
    13235.6   0.01567 
    13449.7     0.015 
    13667.2   0.01435 
    13888.3   0.01373 
    14112.9   0.01314 
    14341.2   0.01258 
    14573.1   0.01204 
    14808.9   0.01152 
    15048.4   0.01102 
    15291.8   0.01055 
    15539.1   0.01009 
    15790.4  0.009656 
    16045.8  0.009239 
    16305.4   0.00884 
    16569.1  0.008458 
    16837.1  0.008093 
    17109.4  0.007743 
    17386.1  0.007408 
    17667.4  0.007088 
    17953.1  0.006781 
    18243.5  0.006488 
    18538.6  0.006207 
    18838.4  0.005938 
    19143.1  0.005681 
    19452.7  0.005434 
    19767.4  0.005199 
    20087.1  0.004973 
      20412  0.004758 
    20742.1  0.004551 
    21077.6  0.004353 
    21418.5  0.004164 
      21765  0.003983 
      22117   0.00381 
    22474.7  0.003644 
    22838.2  0.003486 
    23207.6  0.003334 
      23583  0.003189 
    23964.4   0.00305 
      24352  0.002917 
    24745.9   0.00279 
    25146.2  0.002668 
    25552.9  0.002552 
    25966.2   0.00244 
    26386.1  0.002334 
    26812.9  0.002231 
    27246.6  0.002134 
    27687.3   0.00204 
    28135.1  0.001951 
    28590.2  0.001865 
    29052.6  0.001784 
    29522.5  0.001705 
      30000   0.00163 
