         10     14.36 
    10.1617     14.38 
    10.3261     14.41 
    10.4931     14.43 
    10.6628     14.46 
    10.8353     14.48 
    11.0106     14.51 
    11.1886     14.54 
    11.3696     14.58 
    11.5535     14.91 
    11.7404     15.26 
    11.9303     15.61 
    12.1232     15.97 
    12.3193     16.34 
    12.5186     16.71 
     12.721      17.1 
    12.9268     17.49 
    13.1359     17.88 
    13.3483     18.26 
    13.5642     18.64 
    13.7836     19.03 
    14.0066     19.42 
    14.2331     19.83 
    14.4633     20.24 
    14.6973     20.66 
     14.935     21.09 
    15.1765     21.51 
     15.422     21.91 
    15.6714     22.32 
    15.9249     22.74 
    16.1825     23.17 
    16.4442     23.61 
    16.7102     24.05 
    16.9805      24.5 
    17.2551     24.66 
    17.5342     24.82 
    17.8178     24.98 
     18.106     25.15 
    18.3989     25.31 
    18.6964     25.48 
    18.9988     25.65 
    19.3061     25.69 
    19.6184     25.39 
    19.9357      25.1 
    20.2582     24.81 
    20.5858     24.52 
    20.9188     24.24 
    21.2571     23.96 
    21.6009     23.49 
    21.9503     22.93 
    22.3053     22.39 
    22.6661     21.86 
    23.0327     21.34 
    23.4053     20.83 
    23.7838     20.27 
    24.1685     19.45 
    24.5594     18.66 
    24.9566     17.91 
    25.3603     17.18 
    25.7705     16.44 
    26.1873     15.17 
    26.6109     14.01 
    27.0413     12.93 
    27.4786     11.93 
    27.9231     11.01 
    28.3747     10.17 
    28.8337     9.382 
       29.3     8.659 
    29.7739      8.28 
    30.2555     8.147 
    30.7449     8.015 
    31.2421     7.886 
    31.7475      7.82 
    32.2609     8.015 
    32.7827     8.215 
     33.313      8.42 
    33.8518     8.637 
    34.3993      9.19 
    34.9557     9.777 
    35.5211      10.4 
    36.0956     11.21 
    36.6794     12.12 
    37.2727      13.1 
    37.8755     14.17 
    38.4882     15.32 
    39.1107     16.58 
    39.7432     17.94 
    40.3861     19.41 
    41.0393      20.7 
    41.7031     21.24 
    42.3776     21.79 
     43.063     22.36 
    43.7595     22.94 
    44.4673     23.14 
    45.1865        23 
    45.9174     22.86 
      46.66     22.55 
    47.4147     21.88 
    48.1816     21.23 
    48.9609      20.6 
    49.7528     19.59 
    50.5576      18.6 
    51.3753     17.67 
    52.2062     16.77 
    53.0506     15.93 
    53.9087     15.12 
    54.7806     14.36 
    55.6667     13.47 
     56.567     12.58 
     57.482     11.75 
    58.4117     10.97 
    59.3564     10.24 
    60.3165     9.565 
    61.2921     8.931 
    62.2834      8.34 
    63.2908     7.787 
    64.3145     7.271 
    65.3547      6.79 
    66.4118     6.279 
    67.4859     5.757 
    68.5775     5.278 
    69.6867     4.839 
    70.8138     4.436 
    71.9591     4.067 
     73.123     3.729 
    74.3057     3.419 
    75.5076     3.134 
    76.7289     2.874 
    77.9699     2.635 
     79.231     2.415 
    80.5125     2.214 
    81.8147      2.03 
     83.138     1.863 
    84.4827      1.71 
    85.8491      1.57 
    87.2377     1.441 
    88.6487     1.322 
    90.0825     1.214 
    91.5395     1.116 
    93.0201     1.055 
    94.5246    0.9973 
    96.0535    0.9427 
    97.6071    0.8911 
    99.1858    0.8438 
     100.79    0.8072 
     102.42    0.7721 
    104.077    0.7386 
     105.76    0.7066 
    107.471    0.6971 
    109.209    0.6932 
    110.975    0.6892 
     112.77    0.6902 
    114.594    0.6995 
    116.448    0.7089 
    118.331    0.7184 
    120.245    0.7281 
     122.19    0.7379 
    124.166    0.7477 
    126.175    0.7571 
    128.215    0.7666 
    130.289    0.7762 
    132.397    0.7859 
    134.538    0.7957 
    136.714    0.8057 
    138.925    0.8158 
    141.172    0.8287 
    143.456     0.842 
    145.776    0.8556 
    148.134    0.8694 
     150.53    0.8833 
    152.964    0.8976 
    155.439    0.9099 
    157.953     0.915 
    160.507    0.9201 
    163.103    0.9235 
    165.742    0.9237 
    168.422     0.924 
    171.146    0.9227 
    173.915    0.9198 
    176.727    0.9168 
    179.586    0.9139 
    182.491    0.9107 
    185.442    0.9061 
    188.442    0.9015 
    191.489    0.8955 
    194.587    0.8862 
    197.734    0.8771 
    200.932     0.868 
    204.182     0.859 
    207.485    0.8593 
     210.84    0.8648 
    214.251    0.8756 
    217.716    0.8948 
    221.237    0.9146 
    224.816    0.9483 
    228.452     1.023 
    232.147     1.163 
    235.902     1.248 
    239.717     1.349 
    243.595     1.664 
    247.535     1.988 
    251.538      2.29 
    255.607     2.571 
    259.741     2.837 
    263.942     3.071 
    268.211     3.205 
    272.549     3.317 
    276.957     3.413 
    281.437     3.487 
    285.989     3.563 
    290.615     3.614 
    295.315     3.634 
    300.092     3.655 
    304.945     3.712 
    309.878     3.781 
     314.89     3.796 
    319.983     3.811 
    325.158     3.825 
    330.418      3.84 
    335.762     3.878 
    341.192     3.903 
    346.711     3.904 
    352.319     3.905 
    358.017     3.906 
    363.808     3.907 
    369.692     3.909 
    375.672      3.91 
    381.748     3.911 
    387.922     3.912 
    394.197     3.896 
    400.573     3.877 
    407.052     3.858 
    413.635     3.808 
    420.326     3.758 
    427.124     3.708 
    434.032     3.659 
    441.052     3.598 
    448.186      3.53 
    455.435     3.464 
    462.802     3.399 
    470.287     3.335 
    477.894     3.272 
    485.623      3.22 
    493.478     3.169 
    501.459      3.12 
     509.57      3.07 
    517.812     3.002 
    526.187     2.936 
    534.698     2.871 
    543.346     2.807 
    552.134      2.73 
    561.065     2.639 
    570.139     2.551 
    579.361     2.465 
    588.732     2.383 
    598.254     2.301 
     607.93     2.223 
    617.763     2.147 
    627.755     2.073 
    637.908     2.004 
    648.226     1.946 
    658.711     1.889 
    669.365     1.835 
    680.191     1.781 
    691.193      1.73 
    702.372      1.68 
    713.733     1.631 
    725.277     1.584 
    737.008     1.538 
    748.928     1.493 
    761.042      1.45 
    773.351     1.408 
    785.859     1.364 
     798.57     1.318 
    811.486     1.274 
    824.611     1.227 
    837.949     1.179 
    851.502     1.134 
    865.274      1.09 
    879.269     1.048 
    893.491     1.012 
    907.943    0.9788 
    922.628     0.947 
    937.551     0.906 
    952.715    0.8727 
    968.124    0.8407 
    983.783    0.8159 
    999.695    0.7923 
    1015.86    0.7649 
    1032.29    0.7376 
    1048.99    0.7111 
    1065.96    0.6853 
     1083.2    0.6604 
    1100.72    0.6364 
    1118.52    0.6133 
    1136.61     0.591 
       1155    0.5695 
    1173.68    0.5488 
    1192.66    0.5289 
    1211.95    0.5097 
    1231.55    0.4912 
    1251.47    0.4732 
    1271.72    0.4558 
    1292.29    0.4389 
    1313.19    0.4226 
    1334.43    0.4069 
    1356.01    0.3918 
    1377.94    0.3772 
    1400.23    0.3632 
    1422.88    0.3497 
    1445.89    0.3368 
    1469.28    0.3242 
    1493.04    0.3121 
    1517.19    0.3002 
    1541.73    0.2888 
    1566.67    0.2777 
    1592.01    0.2671 
    1617.76    0.2569 
    1643.92    0.2471 
    1670.51    0.2377 
    1697.53    0.2286 
    1724.99    0.2199 
    1752.89    0.2114 
    1781.24    0.2033 
    1810.05    0.1954 
    1839.32    0.1878 
    1869.07    0.1806 
     1899.3    0.1736 
    1930.02    0.1668 
    1961.24    0.1604 
    1992.96    0.1542 
     2025.2    0.1483 
    2057.95    0.1425 
    2091.24    0.1369 
    2125.06    0.1316 
    2159.43    0.1265 
    2194.36    0.1215 
    2229.85    0.1168 
    2265.92    0.1122 
    2302.57    0.1078 
    2339.81    0.1036 
    2377.66   0.09951 
    2416.11   0.09561 
    2455.19   0.09185 
     2494.9   0.08824 
     2520.1   0.08605 
     2520.3    0.3106 
    2535.26    0.3062 
    2576.26    0.2944 
    2617.93     0.283 
       2625    0.2812 
     2625.2    0.3859 
    2660.27    0.3738 
     2703.3    0.3597 
    2747.03    0.3462 
    2791.46    0.3331 
    2836.61    0.3205 
     2865.4    0.3129 
     2865.6    0.3555 
    2882.49    0.3506 
    2929.11    0.3374 
    2976.48    0.3247 
    3024.63    0.3124 
    3073.55    0.3005 
    3123.26    0.2889 
    3173.78    0.2778 
    3225.11    0.2671 
    3277.27    0.2567 
    3330.28    0.2467 
    3384.15    0.2371 
    3438.88    0.2277 
     3494.5    0.2188 
    3551.02    0.2101 
    3608.46    0.2018 
    3666.82    0.1937 
    3726.13     0.186 
     3786.4    0.1785 
    3847.64    0.1714 
    3909.87    0.1645 
    3973.11    0.1578 
    4037.38    0.1514 
    4102.68    0.1453 
    4169.03    0.1393 
    4236.46    0.1337 
    4304.98    0.1282 
    4374.62    0.1229 
    4445.37    0.1179 
    4517.27     0.113 
    4590.33    0.1084 
    4664.58    0.1039 
    4740.03   0.09957 
    4816.69   0.09543 
     4894.6   0.09146 
    4973.77   0.08766 
    5054.21     0.084 
    5135.96   0.08049 
    5219.03   0.07712 
    5303.44   0.07389 
    5389.22   0.07079 
    5476.39   0.06781 
    5564.97   0.06496 
    5654.98   0.06222 
    5746.44    0.0596 
    5839.39   0.05708 
    5933.83   0.05466 
    6029.81   0.05235 
    6127.33   0.05013 
    6226.44     0.048 
    6327.15   0.04596 
    6429.48   0.04401 
    6533.48   0.04214 
    6639.15   0.04034 
    6746.54   0.03862 
    6855.65   0.03697 
    6966.54    0.0354 
    7079.22   0.03388 
    7193.72   0.03243 
    7310.07   0.03104 
    7428.31   0.02971 
    7548.45   0.02844 
    7670.54   0.02722 
    7794.61   0.02605 
    7920.68   0.02493 
    8048.79   0.02386 
    8178.98   0.02284 
    8311.26   0.02185 
    8445.69   0.02091 
    8582.29   0.02001 
    8721.11   0.01915 
    8862.16   0.01833 
     9005.5   0.01754 
    9151.16   0.01678 
    9299.17   0.01605 
    9449.58   0.01536 
    9602.42    0.0147 
    9757.73   0.01406 
    9915.55   0.01345 
    10075.9   0.01287 
    10238.9   0.01232 
    10404.5   0.01178 
    10572.8   0.01127 
    10743.8   0.01078 
    10917.6   0.01032 
    11094.2   0.00987 
    11273.6  0.009442 
    11455.9  0.009033 
    11641.2  0.008641 
    11829.5  0.008267 
    12020.8  0.007908 
    12215.3  0.007565 
    12412.8  0.007236 
    12613.6  0.006922 
    12817.6  0.006622 
      13025  0.006334 
    13235.6  0.006059 
    13449.7  0.005796 
    13667.2  0.005544 
    13888.3  0.005303 
    14112.9  0.005072 
    14341.2  0.004852 
    14573.1  0.004641 
    14808.9  0.004439 
    15048.4  0.004246 
    15291.8  0.004061 
    15539.1  0.003884 
    15790.4  0.003715 
    16045.8  0.003553 
    16305.4  0.003398 
    16569.1   0.00325 
    16837.1  0.003109 
    17109.4  0.002973 
    17386.1  0.002844 
    17667.4   0.00272 
    17953.1  0.002601 
    18243.5  0.002487 
    18538.6  0.002379 
    18838.4  0.002275 
    19143.1  0.002176 
    19452.7  0.002081 
    19767.4   0.00199 
    19999.4  0.001926 
    19999.6   0.01298 
    20087.1   0.01284 
      20412   0.01232 
    20742.1   0.01182 
    21077.6   0.01134 
    21418.5   0.01087 
      21765   0.01043 
      22117  0.009998 
    22474.7  0.009585 
    22838.2  0.009189 
    23207.6  0.008808 
      23583  0.008442 
    23964.4   0.00809 
      24352  0.007752 
    24745.9  0.007427 
    25146.2  0.007115 
    25552.9  0.006816 
    25966.2  0.006528 
    26386.1  0.006252 
    26812.9  0.005988 
    27246.6  0.005734 
    27687.3   0.00549 
    28135.1  0.005256 
    28590.2  0.005031 
    29052.6  0.004816 
    29522.5   0.00461 
      30000  0.004412 
