         10     1.519 
    10.1617     1.503 
    10.3261     1.488 
    10.4931     1.473 
    10.6628     1.459 
    10.8353     1.444 
    11.0106     1.429 
    11.1886     1.415 
    11.3696     1.407 
    11.5535     1.414 
    11.7404     1.421 
    11.9303     1.429 
    12.1232     1.436 
    12.3193     1.452 
    12.5186     1.475 
     12.721     1.498 
    12.9268     1.522 
    13.1359     1.547 
    13.3483     1.571 
    13.5642     1.597 
    13.7836     1.622 
    14.0066     1.648 
    14.2331     1.671 
    14.4633     1.693 
    14.6973     1.715 
     14.935     1.738 
    15.1765      1.76 
     15.422     1.783 
    15.6714     1.806 
    15.9249     1.827 
    16.1825     1.847 
    16.4442     1.868 
    16.7102     1.889 
    16.9805     1.911 
    17.2551     1.932 
    17.5342     1.955 
    17.8178     1.979 
     18.106     2.003 
    18.3989     2.027 
    18.6964     2.051 
    18.9988     2.076 
    19.3061       2.1 
    19.6184     2.109 
    19.9357     2.118 
    20.2582     2.127 
    20.5858     2.135 
    20.9188     2.144 
    21.2571     2.153 
    21.6009     2.173 
    21.9503       2.2 
    22.3053     2.227 
    22.6661     2.254 
    23.0327     2.287 
    23.4053      2.32 
    23.7838     2.354 
    24.1685     2.483 
    24.5594     2.682 
    24.9566     2.938 
    25.3603      3.29 
    25.7705     3.685 
    26.1873     4.999 
    26.6109     5.941 
    27.0413     8.586 
    27.4786     12.41 
    27.9231     16.53 
    28.3747     20.23 
    28.8337     23.74 
       29.3     26.07 
    29.7739     26.93 
    30.2555     27.82 
    30.7449     28.72 
    31.2421     29.36 
    31.7475        30 
    32.2609     30.35 
    32.7827     30.56 
     33.313     30.31 
    33.8518     29.76 
    34.3993      29.1 
    34.9557     28.18 
    35.5211      27.5 
    36.0956     26.86 
    36.6794     26.18 
    37.2727     25.48 
    37.8755     24.79 
    38.4882     23.83 
    39.1107      22.9 
    39.7432     22.02 
    40.3861     21.33 
    41.0393     20.74 
    41.7031     20.16 
    42.3776     19.55 
     43.063     18.88 
    43.7595     18.26 
    44.4673     17.75 
    45.1865     17.25 
    45.9174     16.77 
      46.66     16.38 
    47.4147     16.04 
    48.1816     15.71 
    48.9609     15.38 
    49.7528     15.06 
    50.5576     14.79 
    51.3753     14.53 
    52.2062     14.28 
    53.0506     14.02 
    53.9087     13.76 
    54.7806     13.49 
    55.6667     13.23 
     56.567     12.97 
     57.482     12.76 
    58.4117      12.6 
    59.3564     12.44 
    60.3165     12.27 
    61.2921     12.07 
    62.2834     11.86 
    63.2908     11.65 
    64.3145     11.46 
    65.3547     11.28 
    66.4118     11.11 
    67.4859     10.93 
    68.5775     10.75 
    69.6867     10.57 
    70.8138      10.4 
    71.9591     10.41 
     73.123     10.42 
    74.3057     10.44 
    75.5076     10.31 
    76.7289      10.1 
    77.9699     9.888 
     79.231     9.682 
    80.5125     9.481 
    81.8147     9.283 
     83.138     9.123 
    84.4827     8.972 
    85.8491     8.823 
    87.2377     8.677 
    88.6487      8.64 
    90.0825     8.606 
    91.5395     8.573 
    93.0201     8.541 
    94.5246     8.508 
    96.0535     8.475 
    97.6071     8.443 
    99.1858     8.411 
     100.79     8.378 
     102.42     8.346 
    104.077     8.314 
     105.76     8.283 
    107.471     8.251 
    109.209     8.219 
    110.975     8.188 
     112.77     8.156 
    114.594     8.125 
    116.448     8.094 
    118.331     8.064 
    120.245     8.034 
     122.19     8.004 
    124.166     7.974 
    126.175     7.944 
    128.215     7.915 
    130.289     7.885 
    132.397     7.856 
    134.538     7.826 
    136.714     7.797 
    138.925     7.768 
    141.172     7.739 
    143.456      7.71 
    145.776     7.681 
    148.134     7.653 
     150.53     7.624 
    152.964     7.596 
    155.439     7.567 
    157.953     7.539 
    160.507     7.511 
    163.103     7.483 
    165.742     7.455 
    168.422      7.41 
    171.146     7.358 
    173.915     7.307 
    176.727     7.256 
    179.586     7.206 
    182.491     7.156 
    185.442     7.106 
    188.442     7.056 
    191.489     7.007 
    194.587     6.958 
    197.734      6.91 
    200.932     6.862 
    204.182     6.814 
    207.485     6.767 
     210.84     6.719 
    214.251     6.673 
    217.716     6.626 
    221.237      6.58 
    224.816     6.534 
    228.452     6.461 
    232.147     6.367 
    235.902     6.274 
    239.717     6.183 
    243.595     6.093 
    247.535     6.004 
    251.538     5.916 
    255.607      5.83 
    259.741     5.745 
    263.942     5.662 
    268.211     5.579 
    272.549     5.502 
    276.957     5.427 
    281.437     5.353 
    285.989      5.28 
    290.615     5.208 
    295.315     5.137 
    300.092     5.067 
    304.945     4.998 
    309.878      4.93 
     314.89     4.863 
    319.983     4.796 
    325.158     4.731 
    330.418     4.667 
    335.762     4.603 
    341.192      4.54 
    346.711     4.478 
    352.319     4.417 
    358.017     4.357 
    363.808     4.283 
    369.692      4.21 
    375.672     4.137 
    381.748     4.066 
    387.922     3.996 
    394.197     3.928 
    400.573      3.86 
    407.052     3.794 
    413.635     3.728 
    420.326     3.664 
    427.124     3.601 
    434.032     3.539 
    441.052     3.479 
    448.186     3.419 
    455.435     3.359 
    462.802     3.292 
    470.287     3.227 
    477.894     3.163 
    485.623       3.1 
    493.478     3.039 
    501.459     2.978 
     509.57     2.919 
    517.812     2.861 
    526.187     2.805 
    534.698     2.749 
    543.346     2.694 
    552.134     2.641 
    561.065     2.589 
    570.139     2.537 
    579.361     2.478 
    588.732     2.416 
    598.254     2.356 
     607.93     2.298 
    617.763     2.241 
    627.755     2.185 
    637.908     2.129 
    648.226     2.071 
    658.711     2.013 
    669.365     1.957 
    680.191     1.906 
    691.193     1.858 
    702.372     1.813 
    713.733     1.765 
    725.277     1.717 
    737.008      1.67 
    748.928     1.624 
    761.042     1.579 
    773.351     1.536 
    785.859     1.492 
     798.57     1.448 
    811.486     1.406 
    824.611     1.365 
    837.949     1.325 
    851.502     1.286 
    865.274     1.248 
    879.269     1.211 
    893.491     1.175 
    907.943     1.139 
    922.628     1.105 
    937.551     1.072 
    952.715     1.039 
    968.124     1.007 
    983.783    0.9754 
    999.695    0.9452 
    1015.86    0.9157 
    1032.29    0.8862 
    1048.99    0.8574 
    1065.96    0.8293 
     1083.2    0.8021 
    1100.72    0.7758 
    1118.52    0.7503 
    1136.61    0.7257 
       1155    0.7018 
    1173.68    0.6788 
    1192.66    0.6564 
    1211.95    0.6348 
    1231.55    0.6139 
    1251.47    0.5936 
    1271.72    0.5741 
    1292.29    0.5552 
    1313.19    0.5369 
    1334.43    0.5192 
    1356.01    0.5021 
    1377.94    0.4855 
    1400.23    0.4695 
    1422.88     0.454 
    1445.89     0.439 
    1469.28    0.4244 
    1493.04    0.4102 
    1517.19    0.3964 
     1527.7    0.3906 
     1527.9     1.279 
    1541.73     1.247 
    1566.67     1.192 
    1592.01     1.438 
    1617.76     1.647 
    1643.92     1.585 
    1670.51     1.526 
    1697.53     1.469 
    1724.99     1.414 
    1752.89     1.362 
    1781.24     1.311 
    1810.05     1.262 
    1839.32     1.215 
    1869.07     1.169 
     1899.3     1.126 
    1930.02     1.084 
     1949.7     1.058 
     1949.9     1.239 
    1961.24     1.221 
    1992.96     1.172 
     2025.2     1.126 
    2057.95     1.081 
    2091.24     1.038 
    2125.06    0.9962 
    2159.43    0.9565 
     2172.9    0.9415 
     2173.1     1.005 
    2194.36    0.9815 
    2229.85    0.9433 
    2265.92    0.9066 
    2302.57    0.8713 
    2339.81    0.8375 
    2377.66     0.817 
       2398    0.8063 
     2398.2    0.8227 
    2416.11    0.8083 
    2455.19    0.7782 
     2494.9    0.7492 
    2535.26    0.7212 
    2576.26    0.6941 
    2617.93    0.6681 
    2660.27     0.643 
     2703.3    0.6188 
    2747.03    0.5955 
    2791.46     0.573 
    2836.61    0.5513 
    2882.49    0.5305 
    2929.11    0.5103 
    2976.48     0.491 
    3024.63    0.4723 
    3073.55    0.4543 
    3123.26     0.437 
    3173.78    0.4204 
    3225.11    0.4043 
    3277.27    0.3888 
    3330.28    0.3739 
    3384.15    0.3596 
    3438.88    0.3458 
     3494.5    0.3325 
    3551.02    0.3197 
    3608.46    0.3074 
    3666.82    0.2956 
    3726.13    0.2842 
     3786.4    0.2732 
    3847.64    0.2626 
    3909.87    0.2525 
    3973.11    0.2427 
    4037.38    0.2333 
    4102.68    0.2242 
    4169.03    0.2155 
    4236.46    0.2071 
    4304.98     0.199 
    4374.62    0.1913 
    4445.37    0.1838 
    4517.27    0.1766 
    4590.33    0.1697 
    4664.58    0.1631 
    4740.03    0.1567 
    4816.69    0.1506 
     4894.6    0.1446 
    4973.77     0.139 
    5054.21    0.1335 
    5135.96    0.1282 
    5219.03    0.1232 
    5303.44    0.1183 
    5389.22    0.1137 
    5476.39    0.1092 
    5564.97    0.1049 
    5654.98    0.1007 
    5746.44   0.09672 
    5839.39   0.09289 
    5933.83    0.0892 
    6029.81   0.08566 
    6127.33   0.08225 
    6226.44   0.07898 
    6327.15   0.07583 
    6429.48    0.0728 
    6533.48    0.0699 
    6639.15    0.0671 
    6746.54   0.06441 
    6855.65   0.06183 
    6966.54   0.05935 
    7079.22   0.05697 
    7193.72   0.05467 
    7310.07   0.05247 
    7428.31   0.05035 
    7548.45   0.04832 
    7670.54   0.04636 
    7794.61   0.04449 
    7920.68   0.04268 
    8048.79   0.04095 
    8178.98   0.03928 
    8311.26   0.03768 
    8445.69   0.03614 
    8582.29   0.03466 
    8721.11   0.03324 
    8862.16   0.03187 
     8943.5   0.03112 
     8943.7   0.08523 
     9005.5   0.08357 
    9151.16   0.07982 
    9299.17   0.07625 
    9449.58   0.07283 
    9602.42   0.06956 
    9757.73   0.06645 
    9915.55   0.06347 
     9978.1   0.06234 
     9978.3    0.0872 
    10075.9   0.08483 
    10238.9   0.08105 
    10404.5   0.07744 
    10486.3   0.07574 
    10486.5   0.08686 
    10572.8    0.0851 
    10743.8   0.08175 
    10917.6   0.07853 
    11094.2   0.07542 
    11273.6   0.07243 
    11455.9   0.06955 
    11641.2   0.06678 
    11829.5    0.0641 
    12020.8   0.06153 
    12215.3   0.05906 
    12412.8   0.05668 
    12613.6   0.05439 
    12817.6   0.05218 
      13025   0.05006 
    13235.6   0.04803 
    13449.7   0.04607 
    13667.2   0.04419 
    13888.3   0.04238 
    14112.9   0.04064 
    14341.2   0.03897 
    14573.1   0.03737 
    14808.9   0.03583 
    15048.4   0.03435 
    15291.8   0.03293 
    15539.1   0.03156 
    15790.4   0.03026 
    16045.8     0.029 
    16305.4   0.02779 
    16569.1   0.02664 
    16837.1   0.02552 
    17109.4   0.02446 
    17386.1   0.02344 
    17667.4   0.02246 
    17953.1   0.02152 
    18243.5   0.02061 
    18538.6   0.01975 
    18838.4   0.01892 
    19143.1   0.01812 
    19452.7   0.01736 
    19767.4   0.01663 
    20087.1   0.01593 
      20412   0.01525 
    20742.1   0.01461 
    21077.6   0.01399 
    21418.5    0.0134 
      21765   0.01283 
      22117   0.01229 
    22474.7   0.01177 
    22838.2   0.01127 
    23207.6   0.01079 
      23583   0.01033 
    23964.4  0.009889 
      24352  0.009468 
    24745.9  0.009065 
    25146.2  0.008679 
    25552.9  0.008309 
    25966.2  0.007954 
    26386.1  0.007615 
    26812.9  0.007289 
    27246.6  0.006978 
    27687.3  0.006679 
    28135.1  0.006394 
    28590.2   0.00612 
    29052.6  0.005858 
    29522.5  0.005607 
      30000  0.005367 
