1 1 1 1.000 
1 1 2 1.000 
1 1 3 1.000 
1 1 4 1.000 
1 1 5 1.000 
1 1 6 1.000 
1 1 7 1.000 
1 1 8 1.000 
1 1 9 1.000 
1 1 10 1.000 
1 1 11 1.000 
1 1 12 1.000 
1 1 13 1.000 
1 1 14 1.000 
1 1 15 1.000 
1 1 16 1.000 
1 1 17 1.000 
1 1 18 1.000 
1 1 19 1.000 
1 1 20 1.000 
1 1 21 1.000 
1 1 22 1.000 
1 1 23 1.000 
1 1 24 1.000 
1 1 25 1.000 
1 1 26 1.000 
1 1 27 1.000 
1 1 28 1.000 
1 1 29 1.000 
1 1 30 1.000 
1 1 31 1.000 
1 1 32 1.000 
1 1 33 1.000 
1 1 34 1.000 
1 1 35 1.000 
1 1 36 1.000 
1 1 37 1.000 
1 1 38 1.000 
1 1 39 1.000 
1 1 40 1.000 
1 1 41 1.000 
1 1 42 1.000 
1 1 43 1.000 
1 1 44 1.000 
1 1 45 1.000 
1 1 46 1.000 
1 1 47 1.000 
1 1 48 1.000 
1 1 49 1.000 
1 2 1 1.000 
1 2 2 1.000 
1 2 3 1.000 
1 2 4 1.000 
1 2 5 1.000 
1 2 6 1.000 
1 2 7 1.000 
1 2 8 1.000 
1 2 9 1.000 
1 2 10 1.000 
1 2 11 1.000 
1 2 12 1.000 
1 2 13 1.000 
1 2 14 1.000 
1 2 15 1.000 
1 2 16 1.000 
1 2 17 1.000 
1 2 18 1.000 
1 2 19 1.000 
1 2 20 1.000 
1 2 21 1.000 
1 2 22 1.000 
1 2 23 1.000 
1 2 24 1.000 
1 2 25 1.000 
1 2 26 1.000 
1 2 27 1.000 
1 2 28 1.000 
1 2 29 1.000 
1 2 30 1.000 
1 2 31 1.000 
1 2 32 1.000 
1 2 33 1.000 
1 2 34 1.000 
1 2 35 1.000 
1 2 36 1.000 
1 2 37 1.000 
1 2 38 1.000 
1 2 39 1.000 
1 2 40 1.000 
1 2 41 1.000 
1 2 42 1.000 
1 2 43 1.000 
1 2 44 1.000 
1 2 45 1.000 
1 2 46 1.000 
1 2 47 1.000 
1 2 48 1.000 
1 2 49 1.000 
1 3 1 0.000 
1 3 2 0.000 
1 3 3 0.000 
1 3 4 0.000 
1 3 5 0.000 
1 3 6 0.000 
1 3 7 0.000 
1 3 8 0.000 
1 3 9 0.000 
1 3 10 0.000 
1 3 11 0.000 
1 3 12 0.000 
1 3 13 0.000 
1 3 14 0.000 
1 3 15 0.000 
1 3 16 0.000 
1 3 17 0.000 
1 3 18 0.000 
1 3 19 0.000 
1 3 20 0.000 
1 3 21 0.000 
1 3 22 0.000 
1 3 23 0.000 
1 3 24 0.000 
1 3 25 0.000 
1 4 1 0.000 
1 4 2 0.000 
1 4 3 0.000 
1 4 4 0.000 
1 4 5 0.000 
1 4 6 0.000 
1 4 7 0.000 
1 4 8 0.000 
1 4 9 0.000 
1 4 10 0.000 
1 4 11 0.000 
1 4 12 0.000 
1 4 13 0.000 
1 4 14 0.000 
1 4 15 0.000 
1 4 16 0.000 
1 4 17 0.000 
1 4 18 0.000 
1 4 19 0.000 
1 4 20 0.000 
1 4 21 0.000 
1 4 22 0.000 
1 4 23 0.000 
1 4 24 0.000 
1 4 25 0.000 
1 5 1 1.000 
1 5 2 1.000 
1 5 3 1.000 
1 5 4 1.000 
1 5 5 1.000 
1 5 6 1.000 
1 5 7 1.000 
1 6 1 1.000 
1 6 2 1.000 
1 6 3 1.000 
1 6 4 1.000 
1 6 5 1.000 
1 6 6 1.000 
1 6 7 1.000 
2 1 1 2.240 
2 1 2 1.288 
2 1 3 0.523 
2 1 4 1.125 
2 1 5 1.000 
2 1 6 0.553 
2 1 7 1.260 
2 1 8 1.000 
2 1 9 1.000 
2 1 10 1.000 
2 1 11 0.000 
2 1 12 0.000 
2 1 13 0.000 
2 1 14 0.000 
2 1 15 0.000 
2 1 16 0.000 
2 1 17 0.000 
2 1 18 1.090 
2 1 19 1.234 
2 1 20 1.287 
2 1 21 1.318 
2 1 22 1.126 
2 1 23 1.252 
2 1 24 1.148 
2 1 25 2.798 
2 1 26 3.316 
2 1 27 2.102 
2 1 28 1.000 
2 1 29 0.000 
2 1 30 0.000 
2 1 31 0.000 
2 1 32 0.000 
2 1 33 0.000 
2 1 34 0.000 
2 1 35 1.299 
2 1 36 1.066 
2 1 37 1.005 
2 1 38 1.182 
2 1 39 1.138 
2 1 40 1.104 
2 1 41 1.280 
2 1 42 1.644 
2 1 43 2.201 
2 1 44 1.097 
2 1 45 2.350 
2 1 46 1.996 
2 1 47 0.000 
2 1 48 0.000 
2 1 49 0.000 
2 1 50 0.000 
2 1 51 0.000 
2 1 52 0.916 
2 1 53 1.064 
2 1 54 0.968 
2 1 55 1.071 
2 1 56 1.068 
2 1 57 1.095 
2 1 58 1.453 
2 1 59 0.691 
2 1 60 1.315 
2 1 61 1.025 
2 1 62 2.494 
2 1 63 2.014 
2 1 64 2.238 
2 1 65 0.000 
2 1 66 0.000 
2 1 67 0.000 
2 1 68 0.000 
2 1 69 1.294 
2 1 70 1.071 
2 1 71 1.126 
2 1 72 1.626 
2 1 73 1.000 
2 1 74 1.200 
2 1 75 1.280 
2 1 76 1.308 
2 1 77 1.090 
2 1 78 0.778 
2 1 79 1.759 
2 1 80 0.510 
2 1 81 0.529 
2 1 82 2.987 
2 1 83 0.000 
2 1 84 0.000 
2 1 85 0.000 
2 1 86 1.336 
2 1 87 1.187 
2 1 88 1.255 
2 1 89 0.944 
2 1 90 1.278 
2 1 91 1.199 
2 1 92 1.187 
2 1 93 1.463 
2 1 94 1.591 
2 1 95 1.341 
2 1 96 1.016 
2 1 97 0.974 
2 1 98 1.052 
2 1 99 2.120 
2 1 100 4.109 
2 1 101 0.000 
2 1 102 0.000 
2 1 103 1.360 
2 1 104 1.166 
2 1 105 0.983 
2 1 106 1.006 
2 1 107 1.181 
2 1 108 1.462 
2 1 109 1.492 
2 1 110 1.240 
2 1 111 1.397 
2 1 112 0.972 
2 1 113 1.250 
2 1 114 0.935 
2 1 115 1.430 
2 1 116 0.700 
2 1 117 0.638 
2 1 118 2.300 
2 1 119 0.000 
2 1 120 1.995 
2 1 121 1.410 
2 1 122 1.255 
2 1 123 1.523 
2 1 124 1.140 
2 1 125 1.432 
2 1 126 1.038 
2 1 127 1.329 
2 1 128 1.255 
2 1 129 0.741 
2 1 130 3.334 
2 1 131 1.339 
2 1 132 1.106 
2 1 133 1.236 
2 1 134 1.939 
2 1 135 2.374 
2 1 136 2.291 
2 1 137 1.156 
2 1 138 1.618 
2 1 139 1.710 
2 1 140 1.173 
2 1 141 1.558 
2 1 142 1.144 
2 1 143 1.409 
2 1 144 1.214 
2 1 145 1.605 
2 1 146 1.261 
2 1 147 1.180 
2 1 148 1.383 
2 1 149 0.784 
2 1 150 0.931 
2 1 151 1.337 
2 1 152 0.678 
2 1 153 2.048 
2 1 154 0.000 
2 1 155 0.000 
2 1 156 0.000 
2 1 157 0.000 
2 1 158 0.000 
2 1 159 0.000 
2 1 160 0.000 
2 1 161 0.000 
2 1 162 1.162 
2 1 163 1.186 
2 1 164 1.184 
2 1 165 1.151 
2 1 166 1.036 
2 1 167 0.903 
2 1 168 1.921 
2 1 169 0.592 
2 1 170 3.422 
2 1 171 0.000 
2 1 172 0.000 
2 1 173 0.000 
2 1 174 0.000 
2 1 175 0.000 
2 1 176 0.000 
2 1 177 0.000 
2 1 178 0.000 
2 1 179 1.115 
2 1 180 1.566 
2 1 181 1.674 
2 1 182 1.316 
2 1 183 1.227 
2 1 184 1.187 
2 1 185 2.135 
2 1 186 0.772 
2 1 187 2.331 
2 1 188 0.000 
2 1 189 0.000 
2 1 190 0.000 
2 1 191 0.000 
2 1 192 0.000 
2 1 193 0.000 
2 1 194 0.000 
2 1 195 0.000 
2 1 196 1.229 
2 1 197 1.451 
2 1 198 1.297 
2 1 199 1.212 
2 1 200 0.897 
2 1 201 1.014 
2 1 202 1.246 
2 1 203 2.027 
2 1 204 2.397 
2 1 205 0.000 
2 1 206 0.000 
2 1 207 0.000 
2 1 208 0.000 
2 1 209 0.000 
2 1 210 0.000 
2 1 211 0.000 
2 1 212 0.000 
2 1 213 1.323 
2 1 214 1.089 
2 1 215 1.216 
2 1 216 1.101 
2 1 217 1.097 
2 1 218 1.107 
2 1 219 1.643 
2 1 220 1.682 
2 1 221 1.629 
2 1 222 0.000 
2 1 223 0.000 
2 1 224 0.000 
2 1 225 0.000 
2 1 226 0.000 
2 1 227 0.000 
2 1 228 0.000 
2 1 229 0.000 
2 1 230 0.884 
2 1 231 1.230 
2 1 232 1.206 
2 1 233 1.138 
2 1 234 1.022 
2 1 235 1.034 
2 1 236 1.119 
2 1 237 1.360 
2 1 238 2.403 
2 1 239 0.000 
2 1 240 0.000 
2 1 241 0.000 
2 1 242 0.000 
2 1 243 0.000 
2 1 244 0.000 
2 1 245 0.000 
2 1 246 0.000 
2 1 247 1.592 
2 1 248 1.410 
2 1 249 1.115 
2 1 250 0.970 
2 1 251 1.146 
2 1 252 1.111 
2 1 253 1.228 
2 1 254 1.673 
2 1 255 2.407 
2 1 256 0.000 
2 1 257 0.000 
2 1 258 0.000 
2 1 259 0.000 
2 1 260 0.000 
2 1 261 0.000 
2 1 262 0.000 
2 1 263 0.000 
2 1 264 0.912 
2 1 265 1.544 
2 1 266 1.114 
2 1 267 1.177 
2 1 268 1.439 
2 1 269 1.154 
2 1 270 1.388 
2 1 271 1.012 
2 1 272 1.986 
2 1 273 0.000 
2 1 274 0.000 
2 1 275 0.000 
2 1 276 0.000 
2 1 277 0.000 
2 1 278 0.000 
2 1 279 0.000 
2 1 280 0.000 
2 1 281 2.049 
2 1 282 1.752 
2 1 283 1.440 
2 1 284 1.407 
2 1 285 1.238 
2 1 286 1.496 
2 1 287 1.031 
2 1 288 1.285 
2 1 289 2.371 
2 1 290 0.000 
2 1 291 0.000 
2 1 292 0.000 
2 1 293 0.000 
2 1 294 0.000 
2 1 295 0.000 
2 1 296 0.000 
2 1 297 0.000 
2 1 298 1.501 
2 1 299 1.509 
2 1 300 1.325 
2 1 301 1.156 
2 1 302 1.003 
2 1 303 0.927 
2 1 304 1.091 
2 1 305 1.012 
2 1 306 2.322 
2 1 307 0.000 
2 1 308 0.000 
2 1 309 0.000 
2 1 310 0.000 
2 1 311 0.000 
2 1 312 0.000 
2 1 313 0.000 
2 1 314 0.000 
2 1 315 1.191 
2 1 316 1.243 
2 1 317 1.184 
2 1 318 1.262 
2 1 319 1.172 
2 1 320 1.118 
2 1 321 1.283 
2 1 322 1.437 
2 1 323 1.563 
2 1 324 0.000 
2 1 325 0.000 
2 1 326 0.000 
2 1 327 0.000 
2 1 328 0.000 
2 1 329 0.000 
2 1 330 0.000 
2 1 331 0.000 
2 1 332 1.488 
2 1 333 1.304 
2 1 334 1.114 
2 1 335 1.035 
2 1 336 1.070 
2 1 337 1.326 
2 1 338 1.168 
2 1 339 0.970 
2 1 340 1.562 
2 1 341 0.000 
2 1 342 0.000 
2 1 343 0.000 
2 1 344 0.000 
2 1 345 0.000 
2 1 346 0.000 
2 1 347 0.000 
2 1 348 0.000 
2 1 349 1.051 
2 1 350 1.296 
2 1 351 1.106 
2 1 352 1.228 
2 1 353 1.062 
2 1 354 1.115 
2 1 355 0.881 
2 1 356 1.156 
2 1 357 1.029 
2 1 358 0.000 
2 1 359 0.000 
2 1 360 0.000 
2 1 361 0.000 
2 1 362 0.000 
2 1 363 0.000 
2 1 364 0.000 
2 1 365 0.000 
2 1 366 1.360 
2 1 367 1.278 
2 1 368 1.487 
2 1 369 1.166 
2 1 370 1.296 
2 1 371 0.449 
2 1 372 1.137 
2 1 373 1.179 
2 1 374 2.182 
2 1 375 0.000 
2 1 376 0.000 
2 1 377 0.000 
2 1 378 0.000 
2 1 379 0.000 
2 1 380 0.000 
2 1 381 0.000 
2 1 382 0.000 
2 1 383 1.349 
2 1 384 1.210 
2 1 385 0.979 
2 1 386 1.059 
2 1 387 1.231 
2 1 388 1.034 
2 1 389 1.311 
2 1 390 1.052 
2 1 391 1.479 
2 1 392 0.000 
2 1 393 0.000 
2 1 394 0.000 
2 1 395 0.000 
2 1 396 0.000 
2 1 397 0.000 
2 1 398 0.000 
2 1 399 0.000 
2 1 400 1.396 
2 1 401 1.227 
2 1 402 0.978 
2 1 403 0.972 
2 1 404 0.935 
2 1 405 1.273 
2 1 406 0.949 
2 1 407 0.998 
2 1 408 1.463 
2 1 409 0.000 
2 1 410 0.000 
2 1 411 0.000 
2 1 412 0.000 
2 1 413 0.000 
2 1 414 0.000 
2 1 415 0.000 
2 1 416 0.000 
2 1 417 0.955 
2 1 418 1.028 
2 1 419 1.329 
2 1 420 1.147 
2 1 421 0.972 
2 1 422 1.169 
2 1 423 1.156 
2 1 424 1.195 
2 1 425 2.521 
2 1 426 1.459 
2 1 427 1.569 
2 1 428 1.294 
2 1 429 1.209 
2 1 430 1.454 
2 1 431 1.461 
2 1 432 1.249 
2 1 433 1.111 
2 1 434 1.016 
2 1 435 1.550 
2 1 436 1.313 
2 1 437 1.095 
2 1 438 0.854 
2 1 439 1.098 
2 1 440 1.159 
2 1 441 1.231 
2 1 442 1.134 
2 1 443 1.196 
2 1 444 1.278 
2 1 445 0.998 
2 1 446 1.342 
2 1 447 0.983 
2 1 448 1.470 
2 1 449 1.176 
2 1 450 1.504 
2 1 451 1.037 
2 1 452 1.008 
2 1 453 1.137 
2 1 454 1.064 
2 1 455 0.878 
2 1 456 1.150 
2 1 457 1.069 
2 1 458 1.098 
2 1 459 2.341 
2 1 460 1.084 
2 1 461 1.065 
2 1 462 1.258 
2 1 463 1.177 
2 1 464 1.147 
2 1 465 1.248 
2 1 466 1.133 
2 1 467 1.095 
2 1 468 1.249 
2 1 469 1.207 
2 1 470 1.120 
2 1 471 0.949 
2 1 472 1.184 
2 1 473 1.293 
2 1 474 1.000 
2 1 475 0.743 
2 1 476 0.000 
2 1 477 1.097 
2 1 478 1.007 
2 1 479 0.939 
2 1 480 1.402 
2 1 481 1.242 
2 1 482 1.200 
2 1 483 1.689 
2 1 484 1.038 
2 1 485 0.970 
2 1 486 1.159 
2 1 487 1.105 
2 1 488 0.695 
2 1 489 0.947 
2 1 490 0.913 
2 1 491 1.523 
2 1 492 0.000 
2 1 493 0.000 
2 1 494 1.303 
2 1 495 1.090 
2 1 496 1.113 
2 1 497 1.151 
2 1 498 1.007 
2 1 499 1.361 
2 1 500 0.990 
2 1 501 0.885 
2 1 502 1.059 
2 1 503 1.125 
2 1 504 1.533 
2 1 505 0.514 
2 1 506 0.259 
2 1 507 0.699 
2 1 508 0.000 
2 1 509 0.000 
2 1 510 0.000 
2 1 511 1.000 
2 1 512 1.196 
2 1 513 1.006 
2 1 514 1.256 
2 1 515 0.962 
2 1 516 1.167 
2 1 517 1.237 
2 1 518 1.099 
2 1 519 0.994 
2 1 520 1.123 
2 1 521 1.239 
2 1 522 1.279 
2 1 523 0.167 
2 1 524 0.000 
2 1 525 0.000 
2 1 526 0.000 
2 1 527 0.000 
2 1 528 2.250 
2 1 529 1.063 
2 1 530 1.103 
2 1 531 0.985 
2 1 532 0.855 
2 1 533 1.078 
2 1 534 1.159 
2 1 535 1.252 
2 1 536 1.011 
2 1 537 1.004 
2 1 538 1.000 
2 1 539 0.689 
2 1 540 0.000 
2 1 541 0.000 
2 1 542 0.000 
2 1 543 0.000 
2 1 544 0.000 
2 1 545 0.839 
2 1 546 0.986 
2 1 547 1.197 
2 1 548 0.730 
2 1 549 1.693 
2 1 550 1.007 
2 1 551 1.206 
2 1 552 0.946 
2 1 553 1.146 
2 1 554 1.229 
2 1 555 1.160 
2 1 556 0.000 
2 1 557 0.000 
2 1 558 0.000 
2 1 559 0.000 
2 1 560 0.000 
2 1 561 0.000 
2 1 562 1.254 
2 1 563 1.730 
2 1 564 1.249 
2 1 565 1.326 
2 1 566 1.000 
2 1 567 0.551 
2 1 568 1.147 
2 1 569 1.658 
2 1 570 1.070 
2 1 571 0.756 
2 1 572 0.000 
2 1 573 0.000 
2 1 574 0.000 
2 1 575 0.000 
2 1 576 0.000 
2 1 577 0.000 
2 1 578 0.000 
2 2 1 2.436 
2 2 2 2.262 
2 2 3 2.332 
2 2 4 2.220 
2 2 5 2.316 
2 2 6 2.347 
2 2 7 2.332 
2 2 8 2.315 
2 2 9 1.387 
2 2 10 1.068 
2 2 11 0.000 
2 2 12 0.000 
2 2 13 0.000 
2 2 14 0.000 
2 2 15 0.000 
2 2 16 0.000 
2 2 17 0.000 
2 2 18 1.400 
2 2 19 1.460 
2 2 20 1.520 
2 2 21 1.234 
2 2 22 1.268 
2 2 23 1.147 
2 2 24 1.688 
2 2 25 1.415 
2 2 26 1.112 
2 2 27 2.168 
2 2 28 0.516 
2 2 29 0.000 
2 2 30 0.000 
2 2 31 0.000 
2 2 32 0.000 
2 2 33 0.000 
2 2 34 0.000 
2 2 35 1.978 
2 2 36 1.358 
2 2 37 1.700 
2 2 38 1.674 
2 2 39 0.842 
2 2 40 0.828 
2 2 41 1.388 
2 2 42 1.322 
2 2 43 1.231 
2 2 44 1.251 
2 2 45 0.897 
2 2 46 0.946 
2 2 47 0.000 
2 2 48 0.000 
2 2 49 0.000 
2 2 50 0.000 
2 2 51 0.000 
2 2 52 0.969 
2 2 53 1.094 
2 2 54 1.192 
2 2 55 1.039 
2 2 56 1.060 
2 2 57 1.036 
2 2 58 1.407 
2 2 59 1.769 
2 2 60 1.430 
2 2 61 1.815 
2 2 62 1.205 
2 2 63 1.464 
2 2 64 2.287 
2 2 65 0.000 
2 2 66 0.000 
2 2 67 0.000 
2 2 68 0.000 
2 2 69 1.203 
2 2 70 1.246 
2 2 71 1.164 
2 2 72 1.149 
2 2 73 1.259 
2 2 74 0.896 
2 2 75 1.596 
2 2 76 1.185 
2 2 77 1.153 
2 2 78 1.033 
2 2 79 1.162 
2 2 80 2.075 
2 2 81 0.895 
2 2 82 1.861 
2 2 83 0.000 
2 2 84 0.000 
2 2 85 0.000 
2 2 86 1.151 
2 2 87 1.390 
2 2 88 0.830 
2 2 89 1.150 
2 2 90 1.037 
2 2 91 1.171 
2 2 92 1.056 
2 2 93 1.104 
2 2 94 0.996 
2 2 95 1.271 
2 2 96 0.996 
2 2 97 1.323 
2 2 98 1.081 
2 2 99 1.097 
2 2 100 0.993 
2 2 101 0.000 
2 2 102 0.000 
2 2 103 1.107 
2 2 104 1.174 
2 2 105 1.222 
2 2 106 1.061 
2 2 107 0.728 
2 2 108 1.223 
2 2 109 1.005 
2 2 110 1.291 
2 2 111 1.033 
2 2 112 1.197 
2 2 113 0.991 
2 2 114 0.522 
2 2 115 0.914 
2 2 116 1.325 
2 2 117 1.325 
2 2 118 2.300 
2 2 119 0.000 
2 2 120 1.298 
2 2 121 1.098 
2 2 122 1.101 
2 2 123 1.283 
2 2 124 1.432 
2 2 125 1.398 
2 2 126 0.960 
2 2 127 1.485 
2 2 128 1.482 
2 2 129 1.320 
2 2 130 1.012 
2 2 131 1.209 
2 2 132 1.070 
2 2 133 1.849 
2 2 134 0.766 
2 2 135 1.706 
2 2 136 1.140 
2 2 137 1.147 
2 2 138 1.464 
2 2 139 1.510 
2 2 140 1.575 
2 2 141 1.367 
2 2 142 1.390 
2 2 143 1.253 
2 2 144 2.247 
2 2 145 1.079 
2 2 146 1.566 
2 2 147 1.322 
2 2 148 1.143 
2 2 149 1.549 
2 2 150 1.074 
2 2 151 1.393 
2 2 152 1.412 
2 2 153 1.038 
2 2 154 0.000 
2 2 155 0.000 
2 2 156 0.000 
2 2 157 0.000 
2 2 158 0.000 
2 2 159 0.000 
2 2 160 0.000 
2 2 161 0.000 
2 2 162 1.425 
2 2 163 0.760 
2 2 164 1.190 
2 2 165 1.511 
2 2 166 1.286 
2 2 167 1.199 
2 2 168 0.939 
2 2 169 1.339 
2 2 170 1.265 
2 2 171 0.000 
2 2 172 0.000 
2 2 173 0.000 
2 2 174 0.000 
2 2 175 0.000 
2 2 176 0.000 
2 2 177 0.000 
2 2 178 0.000 
2 2 179 1.138 
2 2 180 0.949 
2 2 181 1.130 
2 2 182 1.074 
2 2 183 1.145 
2 2 184 1.172 
2 2 185 1.086 
2 2 186 1.358 
2 2 187 4.010 
2 2 188 0.000 
2 2 189 0.000 
2 2 190 0.000 
2 2 191 0.000 
2 2 192 0.000 
2 2 193 0.000 
2 2 194 0.000 
2 2 195 0.000 
2 2 196 1.248 
2 2 197 1.872 
2 2 198 1.480 
2 2 199 1.370 
2 2 200 0.982 
2 2 201 1.553 
2 2 202 1.565 
2 2 203 1.395 
2 2 204 4.985 
2 2 205 0.000 
2 2 206 0.000 
2 2 207 0.000 
2 2 208 0.000 
2 2 209 0.000 
2 2 210 0.000 
2 2 211 0.000 
2 2 212 0.000 
2 2 213 1.408 
2 2 214 1.284 
2 2 215 1.527 
2 2 216 1.193 
2 2 217 1.269 
2 2 218 1.332 
2 2 219 1.293 
2 2 220 1.449 
2 2 221 2.360 
2 2 222 0.000 
2 2 223 0.000 
2 2 224 0.000 
2 2 225 0.000 
2 2 226 0.000 
2 2 227 0.000 
2 2 228 0.000 
2 2 229 0.000 
2 2 230 0.926 
2 2 231 1.284 
2 2 232 0.969 
2 2 233 1.163 
2 2 234 0.933 
2 2 235 1.027 
2 2 236 1.183 
2 2 237 0.913 
2 2 238 2.047 
2 2 239 0.000 
2 2 240 0.000 
2 2 241 0.000 
2 2 242 0.000 
2 2 243 0.000 
2 2 244 0.000 
2 2 245 0.000 
2 2 246 0.000 
2 2 247 1.991 
2 2 248 1.238 
2 2 249 1.458 
2 2 250 1.803 
2 2 251 1.040 
2 2 252 1.174 
2 2 253 0.985 
2 2 254 2.104 
2 2 255 0.495 
2 2 256 0.000 
2 2 257 0.000 
2 2 258 0.000 
2 2 259 0.000 
2 2 260 0.000 
2 2 261 0.000 
2 2 262 0.000 
2 2 263 0.000 
2 2 264 1.424 
2 2 265 1.255 
2 2 266 1.119 
2 2 267 1.470 
2 2 268 1.163 
2 2 269 1.351 
2 2 270 1.289 
2 2 271 0.988 
2 2 272 1.284 
2 2 273 0.000 
2 2 274 0.000 
2 2 275 0.000 
2 2 276 0.000 
2 2 277 0.000 
2 2 278 0.000 
2 2 279 0.000 
2 2 280 0.000 
2 2 281 1.424 
2 2 282 1.209 
2 2 283 1.363 
2 2 284 1.089 
2 2 285 1.345 
2 2 286 1.316 
2 2 287 1.550 
2 2 288 1.557 
2 2 289 1.440 
2 2 290 0.000 
2 2 291 0.000 
2 2 292 0.000 
2 2 293 0.000 
2 2 294 0.000 
2 2 295 0.000 
2 2 296 0.000 
2 2 297 0.000 
2 2 298 0.823 
2 2 299 1.136 
2 2 300 1.074 
2 2 301 1.165 
2 2 302 1.002 
2 2 303 1.230 
2 2 304 1.160 
2 2 305 1.101 
2 2 306 1.603 
2 2 307 0.000 
2 2 308 0.000 
2 2 309 0.000 
2 2 310 0.000 
2 2 311 0.000 
2 2 312 0.000 
2 2 313 0.000 
2 2 314 0.000 
2 2 315 0.894 
2 2 316 1.212 
2 2 317 1.271 
2 2 318 1.161 
2 2 319 1.108 
2 2 320 0.949 
2 2 321 0.667 
2 2 322 1.203 
2 2 323 2.525 
2 2 324 0.000 
2 2 325 0.000 
2 2 326 0.000 
2 2 327 0.000 
2 2 328 0.000 
2 2 329 1.000 
2 2 330 0.000 
2 2 331 0.000 
2 2 332 1.194 
2 2 333 1.131 
2 2 334 1.086 
2 2 335 1.363 
2 2 336 1.159 
2 2 337 1.004 
2 2 338 1.010 
2 2 339 1.158 
2 2 340 2.934 
2 2 341 0.000 
2 2 342 0.000 
2 2 343 0.000 
2 2 344 0.000 
2 2 345 0.000 
2 2 346 0.000 
2 2 347 0.000 
2 2 348 0.000 
2 2 349 1.339 
2 2 350 1.318 
2 2 351 0.912 
2 2 352 1.256 
2 2 353 1.001 
2 2 354 1.055 
2 2 355 1.206 
2 2 356 1.202 
2 2 357 2.810 
2 2 358 0.000 
2 2 359 0.000 
2 2 360 0.000 
2 2 361 0.000 
2 2 362 0.000 
2 2 363 0.000 
2 2 364 0.000 
2 2 365 0.000 
2 2 366 1.017 
2 2 367 1.126 
2 2 368 1.094 
2 2 369 1.184 
2 2 370 1.005 
2 2 371 1.120 
2 2 372 1.340 
2 2 373 1.017 
2 2 374 1.384 
2 2 375 0.000 
2 2 376 0.000 
2 2 377 0.000 
2 2 378 0.000 
2 2 379 0.000 
2 2 380 0.000 
2 2 381 0.000 
2 2 382 0.000 
2 2 383 1.085 
2 2 384 1.159 
2 2 385 1.185 
2 2 386 0.934 
2 2 387 1.165 
2 2 388 1.059 
2 2 389 1.020 
2 2 390 1.263 
2 2 391 1.112 
2 2 392 0.000 
2 2 393 0.000 
2 2 394 0.000 
2 2 395 0.000 
2 2 396 0.000 
2 2 397 0.000 
2 2 398 0.000 
2 2 399 0.000 
2 2 400 0.994 
2 2 401 1.166 
2 2 402 0.945 
2 2 403 1.128 
2 2 404 0.942 
2 2 405 1.073 
2 2 406 1.024 
2 2 407 1.054 
2 2 408 2.259 
2 2 409 0.000 
2 2 410 0.000 
2 2 411 0.000 
2 2 412 0.000 
2 2 413 0.000 
2 2 414 0.000 
2 2 415 0.000 
2 2 416 0.000 
2 2 417 1.004 
2 2 418 1.110 
2 2 419 1.222 
2 2 420 1.125 
2 2 421 1.026 
2 2 422 1.200 
2 2 423 1.040 
2 2 424 1.353 
2 2 425 2.240 
2 2 426 1.538 
2 2 427 1.303 
2 2 428 1.029 
2 2 429 0.980 
2 2 430 1.026 
2 2 431 1.145 
2 2 432 1.411 
2 2 433 1.064 
2 2 434 1.292 
2 2 435 1.168 
2 2 436 1.102 
2 2 437 1.059 
2 2 438 1.023 
2 2 439 1.121 
2 2 440 1.254 
2 2 441 0.805 
2 2 442 1.305 
2 2 443 1.445 
2 2 444 1.200 
2 2 445 1.034 
2 2 446 1.426 
2 2 447 1.124 
2 2 448 1.023 
2 2 449 1.026 
2 2 450 1.065 
2 2 451 1.305 
2 2 452 1.033 
2 2 453 1.065 
2 2 454 0.889 
2 2 455 1.261 
2 2 456 1.068 
2 2 457 0.982 
2 2 458 1.144 
2 2 459 1.038 
2 2 460 0.960 
2 2 461 1.133 
2 2 462 1.424 
2 2 463 1.150 
2 2 464 1.160 
2 2 465 1.221 
2 2 466 1.194 
2 2 467 1.064 
2 2 468 1.107 
2 2 469 1.168 
2 2 470 0.987 
2 2 471 0.967 
2 2 472 1.040 
2 2 473 1.268 
2 2 474 1.000 
2 2 475 2.211 
2 2 476 0.000 
2 2 477 0.962 
2 2 478 1.074 
2 2 479 1.079 
2 2 480 1.073 
2 2 481 1.228 
2 2 482 1.334 
2 2 483 1.018 
2 2 484 1.157 
2 2 485 1.067 
2 2 486 1.033 
2 2 487 1.146 
2 2 488 1.193 
2 2 489 0.665 
2 2 490 1.141 
2 2 491 0.640 
2 2 492 0.000 
2 2 493 0.000 
2 2 494 1.126 
2 2 495 1.115 
2 2 496 1.148 
2 2 497 1.082 
2 2 498 1.180 
2 2 499 1.023 
2 2 500 0.916 
2 2 501 1.122 
2 2 502 1.075 
2 2 503 1.038 
2 2 504 1.145 
2 2 505 1.247 
2 2 506 1.127 
2 2 507 0.728 
2 2 508 0.000 
2 2 509 0.000 
2 2 510 0.000 
2 2 511 1.136 
2 2 512 1.374 
2 2 513 1.178 
2 2 514 1.089 
2 2 515 1.141 
2 2 516 1.129 
2 2 517 1.176 
2 2 518 0.978 
2 2 519 1.032 
2 2 520 1.094 
2 2 521 0.957 
2 2 522 0.988 
2 2 523 1.294 
2 2 524 0.000 
2 2 525 0.000 
2 2 526 0.000 
2 2 527 0.000 
2 2 528 0.953 
2 2 529 1.029 
2 2 530 1.030 
2 2 531 0.905 
2 2 532 1.053 
2 2 533 1.087 
2 2 534 1.024 
2 2 535 1.137 
2 2 536 0.937 
2 2 537 1.258 
2 2 538 0.955 
2 2 539 1.390 
2 2 540 0.000 
2 2 541 0.000 
2 2 542 0.000 
2 2 543 0.000 
2 2 544 0.000 
2 2 545 1.187 
2 2 546 1.058 
2 2 547 1.071 
2 2 548 1.130 
2 2 549 1.006 
2 2 550 1.124 
2 2 551 1.097 
2 2 552 1.100 
2 2 553 1.041 
2 2 554 1.135 
2 2 555 1.258 
2 2 556 0.000 
2 2 557 0.000 
2 2 558 0.000 
2 2 559 0.000 
2 2 560 0.000 
2 2 561 0.000 
2 2 562 1.510 
2 2 563 0.962 
2 2 564 0.860 
2 2 565 1.113 
2 2 566 1.165 
2 2 567 0.866 
2 2 568 1.435 
2 2 569 1.153 
2 2 570 0.902 
2 2 571 0.993 
2 2 572 0.000 
2 2 573 0.000 
2 2 574 0.000 
2 2 575 0.000 
2 2 576 0.000 
2 2 577 0.000 
2 2 578 0.000 
2 3 1 1.758 
2 3 2 1.308 
2 3 3 0.951 
2 3 4 1.777 
2 3 5 1.190 
2 3 6 0.660 
2 3 7 0.621 
2 3 8 0.801 
2 3 9 1.000 
2 3 10 1.377 
2 3 11 0.920 
2 3 12 1.176 
2 3 13 1.137 
2 3 14 1.015 
2 3 15 0.841 
2 3 16 1.392 
2 3 17 1.368 
2 3 18 1.948 
2 3 19 0.901 
2 3 20 0.751 
2 3 21 0.784 
2 3 22 0.552 
2 3 23 1.103 
2 3 24 2.158 
2 3 25 1.239 
2 3 26 1.651 
2 3 27 1.218 
2 3 28 1.373 
2 3 29 1.109 
2 3 30 1.110 
2 3 31 3.569 
2 3 32 1.963 
2 3 33 0.741 
2 3 34 0.926 
2 3 35 1.206 
2 3 36 0.632 
2 3 37 1.691 
2 3 38 2.852 
2 3 39 1.327 
2 3 40 1.573 
2 3 41 1.613 
2 3 42 0.971 
2 3 43 1.791 
2 3 44 0.960 
2 3 45 2.703 
2 3 46 0.520 
2 3 47 2.250 
2 3 48 1.000 
2 3 49 0.611 
2 3 50 2.445 
2 3 51 1.541 
2 3 52 1.276 
2 3 53 2.250 
2 3 54 1.770 
2 3 55 1.456 
2 3 56 1.000 
2 3 57 1.263 
2 3 58 0.808 
2 3 59 2.058 
2 3 60 1.906 
2 3 61 1.227 
2 3 62 0.894 
2 3 63 1.200 
2 3 64 1.033 
2 3 65 2.084 
2 3 66 0.840 
2 3 67 0.801 
2 3 68 1.157 
2 3 69 1.051 
2 3 70 1.428 
2 3 71 1.139 
2 3 72 1.061 
2 3 73 1.500 
2 3 74 1.253 
2 3 75 1.252 
2 3 76 1.411 
2 3 77 1.336 
2 3 78 4.405 
2 3 79 2.153 
2 3 80 2.167 
2 3 81 3.395 
2 3 82 2.710 
2 3 83 2.465 
2 3 84 2.660 
2 3 85 0.000 
2 3 86 0.000 
2 3 87 0.000 
2 3 88 0.000 
2 3 89 0.000 
2 3 90 1.400 
2 3 91 1.699 
2 3 92 2.743 
2 3 93 2.997 
2 3 94 2.563 
2 3 95 2.107 
2 3 96 3.372 
2 3 97 0.000 
2 3 98 0.000 
2 3 99 0.000 
2 3 100 0.000 
2 3 101 0.000 
2 3 102 0.808 
2 3 103 0.925 
2 3 104 0.945 
2 3 105 0.836 
2 3 106 1.717 
2 3 107 0.947 
2 3 108 1.977 
2 3 109 0.000 
2 3 110 0.000 
2 3 111 0.000 
2 3 112 0.000 
2 3 113 0.000 
2 3 114 1.670 
2 3 115 1.264 
2 3 116 1.334 
2 3 117 1.158 
2 3 118 1.205 
2 3 119 1.240 
2 3 120 1.196 
2 3 121 0.000 
2 3 122 0.000 
2 3 123 0.000 
2 3 124 0.000 
2 3 125 0.000 
2 3 126 0.698 
2 3 127 0.826 
2 3 128 1.061 
2 3 129 1.313 
2 3 130 1.217 
2 3 131 1.247 
2 3 132 1.080 
2 3 133 0.000 
2 3 134 0.000 
2 3 135 0.000 
2 3 136 0.000 
2 3 137 0.000 
2 3 138 2.569 
2 3 139 1.283 
2 3 140 1.344 
2 3 141 1.355 
2 3 142 1.522 
2 3 143 1.383 
2 3 144 1.277 
2 3 145 0.000 
2 3 146 0.000 
2 3 147 0.000 
2 3 148 0.000 
2 3 149 0.000 
2 3 150 0.775 
2 3 151 1.043 
2 3 152 1.062 
2 3 153 0.815 
2 3 154 1.000 
2 3 155 3.080 
2 3 156 0.714 
2 3 157 0.000 
2 3 158 0.000 
2 3 159 0.000 
2 3 160 0.000 
2 3 161 0.000 
2 3 162 0.721 
2 3 163 0.900 
2 3 164 1.026 
2 3 165 1.458 
2 3 166 1.307 
2 3 167 0.573 
2 3 168 1.732 
2 3 169 0.000 
2 3 170 0.000 
2 3 171 0.000 
2 3 172 0.000 
2 3 173 0.000 
2 3 174 1.268 
2 3 175 2.250 
2 3 176 1.000 
2 3 177 2.250 
2 3 178 1.777 
2 3 179 1.598 
2 3 180 1.566 
2 3 181 0.000 
2 3 182 0.000 
2 3 183 0.000 
2 3 184 0.000 
2 3 185 0.000 
2 3 186 1.279 
2 3 187 0.537 
2 3 188 1.906 
2 3 189 4.012 
2 3 190 1.459 
2 3 191 0.845 
2 3 192 1.019 
2 3 193 0.000 
2 3 194 0.000 
2 3 195 0.000 
2 3 196 0.000 
2 3 197 0.000 
2 3 198 1.000 
2 3 199 1.000 
2 3 200 2.477 
2 3 201 1.104 
2 3 202 2.509 
2 3 203 1.000 
2 3 204 1.000 
2 3 205 0.668 
2 3 206 2.250 
2 3 207 1.524 
2 3 208 1.000 
2 3 209 2.250 
2 3 210 1.000 
2 3 211 2.116 
2 3 212 1.000 
2 3 213 2.204 
2 3 214 2.157 
2 3 215 1.000 
2 3 216 0.522 
2 3 217 0.632 
2 3 218 0.800 
2 3 219 0.791 
2 3 220 1.173 
2 3 221 2.176 
2 3 222 2.250 
2 3 223 1.493 
2 3 224 1.042 
2 3 225 1.890 
2 3 226 0.930 
2 3 227 1.141 
2 3 228 2.342 
2 3 229 1.748 
2 3 230 1.512 
2 3 231 1.840 
2 3 232 1.000 
2 3 233 1.420 
2 3 234 1.762 
2 3 235 1.451 
2 3 236 1.310 
2 3 237 1.640 
2 3 238 1.128 
2 3 239 1.168 
2 3 240 0.922 
2 3 241 1.261 
2 3 242 0.950 
2 3 243 1.163 
2 3 244 1.070 
2 3 245 0.704 
2 3 246 1.442 
2 3 247 1.155 
2 3 248 1.501 
2 3 249 2.475 
2 3 250 0.788 
2 3 251 1.294 
2 3 252 1.977 
2 3 253 1.912 
2 3 254 1.348 
2 3 255 1.180 
2 3 256 1.435 
2 3 257 1.664 
2 3 258 1.144 
2 3 259 1.114 
2 3 260 1.182 
2 3 261 0.847 
2 3 262 1.718 
2 3 263 13.455 
2 3 264 1.007 
2 3 265 0.880 
2 3 266 1.130 
2 3 267 0.985 
2 3 268 1.096 
2 3 269 1.749 
2 3 270 1.727 
2 3 271 0.700 
2 3 272 0.753 
2 3 273 0.555 
2 3 274 1.083 
2 3 275 1.092 
2 3 276 0.827 
2 3 277 1.226 
2 3 278 1.036 
2 3 279 0.805 
2 3 280 1.616 
2 3 281 1.063 
2 3 282 1.015 
2 3 283 0.657 
2 3 284 0.964 
2 3 285 0.718 
2 3 286 0.786 
2 3 287 0.806 
2 3 288 0.495 
2 4 1 1.104 
2 4 2 0.546 
2 4 3 1.056 
2 4 4 2.075 
2 4 5 4.497 
2 4 6 0.882 
2 4 7 0.933 
2 4 8 1.061 
2 4 9 0.963 
2 4 10 1.046 
2 4 11 0.849 
2 4 12 1.162 
2 4 13 2.187 
2 4 14 1.236 
2 4 15 1.378 
2 4 16 1.207 
2 4 17 1.261 
2 4 18 2.371 
2 4 19 1.175 
2 4 20 1.365 
2 4 21 1.155 
2 4 22 0.974 
2 4 23 0.974 
2 4 24 2.200 
2 4 25 1.772 
2 4 26 1.236 
2 4 27 1.214 
2 4 28 1.188 
2 4 29 2.091 
2 4 30 2.005 
2 4 31 1.118 
2 4 32 1.261 
2 4 33 0.831 
2 4 34 1.058 
2 4 35 1.119 
2 4 36 1.446 
2 4 37 1.831 
2 4 38 1.422 
2 4 39 1.103 
2 4 40 2.000 
2 4 41 1.683 
2 4 42 2.320 
2 4 43 2.016 
2 4 44 2.147 
2 4 45 2.165 
2 4 46 1.083 
2 4 47 1.133 
2 4 48 1.557 
2 4 49 1.124 
2 4 50 1.487 
2 4 51 1.456 
2 4 52 3.334 
2 4 53 2.062 
2 4 54 1.220 
2 4 55 1.761 
2 4 56 1.520 
2 4 57 1.230 
2 4 58 1.000 
2 4 59 1.141 
2 4 60 1.102 
2 4 61 1.736 
2 4 62 1.404 
2 4 63 1.173 
2 4 64 1.171 
2 4 65 2.501 
2 4 66 2.003 
2 4 67 2.137 
2 4 68 1.700 
2 4 69 1.618 
2 4 70 1.141 
2 4 71 1.312 
2 4 72 1.377 
2 4 73 0.989 
2 4 74 1.196 
2 4 75 1.009 
2 4 76 1.031 
2 4 77 0.996 
2 4 78 1.732 
2 4 79 1.410 
2 4 80 1.000 
2 4 81 1.417 
2 4 82 1.031 
2 4 83 1.828 
2 4 84 1.069 
2 4 85 0.000 
2 4 86 0.000 
2 4 87 0.000 
2 4 88 0.000 
2 4 89 0.000 
2 4 90 1.572 
2 4 91 1.647 
2 4 92 2.603 
2 4 93 1.078 
2 4 94 1.715 
2 4 95 1.256 
2 4 96 1.069 
2 4 97 0.000 
2 4 98 0.000 
2 4 99 0.000 
2 4 100 0.000 
2 4 101 0.000 
2 4 102 0.592 
2 4 103 0.927 
2 4 104 1.594 
2 4 105 1.581 
2 4 106 1.258 
2 4 107 1.253 
2 4 108 1.349 
2 4 109 0.000 
2 4 110 0.000 
2 4 111 0.000 
2 4 112 0.000 
2 4 113 0.000 
2 4 114 1.363 
2 4 115 1.251 
2 4 116 1.031 
2 4 117 1.378 
2 4 118 1.000 
2 4 119 1.805 
2 4 120 1.214 
2 4 121 0.000 
2 4 122 0.000 
2 4 123 0.000 
2 4 124 0.000 
2 4 125 0.000 
2 4 126 0.838 
2 4 127 0.863 
2 4 128 1.291 
2 4 129 1.327 
2 4 130 1.381 
2 4 131 1.003 
2 4 132 2.353 
2 4 133 0.000 
2 4 134 0.000 
2 4 135 0.000 
2 4 136 0.000 
2 4 137 0.000 
2 4 138 1.059 
2 4 139 0.960 
2 4 140 1.395 
2 4 141 1.340 
2 4 142 1.418 
2 4 143 1.287 
2 4 144 1.518 
2 4 145 0.000 
2 4 146 0.000 
2 4 147 0.000 
2 4 148 0.000 
2 4 149 0.000 
2 4 150 0.910 
2 4 151 0.952 
2 4 152 1.343 
2 4 153 1.453 
2 4 154 1.372 
2 4 155 1.124 
2 4 156 1.382 
2 4 157 0.000 
2 4 158 0.000 
2 4 159 0.000 
2 4 160 0.000 
2 4 161 0.000 
2 4 162 0.799 
2 4 163 0.884 
2 4 164 1.225 
2 4 165 0.880 
2 4 166 1.249 
2 4 167 1.132 
2 4 168 1.328 
2 4 169 0.000 
2 4 170 0.000 
2 4 171 0.000 
2 4 172 0.000 
2 4 173 0.000 
2 4 174 1.227 
2 4 175 0.909 
2 4 176 1.411 
2 4 177 1.298 
2 4 178 1.433 
2 4 179 1.239 
2 4 180 1.301 
2 4 181 0.000 
2 4 182 0.000 
2 4 183 0.000 
2 4 184 0.000 
2 4 185 0.000 
2 4 186 1.133 
2 4 187 1.175 
2 4 188 1.155 
2 4 189 1.388 
2 4 190 1.288 
2 4 191 1.160 
2 4 192 0.955 
2 4 193 0.000 
2 4 194 0.000 
2 4 195 0.000 
2 4 196 0.000 
2 4 197 0.000 
2 4 198 1.000 
2 4 199 1.219 
2 4 200 3.092 
2 4 201 1.000 
2 4 202 1.540 
2 4 203 2.033 
2 4 204 1.985 
2 4 205 2.250 
2 4 206 0.706 
2 4 207 1.468 
2 4 208 1.665 
2 4 209 1.110 
2 4 210 2.022 
2 4 211 1.056 
2 4 212 1.456 
2 4 213 1.417 
2 4 214 1.354 
2 4 215 1.655 
2 4 216 1.061 
2 4 217 1.796 
2 4 218 1.162 
2 4 219 1.473 
2 4 220 0.609 
2 4 221 1.715 
2 4 222 1.519 
2 4 223 1.421 
2 4 224 1.251 
2 4 225 2.250 
2 4 226 1.158 
2 4 227 1.020 
2 4 228 1.081 
2 4 229 0.695 
2 4 230 1.280 
2 4 231 1.088 
2 4 232 1.311 
2 4 233 1.573 
2 4 234 2.494 
2 4 235 1.000 
2 4 236 0.851 
2 4 237 1.649 
2 4 238 1.133 
2 4 239 0.531 
2 4 240 0.802 
2 4 241 1.135 
2 4 242 1.555 
2 4 243 1.226 
2 4 244 0.982 
2 4 245 2.945 
2 4 246 1.287 
2 4 247 1.117 
2 4 248 1.215 
2 4 249 1.170 
2 4 250 1.047 
2 4 251 0.994 
2 4 252 0.650 
2 4 253 1.241 
2 4 254 1.756 
2 4 255 1.096 
2 4 256 1.146 
2 4 257 1.945 
2 4 258 2.020 
2 4 259 0.922 
2 4 260 1.013 
2 4 261 1.032 
2 4 262 0.649 
2 4 263 1.132 
2 4 264 0.899 
2 4 265 0.671 
2 4 266 2.276 
2 4 267 1.442 
2 4 268 0.978 
2 4 269 1.467 
2 4 270 0.850 
2 4 271 1.315 
2 4 272 1.326 
2 4 273 1.165 
2 4 274 0.695 
2 4 275 1.180 
2 4 276 1.012 
2 4 277 0.748 
2 4 278 2.328 
2 4 279 1.581 
2 4 280 1.344 
2 4 281 1.000 
2 4 282 1.415 
2 4 283 1.329 
2 4 284 1.054 
2 4 285 1.118 
2 4 286 0.461 
2 4 287 1.000 
2 4 288 0.536 
