1 1 1 1.000 
1 1 2 1.000 
1 1 3 1.000 
1 1 4 1.000 
1 1 5 1.000 
1 1 6 1.000 
1 1 7 1.000 
1 1 8 1.000 
1 1 9 1.000 
1 1 10 1.000 
1 1 11 1.000 
1 1 12 1.000 
1 1 13 1.000 
1 1 14 1.000 
1 1 15 1.000 
1 1 16 1.000 
1 1 17 1.000 
1 1 18 1.000 
1 1 19 1.000 
1 1 20 1.000 
1 1 21 1.000 
1 1 22 1.000 
1 1 23 1.000 
1 1 24 1.000 
1 1 25 1.000 
1 1 26 1.000 
1 1 27 1.000 
1 1 28 1.000 
1 1 29 1.000 
1 1 30 1.000 
1 1 31 1.000 
1 1 32 1.000 
1 1 33 1.000 
1 1 34 1.000 
1 1 35 1.000 
1 1 36 1.000 
1 1 37 1.000 
1 1 38 1.000 
1 1 39 1.000 
1 1 40 1.000 
1 1 41 1.000 
1 1 42 1.000 
1 1 43 1.000 
1 1 44 1.000 
1 1 45 1.000 
1 1 46 1.000 
1 1 47 1.000 
1 1 48 1.000 
1 1 49 1.000 
1 2 1 1.000 
1 2 2 1.000 
1 2 3 1.000 
1 2 4 1.000 
1 2 5 1.000 
1 2 6 1.000 
1 2 7 1.000 
1 2 8 1.000 
1 2 9 1.000 
1 2 10 1.000 
1 2 11 1.000 
1 2 12 1.000 
1 2 13 1.000 
1 2 14 1.000 
1 2 15 1.000 
1 2 16 1.000 
1 2 17 1.000 
1 2 18 1.000 
1 2 19 1.000 
1 2 20 1.000 
1 2 21 1.000 
1 2 22 1.000 
1 2 23 1.000 
1 2 24 1.000 
1 2 25 1.000 
1 2 26 1.000 
1 2 27 1.000 
1 2 28 1.000 
1 2 29 1.000 
1 2 30 1.000 
1 2 31 1.000 
1 2 32 1.000 
1 2 33 1.000 
1 2 34 1.000 
1 2 35 1.000 
1 2 36 1.000 
1 2 37 1.000 
1 2 38 1.000 
1 2 39 1.000 
1 2 40 1.000 
1 2 41 1.000 
1 2 42 1.000 
1 2 43 1.000 
1 2 44 1.000 
1 2 45 1.000 
1 2 46 1.000 
1 2 47 1.000 
1 2 48 1.000 
1 2 49 1.000 
1 3 1 0.000 
1 3 2 0.000 
1 3 3 0.000 
1 3 4 0.000 
1 3 5 0.000 
1 3 6 0.000 
1 3 7 0.000 
1 3 8 0.000 
1 3 9 0.000 
1 3 10 0.000 
1 3 11 0.000 
1 3 12 0.000 
1 3 13 0.000 
1 3 14 0.000 
1 3 15 0.000 
1 3 16 0.000 
1 3 17 0.000 
1 3 18 0.000 
1 3 19 0.000 
1 3 20 0.000 
1 3 21 0.000 
1 3 22 0.000 
1 3 23 0.000 
1 3 24 0.000 
1 3 25 0.000 
1 4 1 0.000 
1 4 2 0.000 
1 4 3 0.000 
1 4 4 0.000 
1 4 5 0.000 
1 4 6 0.000 
1 4 7 0.000 
1 4 8 0.000 
1 4 9 0.000 
1 4 10 0.000 
1 4 11 0.000 
1 4 12 0.000 
1 4 13 0.000 
1 4 14 0.000 
1 4 15 0.000 
1 4 16 0.000 
1 4 17 0.000 
1 4 18 0.000 
1 4 19 0.000 
1 4 20 0.000 
1 4 21 0.000 
1 4 22 0.000 
1 4 23 0.000 
1 4 24 0.000 
1 4 25 0.000 
1 5 1 1.000 
1 5 2 1.000 
1 5 3 1.000 
1 5 4 1.000 
1 5 5 1.000 
1 5 6 1.000 
1 5 7 1.000 
1 6 1 1.000 
1 6 2 1.000 
1 6 3 1.000 
1 6 4 1.000 
1 6 5 1.000 
1 6 6 1.000 
1 6 7 1.000 
2 1 1 2.257 
2 1 2 1.308 
2 1 3 0.530 
2 1 4 1.146 
2 1 5 1.000 
2 1 6 0.538 
2 1 7 1.160 
2 1 8 1.000 
2 1 9 1.000 
2 1 10 1.000 
2 1 11 0.000 
2 1 12 0.000 
2 1 13 0.000 
2 1 14 0.000 
2 1 15 0.000 
2 1 16 0.000 
2 1 17 0.000 
2 1 18 1.089 
2 1 19 1.245 
2 1 20 1.271 
2 1 21 1.303 
2 1 22 1.126 
2 1 23 1.240 
2 1 24 1.131 
2 1 25 2.935 
2 1 26 3.316 
2 1 27 2.084 
2 1 28 1.000 
2 1 29 0.000 
2 1 30 0.000 
2 1 31 0.000 
2 1 32 0.000 
2 1 33 0.000 
2 1 34 0.000 
2 1 35 1.299 
2 1 36 1.069 
2 1 37 0.990 
2 1 38 1.174 
2 1 39 1.134 
2 1 40 1.090 
2 1 41 1.291 
2 1 42 1.751 
2 1 43 2.162 
2 1 44 1.090 
2 1 45 2.515 
2 1 46 1.989 
2 1 47 0.000 
2 1 48 0.000 
2 1 49 0.000 
2 1 50 0.000 
2 1 51 0.000 
2 1 52 0.924 
2 1 53 1.068 
2 1 54 0.949 
2 1 55 1.058 
2 1 56 1.056 
2 1 57 1.075 
2 1 58 1.445 
2 1 59 0.695 
2 1 60 1.285 
2 1 61 0.994 
2 1 62 2.435 
2 1 63 1.921 
2 1 64 2.176 
2 1 65 0.000 
2 1 66 0.000 
2 1 67 0.000 
2 1 68 0.000 
2 1 69 1.318 
2 1 70 1.063 
2 1 71 1.113 
2 1 72 1.653 
2 1 73 1.000 
2 1 74 1.200 
2 1 75 1.298 
2 1 76 1.312 
2 1 77 1.079 
2 1 78 0.778 
2 1 79 1.750 
2 1 80 0.508 
2 1 81 0.531 
2 1 82 2.702 
2 1 83 0.000 
2 1 84 0.000 
2 1 85 0.000 
2 1 86 1.336 
2 1 87 1.175 
2 1 88 1.234 
2 1 89 0.932 
2 1 90 1.278 
2 1 91 1.161 
2 1 92 1.174 
2 1 93 1.469 
2 1 94 1.591 
2 1 95 1.360 
2 1 96 1.020 
2 1 97 0.983 
2 1 98 1.052 
2 1 99 2.112 
2 1 100 4.094 
2 1 101 0.000 
2 1 102 0.000 
2 1 103 1.335 
2 1 104 1.236 
2 1 105 0.966 
2 1 106 0.992 
2 1 107 1.159 
2 1 108 1.445 
2 1 109 1.511 
2 1 110 1.249 
2 1 111 1.401 
2 1 112 0.977 
2 1 113 1.259 
2 1 114 0.929 
2 1 115 1.465 
2 1 116 0.704 
2 1 117 0.636 
2 1 118 2.177 
2 1 119 0.000 
2 1 120 2.008 
2 1 121 1.421 
2 1 122 1.211 
2 1 123 1.421 
2 1 124 1.116 
2 1 125 1.362 
2 1 126 1.052 
2 1 127 1.327 
2 1 128 1.314 
2 1 129 0.913 
2 1 130 3.417 
2 1 131 1.344 
2 1 132 1.103 
2 1 133 1.260 
2 1 134 1.975 
2 1 135 2.412 
2 1 136 2.289 
2 1 137 1.151 
2 1 138 1.626 
2 1 139 1.719 
2 1 140 1.161 
2 1 141 1.611 
2 1 142 1.115 
2 1 143 1.423 
2 1 144 1.241 
2 1 145 1.651 
2 1 146 1.257 
2 1 147 1.187 
2 1 148 1.428 
2 1 149 0.797 
2 1 150 0.955 
2 1 151 1.345 
2 1 152 0.685 
2 1 153 2.057 
2 1 154 0.000 
2 1 155 0.000 
2 1 156 0.000 
2 1 157 0.000 
2 1 158 0.000 
2 1 159 0.000 
2 1 160 0.000 
2 1 161 0.000 
2 1 162 1.162 
2 1 163 1.194 
2 1 164 1.151 
2 1 165 1.126 
2 1 166 1.036 
2 1 167 0.893 
2 1 168 1.905 
2 1 169 0.573 
2 1 170 3.471 
2 1 171 0.000 
2 1 172 0.000 
2 1 173 0.000 
2 1 174 0.000 
2 1 175 0.000 
2 1 176 0.000 
2 1 177 0.000 
2 1 178 0.000 
2 1 179 1.114 
2 1 180 1.603 
2 1 181 1.682 
2 1 182 1.327 
2 1 183 1.237 
2 1 184 1.227 
2 1 185 2.139 
2 1 186 0.773 
2 1 187 2.308 
2 1 188 0.000 
2 1 189 0.000 
2 1 190 0.000 
2 1 191 0.000 
2 1 192 0.000 
2 1 193 0.000 
2 1 194 0.000 
2 1 195 0.000 
2 1 196 0.943 
2 1 197 1.415 
2 1 198 1.285 
2 1 199 1.185 
2 1 200 0.907 
2 1 201 0.994 
2 1 202 1.220 
2 1 203 1.995 
2 1 204 2.170 
2 1 205 0.000 
2 1 206 0.000 
2 1 207 0.000 
2 1 208 0.000 
2 1 209 0.000 
2 1 210 0.000 
2 1 211 0.000 
2 1 212 0.000 
2 1 213 1.344 
2 1 214 1.079 
2 1 215 1.237 
2 1 216 1.182 
2 1 217 1.120 
2 1 218 1.090 
2 1 219 1.665 
2 1 220 1.685 
2 1 221 1.563 
2 1 222 0.000 
2 1 223 0.000 
2 1 224 0.000 
2 1 225 0.000 
2 1 226 0.000 
2 1 227 0.000 
2 1 228 0.000 
2 1 229 0.000 
2 1 230 0.884 
2 1 231 1.242 
2 1 232 1.183 
2 1 233 1.102 
2 1 234 1.018 
2 1 235 1.009 
2 1 236 1.118 
2 1 237 1.361 
2 1 238 2.323 
2 1 239 0.000 
2 1 240 0.000 
2 1 241 0.000 
2 1 242 0.000 
2 1 243 0.000 
2 1 244 0.000 
2 1 245 0.000 
2 1 246 0.000 
2 1 247 1.640 
2 1 248 1.427 
2 1 249 1.151 
2 1 250 0.990 
2 1 251 1.146 
2 1 252 1.133 
2 1 253 1.262 
2 1 254 1.711 
2 1 255 2.332 
2 1 256 0.000 
2 1 257 0.000 
2 1 258 0.000 
2 1 259 0.000 
2 1 260 0.000 
2 1 261 0.000 
2 1 262 0.000 
2 1 263 0.000 
2 1 264 0.940 
2 1 265 1.460 
2 1 266 1.143 
2 1 267 1.196 
2 1 268 1.492 
2 1 269 1.167 
2 1 270 1.399 
2 1 271 1.019 
2 1 272 2.167 
2 1 273 0.000 
2 1 274 0.000 
2 1 275 0.000 
2 1 276 0.000 
2 1 277 0.000 
2 1 278 0.000 
2 1 279 0.000 
2 1 280 0.000 
2 1 281 1.825 
2 1 282 1.716 
2 1 283 1.443 
2 1 284 1.389 
2 1 285 1.212 
2 1 286 1.464 
2 1 287 1.026 
2 1 288 1.417 
2 1 289 2.235 
2 1 290 0.000 
2 1 291 0.000 
2 1 292 0.000 
2 1 293 0.000 
2 1 294 0.000 
2 1 295 0.000 
2 1 296 0.000 
2 1 297 0.000 
2 1 298 1.556 
2 1 299 1.540 
2 1 300 1.355 
2 1 301 1.196 
2 1 302 1.019 
2 1 303 0.950 
2 1 304 1.119 
2 1 305 1.034 
2 1 306 2.250 
2 1 307 0.000 
2 1 308 0.000 
2 1 309 0.000 
2 1 310 0.000 
2 1 311 0.000 
2 1 312 0.000 
2 1 313 0.000 
2 1 314 0.000 
2 1 315 1.274 
2 1 316 1.275 
2 1 317 1.206 
2 1 318 1.281 
2 1 319 1.180 
2 1 320 1.137 
2 1 321 1.295 
2 1 322 1.464 
2 1 323 1.536 
2 1 324 0.000 
2 1 325 0.000 
2 1 326 0.000 
2 1 327 0.000 
2 1 328 0.000 
2 1 329 0.000 
2 1 330 0.000 
2 1 331 0.000 
2 1 332 1.502 
2 1 333 1.309 
2 1 334 1.114 
2 1 335 1.046 
2 1 336 1.066 
2 1 337 1.339 
2 1 338 1.171 
2 1 339 1.004 
2 1 340 1.531 
2 1 341 0.000 
2 1 342 0.000 
2 1 343 0.000 
2 1 344 0.000 
2 1 345 0.000 
2 1 346 0.000 
2 1 347 0.000 
2 1 348 0.000 
2 1 349 1.057 
2 1 350 1.297 
2 1 351 1.106 
2 1 352 1.230 
2 1 353 1.072 
2 1 354 1.105 
2 1 355 0.883 
2 1 356 1.166 
2 1 357 0.985 
2 1 358 0.000 
2 1 359 0.000 
2 1 360 0.000 
2 1 361 0.000 
2 1 362 0.000 
2 1 363 0.000 
2 1 364 0.000 
2 1 365 0.000 
2 1 366 1.346 
2 1 367 1.265 
2 1 368 1.512 
2 1 369 1.177 
2 1 370 1.292 
2 1 371 0.610 
2 1 372 1.123 
2 1 373 1.154 
2 1 374 2.096 
2 1 375 0.000 
2 1 376 0.000 
2 1 377 0.000 
2 1 378 0.000 
2 1 379 0.000 
2 1 380 0.000 
2 1 381 0.000 
2 1 382 0.000 
2 1 383 1.378 
2 1 384 1.233 
2 1 385 0.999 
2 1 386 1.095 
2 1 387 1.250 
2 1 388 1.053 
2 1 389 1.333 
2 1 390 1.077 
2 1 391 1.458 
2 1 392 0.000 
2 1 393 0.000 
2 1 394 0.000 
2 1 395 0.000 
2 1 396 0.000 
2 1 397 0.000 
2 1 398 0.000 
2 1 399 0.000 
2 1 400 1.472 
2 1 401 1.259 
2 1 402 0.978 
2 1 403 1.005 
2 1 404 0.958 
2 1 405 1.294 
2 1 406 0.963 
2 1 407 1.022 
2 1 408 1.375 
2 1 409 0.000 
2 1 410 0.000 
2 1 411 0.000 
2 1 412 0.000 
2 1 413 0.000 
2 1 414 0.000 
2 1 415 0.000 
2 1 416 0.000 
2 1 417 0.954 
2 1 418 1.021 
2 1 419 1.346 
2 1 420 1.145 
2 1 421 0.968 
2 1 422 1.171 
2 1 423 1.149 
2 1 424 1.192 
2 1 425 2.499 
2 1 426 1.485 
2 1 427 1.605 
2 1 428 1.295 
2 1 429 1.228 
2 1 430 1.466 
2 1 431 1.449 
2 1 432 1.245 
2 1 433 1.122 
2 1 434 1.027 
2 1 435 1.554 
2 1 436 1.314 
2 1 437 1.189 
2 1 438 0.838 
2 1 439 1.105 
2 1 440 1.175 
2 1 441 1.234 
2 1 442 1.129 
2 1 443 1.208 
2 1 444 1.292 
2 1 445 1.007 
2 1 446 1.359 
2 1 447 0.973 
2 1 448 1.477 
2 1 449 1.176 
2 1 450 1.476 
2 1 451 1.035 
2 1 452 1.008 
2 1 453 1.151 
2 1 454 1.061 
2 1 455 0.880 
2 1 456 1.164 
2 1 457 1.073 
2 1 458 1.100 
2 1 459 2.306 
2 1 460 1.096 
2 1 461 1.086 
2 1 462 1.258 
2 1 463 1.189 
2 1 464 1.178 
2 1 465 1.241 
2 1 466 1.133 
2 1 467 1.073 
2 1 468 1.279 
2 1 469 1.286 
2 1 470 1.120 
2 1 471 0.965 
2 1 472 1.201 
2 1 473 1.328 
2 1 474 1.000 
2 1 475 0.763 
2 1 476 0.000 
2 1 477 1.099 
2 1 478 1.184 
2 1 479 0.940 
2 1 480 1.413 
2 1 481 1.245 
2 1 482 1.176 
2 1 483 1.689 
2 1 484 1.060 
2 1 485 1.024 
2 1 486 1.190 
2 1 487 1.177 
2 1 488 0.706 
2 1 489 0.969 
2 1 490 0.973 
2 1 491 1.557 
2 1 492 0.000 
2 1 493 0.000 
2 1 494 1.305 
2 1 495 1.114 
2 1 496 1.121 
2 1 497 1.162 
2 1 498 1.006 
2 1 499 1.348 
2 1 500 0.987 
2 1 501 0.879 
2 1 502 1.039 
2 1 503 1.098 
2 1 504 1.500 
2 1 505 0.513 
2 1 506 0.256 
2 1 507 0.688 
2 1 508 0.000 
2 1 509 0.000 
2 1 510 0.000 
2 1 511 1.007 
2 1 512 1.206 
2 1 513 1.003 
2 1 514 1.262 
2 1 515 0.959 
2 1 516 1.158 
2 1 517 1.236 
2 1 518 1.079 
2 1 519 0.988 
2 1 520 1.119 
2 1 521 1.232 
2 1 522 1.279 
2 1 523 0.166 
2 1 524 0.000 
2 1 525 0.000 
2 1 526 0.000 
2 1 527 0.000 
2 1 528 2.250 
2 1 529 1.070 
2 1 530 1.104 
2 1 531 0.985 
2 1 532 0.852 
2 1 533 1.065 
2 1 534 1.159 
2 1 535 1.232 
2 1 536 1.022 
2 1 537 1.019 
2 1 538 1.000 
2 1 539 0.699 
2 1 540 0.000 
2 1 541 0.000 
2 1 542 0.000 
2 1 543 0.000 
2 1 544 0.000 
2 1 545 0.839 
2 1 546 0.996 
2 1 547 1.201 
2 1 548 0.929 
2 1 549 1.691 
2 1 550 0.995 
2 1 551 1.222 
2 1 552 0.931 
2 1 553 1.181 
2 1 554 1.264 
2 1 555 1.191 
2 1 556 0.000 
2 1 557 0.000 
2 1 558 0.000 
2 1 559 0.000 
2 1 560 0.000 
2 1 561 0.000 
2 1 562 1.269 
2 1 563 1.774 
2 1 564 1.252 
2 1 565 1.307 
2 1 566 1.000 
2 1 567 0.545 
2 1 568 1.145 
2 1 569 1.646 
2 1 570 1.065 
2 1 571 0.748 
2 1 572 0.000 
2 1 573 0.000 
2 1 574 0.000 
2 1 575 0.000 
2 1 576 0.000 
2 1 577 0.000 
2 1 578 0.000 
2 2 1 2.388 
2 2 2 2.292 
2 2 3 2.321 
2 2 4 2.202 
2 2 5 2.312 
2 2 6 2.434 
2 2 7 2.318 
2 2 8 2.316 
2 2 9 1.368 
2 2 10 1.076 
2 2 11 0.000 
2 2 12 0.000 
2 2 13 0.000 
2 2 14 0.000 
2 2 15 0.000 
2 2 16 0.000 
2 2 17 0.000 
2 2 18 1.397 
2 2 19 1.468 
2 2 20 1.600 
2 2 21 1.237 
2 2 22 1.298 
2 2 23 1.144 
2 2 24 1.720 
2 2 25 1.406 
2 2 26 1.163 
2 2 27 2.259 
2 2 28 0.555 
2 2 29 0.000 
2 2 30 0.000 
2 2 31 0.000 
2 2 32 0.000 
2 2 33 0.000 
2 2 34 0.000 
2 2 35 1.979 
2 2 36 1.266 
2 2 37 1.744 
2 2 38 1.669 
2 2 39 0.853 
2 2 40 0.820 
2 2 41 1.409 
2 2 42 1.311 
2 2 43 1.235 
2 2 44 1.267 
2 2 45 0.906 
2 2 46 1.130 
2 2 47 0.000 
2 2 48 0.000 
2 2 49 0.000 
2 2 50 0.000 
2 2 51 0.000 
2 2 52 0.971 
2 2 53 1.095 
2 2 54 1.196 
2 2 55 1.057 
2 2 56 1.073 
2 2 57 1.032 
2 2 58 1.444 
2 2 59 1.761 
2 2 60 1.434 
2 2 61 1.828 
2 2 62 1.225 
2 2 63 1.474 
2 2 64 2.225 
2 2 65 0.000 
2 2 66 0.000 
2 2 67 0.000 
2 2 68 0.000 
2 2 69 1.207 
2 2 70 1.252 
2 2 71 1.186 
2 2 72 1.138 
2 2 73 1.279 
2 2 74 0.883 
2 2 75 1.625 
2 2 76 1.175 
2 2 77 1.183 
2 2 78 1.056 
2 2 79 1.192 
2 2 80 2.115 
2 2 81 0.928 
2 2 82 1.797 
2 2 83 0.000 
2 2 84 0.000 
2 2 85 0.000 
2 2 86 1.138 
2 2 87 1.399 
2 2 88 0.866 
2 2 89 1.172 
2 2 90 1.049 
2 2 91 1.184 
2 2 92 1.061 
2 2 93 1.115 
2 2 94 1.051 
2 2 95 1.254 
2 2 96 0.972 
2 2 97 1.297 
2 2 98 1.057 
2 2 99 1.075 
2 2 100 0.993 
2 2 101 0.000 
2 2 102 0.000 
2 2 103 1.101 
2 2 104 1.178 
2 2 105 1.232 
2 2 106 1.076 
2 2 107 0.730 
2 2 108 1.209 
2 2 109 1.023 
2 2 110 1.293 
2 2 111 1.042 
2 2 112 1.201 
2 2 113 0.996 
2 2 114 0.521 
2 2 115 0.930 
2 2 116 1.319 
2 2 117 1.325 
2 2 118 2.258 
2 2 119 0.000 
2 2 120 1.288 
2 2 121 1.099 
2 2 122 1.108 
2 2 123 1.287 
2 2 124 1.446 
2 2 125 1.378 
2 2 126 0.970 
2 2 127 1.481 
2 2 128 1.468 
2 2 129 1.307 
2 2 130 1.003 
2 2 131 1.251 
2 2 132 1.101 
2 2 133 1.845 
2 2 134 0.765 
2 2 135 1.689 
2 2 136 1.121 
2 2 137 1.149 
2 2 138 1.468 
2 2 139 1.509 
2 2 140 1.587 
2 2 141 1.393 
2 2 142 1.391 
2 2 143 1.272 
2 2 144 2.268 
2 2 145 1.075 
2 2 146 1.583 
2 2 147 1.313 
2 2 148 1.134 
2 2 149 1.549 
2 2 150 1.059 
2 2 151 1.396 
2 2 152 1.441 
2 2 153 1.022 
2 2 154 0.000 
2 2 155 0.000 
2 2 156 0.000 
2 2 157 0.000 
2 2 158 0.000 
2 2 159 0.000 
2 2 160 0.000 
2 2 161 0.000 
2 2 162 1.448 
2 2 163 0.772 
2 2 164 1.191 
2 2 165 1.504 
2 2 166 1.280 
2 2 167 1.198 
2 2 168 0.924 
2 2 169 1.333 
2 2 170 1.242 
2 2 171 0.000 
2 2 172 0.000 
2 2 173 0.000 
2 2 174 0.000 
2 2 175 0.000 
2 2 176 0.000 
2 2 177 0.000 
2 2 178 0.000 
2 2 179 1.120 
2 2 180 0.933 
2 2 181 1.104 
2 2 182 1.050 
2 2 183 1.137 
2 2 184 1.154 
2 2 185 1.065 
2 2 186 1.336 
2 2 187 3.967 
2 2 188 0.000 
2 2 189 0.000 
2 2 190 0.000 
2 2 191 0.000 
2 2 192 0.000 
2 2 193 0.000 
2 2 194 0.000 
2 2 195 0.000 
2 2 196 1.250 
2 2 197 2.160 
2 2 198 1.465 
2 2 199 1.349 
2 2 200 0.969 
2 2 201 1.534 
2 2 202 1.544 
2 2 203 1.361 
2 2 204 4.875 
2 2 205 0.000 
2 2 206 0.000 
2 2 207 0.000 
2 2 208 0.000 
2 2 209 0.000 
2 2 210 0.000 
2 2 211 0.000 
2 2 212 0.000 
2 2 213 1.409 
2 2 214 1.282 
2 2 215 1.513 
2 2 216 1.196 
2 2 217 1.267 
2 2 218 1.332 
2 2 219 1.287 
2 2 220 1.442 
2 2 221 2.403 
2 2 222 0.000 
2 2 223 0.000 
2 2 224 0.000 
2 2 225 0.000 
2 2 226 0.000 
2 2 227 0.000 
2 2 228 0.000 
2 2 229 0.000 
2 2 230 0.953 
2 2 231 1.300 
2 2 232 0.977 
2 2 233 1.253 
2 2 234 0.946 
2 2 235 1.039 
2 2 236 1.204 
2 2 237 0.929 
2 2 238 2.049 
2 2 239 0.000 
2 2 240 0.000 
2 2 241 0.000 
2 2 242 0.000 
2 2 243 0.000 
2 2 244 0.000 
2 2 245 0.000 
2 2 246 0.000 
2 2 247 2.037 
2 2 248 1.250 
2 2 249 1.500 
2 2 250 1.833 
2 2 251 1.065 
2 2 252 1.243 
2 2 253 0.988 
2 2 254 2.148 
2 2 255 0.501 
2 2 256 0.000 
2 2 257 0.000 
2 2 258 0.000 
2 2 259 0.000 
2 2 260 0.000 
2 2 261 0.000 
2 2 262 0.000 
2 2 263 0.000 
2 2 264 1.436 
2 2 265 1.271 
2 2 266 1.127 
2 2 267 1.495 
2 2 268 1.180 
2 2 269 1.384 
2 2 270 1.305 
2 2 271 1.012 
2 2 272 1.291 
2 2 273 0.000 
2 2 274 0.000 
2 2 275 0.000 
2 2 276 0.000 
2 2 277 0.000 
2 2 278 0.000 
2 2 279 0.000 
2 2 280 0.000 
2 2 281 1.468 
2 2 282 1.245 
2 2 283 1.409 
2 2 284 1.136 
2 2 285 1.394 
2 2 286 1.355 
2 2 287 1.602 
2 2 288 1.615 
2 2 289 1.402 
2 2 290 0.000 
2 2 291 0.000 
2 2 292 0.000 
2 2 293 0.000 
2 2 294 0.000 
2 2 295 0.000 
2 2 296 0.000 
2 2 297 0.000 
2 2 298 0.838 
2 2 299 1.161 
2 2 300 1.098 
2 2 301 1.193 
2 2 302 1.040 
2 2 303 1.273 
2 2 304 1.197 
2 2 305 1.126 
2 2 306 1.614 
2 2 307 0.000 
2 2 308 0.000 
2 2 309 0.000 
2 2 310 0.000 
2 2 311 0.000 
2 2 312 0.000 
2 2 313 0.000 
2 2 314 0.000 
2 2 315 0.971 
2 2 316 1.276 
2 2 317 1.319 
2 2 318 1.195 
2 2 319 1.139 
2 2 320 0.977 
2 2 321 0.692 
2 2 322 1.249 
2 2 323 2.193 
2 2 324 0.000 
2 2 325 0.000 
2 2 326 0.000 
2 2 327 0.000 
2 2 328 0.000 
2 2 329 1.000 
2 2 330 0.000 
2 2 331 0.000 
2 2 332 1.185 
2 2 333 1.119 
2 2 334 1.087 
2 2 335 1.343 
2 2 336 1.148 
2 2 337 1.001 
2 2 338 1.003 
2 2 339 1.147 
2 2 340 2.929 
2 2 341 0.000 
2 2 342 0.000 
2 2 343 0.000 
2 2 344 0.000 
2 2 345 0.000 
2 2 346 0.000 
2 2 347 0.000 
2 2 348 0.000 
2 2 349 1.366 
2 2 350 1.364 
2 2 351 0.915 
2 2 352 1.272 
2 2 353 1.019 
2 2 354 1.073 
2 2 355 1.221 
2 2 356 1.244 
2 2 357 2.784 
2 2 358 0.000 
2 2 359 0.000 
2 2 360 0.000 
2 2 361 0.000 
2 2 362 0.000 
2 2 363 0.000 
2 2 364 0.000 
2 2 365 0.000 
2 2 366 1.025 
2 2 367 1.142 
2 2 368 1.116 
2 2 369 1.202 
2 2 370 1.013 
2 2 371 1.136 
2 2 372 1.365 
2 2 373 1.024 
2 2 374 1.331 
2 2 375 0.000 
2 2 376 0.000 
2 2 377 0.000 
2 2 378 0.000 
2 2 379 0.000 
2 2 380 0.000 
2 2 381 0.000 
2 2 382 0.000 
2 2 383 1.059 
2 2 384 1.143 
2 2 385 1.165 
2 2 386 0.911 
2 2 387 1.143 
2 2 388 1.037 
2 2 389 0.998 
2 2 390 1.253 
2 2 391 1.112 
2 2 392 0.000 
2 2 393 0.000 
2 2 394 0.000 
2 2 395 0.000 
2 2 396 0.000 
2 2 397 0.000 
2 2 398 0.000 
2 2 399 0.000 
2 2 400 1.001 
2 2 401 1.168 
2 2 402 0.942 
2 2 403 1.122 
2 2 404 0.940 
2 2 405 1.069 
2 2 406 1.004 
2 2 407 1.053 
2 2 408 2.239 
2 2 409 0.000 
2 2 410 0.000 
2 2 411 0.000 
2 2 412 0.000 
2 2 413 0.000 
2 2 414 0.000 
2 2 415 0.000 
2 2 416 0.000 
2 2 417 1.011 
2 2 418 1.108 
2 2 419 1.215 
2 2 420 1.125 
2 2 421 1.022 
2 2 422 1.203 
2 2 423 1.032 
2 2 424 1.355 
2 2 425 2.312 
2 2 426 1.474 
2 2 427 1.360 
2 2 428 1.046 
2 2 429 0.986 
2 2 430 1.021 
2 2 431 1.138 
2 2 432 1.420 
2 2 433 1.068 
2 2 434 1.311 
2 2 435 1.184 
2 2 436 1.117 
2 2 437 1.065 
2 2 438 1.035 
2 2 439 1.130 
2 2 440 1.256 
2 2 441 0.809 
2 2 442 1.344 
2 2 443 1.404 
2 2 444 1.222 
2 2 445 1.026 
2 2 446 1.442 
2 2 447 1.120 
2 2 448 1.038 
2 2 449 1.026 
2 2 450 1.067 
2 2 451 1.355 
2 2 452 1.068 
2 2 453 1.099 
2 2 454 0.918 
2 2 455 1.311 
2 2 456 1.122 
2 2 457 1.013 
2 2 458 1.189 
2 2 459 1.026 
2 2 460 0.935 
2 2 461 1.159 
2 2 462 1.448 
2 2 463 1.156 
2 2 464 1.158 
2 2 465 1.210 
2 2 466 1.201 
2 2 467 1.079 
2 2 468 1.142 
2 2 469 1.219 
2 2 470 1.022 
2 2 471 0.986 
2 2 472 1.059 
2 2 473 1.345 
2 2 474 1.000 
2 2 475 2.317 
2 2 476 0.000 
2 2 477 0.933 
2 2 478 1.088 
2 2 479 1.076 
2 2 480 1.075 
2 2 481 1.221 
2 2 482 1.325 
2 2 483 1.018 
2 2 484 1.157 
2 2 485 1.054 
2 2 486 1.026 
2 2 487 1.142 
2 2 488 1.180 
2 2 489 0.664 
2 2 490 1.138 
2 2 491 0.651 
2 2 492 0.000 
2 2 493 0.000 
2 2 494 1.100 
2 2 495 1.146 
2 2 496 1.076 
2 2 497 1.097 
2 2 498 1.185 
2 2 499 1.021 
2 2 500 0.917 
2 2 501 1.128 
2 2 502 1.066 
2 2 503 1.027 
2 2 504 1.133 
2 2 505 1.235 
2 2 506 1.161 
2 2 507 0.751 
2 2 508 0.000 
2 2 509 0.000 
2 2 510 0.000 
2 2 511 1.153 
2 2 512 1.391 
2 2 513 1.179 
2 2 514 1.100 
2 2 515 1.139 
2 2 516 1.115 
2 2 517 1.170 
2 2 518 0.983 
2 2 519 1.027 
2 2 520 1.089 
2 2 521 0.956 
2 2 522 0.992 
2 2 523 1.369 
2 2 524 0.000 
2 2 525 0.000 
2 2 526 0.000 
2 2 527 0.000 
2 2 528 0.926 
2 2 529 1.049 
2 2 530 1.024 
2 2 531 0.921 
2 2 532 1.053 
2 2 533 1.080 
2 2 534 1.032 
2 2 535 1.138 
2 2 536 0.942 
2 2 537 1.260 
2 2 538 0.956 
2 2 539 1.398 
2 2 540 0.000 
2 2 541 0.000 
2 2 542 0.000 
2 2 543 0.000 
2 2 544 0.000 
2 2 545 1.167 
2 2 546 1.076 
2 2 547 1.067 
2 2 548 1.127 
2 2 549 1.005 
2 2 550 1.117 
2 2 551 1.097 
2 2 552 1.099 
2 2 553 1.058 
2 2 554 1.142 
2 2 555 1.262 
2 2 556 0.000 
2 2 557 0.000 
2 2 558 0.000 
2 2 559 0.000 
2 2 560 0.000 
2 2 561 0.000 
2 2 562 1.548 
2 2 563 1.027 
2 2 564 0.859 
2 2 565 1.115 
2 2 566 1.165 
2 2 567 0.881 
2 2 568 1.403 
2 2 569 1.158 
2 2 570 0.995 
2 2 571 1.000 
2 2 572 0.000 
2 2 573 0.000 
2 2 574 0.000 
2 2 575 0.000 
2 2 576 0.000 
2 2 577 0.000 
2 2 578 0.000 
2 3 1 1.758 
2 3 2 1.308 
2 3 3 1.013 
2 3 4 1.732 
2 3 5 1.190 
2 3 6 0.661 
2 3 7 0.636 
2 3 8 0.845 
2 3 9 1.000 
2 3 10 1.369 
2 3 11 0.920 
2 3 12 1.179 
2 3 13 1.121 
2 3 14 1.025 
2 3 15 0.858 
2 3 16 1.387 
2 3 17 1.358 
2 3 18 1.945 
2 3 19 0.887 
2 3 20 0.748 
2 3 21 0.770 
2 3 22 0.553 
2 3 23 1.088 
2 3 24 2.104 
2 3 25 1.409 
2 3 26 1.647 
2 3 27 1.233 
2 3 28 1.337 
2 3 29 1.109 
2 3 30 1.124 
2 3 31 3.569 
2 3 32 1.963 
2 3 33 0.741 
2 3 34 0.941 
2 3 35 1.218 
2 3 36 0.730 
2 3 37 1.712 
2 3 38 2.790 
2 3 39 1.256 
2 3 40 1.499 
2 3 41 1.641 
2 3 42 0.990 
2 3 43 1.791 
2 3 44 0.960 
2 3 45 2.635 
2 3 46 0.517 
2 3 47 2.250 
2 3 48 1.000 
2 3 49 0.615 
2 3 50 2.364 
2 3 51 1.468 
2 3 52 1.276 
2 3 53 2.250 
2 3 54 2.039 
2 3 55 1.650 
2 3 56 1.000 
2 3 57 1.263 
2 3 58 0.826 
2 3 59 2.100 
2 3 60 2.086 
2 3 61 1.243 
2 3 62 0.905 
2 3 63 1.214 
2 3 64 1.016 
2 3 65 2.138 
2 3 66 0.844 
2 3 67 0.843 
2 3 68 1.205 
2 3 69 1.071 
2 3 70 1.458 
2 3 71 1.206 
2 3 72 1.079 
2 3 73 1.500 
2 3 74 1.262 
2 3 75 1.260 
2 3 76 1.383 
2 3 77 1.337 
2 3 78 4.436 
2 3 79 2.115 
2 3 80 2.139 
2 3 81 2.542 
2 3 82 2.713 
2 3 83 2.470 
2 3 84 2.660 
2 3 85 0.000 
2 3 86 0.000 
2 3 87 0.000 
2 3 88 0.000 
2 3 89 0.000 
2 3 90 1.343 
2 3 91 1.699 
2 3 92 2.729 
2 3 93 2.037 
2 3 94 2.510 
2 3 95 2.072 
2 3 96 3.565 
2 3 97 0.000 
2 3 98 0.000 
2 3 99 0.000 
2 3 100 0.000 
2 3 101 0.000 
2 3 102 0.805 
2 3 103 0.917 
2 3 104 1.251 
2 3 105 0.836 
2 3 106 1.715 
2 3 107 0.981 
2 3 108 1.982 
2 3 109 0.000 
2 3 110 0.000 
2 3 111 0.000 
2 3 112 0.000 
2 3 113 0.000 
2 3 114 1.673 
2 3 115 1.297 
2 3 116 1.336 
2 3 117 1.229 
2 3 118 1.283 
2 3 119 1.269 
2 3 120 1.312 
2 3 121 0.000 
2 3 122 0.000 
2 3 123 0.000 
2 3 124 0.000 
2 3 125 0.000 
2 3 126 0.815 
2 3 127 0.857 
2 3 128 1.094 
2 3 129 1.404 
2 3 130 1.256 
2 3 131 1.291 
2 3 132 1.182 
2 3 133 0.000 
2 3 134 0.000 
2 3 135 0.000 
2 3 136 0.000 
2 3 137 0.000 
2 3 138 2.169 
2 3 139 1.168 
2 3 140 1.495 
2 3 141 1.616 
2 3 142 1.516 
2 3 143 1.376 
2 3 144 1.266 
2 3 145 0.000 
2 3 146 0.000 
2 3 147 0.000 
2 3 148 0.000 
2 3 149 0.000 
2 3 150 0.801 
2 3 151 1.156 
2 3 152 0.931 
2 3 153 0.815 
2 3 154 1.000 
2 3 155 3.156 
2 3 156 0.781 
2 3 157 0.000 
2 3 158 0.000 
2 3 159 0.000 
2 3 160 0.000 
2 3 161 0.000 
2 3 162 0.742 
2 3 163 0.926 
2 3 164 1.026 
2 3 165 1.479 
2 3 166 1.323 
2 3 167 0.571 
2 3 168 1.750 
2 3 169 0.000 
2 3 170 0.000 
2 3 171 0.000 
2 3 172 0.000 
2 3 173 0.000 
2 3 174 1.295 
2 3 175 2.250 
2 3 176 1.000 
2 3 177 2.250 
2 3 178 1.784 
2 3 179 1.593 
2 3 180 1.629 
2 3 181 0.000 
2 3 182 0.000 
2 3 183 0.000 
2 3 184 0.000 
2 3 185 0.000 
2 3 186 1.286 
2 3 187 0.511 
2 3 188 1.779 
2 3 189 3.846 
2 3 190 1.473 
2 3 191 0.865 
2 3 192 1.040 
2 3 193 0.000 
2 3 194 0.000 
2 3 195 0.000 
2 3 196 0.000 
2 3 197 0.000 
2 3 198 1.000 
2 3 199 1.000 
2 3 200 2.382 
2 3 201 1.217 
2 3 202 2.717 
2 3 203 1.000 
2 3 204 1.000 
2 3 205 0.660 
2 3 206 2.250 
2 3 207 1.524 
2 3 208 1.000 
2 3 209 2.250 
2 3 210 1.000 
2 3 211 2.780 
2 3 212 1.000 
2 3 213 2.373 
2 3 214 2.210 
2 3 215 1.000 
2 3 216 0.544 
2 3 217 0.627 
2 3 218 0.811 
2 3 219 0.791 
2 3 220 1.080 
2 3 221 1.128 
2 3 222 2.250 
2 3 223 1.467 
2 3 224 1.017 
2 3 225 1.986 
2 3 226 0.933 
2 3 227 1.100 
2 3 228 2.319 
2 3 229 1.725 
2 3 230 1.520 
2 3 231 1.840 
2 3 232 1.000 
2 3 233 1.404 
2 3 234 1.928 
2 3 235 1.450 
2 3 236 1.311 
2 3 237 1.635 
2 3 238 1.138 
2 3 239 1.170 
2 3 240 0.932 
2 3 241 1.694 
2 3 242 0.950 
2 3 243 0.944 
2 3 244 1.006 
2 3 245 0.679 
2 3 246 1.404 
2 3 247 1.184 
2 3 248 1.480 
2 3 249 2.560 
2 3 250 0.777 
2 3 251 1.299 
2 3 252 1.951 
2 3 253 1.530 
2 3 254 1.390 
2 3 255 1.182 
2 3 256 1.404 
2 3 257 1.674 
2 3 258 1.202 
2 3 259 1.143 
2 3 260 1.171 
2 3 261 0.852 
2 3 262 1.718 
2 3 263 13.361 
2 3 264 1.010 
2 3 265 0.843 
2 3 266 1.258 
2 3 267 0.985 
2 3 268 1.054 
2 3 269 1.772 
2 3 270 1.736 
2 3 271 0.746 
2 3 272 0.742 
2 3 273 0.558 
2 3 274 1.066 
2 3 275 1.076 
2 3 276 0.824 
2 3 277 1.197 
2 3 278 1.040 
2 3 279 0.814 
2 3 280 1.607 
2 3 281 1.092 
2 3 282 1.010 
2 3 283 0.655 
2 3 284 0.995 
2 3 285 0.743 
2 3 286 0.830 
2 3 287 0.802 
2 3 288 0.501 
2 4 1 1.112 
2 4 2 0.553 
2 4 3 1.110 
2 4 4 2.070 
2 4 5 4.479 
2 4 6 0.884 
2 4 7 0.931 
2 4 8 1.066 
2 4 9 0.961 
2 4 10 1.051 
2 4 11 0.845 
2 4 12 1.158 
2 4 13 2.198 
2 4 14 1.222 
2 4 15 1.434 
2 4 16 1.212 
2 4 17 1.295 
2 4 18 2.399 
2 4 19 1.195 
2 4 20 1.396 
2 4 21 1.163 
2 4 22 0.986 
2 4 23 1.009 
2 4 24 2.209 
2 4 25 1.696 
2 4 26 1.235 
2 4 27 1.260 
2 4 28 1.151 
2 4 29 2.099 
2 4 30 2.012 
2 4 31 1.123 
2 4 32 1.261 
2 4 33 0.833 
2 4 34 1.072 
2 4 35 1.123 
2 4 36 1.468 
2 4 37 1.839 
2 4 38 1.442 
2 4 39 1.146 
2 4 40 2.003 
2 4 41 1.746 
2 4 42 2.399 
2 4 43 2.069 
2 4 44 2.196 
2 4 45 2.245 
2 4 46 1.116 
2 4 47 1.165 
2 4 48 1.592 
2 4 49 1.132 
2 4 50 1.526 
2 4 51 1.604 
2 4 52 3.218 
2 4 53 2.069 
2 4 54 1.220 
2 4 55 1.780 
2 4 56 1.505 
2 4 57 1.228 
2 4 58 1.000 
2 4 59 1.153 
2 4 60 1.109 
2 4 61 1.781 
2 4 62 1.419 
2 4 63 1.211 
2 4 64 1.163 
2 4 65 2.668 
2 4 66 1.981 
2 4 67 2.105 
2 4 68 1.664 
2 4 69 1.614 
2 4 70 1.128 
2 4 71 1.292 
2 4 72 1.342 
2 4 73 0.999 
2 4 74 1.208 
2 4 75 1.103 
2 4 76 1.044 
2 4 77 1.004 
2 4 78 1.683 
2 4 79 1.446 
2 4 80 1.000 
2 4 81 1.409 
2 4 82 1.041 
2 4 83 1.832 
2 4 84 1.071 
2 4 85 0.000 
2 4 86 0.000 
2 4 87 0.000 
2 4 88 0.000 
2 4 89 0.000 
2 4 90 1.545 
2 4 91 1.663 
2 4 92 2.215 
2 4 93 1.086 
2 4 94 1.678 
2 4 95 1.250 
2 4 96 1.049 
2 4 97 0.000 
2 4 98 0.000 
2 4 99 0.000 
2 4 100 0.000 
2 4 101 0.000 
2 4 102 0.576 
2 4 103 0.931 
2 4 104 1.598 
2 4 105 1.152 
2 4 106 1.213 
2 4 107 1.264 
2 4 108 1.354 
2 4 109 0.000 
2 4 110 0.000 
2 4 111 0.000 
2 4 112 0.000 
2 4 113 0.000 
2 4 114 1.344 
2 4 115 1.233 
2 4 116 1.527 
2 4 117 1.348 
2 4 118 1.000 
2 4 119 1.775 
2 4 120 1.190 
2 4 121 0.000 
2 4 122 0.000 
2 4 123 0.000 
2 4 124 0.000 
2 4 125 0.000 
2 4 126 0.862 
2 4 127 0.886 
2 4 128 1.334 
2 4 129 1.372 
2 4 130 1.407 
2 4 131 1.034 
2 4 132 2.402 
2 4 133 0.000 
2 4 134 0.000 
2 4 135 0.000 
2 4 136 0.000 
2 4 137 0.000 
2 4 138 1.084 
2 4 139 0.985 
2 4 140 1.437 
2 4 141 1.375 
2 4 142 1.474 
2 4 143 1.331 
2 4 144 1.553 
2 4 145 0.000 
2 4 146 0.000 
2 4 147 0.000 
2 4 148 0.000 
2 4 149 0.000 
2 4 150 0.954 
2 4 151 0.960 
2 4 152 1.403 
2 4 153 1.498 
2 4 154 1.397 
2 4 155 1.140 
2 4 156 1.403 
2 4 157 0.000 
2 4 158 0.000 
2 4 159 0.000 
2 4 160 0.000 
2 4 161 0.000 
2 4 162 0.811 
2 4 163 0.888 
2 4 164 1.211 
2 4 165 0.893 
2 4 166 1.260 
2 4 167 1.144 
2 4 168 1.341 
2 4 169 0.000 
2 4 170 0.000 
2 4 171 0.000 
2 4 172 0.000 
2 4 173 0.000 
2 4 174 1.213 
2 4 175 0.956 
2 4 176 1.372 
2 4 177 1.279 
2 4 178 1.416 
2 4 179 1.222 
2 4 180 1.281 
2 4 181 0.000 
2 4 182 0.000 
2 4 183 0.000 
2 4 184 0.000 
2 4 185 0.000 
2 4 186 1.142 
2 4 187 1.187 
2 4 188 1.174 
2 4 189 1.036 
2 4 190 1.301 
2 4 191 1.177 
2 4 192 0.970 
2 4 193 0.000 
2 4 194 0.000 
2 4 195 0.000 
2 4 196 0.000 
2 4 197 0.000 
2 4 198 1.000 
2 4 199 1.224 
2 4 200 3.178 
2 4 201 1.000 
2 4 202 1.540 
2 4 203 2.054 
2 4 204 1.996 
2 4 205 2.250 
2 4 206 0.706 
2 4 207 1.520 
2 4 208 1.786 
2 4 209 1.155 
2 4 210 2.171 
2 4 211 1.108 
2 4 212 1.503 
2 4 213 1.451 
2 4 214 1.407 
2 4 215 1.713 
2 4 216 1.090 
2 4 217 1.791 
2 4 218 1.164 
2 4 219 1.462 
2 4 220 0.639 
2 4 221 1.829 
2 4 222 1.561 
2 4 223 1.471 
2 4 224 1.300 
2 4 225 2.250 
2 4 226 1.158 
2 4 227 1.054 
2 4 228 1.109 
2 4 229 0.695 
2 4 230 1.269 
2 4 231 1.292 
2 4 232 1.311 
2 4 233 1.602 
2 4 234 2.550 
2 4 235 1.000 
2 4 236 0.863 
2 4 237 1.677 
2 4 238 1.144 
2 4 239 0.540 
2 4 240 0.817 
2 4 241 1.135 
2 4 242 1.540 
2 4 243 1.225 
2 4 244 1.008 
2 4 245 3.029 
2 4 246 1.287 
2 4 247 1.149 
2 4 248 1.250 
2 4 249 1.273 
2 4 250 1.079 
2 4 251 1.023 
2 4 252 0.650 
2 4 253 1.296 
2 4 254 1.764 
2 4 255 1.134 
2 4 256 1.215 
2 4 257 1.942 
2 4 258 2.020 
2 4 259 0.923 
2 4 260 1.008 
2 4 261 1.028 
2 4 262 0.666 
2 4 263 1.155 
2 4 264 0.914 
2 4 265 0.700 
2 4 266 2.258 
2 4 267 1.467 
2 4 268 0.996 
2 4 269 1.461 
2 4 270 0.833 
2 4 271 1.290 
2 4 272 1.297 
2 4 273 1.154 
2 4 274 0.695 
2 4 275 1.163 
2 4 276 1.000 
2 4 277 0.741 
2 4 278 2.344 
2 4 279 1.621 
2 4 280 1.376 
2 4 281 1.000 
2 4 282 1.428 
2 4 283 1.366 
2 4 284 1.062 
2 4 285 1.124 
2 4 286 0.458 
2 4 287 1.000 
2 4 288 0.541 
