1 113.889 17.195 53.8945
8 130.375 24.9758 61.8789
15 104.589 18.597 49.9023
20 120.717 22.9635 61.8789
50 28.4042 8.9227 16.9668
53 61.8653 11.0391 32.9355
55 85.1712 24.1652 42.916
56 33.5237 10.5435 16.9668
57 90.3279 22.6008 52.8965
58 63.4256 13.0601 38.9238
119 58.8304 11.3739 32.9355
121 59.6008 12.9793 34.9316
123 81.2497 17.4772 48.9043
128 110.257 15.9848 57.8867
129 106.552 15.4365 53.8945
138 126.338 29.7371 49.9023
140 105.238 20.8656 49.9023
164 121.75 24.2335 65.8711
173 56.264 13.2144 28.9434
180 62.7855 13.1247 34.9316
185 70.6719 22.6826 36.9277
187 88.4437 25.4399 48.9043
188 67.1314 17.6791 36.9277
190 97.059 15.7856 45.9102
194 104.871 18.9976 49.9023
197 107.829 18.7629 49.9023
212 98.3799 15.5697 49.9023
236 55.4732 17 32.9355
237 54.7116 8.80046 28.9434
239 53.5052 11.5004 28.9434
243 59.5729 12.8074 34.9316
247 58.9609 13.0834 30.9395
