1 102.346 15.5942 53.8945
8 113.181 21.8628 53.8945
15 101.657 18.0898 49.9023
20 114.091 21.8778 57.8867
50 25.2229 8.24705 14.9707
53 52.9836 11.5739 28.9434
55 62.0613 22.7595 34.9316
56 21.4322 5.95683 12.9746
57 61.1051 15.84 34.9316
58 54.9429 11.8452 32.9355
119 56.8413 11.9943 28.9434
121 56.0819 13.2074 34.9316
123 74.2331 15.5114 44.9121
128 98.6779 15.2349 49.9023
129 96.4344 14.3308 45.9102
138 126.166 29.359 49.9023
140 100.611 21.4092 45.9102
164 110.689 21.9363 49.9023
173 49.599 10.6725 26.9473
180 56.3338 11.6197 30.9395
185 63.4766 18.0011 38.9238
187 73.881 26.6449 42.916
188 50.9202 11.487 28.9434
190 95.1028 16.0095 45.9102
194 100.962 17.8577 49.9023
197 99.5198 17.4842 45.9102
212 93.7695 15.1953 49.9023
236 53.7691 11.7535 24.9512
237 52.6266 8.77151 28.9434
239 53.6662 13.1511 30.9395
243 55.5146 13.8724 26.9473
247 55.4858 10.9923 32.9355
