1 92.4894 15.1887 41.918
8 109.043 22.0696 45.9102
15 77.1931 16.2087 29.9414
20 100.913 20.2166 49.9023
50 23.4369 7.88535 14.9707
53 53.7516 15.6594 30.9395
55 56.3475 15.8439 40.9199
56 23.6046 6.86031 14.9707
57 57.8206 18.5588 36.9277
58 53.8137 13.7708 32.9355
119 54.2545 12.4015 28.9434
121 54.6668 12.1846 28.9434
123 74.8958 17.9039 44.9121
128 89.4169 14.7044 41.918
129 88.9277 14.0996 45.9102
138 103.352 26.0445 45.9102
140 91.3925 20.0003 41.918
164 104.356 21.446 45.9102
173 47.8096 14.136 28.9434
180 45.5439 11.7828 24.9512
185 60.1056 18.2101 38.9238
187 64.4647 18.1665 40.9199
188 48.1452 12.7244 28.9434
190 84.1225 15.0743 37.9258
194 82.7813 16.3199 33.9336
197 89.1673 17.4233 37.9258
212 85.6531 14.8836 37.9258
236 46.975 9.71819 24.9512
237 44.5433 10.8574 26.9473
239 47.6912 11.4164 24.9512
243 51.3585 16.0211 24.9512
247 53.5637 10.0307 30.9395
