1 95.5726 15.6718 41.918
8 108.689 20.78 49.9023
15 72.2052 15.0765 33.9336
20 92.7037 17.5492 45.9102
50 22.2816 8.04168 16.9668
53 51.7011 10.4648 26.9473
55 55.5141 18.2546 34.9316
56 23.6627 6.66721 16.9668
57 55.8727 16.8155 40.9199
58 52.8635 13.0978 32.9355
119 45.2727 14.1435 28.9434
121 49.9553 10.8513 26.9473
123 62.19 14.2109 38.9238
128 86.9078 13.9242 41.918
129 87.7166 13.7186 45.9102
138 103.19 25.698 49.9023
140 91.8638 19.9417 45.9102
164 101.643 20.9467 49.9023
173 49.3038 12.5587 24.9512
180 45.3371 14.2526 24.9512
185 59.7731 18.6502 32.9355
187 60.7216 18.8239 40.9199
188 48.1643 12.9432 30.9395
190 84.6191 15.0413 37.9258
194 83.9919 17.1414 33.9336
197 88.4712 16.7061 37.9258
212 81.0568 14.1304 37.9258
236 45.2093 8.13612 20.959
237 43.3383 10.5637 22.9551
239 40.6503 8.03366 24.9512
243 42.3505 11.163 24.9512
247 42.6632 10.3967 22.9551
