1 96.3008 15.4131 41.918
8 108.962 20.933 45.9102
15 75.2827 15.5532 33.9336
20 93.5121 18.148 45.9102
50 23.3872 7.51371 16.9668
53 53.8882 12.571 30.9395
55 56.6126 15.2082 36.9277
56 23.8421 6.38508 16.9668
57 58.8379 15.2138 36.9277
58 52.8202 12.6491 34.9316
119 54.7048 12.6046 32.9355
121 51.8483 11.9133 28.9434
123 69.0665 15.3653 38.9238
128 86.8467 13.6923 45.9102
129 87.4544 13.483 45.9102
138 102.981 25.6646 45.9102
140 93.2678 18.8185 45.9102
164 102.097 21.1755 49.9023
173 49.0551 11.0211 24.9512
180 46.1138 11.8676 26.9473
185 59.4764 18.0528 34.9316
187 63.7513 24.2925 40.9199
188 49.5156 12.7486 28.9434
190 85.7088 15.2773 41.918
194 84.7142 16.8968 33.9336
197 90.2554 17.0702 41.918
212 82.7686 14.3549 41.918
236 49.8735 10.4882 24.9512
237 47.6573 9.34891 26.9473
239 46.4214 12.7432 26.9473
243 50.9698 12.1518 26.9473
247 51.1897 9.41965 26.9473
