1 87.0666 15.1451 41.918
8 100.407 21.5009 45.9102
15 71.2623 16.6056 29.9414
20 99.2735 19.7365 45.9102
50 20.0246 8.72075 16.9668
53 50.3232 13.2494 30.9395
55 53.6765 18.6334 30.9395
56 22.588 7.2875 14.9707
57 54.5575 17.7067 32.9355
58 52.129 12.9697 30.9395
119 54.0974 14.7021 28.9434
121 53.2461 11.0451 28.9434
123 73.9947 17.4277 48.9043
128 82.0039 14.5483 37.9258
129 80.93 14.6364 37.9258
138 95.6188 25.835 37.9258
140 86.9372 20.1918 37.9258
164 100.383 21.5578 45.9102
173 41.2517 12.6441 16.9668
180 42.5906 11.3978 22.9551
185 58.7764 18.7726 36.9277
187 64.6947 21.9021 42.916
188 48.1931 13.3402 30.9395
190 80.3182 15.6484 37.9258
194 76.5786 17.7836 29.9414
197 85.0938 17.8921 33.9336
212 82.9078 15.1098 37.9258
236 44.0188 9.99341 20.959
237 43.0596 11.5345 18.9629
239 44.1406 8.92833 22.9551
243 48.9991 14.89 26.9473
247 53.8481 12.1948 28.9434
