1 94.7343 15.6185 45.9102
8 108.723 21.2453 49.9023
15 72.4991 15.7874 33.9336
20 93.6023 18.1456 45.9102
50 23.2156 7.35646 16.9668
53 52.1312 11.828 28.9434
55 55.9266 17.935 40.9199
56 23.6031 7.13272 14.9707
57 56.7311 17.6728 36.9277
58 53.0601 13.1438 32.9355
119 47.0222 15.9413 26.9473
121 50.4955 12.3152 26.9473
123 64.7099 15.2074 40.9199
128 85.7188 14.3784 37.9258
129 86.669 13.4382 41.918
138 102.101 25.2545 49.9023
140 90.9579 19.5767 45.9102
164 101.034 20.697 49.9023
173 47.2234 12.5089 24.9512
180 45.3355 11.6019 26.9473
185 59.1274 18.7958 34.9316
187 60.9652 21.1724 42.916
188 48.5057 12.9017 28.9434
190 83.4479 14.7305 37.9258
194 82.8227 16.778 33.9336
197 88.0234 16.7392 37.9258
212 80.8199 14.1753 37.9258
236 46.166 9.61823 24.9512
237 43.6837 9.96238 24.9512
239 41.5328 7.88377 22.9551
243 43.1205 11.7795 24.9512
247 44.3943 10.0886 22.9551
