1 91.1341 15.7423 41.918
8 106.995 22.05 41.918
15 81.3599 16.4846 37.9258
20 99.8856 19.6189 45.9102
50 22.3753 8.43044 16.9668
53 52.6507 11.4497 30.9395
55 54.5567 17.8213 40.9199
56 23.1573 7.10015 16.9668
57 55.5302 17.7426 40.9199
58 52.7227 13.1921 32.9355
119 50.6523 13.4424 28.9434
121 51.5874 10.7187 26.9473
123 68.0977 15.997 42.916
128 87.6828 14.4142 41.918
129 88.1499 14.2911 45.9102
138 98.8232 24.6234 49.9023
140 87.8484 19.9427 37.9258
164 101.339 20.9751 49.9023
173 46.1915 14.7104 22.9551
180 44.6091 11.9493 24.9512
185 61.1937 20.8263 32.9355
187 61.5968 20.9433 40.9199
188 49.2603 13.5306 30.9395
190 83.0345 14.8388 41.918
194 80.2701 16.9255 33.9336
197 85.5153 16.6227 37.9258
212 80.9938 14.2827 37.9258
236 46.1934 10.1832 24.9512
237 44.5015 12.7124 24.9512
239 44.2613 9.44455 24.9512
243 46.9216 15.3851 26.9473
247 50.4389 11.1992 26.9473
