0 94.9795 16.8109 44.2614
1 91.6371 15.2868 42.6962
2 92.4888 15.6527 44.024
3 98.6999 17.0822 46.4597
4 109.258 16.9172 55.0421
5 98.5338 20.039 42.5115
6 93.5315 18.6028 40.2077
7 95.5286 18.4244 42.195
8 106.391 21.523 45.6156
9 94.7693 18.6 40.6825
10 102.237 18.4052 46.9873
11 98.8144 17.4636 45.9058
12 89.6906 17.7342 40.9463
13 97.0868 20.8837 42.8457
14 87.1993 16.2094 38.7568
15 73.2947 16.0394 32.6454
16 89.3443 17.2481 40.0582
17 98.1772 19.6177 45.044
18 93.4286 17.6408 43.9185
19 97.5764 17.7769 46.2487
20 93.9391 18.463 45.3694
21 88.3778 14.792 42.7314
22 90.0086 16.4448 42.2213
23 93.7234 14.929 46.6796
24 91.0428 14.7136 44.7978
25 95.1349 16.7796 45.0264
26 97.7445 19.7202 43.1622
27 98.1698 19.9999 44.235
28 103.091 19.4909 47.7436
29 100.268 19.7101 45.4045
30 95.1769 17.1779 44.2174
31 90.3848 16.4311 43.5931
32 90.1733 16.0027 44.5516
33 90.3195 16.8336 42.4939
34 94.5056 17.6386 44.2438
35 105.797 23.6239 49.4583
36 94.1502 17.3747 45.1144
37 91.5626 16.8202 44.1207
38 99.6352 18.2826 48.7108
39 111.229 21.2127 54.6288
40 99.5089 18.0337 50.5838
41 97.0051 17.5988 49.256
42 49.4518 10.0035 26.989
43 50.4969 11.3878 26.4351
44 48.1719 11.7918 26.8044
45 52.7627 12.3026 28.2025
46 53.5193 12.7251 31.5616
47 48.435 11.9175 23.8718
48 49.1242 12.2505 24.7335
49 48.3808 11.7263 25.6964
50 22.3453 7.92397 16.5425
51 53.7043 12.6307 28.4267
52 54.8366 14.4014 30.2206
53 51.6604 12.152 28.7213
54 50.9442 20.2574 33.439
55 55.0016 17.7065 37.5411
56 23.1575 7.00518 16.0281
57 56.1163 17.1072 36.9827
58 52.1848 12.9572 32.8498
59 57.7978 18.5456 34.8811
60 34.7177 10.3748 30.2865
61 52.6002 10.041 30.1898
62 26.1309 9.94817 18.3671
63 96.7019 15.7782 47.7524
64 102.958 16.456 52.1666
65 102.472 19.2486 46.5389
66 91.6134 19.5741 38.5809
67 94.0278 23.473 39.4954
68 96.3717 19.4873 41.852
69 91.5631 19.3515 40.0054
70 90.306 16.4128 43.3117
71 107.455 19.8983 49.6341
72 103.159 21.166 46.8642
73 104.016 20.5512 46.108
74 95.0646 18.7114 42.4763
75 94.7335 20.0948 43.1798
76 91.7307 18.2548 41.2013
77 91.125 16.2661 42.7226
78 95.4561 17.4928 46.6972
79 93.1163 16.526 45.4661
80 98.9708 20.0734 46.2487
81 101.375 20.3496 47.3918
82 0 0 0
83 0 0 0
84 96.3801 16.6313 45.4749
85 92.1856 16.3619 42.6522
86 90.1684 15.9286 42.5203
87 95.3416 16.8717 45.6683
88 99.2184 15.8214 49.7309
89 89.1031 17.1293 40.3835
90 90.7608 17.5774 41.7289
91 94.7436 17.0467 45.3694
92 98.5728 16.6948 47.9282
93 94.3071 18.7992 43.1974
94 94.6355 17.0014 43.3469
95 94.6037 16.945 45.4309
96 88.2625 16.4872 42.1862
97 104.607 20.1991 49.6254
98 106.526 18.7609 51.938
99 100.308 17.9774 48.7548
100 103.127 20.1505 49.1857
101 95.8364 19.0958 45.2726
102 111.557 22.4343 52.9405
103 0 0 0
104 0 0 0
105 46.7779 9.77725 25.1336
106 48.0987 9.5365 25.1776
107 47.6005 10.5566 25.7228
108 46.7393 9.7275 26.6241
109 50.7008 8.90152 28.9456
110 50.1206 13.0332 26.3471
111 48.4078 10.4128 23.6388
112 48.4868 11.9506 26.2108
113 47.5522 10.8543 28.0706
114 54.9127 13.7511 29.8864
115 45.868 8.8641 26.3911
116 48.2545 8.96121 27.8288
117 49.012 14.2696 28.1498
118 53.034 14.7633 31.0208
119 48.4327 12.7457 27.565
120 53.4011 11.6612 30.436
121 50.1541 11.3718 27.8024
122 57.4804 16.6132 34.8107
123 66.376 16.3104 40.6979
124 0 0 0
125 0 0 0
126 92.3981 14.0235 47.4974
127 89.5951 14.3834 42.1598
128 85.1591 14.3197 39.6625
129 85.8584 13.9626 41.6498
130 100.421 14.6602 53.2218
131 90.9484 17.209 40.6649
132 85.0361 16.3868 38.2467
133 100.081 21.8974 43.681
134 113.166 26.561 49.1241
135 93.6245 18.4514 40.3132
136 92.8711 15.9776 44.7802
137 96.6885 19.5629 44.8857
138 99.6754 24.8184 46.8994
139 88.6458 17.8806 40.4363
140 89.1667 19.606 40.8847
141 87.9317 16.3588 42.0103
142 87.3591 16.9427 38.5897
143 100.833 20.5768 46.8554
144 97.5186 17.8134 44.6659
145 105.769 20.3979 50.7157
146 110.725 20.9548 54.1276
147 106.174 18.6512 49.0626
148 93.1728 15.5767 44.7978
149 94.3104 15.3913 45.6595
150 90.6756 14.3598 46.5213
151 101.998 15.9643 52.1227
152 91.8546 16.7553 41.4915
153 90.9894 16.5646 41.9927
154 88.8152 16.1861 40.9903
155 99.52 16.7219 47.3303
156 92.3353 15.1115 45.9761
157 97.5308 16.7051 47.5677
158 96.7151 17.153 47.2511
159 80.0105 15.2236 39.2756
160 94.1337 17.4562 44.4636
161 101.845 19.0849 48.28
162 99.5598 17.9265 48.192
163 94.6355 17.4548 45.2814
164 100.929 20.9519 48.5262
165 117.498 25.8493 56.9414
166 96.8107 16.699 48.28
167 115.489 28.2891 59.5443
168 46.4059 8.52519 25.8239
169 47.7873 9.97868 25.2128
170 47.2602 9.77867 26.5538
171 54.8714 11.1846 29.9568
172 50.5836 9.12108 28.5806
173 45.4395 14.0454 22.7418
174 45.2458 10.6706 23.0936
175 45.5176 9.36035 24.6192
176 48.5241 9.97904 26.5054
177 51.2567 11.5711 28.2509
178 50.3312 10.2772 28.418
179 49.6076 10.0529 28.8796
180 44.3536 12.5154 24.8435
181 49.5265 11.4823 26.8791
182 51.3532 11.6537 28.651
183 24.9449 6.98458 22.9045
184 49.0042 9.57084 29.7633
185 59.1891 18.86 32.8454
186 51.1788 10.0068 29.4336
187 61.2172 20.3893 41.8454
188 49.0305 12.8622 28.8532
189 82.8238 20.5972 42.8457
190 83.2086 15.1113 38.8271
191 91.4559 15.219 45.1056
192 95.1362 17.996 41.6586
193 84.7329 17.6441 35.3977
194 80.8658 17.0354 33.4104
195 89.9191 15.624 42.2389
196 94.3827 16.4908 43.9097
197 86.549 16.9304 38.194
198 90.2569 17.1052 41.8696
199 90.3029 16.7994 41.3332
200 91.5199 16.7171 42.0191
201 91.6397 20.7281 42.4236
202 91.4479 15.5926 45.3782
203 96.463 18.8254 45.1407
204 97.741 20.0574 47.128
205 97.5374 16.7369 47.6556
206 98.5541 19.1867 46.4246
207 100.764 20.9771 47.2775
208 0 0 0
209 0 0 0
210 92.5331 15.4284 43.936
211 89.6709 15.848 41.5003
212 80.6075 14.2932 38.4314
213 85.588 14.5269 41.0518
214 86.2063 13.7657 42.5731
215 82.5617 15.2473 38.493
216 78.6956 15.5345 36.1627
217 103.152 18.2584 48.4822
218 87.3232 14.2807 42.5995
219 87.8142 15.4022 42.8281
220 89.0397 15.2953 42.3357
221 101.501 16.7261 50.6454
222 88.2048 16.0087 41.8872
223 94.5738 20.4432 42.9512
224 92.1637 17.1753 45.0176
225 88.8296 17.0055 42.151
226 107.485 20.1604 53.512
227 115.019 22.8999 56.8447
228 117.531 21.563 60.6346
229 0 0 0
230 0 0 0
231 50.3792 10.7104 25.8503
232 44.8462 9.58134 24.0301
233 46.7279 8.87143 25.3271
234 50.8507 10.5739 27.0242
235 64.511 17.6176 36.2704
236 46.1382 10.1514 22.8474
237 44.3564 10.5229 23.586
238 46.8269 11.7696 24.1092
239 43.2683 9.68867 23.863
240 57.9592 12.5689 31.1307
241 46.4333 10.7702 26.3251
242 50.2941 8.8167 29.5743
243 45.7371 13.5219 25.5909
244 50.629 11.8634 28.7697
245 51.844 11.2498 28.8796
246 50.1241 9.51179 28.4531
247 46.669 10.3791 26.3119
248 49.7966 10.9791 28.9983
249 52.9817 11.4415 30.1239
250 0 0 0
251 0 0 0
