0.344211
0.48282
0.577418
0.545249
0.279776
0.926188
0.185922
0.878092
0.0209796
0.705516
0.398591
0.927822
0.492404
0.588514
0.496857
0.201305
0.498744
0.311334
0.534921
0.674615
0.323592
0.415357
0.171245
0.498431
0.708094
0.987836
0.153297
0.678406
0.883121
0.0597739
0.602073
0.35993
0.83393
0.744898
0.612661
0.194617
0.390419
0.129106
0.0870591
0.122486
0.511258
0.298922
0.0281307
0.829323
0.602983
0.74427
0.581581
0.320462
0.187267
0.806892
0.970597
0.184459
0.0624447
0.433474
0.627974
0.771109
0.623756
0.895288
0.185245
0.543813
0.39656
0.911954
0.532984
0.588589
0.452159
0.975996
0.39936
0.529309
0.706032
0.626675
0.0490816
0.702362
0.308067
0.668957
0.260334
0.804223
0.598924
0.47873
0.0569195
0.626777
0.906103
0.371738
0.139119
0.281346
0.0813464
0.991218
0.345868
0.384067
0.877641
0.664092
0.0201083
0.722954
0.720615
0.801355
0.735698
0.106282
0.182034
0.675358
0.084468
0.741939
0.367606
0.466551
0.804016
0.0408973
0.574074
0.465583
0.3758
0.24231
0.359417
0.117969
0.400421
0.635953
0.690136
0.362527
0.108898
0.649905
0.313417
0.167482
0.596995
0.0525766
0.377717
0.813936
0.47336
0.2972
0.463934
0.166495
0.991721
0.68284
0.419248
0.199874
0.371048
0.083511
0.139844
0.529183
0.195227
0.132258
0.442961
0.0297514
0.0569201
0.977321
0.0990706
0.967245
0.662808
0.561557
0.729442
0.972193
0.0170235
0.32043
0.378197
0.801241
0.1437
0.135887
0.773003
0.298575
0.414789
0.45162
0.784302
0.525886
0.497407
0.873765
0.987246
0.488999
0.00857558
0.820796
0.252733
0.451657
0.880989
0.496059
0.110151
0.95238
0.8942
0.720941
0.904371
0.233975
0.143982
0.322082
0.733788
0.526673
0.551747
0.213689
0.0639628
0.781443
0.246489
0.541741
0.939364
0.925429
0.173888
0.611934
0.189234
0.723685
0.665313
0.153793
0.456417
0.949448
0.788078
0.36013
0.572872
0.76851
0.0849543
0.473343
0.346976
0.868313
0.824995
0.627256
0.695659
0.874244
0.993786
0.581814
0.574559
0.48325
0.240588
0.264259
0.29327
0.960942
0.376834
0.493596
0.588093
0.0311932
0.981917
0.359996
0.448814
0.134951
0.770905
0.211526
0.86802
0.254632
0.165334
0.742434
0.167331
0.215916
0.813079
0.104761
0.621994
0.232253
0.0260968
0.321551
0.208172
0.849653
0.910508
0.102274
0.15111
0.368744
0.855596
0.120069
0.337201
0.214094
0.258033
0.24962
0.570504
0.300419
0.697253
0.0363412
0.800451
0.704444
0.0791348
0.220516
0.134866
0.826298
0.0164691
0.488511
0.826272
0.822589
0.613956
0.0071687
0.717163
0.257531
0.559053
0.778732
0.865641
0.0141045
0.755364
0.736408
0.273145
0.622423
0.290078
0.15139
0.363084
0.341422
0.749098
0.0709774
0.152253
0.989616
0.259167
0.230363
0.092664
0.613964
0.694812
0.507481
0.693296
0.175204
0.688129
0.560952
0.139999
0.94871
0.0717432
0.152935
0.951992
0.4567
0.89932
0.437194
0.348613
0.930967
0.622425
0.313501
0.540779
0.519529
0.214129
0.623605
0.0252366
0.724447
0.483903
0.9881
0.0456422
0.874003
0.220597
0.31011
0.498378
0.406838
0.709278
0.793228
0.0818965
0.620442
0.341172
0.705899
0.856152
0.45034
0.2676
0.112464
0.161539
0.888305
0.843585
0.0217301
0.538621
0.271155
0.292877
0.0181198
0.166518
0.582588
0.530554
0.045854
0.559261
0.502126
0.733108
0.573889
0.361569
0.324107
0.974394
0.989879
0.351817
0.632105
0.404752
0.872262
0.108159
0.732843
0.536702
0.918294
0.95628
0.0520838
0.494121
0.813338
0.595768
0.550286
0.398569
0.119324
0.287186
0.995814
0.763581
0.99144
0.209096
0.0518341
0.0278856
0.63807
0.184784
0.00985802
0.0835059
0.100019
0.714871
0.24912
0.542326
0.855975
0.560512
0.763405
0.98819
0.831766
0.140305
0.68327
0.179306
0.791439
0.920094
0.239337
0.497908
0.825747
0.871323
0.0332836
0.400922
0.624226
0.982855
0.151202
0.164806
0.749164
0.0940292
0.19615
0.784771
0.571172
0.0509974
0.023336
0.763287
0.282018
0.0589255
0.104908
0.504023
0.634946
0.470018
0.45295
0.517046
0.801068
0.688358
0.583132
0.654053
0.513118
0.943662
0.542658
0.102056
0.896852
0.394215
0.785737
0.185174
0.0432411
0.854774
0.876248
0.503212
0.817674
0.0492689
0.276773
0.573208
0.954592
0.512972
0.328957
0.779713
0.476502
0.331267
0.17265
0.95943
0.741216
0.69508
0.686111
0.391399
0.530144
0.49471
0.744354
0.921242
0.945686
0.133807
0.433802
0.102279
0.717348
0.982326
0.521463
0.220531
0.846502
0.916466
0.892749
0.222894
0.63754
0.715365
0.706229
0.80835
0.130402
0.621764
0.900102
0.0542007
0.212932
0.60957
0.184662
0.768019
0.904736
0.248976
0.701988
0.018537
0.709884
0.0101431
0.725071
0.466792
0.622643
0.127764
0.065278
0.956639
0.586601
0.121027
0.597401
0.669972
0.471913
0.336478
0.253125
0.180105
0.543384
0.0287249
0.190475
0.266139
0.175818
0.414113
0.231933
0.164788
0.739804
0.989355
0.753751
0.37075
0.814369
0.641397
0.724595
0.433547
0.364211
0.621929
0.184318
0.631636
0.161959
0.522391
0.603519
0.921651
0.349664
0.585581
0.594222
0.220614
0.314964
0.493905
0.354767
0.70787
0.220041
0.35311
0.196626
0.978853
0.168573
0.951392
0.237961
0.530663
0.0982047
0.200788
0.536808
0.0862755
0.0323437
0.265608
0.0485571
0.745244
0.011243
0.709701
0.875165
0.828991
0.516074
0.269157
0.283715
0.354681
0.908588
0.090995
0.32655
0.596415
0.785422
0.142313
0.165289
0.708506
0.675791
0.176618
0.26273
0.0299181
0.504935
0.17671
0.00919457
0.946653
0.834558
0.389176
0.45002
0.939908
0.83093
0.0129064
0.656846
0.215911
0.0270866
0.4878
0.232169
0.0997655
0.524608
0.628576
0.181521
0.0495452
0.782575
0.683349
0.474915
0.310654
0.591003
0.613736
0.272267
0.811026
0.548278
0.48506
0.474496
0.837058
0.177928
0.633641
0.337147
0.653268
0.562403
0.666704
0.883687
0.16174
0.581138
0.210981
0.546226
0.801815
0.102624
0.0380271
0.936494
0.442242
0.115318
0.731426
0.539708
0.895499
0.569302
0.600075
0.502664
0.214071
0.276562
0.223525
0.282975
0.184141
0.423948
0.695058
0.375355
0.870535
0.205632
0.245648
0.107418
0.273472
0.381268
0.501573
0.843467
0.209591
0.514569
0.470476
0.177962
0.483558
0.0861034
0.520882
0.837319
0.31547
0.54257
0.624301
0.174088
0.355798
0.61345
0.431314
0.0476528
0.128858
0.727451
0.68926
0.376554
0.174402
0.953323
0.385554
0.0872308
0.860411
0.284488
0.588277
0.372137
0.802307
0.489352
0.609917
0.528516
0.645361
0.0840818
0.666305
0.914669
0.28928
0.755672
0.342888
0.286523
0.250966
0.939031
0.148305
0.278756
0.406983
0.533019
0.59814
0.514725
0.733183
0.831476
0.941445
0.420538
0.813725
0.972114
0.321456
0.556201
0.411116
0.83494
0.935766
0.611575
0.0407493
0.623605
0.371156
0.629596
0.68759
0.502719
0.992965
0.895276
0.192608
0.222406
0.718878
0.802265
0.808962
0.713355
0.699016
0.0244788
0.353592
0.596376
0.915142
0.490382
0.835559
0.207693
0.879323
0.872287
0.904264
0.313584
0.673101
0.571155
0.0867163
0.171544
0.542605
0.444143
0.0146641
0.987598
0.671307
0.723518
0.526145
0.731679
0.903301
0.0879875
0.229893
0.609789
0.725111
0.0475143
0.277109
0.453471
0.863095
0.285194
0.278122
0.400473
0.925401
0.611647
0.127967
0.248217
0.625698
0.122576
0.103112
0.335451
0.0102758
0.0354088
0.976813
0.813868
0.492222
0.414776
0.165568
0.647753
0.814736
0.977055
0.343536
0.480675
0.0512372
0.319907
0.391727
0.174086
0.387718
0.699832
0.830949
0.631334
0.514543
0.142395
0.00894444
0.87718
0.606213
0.495331
0.816817
0.521601
0.726296
0.521906
0.0259752
0.501051
0.99366
0.0110418
0.389748
0.943542
0.6784
0.880238
0.297577
0.361308
0.406749
0.877671
0.967303
0.146125
0.225962
0.828289
0.960825
0.845251
0.0759626
0.365795
0.189492
0.633657
0.258709
0.362245
0.185488
0.412443
0.423129
0.311041
0.509786
0.350208
0.123794
0.0869001
0.28452
0.163913
0.108396
0.934764
0.711081
0.533854
0.988526
0.278936
0.560054
0.308053
0.865311
0.200802
0.0852592
0.647044
0.98801
0.370776
0.786212
0.677702
0.508803
0.693741
0.313753
0.368743
0.471378
0.713734
0.291398
0.213489
0.791568
0.36272
0.0295714
0.967998
0.827977
0.962452
0.31856
0.243782
0.759813
0.98318
0.284407
0.691797
0.440596
0.852513
0.924067
0.721717
0.463226
0.063353
0.493433
0.336537
0.787853
0.28247
0.765597
0.538647
0.361086
0.924521
0.224374
0.368536
0.142231
0.207684
0.879732
0.5543
0.336426
0.975716
0.137124
0.0596314
0.112318
0.773959
0.882012
0.219493
0.400882
0.909396
0.304028
0.366076
0.0649702
0.340307
0.127782
0.599716
0.535741
0.410161
0.831901
0.860284
0.993776
0.111091
0.867774
0.941273
0.849517
0.44587
0.702165
0.510225
0.748413
0.176446
0.845301
0.984757
0.988749
0.718232
0.158116
0.185954
0.510577
0.29634
0.0281545
0.440255
0.829264
0.886409
0.242214
0.977769
0.0875233
0.741813
0.470256
0.964706
0.332776
0.533237
0.399618
0.624915
0.0674222
0.260534
0.387631
0.129054
0.8284
0.399846
0.299981
0.757211
0.696768
0.683813
0.301459
0.0662834
0.288878
0.660461
0.487699
0.862698
0.0623856
0.484657
0.203739
0.299172
0.13165
0.823726
0.926129
0.675969
0.452204
0.583583
0.284734
0.539274
0.308854
0.686852
0.402608
0.504945
0.774009
0.221695
0.287997
0.85956
0.293269
0.761637
0.390793
0.355841
0.139637
0.761416
0.569907
0.129292
0.129116
0.507216
0.968815
0.857483
0.918728
0.428656
0.943953
0.0699778
0.0735659
0.338818
0.627471
0.859093
0.565017
0.549712
0.462947
0.301704
0.803114
0.120755
0.493783
0.717661
0.995735
0.845275
0.340318
0.835117
0.506995
0.483725
0.671232
0.452301
0.814124
0.251342
0.251432
0.654952
0.403498
0.909653
0.965766
0.684237
0.786963
0.26278
0.844273
0.331825
0.316918
0.256015
0.210755
0.354726
0.172017
0.873131
0.2528
0.554666
0.546101
0.713474
0.397055
0.557248
0.336921
0.679388
0.524156
0.445418
0.586603
0.116564
0.475197
0.11813
0.219529
0.301782
0.57397
0.656337
0.550525
0.174105
0.945567
0.744524
0.0665474
0.977036
0.0245832
0.664545
0.844292
0.599217
0.269855
0.435044
0.655932
0.257999
0.936508
0.810973
0.026625
0.795918
0.87077
0.199495
0.0771201
0.500397
0.666917
0.277466
0.824239
0.674019
0.485259
0.660253
0.726897
0.429952
0.132246
0.122903
0.235283
0.278333
0.509707
0.331287
0.0110285
0.44662
0.970284
0.885772
0.257841
0.347559
0.81478
0.773305
0.747889
0.116123
0.634843
0.725263
0.839317
0.0780451
0.31843
0.272541
0.510488
0.500424
0.08943
0.598858
0.0495055
0.787623
0.67392
0.660796
0.653922
0.464356
0.346065
0.0590528
0.171754
0.0321682
0.217952
0.626113
0.33411
0.213712
0.256045
0.234607
0.108156
0.634371
0.743759
0.579707
0.944508
0.506124
0.222063
0.855146
0.131847
0.349121
0.5851
0.0883382
0.900533
0.774985
0.183975
0.219765
0.997428
0.689657
0.540877
0.158057
0.260259
0.128596
0.5083
0.886369
0.709482
0.727763
0.299792
0.536735
0.784915
0.182796
0.350599
0.233632
0.751143
0.267411
0.734197
0.0317734
0.316078
0.638961
0.557172
0.0730499
0.221665
0.786524
0.166217
0.489963
0.14975
0.0119131
0.0345248
0.838179
0.787297
0.946583
0.793677
0.342256
0.0943984
0.207866
0.440596
0.205801
0.926392
0.996266
0.692519
0.711664
0.121859
0.0964598
0.791678
0.95258
0.741166
0.220254
0.987823
0.181387
0.00985115
0.98834
0.841931
0.679313
0.182401
0.405128
0.424947
0.339245
0.139081
0.971093
0.10845
0.286316
0.189358
0.768249
0.111297
0.67378
0.336293
0.349832
0.244033
0.318831
0.424307
0.480057
0.95576
0.83044
0.820599
0.182429
0.626812
0.0534132
0.904181
0.891712
0.0403087
0.475462
0.539509
0.871358
0.550586
0.222821
0.276456
0.950481
0.296147
0.499911
0.386059
0.130797
0.357184
0.964763
0.754505
0.807867
0.668678
0.0795105
0.167946
0.732393
0.815251
0.313291
0.987486
0.92106
0.0360071
0.331551
0.414398
0.476264
0.629374
0.352166
0.060718
0.329648
0.400334
0.198861
0.416701
0.82957
0.297515
0.581746
0.744147
0.068271
0.511738
0.831536
0.15139
0.31088
0.203491
0.369608
0.0241906
0.582681
0.61404
0.371097
0.936473
0.185613
0.837964
0.501776
0.884102
0.568699
0.910402
0.962954
0.153006
0.550005
0.27501
0.852225
0.220321
0.0297483
0.269764
0.766699
0.805398
0.176271
0.174747
0.792055
0.762249
0.303279
0.19214
0.0459704
0.733203
0.156363
0.154742
0.981894
0.616676
0.723283
0.690663
0.980646
0.664672
0.899117
0.943575
0.352776
0.120938
0.381417
0.0236475
0.279635
0.648305
0.174196
0.144545
0.439342
0.214952
0.89576
0.359063
0.92943
0.438255
0.200298
0.6028
0.0104995
0.614762
0.875309
0.27438
0.99094
0.192065
0.849921
0.316529
0.171328
0.0144548
0.594519
0.816037
0.105134
0.0540594
0.861306
0.255695
0.832349
0.0525938
0.866975
0.0746832
0.795305
0.688354
0.883403
0.710432
0.362172
0.513
0.141631
0.97414
0.353158
0.444756
0.253107
0.0862443
0.0458324
0.329884
0.0931602
0.583858
0.645791
0.567921
0.118894
0.232281
0.0230968
0.220982
0.106002
0.750624
0.663044
0.767101
0.473775
0.623369
0.680858
0.629525
0.891179
0.897008
0.805564
0.151197
0.347836
0.0921236
0.0240706
0.495664
0.294369
0.347278
0.29014
0.238577
0.928734
0.380855
0.808102
0.240654
0.468342
0.0123225
0.385467
0.438587
0.442579
0.884974
0.466355
0.363332
0.721959
0.790692
0.901653
0.375523
0.532707
0.920652
0.672729
0.342553
0.859823
0.973617
0.164374
0.074019
0.181822
0.800544
0.407419
0.835424
0.130976
0.873416
0.99473
0.440488
0.986147
0.911328
0.798393
0.435272
0.660052
0.0103332
0.506365
0.284107
0.995086
0.980755
0.864985
0.295023
0.738594
0.78521
0.0202988
0.106314
0.499087
0.562047
0.243381
0.0676748
0.0909495
0.816362
0.469376
0.563131
0.305506
0.305644
0.891831
0.478164
0.352601
0.994441
0.917264
0.39514
0.332613
0.394738
0.944658
0.197774
0.577051
0.489792
0.200769
0.729322
0.156455
0.677977
0.383977
0.821477
0.292144
0.797494
0.127416
0.295954
0.539167
0.835418
0.201379
0.371881
0.46768
0.280126
0.228562
0.989452
0.732287
0.209927
0.19719
0.253276
0.557958
0.364847
0.449517
0.582873
0.761917
0.733047
0.336588
0.393607
0.205651
0.850769
0.350021
0.984052
0.899413
0.17163
0.613428
0.99512
0.175273
0.460974
0.0902783
0.607807
0.836335
0.792646
0.809687
0.354123
0.437922
0.309739
0.564941
0.154367
0.302403
0.791101
0.745567
0.811407
0.440676
0.473727
0.667745
0.745541
0.654646
0.596171
0.73235
0.68165
0.227589
0.911883
0.402132
0.340638
0.701132
0.0832725
0.392571
0.732486
0.613083
0.376294
0.611773
0.0522587
0.30129
0.835223
0.555647
0.780454
0.42202
0.171988
0.492471
0.947199
0.340007
0.957534
0.663399
0.451455
0.719468
0.382005
0.196593
0.0131076
0.649869
0.163102
0.916891
0.756998
0.644842
0.41866
0.270675
0.085013
0.494126
0.751154
0.109282
0.307884
0.219505
0.289022
0.871367
0.0182468
0.188695
0.0864788
0.725442
0.645891
0.675741
0.0837293
0.752537
0.406866
0.311911
0.752171
0.643878
0.695381
0.3712
0.876125
0.868246
0.0800664
0.402197
0.620412
0.529233
0.352706
0.432913
0.855585
0.624085
0.508106
0.525775
0.786494
0.0588079
0.062292
0.780211
0.318713
0.534264
0.0313488
0.639117
0.369123
0.880557
0.292967
0.837976
0.263279
0.975152
0.436334
0.485052
0.899394
0.656464
0.805677
0.177772
0.642843
0.227866
0.0599629
0.511212
0.498031
0.538132
0.587024
0.307199
0.615433
0.556216
0.629508
0.798357
0.483461
0.423948
0.32026
0.015317
0.424784
0.319383
0.805258
0.695181
0.286973
0.553896
0.538632
0.516641
0.314824
0.895073
0.425701
0.146275
0.987681
0.62499
0.696713
0.797533
0.276067
0.6681
0.85982
0.799565
0.395581
0.815999
0.325262
0.187999
0.293194
0.471323
0.175804
0.74012
0.167845
0.278058
0.839594
0.452327
0.192395
0.0653563
0.54212
0.276227
0.949812
0.0194362
0.348496
0.749739
0.675584
0.200191
0.743886
0.470205
0.653466
0.54524
0.251236
0.591461
0.676843
0.179454
0.205313
0.245326
0.140657
0.405485
0.0711344
0.991557
0.73304
0.033125
0.935615
0.738235
0.216943
0.0172921
0.96959
0.53004
0.549716
0.656984
0.396247
0.295048
0.249323
0.520643
0.707561
0.517159
0.562209
0.422649
0.110275
0.627127
0.996869
0.510277
0.986372
0.454279
0.975722
0.296811
0.386961
0.564181
0.246883
0.299399
0.331588
0.390431
0.33923
0.328359
0.847038
0.983923
0.0368596
0.227368
0.954339
0.0678609
0.143529
0.0237554
0.0265972
0.234216
0.175523
0.319544
0.804268
0.870473
0.395728
0.2757
0.271307
0.156554
0.732897
0.882797
0.469951
0.695335
0.227764
0.763657
0.837682
0.225214
0.145394
0.445928
0.98246
0.0565973
0.507477
0.79514
0.353804
0.809876
0.343091
0.195131
0.161726
0.205183
0.833095
0.281315
0.521391
0.964787
0.465745
0.728187
0.298702
0.87223
0.0412086
0.207641
0.404285
0.445279
0.828937
0.327652
0.361834
0.0869898
0.893546
0.82426
0.434552
0.988015
0.388107
0.30527
0.680639
0.647358
0.685028
0.402334
0.612677
0.0627287
0.116002
0.639728
0.994529
0.686282
0.879982
0.0328683
0.652628
0.506193
0.383953
0.685964
0.305821
0.0692041
0.577739
0.436838
0.957792
0.291418
0.268637
0.0216355
0.0083322
0.789373
0.344516
0.738186
0.0925661
0.961873
0.346723
0.0959369
0.416562
0.927887
0.791328
0.683175
0.1522
0.978663
0.333037
0.728307
0.605685
0.396174
0.213086
0.341432
0.644148
0.80749
0.0705046
0.732397
0.886248
0.897759
0.748721
0.790963
0.612216
0.353757
0.727432
0.533784
0.877524
0.678997
0.367601
0.541528
0.818707
0.982084
0.0619179
0.032039
0.988119
0.877591
0.724898
0.586896
0.959053
0.964969
0.298676
0.307128
0.500727
0.805526
0.574717
0.795031
0.761023
0.121184
0.224484
0.485904
0.373355
0.811811
0.983828
0.681431
0.635906
0.469893
0.395279
0.694252
0.329768
0.44347
0.596285
0.0797379
0.849961
0.893801
0.195188
0.398678
0.989682
0.803093
0.284018
0.775083
0.615042
0.321132
0.145699
0.342705
0.114408
0.314548
0.726923
0.317936
0.495438
0.431294
0.45793
0.0994598
0.186968
0.885822
0.0439646
0.983771
0.38397
0.717407
0.96065
0.251878
0.889195
0.838803
0.286588
0.637441
0.677481
0.0553232
0.704469
0.98414
0.481338
0.230743
0.21726
0.141416
0.422709
0.499542
0.916901
0.704511
0.856216
0.730266
0.708283
0.49255
0.908088
0.280232
0.990904
0.214479
0.989584
0.463871
0.974842
0.0104174
0.0664316
0.47101
0.596077
0.482739
0.669657
0.311942
0.713928
0.0521552
0.554488
0.532414
0.0689467
0.890587
0.944463
0.673953
0.472651
0.990795
0.748572
0.461938
0.544512
0.148929
0.0155951
0.085191
0.976543
0.217353
0.364479
0.186871
0.740616
0.918084
0.69655
0.690501
0.025887
0.492297
0.564856
0.959156
0.3469
0.477959
0.468581
0.720498
0.370331
0.308638
0.238839
0.641689
0.950085
0.0329461
0.827215
0.11918
0.639287
0.314483
0.926723
0.135959
0.496694
0.606477
0.448562
0.548686
0.0535631
0.747604
0.402032
0.603232
0.840284
0.794681
0.901556
0.0577939
0.240011
0.132315
0.109153
0.940177
0.259701
0.506552
0.151833
0.913008
0.531037
0.542348
0.996463
0.58363
0.439596
0.805283
0.98255
0.0857071
0.770134
0.785854
0.208829
0.415413
0.954638
0.108395
0.00670297
0.181091
0.0342744
0.329248
0.206383
0.401875
0.1766
0.0679833
0.152441
0.230553
0.658803
0.366787
0.0847209
0.979191
0.599209
0.414204
0.42722
0.405678
0.785239
0.941173
0.0960156
0.473923
0.491383
0.951256
0.760813
0.149223
0.199951
0.645076
0.87062
0.0504286
0.324456
0.836066
0.61191
0.423572
0.854057
0.780773
0.860311
0.342806
0.237866
0.653708
0.987742
0.60471
0.62866
0.806934
0.428597
0.222489
0.193454
0.466576
0.0817103
0.473303
0.563677
0.585286
0.126913
0.522639
0.0849181
0.911037
0.736505
0.313171
0.231645
0.191594
0.824428
0.0524776
0.735971
0.185618
0.52147
0.285961
0.73711
0.713449
0.439922
0.672192
0.194446
0.0556864
0.95491
0.616425
0.901077
0.405535
0.820985
0.800076
0.444611
0.256502
0.588963
0.0177559
0.900039
0.443088
0.16185
0.266302
0.0846023
0.788157
0.0265608
0.193175
0.446861
0.767744
0.597951
0.831932
0.504966
0.761835
0.630222
0.662209
0.284976
0.586488
0.0407754
0.37508
0.267262
0.613044
0.602015
0.228732
0.0907211
0.523167
0.228931
0.624395
0.978196
0.273095
0.233828
0.321769
0.641681
0.587286
0.889362
0.911671
0.632832
0.350499
0.479069
0.232975
0.413249
0.703082
0.224914
0.955616
0.0534411
0.876162
0.66044
0.416945
0.844626
0.78945
0.369535
0.430132
0.215823
0.0441589
0.674652
0.452059
0.168652
0.988821
0.916786
0.773608
0.986322
0.883029
0.641725
0.505643
0.92784
0.0939843
0.148029
0.639842
0.316846
0.455588
0.368503
0.549017
0.982244
0.6173
0.893752
0.63249
0.285907
0.619708
0.208603
0.467874
0.997898
0.772136
0.532526
0.522728
0.346649
0.307822
0.92393
0.772939
0.903149
0.0778232
0.833151
0.846158
0.444607
0.12852
0.653649
0.729902
0.765907
0.278547
0.941879
0.248757
0.0591875
0.818535
0.114141
0.859663
0.977951
0.403397
0.302715
0.696898
0.756591
0.640619
0.803569
0.854784
0.355819
0.248116
0.672859
0.0997804
0.402893
0.409336
0.741282
0.891988
0.0939057
0.198567
0.948716
0.0894106
0.877343
0.356644
0.302433
0.645193
0.71678
0.684854
0.537954
0.750104
0.837363
0.880246
0.14289
0.180491
0.00807409
0.135827
0.0840154
0.189077
0.874168
0.454609
0.302253
0.0961912
0.108691
0.0106227
0.780254
0.38456
0.409669
0.962787
0.622879
0.645768
0.753313
0.687711
0.760465
0.525051
0.495083
0.0145195
0.690134
0.54464
0.615201
0.0170879
0.952137
0.932159
0.589483
0.554306
0.58524
0.721023
0.0679038
0.872373
0.36256
0.468843
0.0895495
0.59647
0.386279
0.0995283
0.783069
0.0581907
0.182044
0.379039
0.646868
0.394591
0.962449
0.640974
0.4468
0.683805
0.926004
0.554969
0.584694
0.796375
0.562936
0.237044
0.119025
0.698579
0.57313
0.423259
0.514674
0.123888
0.0982516
0.245878
0.837958
0.617569
0.381847
0.413811
0.271886
0.664145
0.183561
0.511726
0.446332
0.728663
0.620659
0.296077
0.886367
0.50804
0.435266
0.923106
0.13964
0.690861
0.0422653
0.64971
0.468827
0.0602423
0.749507
0.48349
0.476348
0.489861
0.394804
0.628507
0.338991
0.43539
0.4831
0.217704
0.50566
0.135699
0.741981
0.676007
0.988645
0.984546
0.67974
0.743369
0.0195388
0.630659
0.608003
0.45055
0.788648
0.600348
0.896711
0.0675373
0.888689
0.15945
0.330411
0.991865
0.125647
0.936077
0.56409
0.137712
0.54773
0.919017
0.75189
0.445372
0.295833
0.963906
0.18706
0.156924
0.838037
0.830169
0.415174
0.619118
0.469694
0.950879
0.253347
0.0138435
0.189783
0.155535
0.800075
0.432095
0.323519
0.512792
0.605303
0.808411
0.625868
0.621625
0.463896
0.630615
0.349693
0.464931
0.196097
0.130003
0.778139
0.657275
0.62033
0.591783
0.333896
0.0944695
0.262122
0.761583
0.835062
0.160886
0.294565
0.393808
0.609613
0.710722
0.985391
0.823324
0.983482
0.830214
0.286362
0.0425389
0.190419
0.813132
0.00683482
0.8049
0.0325512
0.940655
0.863943
0.480195
0.561487
0.418031
0.725745
0.844065
0.77094
0.107022
0.970845
0.675027
0.169122
0.752051
0.471846
0.00898686
0.390273
0.611901
0.118677
0.922586
0.787479
0.324529
0.646492
0.569779
0.854267
0.477895
0.120984
0.569635
0.531152
0.815253
0.867703
0.437277
0.120453
0.0817313
0.625907
0.288997
0.745467
0.895618
0.862533
0.690176
0.0871557
0.0585518
0.201383
0.80146
0.282315
0.752474
0.307126
0.0236762
0.139306
0.395607
0.522769
0.127616
0.851712
0.534804
0.20736
0.236556
0.324922
0.175212
0.815904
0.493727
0.344524
0.0646822
0.95972
0.216129
0.984568
0.52758
0.102341
0.833879
0.740837
0.0437988
0.840006
0.975821
0.0176511
0.0750924
0.0773709
0.53344
0.164403
0.137688
0.912332
0.84696
0.275819
0.81073
0.122767
0.883792
0.426241
0.192499
0.94412
0.897843
0.329671
0.424132
0.545516
0.420967
0.572166
0.966384
0.665111
0.750956
0.756354
0.987393
0.491318
0.90957
0.958219
0.878466
0.930131
0.540529
0.401377
0.995357
0.513152
0.988503
0.24106
0.408917
0.700512
0.486938
0.860854
0.874319
0.669523
0.037215
0.21133
0.138661
0.968285
0.875729
0.0849919
0.876099
0.410644
0.295979
0.449664
0.229151
0.121849
0.990787
0.269593
0.144528
0.771368
0.711037
0.404794
0.20761
0.594588
0.534616
0.874043
0.105063
0.897331
0.919789
0.966984
0.344358
0.199853
0.952689
0.0152781
0.0738127
0.77231
0.907971
0.541717
0.112966
0.391391
0.338093
0.515155
0.41153
0.760501
0.527741
0.436411
0.633978
0.759821
0.421191
0.507344
0.478822
0.432602
0.719712
0.243734
0.326908
0.633328
0.802815
0.139578
0.0204684
0.904419
0.34189
0.531541
0.157924
0.629104
0.29684
0.21303
0.973523
0.198843
0.445247
0.650006
0.0436689
0.66708
0.34659
0.446499
0.217467
0.98273
0.389328
0.0542574
0.285791
0.24866
0.884288
0.501026
0.426067
0.547114
0.291408
0.302832
0.641119
0.179615
0.383825
0.482616
0.536306
0.32034
0.257045
0.929535
0.331907
0.624185
0.378276
0.504465
0.967427
0.0334816
0.753605
0.162352
0.749908
0.217251
0.809091
0.163026
0.979943
0.0776891
0.492351
0.897803
0.212896
0.617018
0.860369
0.991078
0.488269
0.48826
0.580466
0.524243
0.447519
0.105109
0.322891
0.782246
0.368082
0.457962
0.495836
0.210298
0.469717
0.476517
0.0847292
0.0822405
0.295064
0.948358
0.958162
0.124205
0.352665
0.797929
0.123079
0.469303
0.18461
0.939328
0.591209
0.608075
0.57409
0.420975
0.718257
0.710369
0.980862
0.491985
0.568377
0.751149
0.0138162
0.180869
0.0763263
0.239362
0.325678
0.138836
0.351106
0.33546
0.85247
0.988036
0.732693
0.783713
0.736226
0.565549
0.783534
0.74379
0.205331
0.60216
0.523269
0.877539
0.988312
0.203916
0.4189
0.627146
0.0802709
0.288724
0.361162
0.789971
0.771265
0.819844
0.454435
0.630719
0.643747
0.38455
0.215025
0.985643
0.525899
0.913344
0.46999
0.110168
0.248981
0.698163
0.596477
0.49958
0.933957
0.477158
0.757323
0.561726
0.87509
0.172627
0.0649869
0.0466055
0.785238
0.748751
0.730915
0.575819
0.0665511
0.993234
0.434555
0.795604
0.724714
0.56371
0.428901
0.193707
0.422666
0.640784
0.619555
0.996308
0.0158894
0.134863
0.383386
0.903902
0.757191
0.578805
0.0711722
0.333663
0.955199
0.729587
0.164939
0.283599
0.415813
0.504102
0.613283
0.603919
0.836986
0.756147
0.407882
0.74017
0.0109321
0.827538
0.80592
0.0800362
0.139216
0.720446
0.0584854
0.527632
0.838184
0.0254272
0.54911
0.526757
0.428349
0.259162
0.0448954
0.318156
0.835906
0.608327
0.702597
0.817688
0.844011
0.114679
0.738309
0.206265
0.840004
0.0946517
0.512283
0.767331
0.815537
0.489909
0.884193
0.449615
0.34422
0.673689
0.605705
0.161886
0.628652
0.128832
0.0768961
0.322768
0.113174
0.00840055
0.544411
0.752948
0.956886
0.162133
0.49242
0.118036
0.24956
0.663325
0.673203
0.0661129
0.328819
0.877345
0.707757
0.440573
0.615318
0.69002
0.19589
0.359532
0.259486
0.633139
0.529551
0.143326
0.14644
0.90681
0.206878
0.143585
0.745316
0.599023
0.663328
0.0138756
0.0262641
0.639846
0.215397
0.640158
0.170274
0.124288
0.429604
0.222907
0.918385
0.0166841
0.616318
0.3545
0.00805818
0.803953
0.723108
0.529577
0.170451
0.484984
0.468537
0.447512
0.638856
0.269837
0.330898
0.707811
0.245158
0.446725
0.324514
0.994936
0.789415
0.226983
0.935588
0.782874
0.659115
0.704114
0.72096
0.0174626
0.222339
0.322072
0.738317
0.629954
0.815413
0.786205
0.689193
0.96179
0.625673
0.138448
0.909893
0.49762
0.288275
0.734613
0.253159
0.206314
0.837091
0.468348
0.844536
0.137474
0.285602
0.420389
0.151937
0.498755
0.787213
0.686045
0.298026
0.493493
0.0908726
0.457986
0.436826
0.695546
0.698323
0.546264
0.921068
0.586953
0.548622
0.322273
0.377151
0.0727063
0.219298
0.0856319
0.0609475
0.223783
0.530284
0.520865
0.343735
0.935894
0.483591
0.373358
0.0168908
0.52879
0.375878
0.157721
0.0479028
0.943336
0.512429
0.551096
0.738907
0.46582
0.758444
0.160944
0.927234
0.269205
0.331133
0.0172295
0.648278
0.357304
0.813104
0.862143
0.330114
0.968857
0.33446
0.544417
0.456151
0.861284
0.665162
0.515538
0.0547511
0.357615
0.493179
0.174408
0.835852
0.275684
0.468858
0.875563
0.773371
0.530186
0.715047
0.463099
0.161208
0.882126
0.420603
0.828088
0.641749
0.339487
0.482888
0.323712
0.39454
0.0140491
0.749922
0.886265
0.669836
0.138876
0.756329
0.657138
0.963124
0.593916
0.354717
0.68167
0.0669428
0.597772
0.787865
0.05417
0.178895
0.878014
0.234577
0.45346
0.248658
0.443491
0.770599
0.422524
0.492312
0.666107
0.0745315
0.56026
0.788147
0.838576
0.423464
0.598997
0.754551
0.307074
0.703782
0.26017
0.134426
0.178497
0.4035
0.489114
0.660085
0.837942
0.844836
0.320368
0.983199
0.963655
0.276186
0.0115371
0.273093
0.257749
0.608728
0.203337
0.865848
0.0918716
0.783181
0.395145
0.248919
0.086852
0.87177
0.45272
0.107123
0.996098
0.25764
0.0689877
0.493511
0.860761
0.545896
0.334133
0.123132
0.468776
0.390888
0.697718
0.175518
0.513406
0.692941
0.0773327
0.364841
0.315259
0.045159
0.373983
0.17037
0.103025
0.118863
0.306986
0.915767
0.716579
0.554773
0.268735
0.477422
0.200149
0.677327
0.303373
0.52627
0.646787
0.0305752
0.677228
0.0327226
0.166424
0.517551
0.240185
0.201955
0.493933
0.774822
0.552939
0.279812
0.378149
0.603095
0.104786
0.824893
0.994736
0.971946
0.849917
0.831222
0.559702
0.326705
0.821719
0.156094
0.510417
0.470828
0.850198
0.463706
0.270562
0.346778
0.796133
0.994996
0.541832
0.258496
0.352616
0.657775
0.247876
0.488774
0.263272
0.136569
0.268891
0.21713
0.569381
0.326487
0.952926
0.667484
0.426061
0.285462
0.673859
0.16819
0.238294
0.433551
0.105521
0.516992
0.571267
0.929513
0.129321
0.271698
0.336386
0.273158
0.185498
0.30303
0.746473
0.763536
0.0272994
0.196964
0.527357
0.266886
0.0471258
0.583892
0.289894
0.0394921
0.270834
0.661966
0.389501
0.838004
0.092288
0.731953
0.594529
0.770318
0.218993
0.32157
0.191354
0.644815
0.628589
0.771114
0.364149
0.734596
0.406836
0.296287
0.462148
0.418182
0.564046
0.841621
0.961558
0.947199
0.231361
0.127569
0.659412
0.159101
0.496289
0.935528
0.125818
0.165623
0.437623
0.410963
0.993308
0.189282
0.373251
0.892973
0.259442
0.832183
0.10103
0.159198
0.423837
0.639739
0.933953
0.834684
0.428176
0.965283
0.0840007
0.777017
0.95401
0.774143
0.38752
0.189926
0.79101
0.755552
0.892898
0.084289
0.0502983
0.821274
0.272542
0.438214
0.102637
0.438066
0.566027
0.995069
0.220608
0.397027
0.284949
0.761573
0.488107
0.43629
0.304501
0.213779
0.0203958
0.554921
0.683572
0.419777
0.372005
0.240215
0.113581
0.693589
0.921656
0.13338
0.863224
0.566809
0.306527
0.037329
0.964142
0.788856
0.691302
0.737193
0.619754
0.0517998
0.871922
0.241535
0.73567
0.246668
0.897239
0.637462
0.32134
0.694663
0.690301
0.475639
0.51499
0.655567
0.24357
0.95341
0.0959803
0.363058
0.398768
0.459683
0.266893
0.556485
0.328812
0.189478
0.704815
0.0685834
0.864924
0.96264
0.905578
0.520931
0.982414
0.394652
0.106018
0.514806
0.457165
0.522865
0.530064
0.80109
0.238856
0.145695
0.114564
0.213815
0.11718
0.0929152
0.250787
0.860816
0.385647
0.466885
0.782581
0.330736
0.5056
0.232112
0.382137
0.0493115
0.843063
0.774912
0.704435
0.239866
0.437792
0.670441
0.307926
0.759876
0.862227
0.56439
0.395937
0.899517
0.509252
0.621853
0.5555
0.104059
0.884803
0.200397
0.136465
0.613872
0.180546
0.255493
0.540388
0.782646
0.188017
0.957243
0.696096
0.138114
0.589222
0.0667874
0.0738544
0.722172
0.589849
0.894917
0.501516
0.980655
0.935592
0.174014
0.855132
0.760514
0.179733
0.5739
0.015441
0.660369
0.779827
0.912128
0.561734
0.0124579
0.912684
0.241595
0.392402
0.938133
0.855826
0.53947
0.0571835
0.680136
0.930536
0.168482
0.439154
0.567239
0.519428
0.292259
0.393461
0.235987
0.15063
0.814291
0.752709
0.977995
0.826731
0.337522
0.535696
0.856956
0.869647
0.438162
0.915178
0.958517
0.0850906
0.290041
0.739272
0.461159
0.0793235
0.282998
0.134346
0.241617
0.907109
0.268244
0.526703
0.338374
0.195939
0.487211
0.409362
0.597208
0.72845
0.08627
0.38455
0.759513
0.339087
0.567978
0.551453
0.572808
0.0260152
0.650191
0.482008
0.51456
0.711728
0.804145
0.0846445
0.989341
0.790969
0.0243023
0.148466
0.676968
0.473354
0.667459
0.684649
0.701313
0.458956
0.0782985
0.965774
0.121931
0.234701
0.679607
0.34432
0.902891
0.661182
0.341654
0.192884
0.0610573
0.763491
0.849858
0.0786751
0.70109
0.263236
0.969247
0.785917
0.45551
0.0872627
0.655079
0.759687
0.344057
0.436773
0.906254
0.58069
0.242235
0.413367
0.702944
0.704555
0.913246
0.83598
0.763921
0.203962
0.210376
0.410446
0.33553
0.0816479
0.786393
0.599966
0.201663
0.186254
0.0507941
0.874507
0.112105
0.182128
0.487374
0.651898
0.170355
0.575515
0.154912
0.845332
0.16046
0.428888
0.562299
0.323882
0.643392
0.720672
0.883794
0.0237569
0.222423
0.05867
0.878613
0.379881
0.295461
0.765544
0.547507
0.438924
0.493603
0.509812
0.93724
0.257356
0.851544
0.581349
0.389234
0.288843
0.31347
0.0968584
0.892469
0.871169
0.310846
0.828565
0.035777
0.526997
0.466676
0.275447
0.0176618
0.75628
0.71135
0.0260717
0.997487
0.771468
0.174688
0.148235
0.601319
0.305418
0.214486
0.73943
0.936086
0.244121
0.622774
0.749765
0.307415
0.236583
0.79776
0.572383
0.067609
0.162023
0.848767
0.747568
0.427794
0.198557
0.60233
0.886647
0.504388
0.713634
0.4617
0.0752524
0.624511
0.487561
0.242628
0.627027
0.733363
0.108204
0.537433
0.832345
0.864918
0.148254
0.816826
0.274807
0.726758
0.505493
0.87106
0.524488
0.689636
0.372838
0.241257
0.755024
0.412865
0.0278525
0.522141
0.174233
0.190994
0.54718
0.284316
0.523668
0.907543
0.178921
0.700172
0.277644
0.256746
0.0579609
0.599573
0.986712
0.104834
0.404593
0.084439
0.550065
0.681911
0.85731
0.720081
0.502785
0.246233
0.71279
0.581701
0.511001
0.909421
0.0241431
0.309575
0.741357
0.0844035
0.0864276
0.446028
0.174096
0.23996
0.916205
0.183569
0.454384
0.0147983
0.29768
0.715812
0.316293
0.0251766
0.197563
0.506899
0.0937613
0.294357
0.943373
0.092927
0.617083
0.984731
0.880899
0.352291
0.618113
0.638165
0.825604
0.147741
0.619852
0.0580674
0.783181
0.816476
0.424038
0.274658
0.789464
0.213547
0.857161
0.118233
0.271162
0.595777
0.497682
0.612988
0.194936
0.745677
0.160088
0.870901
0.908445
0.271999
0.182192
0.123519
0.589189
0.0875736
0.9275
0.136158
0.54707
0.790071
0.436139
0.359405
0.579065
0.844795
0.0654413
0.970904
0.171147
0.162328
0.696575
0.639197
0.855289
0.877246
0.746178
0.434137
0.618231
0.144136
0.693101
0.288917
0.0538557
0.668787
0.780665
0.92931
0.467412
0.531004
0.264587
0.794268
0.644831
0.444027
0.463367
0.279641
0.310176
0.793972
0.540783
0.922058
0.547631
0.92934
0.459004
0.876019
0.372905
0.702455
0.845606
0.629051
0.645419
0.929758
0.124978
0.0400434
0.480723
0.157515
0.869037
0.623598
0.0502853
0.488691
0.600618
0.0916884
0.662317
0.0885788
0.672063
0.692804
0.320684
0.871667
0.096985
0.179242
0.29902
0.390886
0.207342
0.853371
0.802171
0.648032
0.266905
0.93377
0.739272
0.455711
0.283448
0.891692
0.296236
0.910348
0.931162
0.97817
0.910289
0.279145
0.415997
0.307425
0.920754
0.245715
0.777414
0.667217
0.8439
0.0775536
0.703812
0.73346
0.528694
0.0493734
0.855903
0.357336
0.187014
0.140158
0.712642
0.0608445
0.467191
0.448448
0.0469808
0.542171
0.254481
0.303097
0.486172
0.904177
0.543002
0.906014
0.0665703
0.510411
0.835507
0.821453
0.939804
0.300067
0.335538
0.731869
0.0419324
0.0257759
0.17985
0.80831
0.0364517
0.296065
0.229595
0.35555
0.706601
0.0476017
0.626358
0.605332
0.240452
0.704225
0.632193
0.310859
0.863969
0.207488
0.431722
0.63337
0.447373
0.666235
0.276422
0.10911
0.0623913
0.413046
0.704578
0.496413
0.520843
0.568111
0.60973
0.469504
0.928301
0.0520038
0.708342
0.269858
0.355655
0.73653
0.0766894
0.310246
0.496693
0.980074
0.924179
0.419482
0.914317
0.423444
0.857994
0.565898
0.364846
0.678757
0.575313
0.653156
0.384258
0.987795
0.360221
0.230891
0.673756
0.397883
0.102075
0.890343
0.248913
0.525899
0.0410123
0.66017
0.588655
0.482119
0.935367
0.747283
0.949356
0.209289
0.108098
0.524329
0.073066
0.756907
0.767844
0.999404
0.991992
0.12417
0.793025
0.0633834
0.283389
0.0266399
0.81484
0.127672
0.0836195
0.396894
0.663732
0.7887
0.864897
0.391255
0.190501
0.047897
0.275795
0.474291
0.756039
0.76263
0.639484
0.877645
0.124263
0.0786779
0.736765
0.756662
0.759148
0.284027
0.950399
0.367542
0.656005
0.92483
0.633012
0.311014
0.516341
0.37759
0.0554351
0.105677
0.96886
0.64613
0.697224
0.811104
0.952748
0.585103
0.483529
0.802361
0.00931373
0.791969
0.217914
0.979377
0.63375
0.492344
0.884138
0.461848
0.371922
0.302735
0.579426
0.591031
0.745224
0.616705
0.481444
0.97378
0.972653
0.742871
0.237637
0.218565
0.858645
0.483092
0.586646
0.702132
0.175962
0.0553107
0.477368
0.193379
0.277983
0.46551
0.336929
0.888456
0.672812
0.921718
0.161052
0.1054
0.690208
0.0211555
0.0538309
0.264517
0.574872
0.21866
0.837795
0.455368
0.748626
0.462663
0.118793
0.138241
0.986285
0.235628
0.125107
0.809723
0.799711
0.515015
0.558462
0.0776291
0.624902
0.43179
0.984059
0.468064
0.424481
0.355108
0.972125
0.510127
0.151621
0.630603
0.488016
0.498522
0.409625
0.468148
0.954247
0.911128
0.221574
0.106662
0.607143
0.381075
0.918109
0.0361818
0.142809
0.421578
0.188219
0.446268
0.391521
0.0896555
0.659082
0.221225
0.736213
0.413673
0.51976
0.592527
0.698172
0.530272
0.905007
0.676825
0.899001
0.884885
0.38552
0.812555
0.659676
0.891318
0.459334
0.456347
0.509485
0.83259
0.73134
0.295093
0.922868
0.682494
0.25645
0.289768
0.154165
0.0971241
0.364089
0.284904
0.804453
0.82219
0.99412
0.832158
0.858475
0.588252
0.67374
0.078913
0.337206
0.50551
0.0457809
0.354024
0.287946
0.879306
0.455636
0.183638
0.213861
0.509805
0.558912
0.575208
0.647054
0.637603
0.450297
0.509243
0.984835
0.574426
0.525163
0.930368
0.963939
0.626257
0.70127
0.814546
0.111208
0.23255
0.499421
0.306267
0.47274
0.418631
0.591477
0.417056
0.0680055
0.599793
0.219714
0.42785
0.0346159
0.506987
0.891669
0.327255
0.119988
0.121604
0.0155707
0.233878
0.851204
0.717605
0.895713
0.143845
0.485204
0.0361349
0.245547
0.881579
0.113291
0.535165
0.205247
0.698724
0.571072
0.61639
0.955056
0.910237
0.407516
0.216584
0.168017
0.0377334
0.299245
0.420303
0.514325
0.471749
0.472414
0.809494
0.0682159
0.535148
0.787726
0.63012
0.151455
0.697905
0.826289
0.0145212
0.15615
0.164525
0.391692
0.737676
0.0350662
0.642047
0.065471
0.506686
0.828238
0.256619
0.73607
0.56551
0.62067
0.655013
0.734544
0.445546
0.536306
0.869016
0.115463
0.412932
0.387291
0.141371
0.0499175
0.856444
0.859045
0.692483
0.999252
0.731102
0.806297
0.998735
0.721945
0.450292
0.152415
0.294715
0.495523
0.52939
0.391869
0.354242
0.578821
0.511805
0.697878
0.109431
0.449244
0.219643
0.0912596
0.154867
0.617448
0.773743
0.389842
0.796573
0.614347
0.407756
0.438813
0.56319
0.364701
0.19503
0.0675671
0.655738
0.816113
0.155637
0.0449239
0.971563
0.653267
0.220264
0.241151
0.887041
0.74989
0.506703
0.936592
0.0593196
0.0536791
0.382504
0.385985
0.929942
0.391943
0.801909
0.514312
0.338964
0.0334815
0.563303
0.148899
0.692845
0.841403
0.291397
0.138756
0.822015
0.281813
0.0423952
0.0613432
0.17225
0.600335
0.344323
0.100562
0.525631
0.144032
0.389998
0.207115
0.360158
0.183428
0.350836
0.343617
0.173145
0.933533
0.734323
0.0580945
0.871104
0.85334
0.868116
0.221829
0.115823
0.419866
0.705419
0.640332
0.626163
0.339262
0.146337
0.456971
0.855676
0.0441609
0.351291
0.641207
0.569561
0.122469
0.640324
0.830066
0.197256
0.14596
0.621933
0.0838049
0.64729
0.774694
0.215921
0.357043
0.796115
0.709714
0.103045
0.749101
0.375721
0.974838
0.950376
0.869612
0.193364
0.882404
0.437884
0.655984
0.817253
0.510107
0.165203
0.0348149
0.780699
0.844038
0.0679458
0.155006
0.1385
0.998478
0.708287
0.865078
0.504986
0.208131
0.45901
0.817797
0.775359
0.338002
0.717184
0.875961
0.41915
0.28722
0.903698
0.298818
0.537957
0.978066
0.390529
0.92996
0.699488
0.648002
0.250999
0.470321
0.91786
0.385075
0.62454
0.897385
0.0374517
0.464385
0.494449
0.836345
0.43199
0.429015
0.29743
0.951084
0.499519
0.346699
0.0780836
0.590944
0.290566
0.838536
0.58753
0.803499
0.315363
0.118672
0.349672
0.53393
0.267499
0.624296
0.620782
0.099988
0.209042
0.666047
0.729604
0.558916
0.431972
0.236912
0.717264
0.17968
0.934823
0.193285
0.64357
0.988434
0.698052
0.538554
0.504838
0.801384
0.423089
0.701053
0.561457
0.678814
0.736088
0.778315
0.208832
0.129169
0.116724
0.333958
0.214212
0.768248
0.774119
0.645841
0.699993
0.349312
0.936481
0.456884
0.546857
0.108803
0.590349
0.389877
0.31892
0.0602593
0.583852
0.110253
0.174111
0.143815
0.92782
0.565245
0.525186
0.651859
0.4048
0.437259
0.0195464
0.150472
0.152327
0.594871
0.466787
0.295216
0.679134
0.985224
0.468691
0.0717306
0.622787
0.478564
0.83763
0.969888
0.741021
0.446677
0.430905
0.980914
0.986318
0.593358
0.0678284
0.623395
0.261601
0.516926
0.177303
0.0674908
0.983985
0.751013
0.937739
0.946488
0.0247203
0.297343
0.28881
0.664592
0.624746
0.127631
0.340759
0.944856
0.641251
0.0141457
0.367588
0.26088
0.547228
0.982277
0.448351
0.590283
0.517871
0.45738
0.554465
0.190843
0.456582
0.377124
0.739152
0.0874015
0.560636
0.777556
0.77037
0.865647
0.35555
0.472447
0.208208
0.618208
0.567127
0.468998
0.192751
0.924439
0.225249
0.335803
0.126881
0.302359
0.163473
0.142704
0.310995
0.301516
0.157993
0.194345
0.788135
0.610167
0.415239
0.23144
0.0850698
0.0663433
0.271743
0.730677
0.565619
0.389172
0.328067
0.616036
0.926367
0.529874
0.747567
0.15179
0.631384
0.430116
0.427368
0.714508
0.307325
0.994212
0.182424
0.520287
0.148856
0.0527339
0.0271586
0.576332
0.974849
0.215561
0.822461
0.705945
0.226423
0.178407
0.878061
0.275428
0.634025
0.106411
0.0182871
0.364689
0.633093
0.455841
0.663116
0.626175
0.0608847
0.669996
0.810601
0.775952
0.386532
0.958777
0.350712
0.338187
0.109381
0.456899
0.470991
0.646055
0.191855
0.820708
0.121176
0.347946
0.77238
0.15208
0.98464
0.446315
0.558058
0.950281
0.359208
0.0905237
0.630994
0.897434
0.61067
0.896856
0.0987556
0.17558
0.331
0.325399
0.234044
0.794028
0.465814
0.705043
0.419569
0.289907
0.489325
0.693445
0.898729
0.356791
0.138003
0.250734
0.730491
0.0234101
0.0203434
0.964326
0.717554
0.731743
0.194962
0.547096
0.335879
0.435668
0.672781
0.978119
0.980753
0.931691
0.946755
0.547581
0.087367
0.371678
0.711558
0.88641
0.317866
0.154691
0.992526
0.353302
0.203029
0.946181
0.802631
0.00784401
0.316046
0.123871
0.315712
0.0468602
0.852757
0.552912
0.340547
0.297617
0.828224
0.305605
0.895316
0.577396
0.0114252
0.409226
0.879163
0.504463
0.135853
0.785789
0.141265
0.540286
0.819733
0.0539662
0.321407
0.247712
0.611453
0.668937
0.583399
0.767783
0.830512
0.672159
0.205227
0.665097
0.539563
0.0898668
0.376828
0.821517
0.255341
0.261345
0.0726117
0.45956
0.797395
0.720643
0.0993529
0.309141
0.0364309
0.900351
0.550112
0.974388
0.638781
0.833259
0.763103
0.963437
0.8333
0.110808
0.376755
0.329411
0.445619
0.894225
0.660377
0.912311
0.0415744
0.74595
0.513653
0.43911
0.156819
0.818615
0.658622
0.986516
0.965244
0.35788
0.784847
0.205365
0.998707
0.0505315
0.191817
0.0702646
0.450492
0.294357
0.187477
0.997132
0.250423
0.384062
0.214903
0.313943
0.474393
0.462638
0.937973
0.304942
0.414879
0.401904
0.0726602
0.531828
0.152732
0.789503
0.283253
0.567607
0.556416
0.128874
0.0986149
0.667987
0.532994
0.907765
0.932555
0.509633
0.333786
0.54945
0.0312834
0.718248
0.721263
0.0171545
0.641618
0.0432171
0.794045
0.650929
0.694152
0.27666
0.32678
0.267043
0.579326
0.371659
0.0873227
0.428448
0.12877
0.148431
0.972275
0.0143136
0.0814236
0.735723
0.582821
0.853579
0.830986
0.407736
0.376204
0.283361
0.391303
0.571037
0.510469
0.425149
0.516626
0.311373
0.131799
0.596293
0.316579
0.381188
0.0840018
0.0238992
0.243576
0.867671
0.780794
0.176098
0.711575
0.469198
0.650769
0.504406
0.268672
0.391477
0.914251
0.277911
0.554678
0.454739
0.944043
0.105838
0.105003
0.880102
0.187211
0.869036
0.0538353
0.169326
0.724035
0.660166
0.401378
0.314164
0.669002
0.440443
0.819409
0.48493
0.00908491
0.387168
0.203518
0.859923
0.185554
0.625045
0.617056
0.100637
0.868828
0.613125
0.0946894
0.660995
0.919822
0.29632
0.712499
0.0321499
0.861189
0.276782
0.694014
0.322401
0.32153
0.16769
0.618596
0.659514
0.913201
0.666838
0.625193
0.892269
0.451989
0.97121
0.192165
0.838756
0.176048
0.895861
0.749934
0.257638
0.59454
0.733814
0.947123
0.341164
0.440007
0.11521
0.805331
0.67661
0.829636
0.178233
0.681668
0.596725
0.501619
0.826075
0.473571
0.698298
0.961904
0.30874
0.610946
0.317521
0.564144
0.0723953
0.369476
0.796295
0.386714
0.110144
0.849678
0.547646
0.958852
0.458208
0.405781
0.878912
0.88393
0.697615
0.950571
0.822219
0.915776
0.690626
0.45846
0.473192
0.0684965
0.632158
0.130655
0.659889
0.0787524
0.420276
0.566856
0.504099
0.0470233
0.752393
0.799929
0.845627
0.89756
0.995409
0.153575
0.117864
0.507718
0.0756463
0.212319
0.0280095
0.458711
0.98019
0.871464
0.606684
0.614465
0.612788
0.653569
0.823056
0.192131
0.528486
0.431175
0.0938068
0.465443
0.808996
0.413114
0.785528
0.0432342
0.79585
0.0488552
0.676732
0.402454
0.746784
0.394508
0.490283
0.183638
0.50921
0.54719
0.285779
0.642819
0.629862
0.71561
0.884864
0.983101
0.207122
0.832343
0.361726
0.869568
0.274939
0.773871
0.443931
0.916527
0.376398
0.251278
0.937864
0.160608
0.305765
0.870746
0.197298
0.933381
0.237648
0.232556
0.715135
0.397472
0.078495
0.797473
0.304804
0.922605
0.263616
0.594021
0.893884
0.0758472
0.964616
0.826056
0.385761
0.797777
0.982726
0.210954
0.272635
0.00684216
0.242151
0.518543
0.46307
0.377478
0.517716
0.964445
0.826993
0.349703
0.6294
0.973706
0.830981
0.310027
0.270336
0.425899
0.809172
0.83994
0.175356
0.893265
0.886756
0.496953
0.359233
0.594391
0.852449
0.842725
0.615227
0.271896
0.572411
0.268393
0.280753
0.807625
0.525873
0.245492
0.429906
0.0149213
0.828729
0.379335
0.99849
0.590055
0.573627
0.0723462
0.323697
0.503696
0.659905
0.0537223
0.427942
0.359965
0.0591489
0.494706
0.313169
0.591518
0.840637
0.188258
0.157869
0.960694
0.204592
0.167022
0.930371
0.68784
0.318078
0.213997
0.850819
0.271814
0.773674
0.556212
0.338041
0.00876596
0.961928
0.537819
0.618463
0.312711
0.652224
0.87836
0.154478
0.507992
0.0810506
0.784777
0.532932
0.582925
0.563363
0.166924
0.855278
0.435385
0.67739
0.329263
0.61705
0.264692
0.455671
0.00793761
0.766106
0.0206619
0.576708
0.0314514
0.497212
0.336628
0.546199
0.902038
0.807014
0.842192
0.37728
0.312919
0.513824
0.565797
0.241513
0.174402
0.520814
0.708582
0.24935
0.0853004
0.36945
0.114648
0.542017
0.36794
0.156626
0.332749
0.0414665
0.9916
0.422395
0.181695
0.464385
0.353588
0.622932
0.460508
0.984531
0.801469
0.297703
0.287371
0.82419
0.618891
0.801961
0.989069
0.66947
0.78854
0.270652
0.130253
0.799493
0.523704
0.142928
0.501109
0.485154
0.859952
0.627435
0.757522
0.997313
0.0694723
0.23235
0.810907
0.472258
0.701813
0.476625
0.0543648
0.0422051
0.236952
0.393122
0.716171
0.334821
0.0975546
0.242133
0.835237
0.94667
0.77428
0.99574
0.449729
0.339753
0.902766
0.476218
0.906832
0.442731
0.308155
0.538861
0.33252
0.622121
0.318537
0.627479
0.128293
0.6988
0.174249
0.547474
0.841591
0.610773
0.399373
0.450927
0.746149
0.34956
0.138369
0.0834886
0.100649
0.17241
0.0821925
0.695392
0.47192
0.460907
0.717851
0.159487
0.845666
0.5074
0.722571
0.0503385
0.449533
0.101069
0.516601
0.644964
0.702172
0.681584
0.0291362
0.958533
0.828747
0.585514
0.261178
0.549495
0.780923
0.271537
0.939642
0.948538
0.670381
0.404617
0.776095
0.630529
0.156091
0.653416
0.0471011
0.299972
0.372862
0.506868
0.882027
0.388701
0.331538
0.61958
0.386974
0.523844
0.717687
0.832128
0.647776
0.370996
0.504877
0.734463
0.266837
0.689465
0.737267
0.151803
0.553217
0.371412
0.593349
0.918182
0.613321
0.500214
0.624413
0.930466
0.954812
0.927029
0.74975
0.343724
0.253568
0.0202648
0.926148
0.920252
0.0765001
0.491102
0.144108
0.582274
0.876742
0.0297097
0.849568
0.538116
0.613783
0.802056
0.566661
0.746534
0.31267
0.0297775
0.3646
0.193613
0.526287
0.405905
0.621498
0.0753154
0.510595
0.504664
0.323701
0.16017
0.89144
0.764777
0.429773
0.430498
0.727243
0.483001
0.27345
0.716557
0.436063
0.917226
0.324421
0.442249
0.108968
0.776983
0.191597
0.394785
0.909493
0.157595
0.466628
0.650541
0.712679
0.117211
0.641257
0.662462
0.878707
0.135252
0.715364
0.330867
0.102231
0.563431
0.686222
0.211655
0.909357
0.231649
0.598134
0.948593
0.333719
0.286257
0.625034
0.148387
0.2354
0.837043
0.363914
0.501558
0.118672
0.440755
0.683016
0.157663
0.217946
0.329117
0.624217
0.197977
0.12976
0.923701
0.483773
0.158332
0.665057
0.894305
0.515573
0.602646
0.75889
0.189769
0.451626
0.806536
0.615549
0.0349112
0.0936674
0.803155
0.834616
0.201849
0.0963733
0.7706
0.234721
0.751865
0.572313
0.0949899
0.980941
0.3011
0.939775
0.4276
0.661505
0.797025
0.434863
0.106874
0.211858
0.652657
0.920065
0.531183
0.564992
0.892795
0.849932
0.438208
0.735342
0.617718
0.377597
0.240374
0.505678
0.940025
0.679562
0.930675
0.912204
0.817529
0.425184
0.483617
0.887021
0.745674
0.0705332
0.435925
0.892745
0.305167
0.394794
0.371411
0.596901
0.0588126
0.0814047
0.0213364
0.630554
0.813512
0.316736
0.916724
0.0700498
0.82497
0.759348
0.226979
0.551123
0.0936598
0.316111
0.500822
0.658444
0.0889912
0.81021
0.490309
0.323971
0.7618
0.350501
0.572581
0.0360266
0.95151
0.171669
0.639645
0.825734
0.451955
0.168488
0.25134
0.643477
0.675889
0.411006
0.960925
0.322725
0.879309
0.164539
0.0930484
0.390858
0.608861
0.180317
0.133764
0.125137
0.448177
0.0845838
0.885606
0.132941
0.896532
0.133278
0.885182
0.0294759
0.267933
0.85265
0.878429
0.223222
0.979662
0.0077035
0.182714
0.671722
0.0557518
0.785143
0.880397
0.931376
0.881278
0.988143
0.864131
0.733701
0.956987
0.0527639
0.224969
0.0498999
0.497278
0.255132
0.61507
0.496937
0.529972
0.547516
0.0740257
0.0705779
0.710777
0.143638
0.0743482
0.834601
0.0449017
0.635608
0.622252
0.685639
0.0628361
0.539648
0.147739
0.715684
0.563283
0.733001
0.915393
0.808005
0.389171
0.758006
0.765402
0.029744
0.848052
0.213707
0.142923
0.112206
0.326503
0.832812
0.304005
0.862288
0.629731
0.622261
0.43203
0.319651
0.62092
0.424114
0.46306
0.977599
0.269516
0.296585
0.836785
0.439203
0.621952
0.184111
0.706558
0.0931267
0.446488
0.600524
0.450981
0.57083
0.230246
0.193538
0.727264
0.63147
0.262741
0.965933
0.777199
0.190798
0.384012
0.0194828
0.527265
0.0392075
0.0241971
0.667655
0.686763
0.462813
0.855931
0.936105
0.0966959
0.403461
0.131399
0.134431
0.172468
0.93875
0.614799
0.266065
0.531761
0.34573
0.135402
0.0994187
0.376423
0.236778
0.963195
0.61409
0.249146
0.963222
0.324583
0.191647
0.599528
0.700098
0.18723
0.904714
0.650978
0.229878
0.820908
0.232072
0.0269942
0.821673
0.772349
0.208151
0.174293
0.433324
0.607276
0.381183
0.756594
0.399212
0.169136
0.832445
0.312148
0.114964
0.996562
0.439392
0.0718554
0.917238
0.443071
0.15727
0.914633
0.336207
0.598372
0.964028
0.815181
0.169119
0.423
0.218841
0.217516
0.370943
0.817139
0.316369
0.933698
0.712203
0.508327
0.399422
0.800079
0.0403516
0.990909
0.676254
0.311779
0.357005
0.216932
0.632349
0.523534
0.926522
0.155178
0.929046
0.627741
0.296691
0.304078
0.313827
0.500865
0.0833868
0.856735
0.515674
0.753902
0.53237
0.569363
0.920939
0.167432
0.291305
0.0477397
0.9704
0.599928
0.432829
0.34379
0.106034
0.539766
0.65448
0.236324
0.335247
0.239506
0.779204
0.175952
0.752141
0.0811758
0.429247
0.473891
0.770115
0.0259668
0.861145
0.58436
0.705925
0.832478
0.410188
0.0410405
0.0349334
0.0145802
0.524389
0.317338
0.0845796
0.53743
0.863761
0.506797
0.566658
0.583121
0.892382
0.382995
0.306155
0.504899
0.774406
0.0776339
0.472119
0.162992
0.0812707
0.360844
0.400739
0.275147
0.297867
0.413576
0.894679
0.410975
0.0650056
0.141999
0.777413
0.522138
0.237045
0.120163
0.96146
0.375742
0.617062
0.752907
0.480411
0.146924
0.590324
0.736258
0.890001
0.500816
0.457319
0.275828
0.282867
0.677219
0.340694
0.727701
0.167632
0.0387412
0.828176
0.353296
0.648751
0.931089
0.0526577
0.991582
0.1142
0.352457
0.0360696
0.652415
0.886895
0.906906
0.87453
0.964461
0.824972
0.514498
0.754841
0.301952
0.244251
0.914008
0.394518
0.3264
0.550151
0.50846
0.548257
0.187569
0.950734
0.0379454
0.875845
0.418797
0.339144
0.783813
0.279087
0.978774
0.749983
0.626398
0.946221
0.025219
0.400895
0.766974
0.939868
0.361345
0.0374403
0.946116
0.220252
0.3517
0.33015
0.436307
0.158201
0.326118
0.192127
0.588444
0.317954
0.0135945
0.7937
0.509284
0.317769
0.124464
0.530076
0.993129
0.253609
0.33922
0.989471
0.797804
0.374666
0.817389
0.821603
0.118914
0.240982
0.879265
0.925621
0.0429531
0.386453
0.470603
0.749796
0.248078
0.874251
0.993039
0.295673
0.113191
0.205737
0.627793
0.238848
0.73014
0.945034
0.213419
0.746783
0.879001
0.163518
0.625612
0.719364
0.422184
0.448081
0.489463
0.814937
0.0567488
0.784563
0.669529
0.338574
0.908815
0.523244
0.0313188
0.124006
0.442811
0.0627774
0.647896
0.13267
0.854105
0.771024
0.011346
0.871754
0.0246704
0.014588
0.678502
0.117236
0.920499
0.483062
0.955452
0.0997965
0.365341
0.707799
0.754952
0.536835
0.298236
0.568465
0.603637
0.913023
0.216469
0.62626
0.0778614
0.43217
0.0298037
0.891554
0.0724114
0.772575
0.951391
0.532046
0.292337
0.281589
0.791263
0.174662
0.0158274
0.665964
0.945227
0.2124
0.299105
0.763361
0.096712
0.879366
0.0478947
0.790283
0.189463
0.402058
0.778422
0.710827
0.459206
0.299968
0.467669
0.756603
0.0450142
0.635566
0.222946
0.989163
0.27585
0.695149
0.135112
0.501915
0.669395
0.374108
0.458584
0.209441
0.989244
0.551448
0.0435457
0.792442
0.233415
0.647039
0.105401
0.685983
0.159184
0.812395
0.485651
0.251393
0.486298
0.70009
0.554521
0.543657
0.768597
0.737681
0.453918
0.335536
0.848446
0.433657
0.319071
0.0725244
0.310284
0.956392
0.22664
0.651358
0.261177
0.149772
0.382107
0.628256
0.945698
0.980841
0.896765
0.455854
0.888597
0.372424
0.0999134
0.713995
0.425872
0.467473
0.195034
0.731585
0.0112587
0.508621
0.581292
0.0452549
0.576445
0.540249
0.649917
0.792209
0.323392
0.104629
0.170082
0.952606
0.310858
0.43856
0.84032
0.717798
0.246864
0.220561
0.433808
0.245417
0.400727
0.831538
0.0263501
0.368516
0.84864
0.260114
0.761838
0.264179
0.255625
0.450482
0.20066
0.936211
0.0985799
0.504194
0.835639
0.379425
0.943503
0.605319
0.774829
0.0827383
0.17765
0.176541
0.266383
0.934769
0.211786
0.83187
0.268594
0.102742
0.587478
0.0711308
0.508785
0.185767
0.0409553
0.730365
0.332716
0.0156133
0.191774
0.812388
0.557101
0.200216
0.281088
0.101788
0.130379
0.56751
0.431153
0.979968
0.675209
0.391396
0.848444
0.186166
0.895173
0.934957
0.211305
0.985825
0.587452
0.567586
0.832167
0.187378
0.66526
0.715492
0.583708
0.752047
0.866074
0.702783
0.693241
0.222033
0.354253
0.792623
0.062987
0.126347
0.847646
0.846287
0.402488
0.826476
0.983725
0.149968
0.347419
0.766713
0.409871
0.238527
0.116402
0.282933
0.79037
0.795379
0.642113
0.834848
0.211991
0.518647
0.580954
0.903979
0.177094
0.957401
0.748342
0.528056
0.541527
0.862138
0.229207
0.817217
0.665862
0.708017
0.700688
0.175124
0.379502
0.895857
0.682755
0.0404928
0.617897
0.152255
0.104238
0.305063
0.715652
0.00875604
0.495444
0.121059
0.882961
0.0647592
0.77546
0.955585
0.86017
0.613317
0.900156
0.927954
0.0664633
0.933444
0.938621
0.423891
0.324371
0.641589
0.449437
0.294447
0.897365
0.616258
0.914859
0.290642
0.999406
0.484653
0.848743
0.360284
0.518733
0.798453
0.814569
0.11641
0.307223
0.308694
0.479349
0.310462
0.49339
0.288192
0.799303
0.58738
0.718969
0.0962534
0.817119
0.887751
0.540605
0.720581
0.424528
0.800477
0.566989
0.782972
0.107698
0.918567
0.425707
0.495562
0.19546
0.554583
0.43067
0.74139
0.975641
0.476342
0.784346
0.517428
0.924446
0.634717
0.584077
0.368861
0.327705
0.466644
0.297135
0.216961
0.580267
0.0939922
0.803177
0.121451
0.40156
0.221943
0.266864
0.997726
0.882215
0.884171
0.114052
0.866779
0.806832
0.723652
0.743187
0.431715
0.725778
0.0415219
0.414031
0.291351
0.634916
0.0634446
0.0213754
0.509694
0.610915
0.288033
0.357187
0.142746
0.632711
0.262908
0.970248
0.41679
0.514355
0.778341
0.953634
0.539442
0.744252
0.928816
0.28844
0.344987
0.493315
0.597624
0.26414
0.632323
0.844656
0.975767
0.156539
0.0950568
0.510137
0.968604
0.588128
0.860267
0.444429
0.874668
0.0362308
0.960402
0.685094
0.363433
0.0912215
0.334767
0.423545
0.461457
0.0420528
0.467764
0.983289
0.627807
0.122395
0.686754
0.620384
0.277787
0.319437
0.275469
0.733445
0.130035
0.583172
0.784946
0.259904
0.293548
0.0334593
0.422597
0.293181
0.101825
0.511285
0.514335
0.576181
0.440335
0.502862
0.256988
0.974824
0.479579
0.17979
0.200283
0.352223
0.271648
0.617486
0.148509
0.885487
0.377945
0.366887
0.808358
0.254907
0.728653
0.901149
0.80868
0.46687
0.68391
0.579277
0.254078
0.957934
0.940355
0.0217565
0.548347
0.835003
0.200103
0.0567456
0.993756
0.948809
0.721055
0.0355757
0.0449919
0.903148
0.27084
0.786756
0.788892
0.436931
0.727062
0.520867
0.879315
0.575826
0.0647777
0.603323
0.27223
0.250516
0.267628
0.265819
0.239921
0.42085
0.246796
0.344196
0.928929
0.495262
0.987217
0.991545
0.489967
0.0609675
0.0905951
0.520241
0.730982
0.414038
0.837479
0.929083
0.808107
0.981156
0.247447
0.9846
0.502482
0.644432
0.66045
0.498517
0.937906
0.03406
0.764188
0.0995735
0.944535
0.0873295
0.865703
0.744885
0.0701562
0.90951
0.85102
0.392516
0.505497
0.875279
0.827234
0.897328
0.104425
0.317096
0.37937
0.235924
0.878828
0.96944
0.0795992
0.355789
0.740001
0.274322
0.619811
0.505565
0.886894
0.204791
0.392188
0.959366
0.257997
0.411572
0.529641
0.95996
0.700911
0.743488
0.805617
0.595351
0.0477056
0.376299
0.780305
0.0938351
0.559884
0.650385
0.731646
0.946469
0.79378
0.827236
0.718745
0.6756
0.964198
0.252006
0.0608495
0.994409
0.244317
0.647409
0.250287
0.223531
0.135641
0.141524
0.295827
0.260528
0.210702
0.671218
0.567287
0.368423
0.509086
0.392701
0.361555
0.0387961
0.451426
0.818211
0.953544
0.360293
0.103355
0.419497
0.647206
0.100198
0.743442
0.667058
0.0330696
0.308998
0.678916
0.611644
0.0299484
0.715924
0.691523
0.905331
0.377875
0.177403
0.318977
0.930576
0.404942
0.530319
0.743192
0.363067
0.406256
0.0939526
0.386432
0.491972
0.654687
0.320992
0.90772
0.562024
0.609807
0.647982
0.99139
0.764899
0.384559
0.974588
0.161427
0.0616842
0.921023
0.438486
0.551347
0.217727
0.486042
0.830567
0.419143
0.591743
0.0464914
0.00984153
0.74515
0.576751
0.335837
0.925507
0.845096
0.629288
0.979845
0.703492
0.27283
0.466698
0.780615
0.463379
0.511952
0.0171618
0.725111
0.888797
0.196974
0.625721
0.62507
0.0112267
0.0422331
0.29934
0.657953
0.451914
0.42129
0.304513
0.890385
0.790941
0.758892
0.67914
0.701413
0.761801
0.531571
0.659456
0.336978
0.637733
0.830382
0.939383
0.682674
0.75228
0.623115
0.424217
0.274698
0.151419
0.188069
0.188058
0.564043
0.566979
0.57983
0.0154509
0.515865
0.0697853
0.29745
0.0468548
0.92575
0.229099
0.0921542
0.909668
0.154737
0.258793
0.393535
0.0436328
0.867827
0.927504
0.961522
0.259627
0.526238
0.733343
0.0273875
0.988913
0.911621
0.994202
0.992927
0.345244
0.935292
0.153637
0.736671
0.382157
0.940793
0.354548
0.766347
0.519904
0.669482
0.870401
0.356892
0.724789
0.934257
0.384092
0.0929877
0.13822
0.311476
0.298034
0.844689
0.527154
0.282231
0.0505151
0.116474
0.810082
0.882787
0.51422
0.744362
0.998521
0.469158
0.270549
0.344622
0.0688263
0.549234
0.73043
0.401817
0.758752
0.325357
0.462817
0.858998
0.244241
0.589311
0.398965
0.688142
0.392015
0.352089
0.560992
0.295876
0.609027
0.219385
0.496658
0.292116
0.0307324
0.70987
0.836333
0.53493
0.503288
0.64114
0.712744
0.664173
0.545304
0.0210584
0.991468
0.464641
0.519197
0.180576
0.40816
0.535258
0.322812
0.830641
0.569152
0.145819
0.28751
0.508184
0.328413
0.759555
0.252292
0.39126
0.162138
0.961082
0.422956
0.311792
0.607412
0.159055
0.699764
0.296691
0.22907
0.587893
0.787086
0.167762
0.541432
0.555911
0.441269
0.432865
0.0477913
0.176974
0.848609
0.214476
0.473806
0.697439
0.526345
0.966211
0.0185522
0.127457
0.846049
0.62319
0.964244
0.0433849
0.176123
0.262337
0.331886
0.888385
0.507918
0.0891998
0.459591
0.21392
0.397847
0.70214
0.691213
0.391869
0.682122
0.835155
0.887223
0.197068
0.772232
0.213858
0.961769
0.0080068
0.896914
0.253298
0.50606
0.221437
0.191785
0.77803
0.102969
0.56322
0.854028
0.979242
0.587856
0.136015
0.0210792
0.629742
0.488771
0.253621
0.480402
0.130012
0.872039
0.848521
0.317489
0.397554
0.0387818
0.191918
0.231716
0.778999
0.138176
0.331011
0.698242
0.966056
0.866749
0.147607
0.146821
0.233802
0.19939
0.893204
0.452759
0.754442
0.725054
0.895413
0.946884
0.332946
0.702559
0.265637
0.880286
0.176221
0.0916069
0.918816
0.537783
0.34143
0.390487
0.120334
0.946919
0.763908
0.921496
0.343383
0.0596526
0.961778
0.472452
0.307034
0.0809789
0.0256195
0.750632
0.946156
0.228192
0.690809
0.935492
0.880571
0.33179
0.613798
0.445038
0.525946
0.695568
0.739622
0.28855
0.339688
0.26479
0.472822
0.935264
0.285547
0.684203
0.251115
0.469701
0.828045
0.411269
0.281136
0.299674
0.716591
0.677014
0.628383
0.188743
0.733941
0.0599142
0.60153
0.0549837
0.298283
0.214579
0.331161
0.321079
0.556134
0.184122
0.592814
0.565969
0.459088
0.885857
0.965804
0.269191
0.314863
0.33209
0.914107
0.268254
0.781867
0.133277
0.18483
0.310513
0.0312817
0.372206
0.144695
0.432432
0.903344
0.748391
0.82818
0.592368
0.279045
0.957282
0.634465
0.719126
0.82025
0.42101
0.84343
0.441157
0.595298
0.823507
0.357974
0.32617
0.865798
0.410902
0.086869
0.748316
0.564434
0.165698
0.238566
0.460264
0.280615
0.30565
0.26331
0.717896
0.622297
0.942297
0.672364
0.811945
0.783854
0.94853
0.393043
0.474972
0.423324
0.92974
0.823332
0.370947
0.331237
0.767618
0.949613
0.969384
0.706538
0.479446
0.0995316
0.26707
0.734309
0.383692
0.211321
0.327537
0.892926
0.408986
0.230545
0.753411
0.572604
0.454625
0.14712
0.10437
0.3117
0.941516
0.263378
0.370626
0.172509
0.730234
0.0547196
0.893565
0.482213
0.567323
0.755792
0.309823
0.911716
0.84329
0.21057
0.880161
0.974209
0.18067
0.138236
0.278576
0.760834
0.279255
0.255766
0.0572808
0.143828
0.226637
0.190343
0.432483
0.161092
0.0970165
0.906461
0.613441
0.568127
0.548639
0.330285
0.0405338
0.469144
0.250127
0.113702
0.380873
0.786395
0.341959
0.970763
0.589224
0.372976
0.931934
0.979383
0.950022
0.332203
0.064211
0.299149
0.763079
0.726231
0.944157
0.45821
0.95152
0.464235
0.590249
0.315136
0.70626
0.190607
0.974341
0.530626
0.536032
0.102211
0.172108
0.81003
0.165605
0.998741
0.331941
0.736839
0.105156
0.583761
0.653663
0.259138
0.977716
0.9754
0.402526
0.241139
0.580681
0.761602
0.651788
0.488864
0.254839
0.454829
0.636021
0.29727
0.882343
0.662396
0.961446
0.0700654
0.84468
0.91356
0.731775
0.247312
0.984473
0.506746
0.271641
0.820039
0.610087
0.868
0.515824
0.78087
0.850241
0.806547
0.120771
0.919554
0.492759
0.912281
0.863598
0.713588
0.199192
0.274581
0.580812
0.584465
0.757414
0.877443
0.251437
0.527755
0.349077
0.820243
0.392289
0.746271
0.0278335
0.24141
0.384424
0.512762
0.694194
0.495974
0.650807
0.490818
0.866299
0.343204
0.675004
0.6843
0.15477
0.640118
0.765322
0.415804
0.718434
0.264859
0.148073
0.903506
0.573332
0.526787
0.990624
0.501337
0.836608
0.0943386
0.650552
0.338667
0.365607
0.816138
0.414345
0.525195
0.460887
0.729406
0.303587
0.799828
0.37623
0.775681
0.58887
0.14878
0.103517
0.331114
0.805319
0.275126
0.928237
0.704377
0.845927
0.690961
0.672833
0.572236
0.322612
0.637653
0.542918
0.68204
0.800775
0.587154
0.369058
0.865291
0.557739
0.444506
0.0762434
0.536402
0.903027
0.0927294
0.991653
0.403809
0.657263
0.96323
0.555034
0.493829
0.943195
0.552333
0.481901
0.357402
0.894046
0.234223
0.916288
0.505579
0.798238
0.73867
0.240135
0.596928
0.329203
0.179414
0.124716
0.0846618
0.350861
0.509606
0.0644999
0.908333
0.342309
0.350868
0.928747
0.923513
0.124956
0.0154748
0.152912
0.272278
0.176417
0.639551
0.873312
0.992253
0.548656
0.229042
0.390176
0.256844
0.424959
0.275508
0.470976
0.0603224
0.93073
0.766514
0.327693
0.236341
0.866706
0.796902
0.0905436
0.693246
0.95969
0.82253
0.942212
0.0225296
0.901121
0.0852308
0.519289
0.441022
0.964153
0.632487
0.781457
0.757161
0.183477
0.289448
0.406199
0.431531
0.99882
0.446173
0.954618
0.349801
0.582857
0.573429
0.942212
0.416829
0.193076
0.359571
0.389072
0.219172
0.0260115
0.581665
0.224579
0.131108
0.766593
0.0895315
0.103282
0.22527
0.265136
0.141707
0.229252
0.36732
0.733179
0.0684516
0.636626
0.977667
0.720749
0.394145
0.974205
0.958241
0.322663
0.446596
0.982892
0.664389
0.770062
0.135427
0.577405
0.183062
0.0419655
0.504553
0.410817
0.384521
0.744286
0.485688
0.889267
0.841321
0.874483
0.707715
0.92522
0.10117
0.033419
0.634418
0.516271
0.45409
0.185565
0.415656
0.592407
0.499753
0.244546
0.0281035
0.903988
0.537073
0.653865
0.350911
0.447371
0.157758
0.60989
0.241242
0.246162
0.476758
0.293494
0.908447
0.495815
0.997474
0.737196
0.386937
0.51372
0.043467
0.391838
0.763957
0.145917
0.488503
0.967839
0.755383
0.969
0.123154
0.372287
0.971454
0.545541
0.619027
0.370123
0.938246
0.0626086
0.588259
0.93874
0.194337
0.815353
0.0394327
0.0259558
0.935346
0.141009
0.554155
0.838534
0.660805
0.230663
0.749309
0.290119
0.349416
0.742132
0.467684
0.554806
0.470442
0.136729
0.0443073
0.846359
0.175646
0.560946
0.222642
0.742647
0.276303
0.886961
0.159653
0.740904
0.676666
0.809048
0.349078
0.916881
0.799923
0.495768
0.63812
0.505777
0.368821
0.774725
0.994942
0.734352
0.104828
0.927489
0.383441
0.337727
0.589318
0.73393
0.691907
0.990767
0.733782
0.0833154
0.465445
0.727736
0.210787
0.941917
0.00892558
0.624713
0.529325
0.94286
0.167314
0.537256
0.436366
0.650437
0.82889
0.566444
0.790466
0.498285
0.273333
0.525311
0.684058
0.118026
0.474095
0.145506
0.778833
0.643674
0.633446
0.997839
0.740693
0.373375
0.184142
0.610582
0.17074
0.642117
0.750631
0.388297
0.204614
0.0753099
0.124608
0.2023
0.61309
0.0263991
0.53131
0.876878
0.172417
0.87873
0.0946743
0.785619
0.49714
0.142541
0.609972
0.797696
0.811526
0.645244
0.051859
0.917051
0.195988
0.150455
0.7243
0.52633
0.523354
0.627773
0.452569
0.263436
0.161184
0.101371
0.682553
0.478718
0.486421
0.286889
0.0737005
0.507061
0.936323
0.402692
0.11178
0.293333
0.773444
0.372939
0.31809
0.255903
0.0900517
0.942092
0.0445203
0.55324
0.0230743
0.0077404
0.905069
0.0193843
0.225851
0.443741
0.282571
0.234642
0.582665
0.668403
0.768196
0.165197
0.383508
0.65903
0.132786
0.950999
0.0475439
0.0881774
0.805517
0.0470942
0.603351
0.198755
0.0185912
0.743025
0.300903
0.306166
0.762285
0.566236
0.610314
0.420009
0.595197
0.318774
0.375003
0.0842779
0.558802
0.350123
0.483563
0.6626
0.296581
0.0725481
0.52524
0.768057
0.873095
0.707954
0.448653
0.067831
0.858734
0.629863
0.419044
0.292955
0.839023
0.764724
0.982016
0.361901
0.291189
0.155737
0.41333
0.868844
0.550909
0.951931
0.493031
0.48028
0.352859
0.301769
0.974307
0.324905
0.0775848
0.011469
0.37845
0.846967
0.13075
0.712633
0.725576
0.577203
0.125673
0.560273
0.0250846
0.518785
0.544096
0.763974
0.772538
0.520631
0.141446
0.956121
0.971759
0.532563
0.492602
0.709302
0.832083
0.139904
0.930156
0.384098
0.930784
0.236258
0.440007
0.498445
0.596224
0.547431
0.760358
0.322045
0.945952
0.837581
0.345658
0.670315
0.725095
0.0754535
0.0231619
0.178463
0.352949
0.774318
0.255816
0.11115
0.543117
0.34732
0.446534
0.987986
0.502061
0.589215
0.302171
0.51124
0.69729
0.777846
0.270965
0.134132
0.621548
0.278943
0.0953994
0.609338
0.636949
0.827602
0.609484
0.436623
0.135882
0.0307957
0.81308
0.85945
0.504312
0.946293
0.838378
0.909973
0.719066
0.631091
0.444004
0.439736
0.0903938
0.266871
0.232753
0.883823
0.511076
0.34362
0.129433
0.500004
0.661863
0.29978
0.82845
0.0415461
0.502669
0.416294
0.356933
0.50489
0.737374
0.66714
0.0517559
0.0900681
0.13981
0.406311
0.168082
0.457319
0.773105
0.981899
0.232119
0.605116
0.663515
0.883176
0.398644
0.11457
0.16322
0.441076
0.174322
0.236158
0.541777
0.975372
0.0176486
0.437658
0.382335
0.188091
0.333998
0.370031
0.260989
0.0613822
0.160329
0.0711194
0.203853
0.700331
0.981129
0.788586
0.106427
0.203681
0.539702
0.479449
0.383282
0.336181
0.0290969
0.515076
0.591703
0.0745722
0.0831754
0.776462
0.716443
0.0330492
0.585445
0.0823693
0.723431
0.0946378
0.764433
0.827497
0.331648
0.929314
0.0850869
0.991687
0.952268
0.244451
0.0500301
0.701493
0.0329935
0.474032
0.645468
0.126154
0.0876331
0.966489
0.0125577
0.306264
0.253671
0.046118
0.389358
0.960935
0.526624
0.0594046
0.214789
0.411598
0.983683
0.910257
0.00771505
0.736607
0.331492
0.527308
0.559786
0.446132
0.369534
0.75444
0.581686
0.70462
0.0475327
0.807452
0.227708
0.0352617
0.278592
0.962094
0.935987
0.499128
0.15663
0.0357077
0.573751
0.329348
0.850891
0.126729
0.696171
0.167244
0.992113
0.87563
0.52254
0.975317
0.952471
0.0935353
0.854073
0.0291784
0.79086
0.532086
0.582999
0.416663
0.0236939
0.537191
0.618666
0.846701
0.359449
0.100407
0.901453
0.607257
0.13538
0.507549
0.868739
0.0122445
0.131379
0.883527
0.0695149
0.817643
0.686853
0.958412
0.306554
0.19153
0.821904
0.205907
0.802898
0.634883
0.611057
0.719901
0.977634
0.180511
0.498041
0.956442
0.812789
0.921532
0.104777
0.571608
0.300624
0.806047
0.9691
0.894095
0.323332
0.968212
0.128627
0.977928
0.761846
0.63806
0.284711
0.370567
0.306091
0.0502242
0.0983267
0.069098
0.0748964
0.440666
0.425318
0.263745
0.735504
0.0515857
0.4702
0.996983
0.21455
0.0797749
0.532161
0.64954
0.723958
0.735141
0.79134
0.45987
0.605721
0.92049
0.982297
0.241689
0.383991
0.212596
0.509276
0.288653
0.329262
0.963086
0.0196115
0.767556
0.0818272
0.633502
0.948578
0.650161
0.0108202
0.0863228
0.0280546
0.961348
0.894607
0.930261
0.863708
0.303978
0.197577
0.888027
0.384979
0.205195
0.256456
0.383829
0.976263
0.559966
0.655578
0.308421
0.689499
0.561692
0.963509
0.017522
0.296232
0.677645
0.263614
0.210113
0.791869
0.0357967
0.0547356
0.285986
0.261453
0.649795
0.224545
0.105542
0.100029
0.700374
0.77494
0.541029
0.365549
0.35398
0.331705
0.706826
0.705678
0.318547
0.828115
0.241359
0.815055
0.92156
0.123027
0.572381
0.128862
0.440929
0.694811
0.352488
0.575202
0.713348
0.701992
0.42714
0.903638
0.660063
0.132432
0.0426238
0.949902
0.673189
0.922709
0.741065
0.341298
0.918919
0.937352
0.339643
0.793249
0.0911279
0.541485
0.0995563
0.112795
0.533781
0.618783
0.40981
0.0257466
0.650781
0.895955
0.28205
0.967516
0.645013
0.346091
0.254151
0.804169
0.863418
0.554397
0.244854
0.0490711
0.821911
0.494958
0.211769
0.335453
0.675454
0.54859
0.522065
0.353979
0.210115
0.574734
0.699868
0.56097
0.978461
0.566311
0.561699
0.735627
0.664384
0.76374
0.580926
0.518024
0.788306
0.415686
0.845575
0.54562
0.650358
0.458297
0.056141
0.695768
0.542367
0.828859
0.192848
0.291694
0.435262
0.7747
0.841147
0.851666
0.267177
0.665249
0.217105
0.641539
0.647565
0.728527
0.953784
0.381261
0.628383
0.0323522
0.829192
0.0846286
0.845285
0.98665
0.26043
0.869627
0.45701
0.0224356
0.0327023
0.987953
0.744094
0.597628
0.805338
0.8152
0.822779
0.537691
0.807894
0.80794
0.34161
0.0867164
0.26608
0.277678
0.207499
0.60457
0.485488
0.610323
0.416582
0.461676
0.834097
0.221272
0.425937
0.352451
0.616641
0.673675
0.549289
0.183415
0.295143
0.618199
0.186938
0.942045
0.77889
0.716086
0.747824
0.557573
0.611037
0.94009
0.951358
0.75213
0.905973
0.793743
0.0745546
0.646709
0.699448
0.542979
0.488129
0.523807
0.456945
0.351706
0.888745
0.530853
0.484287
0.388043
0.375812
0.378199
0.123183
0.0329108
0.565106
0.701344
0.6012
0.962335
0.786814
0.746924
0.102116
0.724599
0.839608
0.801063
0.138571
0.240631
0.731989
0.948616
0.608253
0.959431
0.880136
0.844295
0.590826
0.967063
0.933313
0.391401
0.522593
0.700333
0.392095
0.637807
0.159811
0.044195
0.894981
0.737653
0.739372
0.381553
0.332733
0.588395
0.868735
0.650601
0.509827
0.0460076
0.727642
0.287607
0.126437
0.0335425
0.289316
0.075954
0.253376
0.460362
0.165154
0.914778
0.506635
0.501019
0.211739
0.729477
0.11053
0.791099
0.0711257
0.401034
0.113654
0.230325
0.706504
0.116393
0.67398
0.552979
0.546744
0.807488
0.277038
0.840336
0.25595
0.26109
0.720167
0.299267
0.0147284
0.786607
0.342887
0.478214
0.0612914
0.660789
0.87195
0.716341
0.285547
0.592762
0.640028
0.503511
0.290824
0.2638
0.401152
0.607656
0.609594
0.63219
0.326221
0.256104
0.881495
0.417682
0.67729
0.39385
0.6593
0.543172
0.0756077
0.205406
0.0808483
0.867225
0.724134
0.126638
0.994925
0.149712
0.295432
0.335186
0.0463074
0.351499
0.173411
0.613685
0.88333
0.757175
0.377
0.629011
0.61025
0.468907
0.499617
0.610693
0.280302
0.269583
0.243415
0.99148
0.631847
0.033486
0.452011
0.714193
0.597056
0.425621
0.168377
0.893483
0.692312
0.278342
0.12151
0.730683
0.766666
0.696093
0.0772956
0.787049
0.23726
0.203339
0.0194853
0.494262
0.165688
0.753728
0.491968
0.954201
0.235927
0.592168
0.665203
0.317393
0.0691203
0.459392
0.388375
0.426238
0.300338
0.0724952
0.228243
0.13994
0.356648
0.353015
0.362472
0.0399165
0.51402
0.501105
0.549919
0.484681
0.078441
0.556916
0.487624
0.169552
0.363591
0.895151
0.362441
0.857267
0.106382
0.421506
0.839929
0.0098717
0.776951
0.189816
0.512177
0.259627
0.873386
0.637848
0.444837
0.896868
0.597713
0.516826
0.540267
0.913622
0.421512
0.399547
0.613041
0.43043
0.983572
0.666301
0.225905
0.55984
0.836696
0.989298
0.138482
0.145071
0.116999
0.863257
0.525417
0.0120816
0.271429
0.698494
0.680405
0.439139
0.785317
0.464508
0.139233
0.357177
0.783488
0.981525
0.895327
0.494978
0.467229
0.716669
0.241717
0.959979
0.365462
0.929783
0.0968637
0.851419
0.866838
0.80266
0.988703
0.25422
0.1409
0.101799
0.863038
0.272284
0.0661237
0.551013
0.691143
0.0842913
0.424634
0.463059
0.493226
0.598324
0.568786
0.438996
0.935405
0.0826043
0.585367
0.518038
0.0409552
0.321871
0.997992
0.642079
0.896959
0.198787
0.859611
0.647161
0.88547
0.277609
0.79295
0.616617
0.681798
0.968092
0.963478
0.360721
0.237613
0.128544
0.315178
0.0931455
0.825067
0.964508
0.573329
0.133462
0.0766129
0.408281
0.236947
0.426611
0.819798
0.566373
0.203507
0.788563
0.300334
0.257023
0.367412
0.454289
0.593779
0.227829
0.544601
0.249622
0.528728
0.623727
0.116395
0.283649
0.27865
0.0663256
0.0209703
0.978575
0.136163
0.527037
0.437424
0.164197
0.360803
0.339642
0.0299484
0.0637307
0.0136052
0.840717
0.781473
0.465076
0.111394
0.322836
0.279431
0.147513
0.0521116
0.402679
0.916794
0.756116
0.0395109
0.989234
0.895146
0.673784
0.226458
0.582151
0.51113
0.968502
0.41262
0.348293
0.506316
0.689729
0.0457572
0.58559
0.5874
0.247985
0.0812112
0.97375
0.154544
0.689454
0.0242471
0.572097
0.653218
0.908448
0.735095
0.496892
0.39254
0.916654
0.0904121
0.766981
0.914669
0.570673
0.184141
0.268653
0.431635
0.110657
0.0435525
0.592458
0.192003
0.401503
0.389292
0.957431
0.273066
0.998266
0.948662
0.756002
0.666113
0.0151175
0.213628
0.525668
0.379164
0.700094
0.738706
0.0911292
0.974668
0.0673629
0.287605
0.611512
0.251496
0.946896
0.0187759
0.0981281
0.571884
0.971904
0.824338
0.498656
0.817406
0.979878
0.733123
0.873835
0.00825383
0.62907
0.509698
0.215223
0.53391
0.948512
0.129857
0.831123
0.193357
0.319521
0.761183
0.212792
0.362932
0.552474
0.561509
0.738641
0.80888
0.390254
0.897969
0.958003
0.811918
0.577227
0.182849
0.516892
0.217874
0.799881
0.58742
0.675397
0.327006
0.271532
0.834488
0.451659
0.729574
0.670714
0.115849
0.991753
0.133104
0.218145
0.876495
0.116088
0.640892
0.230846
0.962262
0.67059
0.895918
0.177604
0.683967
0.265796
0.608239
0.169923
0.960907
0.0887182
0.881496
0.211548
0.63318
0.684971
0.682758
0.990873
0.533824
0.617944
0.842137
0.580782
0.798621
0.417305
0.513636
0.567743
0.93671
0.755171
0.635887
0.621286
0.0851627
0.743988
0.961611
0.201731
0.927507
0.985103
0.916261
0.903353
0.566236
0.877745
0.317786
0.17022
0.485115
0.26519
0.430994
0.543605
0.472977
0.631841
0.593151
0.173125
0.891005
0.450105
0.730483
0.521689
0.834674
0.275756
0.114667
0.81169
0.834861
0.664799
0.538786
0.0447126
0.625039
0.589825
0.608643
0.943691
0.177811
0.500151
0.954805
0.592225
0.0276707
0.869659
0.0194794
0.6933
0.095152
0.250716
0.91882
0.840223
0.0567341
0.573757
0.232408
0.481174
0.588666
0.63236
0.750573
0.0657055
0.0413582
0.444717
0.378091
0.579948
0.376371
0.483503
0.0350307
0.691928
0.413571
0.66689
0.579477
0.0386094
0.332737
0.656831
0.348957
0.381784
0.54577
0.439831
0.826823
0.618605
0.938284
0.214879
0.468716
0.354968
0.685978
0.719927
0.860799
0.870038
0.996022
0.0513094
0.860221
0.57654
0.337135
0.642594
0.760153
0.816144
0.742464
0.0718684
0.862211
0.938956
0.338664
0.243018
0.248494
0.425319
0.171587
0.568418
0.221121
0.787387
0.556908
0.353245
0.95151
0.0705928
0.726922
0.892227
0.879482
0.0484059
0.0399416
0.0211508
0.800778
0.495768
0.741281
0.663109
0.270423
0.512059
0.505528
0.874957
0.68072
0.791335
0.776104
0.987865
0.944433
0.192626
0.86671
0.145363
0.134527
0.811726
0.340423
0.312987
0.915574
0.0195141
0.238513
0.250771
0.433911
0.280996
0.545737
0.678917
0.281231
0.0410561
0.0093998
0.40352
0.227098
0.286586
0.768638
0.885804
0.155041
0.34247
0.941393
0.118369
0.334213
0.156474
0.518882
0.853363
0.0788051
0.363569
0.617599
0.280959
0.93717
0.569102
0.590729
0.769049
0.150797
0.340497
0.755631
0.608023
0.177917
0.24416
0.169831
0.898117
0.0678041
0.849447
0.0935017
0.721232
0.109725
0.571211
0.437889
0.677637
0.801775
0.587488
0.8687
0.380629
0.318144
0.661902
0.317469
0.614244
0.862599
0.256611
0.0696589
0.684276
0.248599
0.985156
0.423864
0.601248
0.311509
0.852314
0.769702
0.719029
0.617714
0.39131
0.825523
0.338427
0.771099
0.212806
0.907359
0.862595
0.108871
0.8006
0.299252
0.167515
0.958246
0.43908
0.658784
0.602205
0.724147
0.0802905
0.801114
0.228339
0.00683033
0.191255
0.252979
0.616089
0.800626
0.651914
0.705957
0.14836
0.231776
0.891385
0.824893
0.116352
0.882531
0.464181
0.091569
0.457198
0.925408
0.516714
0.282482
0.993403
0.501827
0.271765
0.770166
0.0681101
0.513882
0.986049
0.8519
0.160272
0.84949
0.483525
0.720819
0.55925
0.471812
0.576263
0.12872
0.582192
0.121044
0.947394
0.715001
0.639873
0.354797
0.336725
0.212213
0.476189
0.956758
0.845044
0.978414
0.854271
0.101462
0.290998
0.767061
0.614969
0.69206
0.432671
0.0970396
0.202535
0.187977
0.292957
0.611342
0.705705
0.842306
0.407241
0.38049
0.938095
0.559081
0.201947
0.013488
0.0477302
0.552824
0.362757
0.755624
0.442432
0.474073
0.711108
0.614475
0.727408
0.402546
0.339581
0.964102
0.653994
0.912379
0.211354
0.432755
0.18561
0.586393
0.74702
0.89
0.0770452
0.493102
0.0658125
0.674235
0.952842
0.529924
0.912246
0.760806
0.576546
0.648459
0.926862
0.176415
0.458731
0.432172
0.273861
0.308293
0.381596
0.918571
0.537394
0.963174
0.762693
0.401769
0.0400749
0.858238
0.161009
0.0826935
0.496337
0.717918
0.798979
0.156477
0.817346
0.0871001
0.68794
0.528241
0.966502
0.390521
0.886058
0.798022
0.315681
0.233585
0.205229
0.191008
0.13825
0.185126
0.0268788
0.904045
0.994927
0.229158
0.632211
0.321925
0.0837893
0.887865
0.379314
0.800168
0.227206
0.83264
0.915563
0.670478
0.199701
0.337801
0.651207
0.374471
0.551862
0.685746
0.543666
0.434104
0.152257
0.543505
0.940905
0.0763857
0.242041
0.731543
0.638605
0.237979
0.883597
0.376507
0.953375
0.974408
0.784135
0.181975
0.178322
0.828329
0.399441
0.287201
0.753168
0.402622
0.315738
0.108883
0.815992
0.512927
0.615702
0.0593985
0.259326
0.0230255
0.813356
0.556875
0.0487493
0.674123
0.299254
0.451344
0.767991
0.355651
0.314446
0.221547
0.748733
0.62024
0.586762
0.887179
0.15703
0.94454
0.344198
0.358992
0.769963
0.37698
0.00881509
0.614576
0.077768
0.101506
0.337122
0.896944
0.602709
0.765138
0.50494
0.34352
0.0472346
0.754626
0.242245
0.32973
0.848949
0.0866438
0.540765
0.659556
0.693369
0.990094
0.412119
0.632339
0.153429
0.464049
0.617584
0.0118254
0.940946
0.979697
0.361304
0.218276
0.445642
0.247685
0.52841
0.956959
0.693321
0.568926
0.353246
0.395254
0.299801
0.638702
0.221017
0.820482
0.668121
0.590923
0.470113
0.238511
0.7966
0.679447
0.529546
0.0718762
0.569966
0.635549
0.753039
0.373772
0.247464
0.326158
0.729265
0.0624101
0.182017
0.220448
0.625827
0.935827
0.0368624
0.144186
0.612499
0.801494
0.629424
0.0820756
0.724368
0.368704
0.659663
0.936054
0.959541
0.910389
0.970809
0.944364
0.958132
0.726978
0.368377
0.817023
0.304682
0.184329
0.057213
0.134906
0.515007
0.301452
0.0181774
0.25702
0.703126
0.466276
0.703177
0.0555191
0.0327292
0.929048
0.747265
0.580522
0.26667
0.12089
0.861908
0.431523
0.0382005
0.500738
0.564803
0.091084
0.61383
0.965291
0.139589
0.108512
0.65272
0.296341
0.688247
0.227269
0.0500241
0.562858
0.591882
0.328788
0.693337
0.312638
0.0632902
0.841042
0.863767
0.789168
0.00934125
0.663336
0.606891
0.917854
0.453777
0.121283
0.972994
0.969099
0.730037
0.455168
0.872211
0.417198
0.141244
0.0297038
0.526866
0.397891
0.25829
0.392035
0.71244
0.0893871
0.114199
0.0185598
0.795827
0.0130924
0.895598
0.338915
0.43088
0.568217
0.873609
0.938358
0.633825
0.942256
0.546989
0.140232
0.143821
0.467334
0.97031
0.76679
0.64635
0.140923
0.338517
0.448884
0.999432
0.30056
0.759776
0.566617
0.992579
0.248022
0.991272
0.0217858
0.833208
0.687592
0.450901
0.559209
0.288266
0.198803
0.586569
0.240239
0.639331
0.459336
0.321922
0.426033
0.173643
0.969992
0.313512
0.170137
0.0879264
0.475327
0.603565
0.0999908
0.510013
0.711171
0.0331077
0.908416
0.658555
0.523911
0.204167
0.117722
0.695279
0.334336
0.581641
0.493298
0.842776
0.324974
0.152253
0.399938
0.577402
0.840325
0.610551
0.457042
0.244537
0.760148
0.54095
0.794127
0.902278
0.527769
0.118461
0.880905
0.304205
0.293807
0.0551761
0.835757
0.249407
0.590425
0.862592
0.160798
0.567866
0.887526
0.0687357
0.815398
0.0419271
0.979537
0.668223
0.191105
0.509739
0.749
0.29169
0.904377
0.473819
0.360455
0.846375
0.753411
0.961597
0.449732
0.178603
0.0175696
0.53154
0.762954
0.997874
0.408225
0.104003
0.496218
0.608804
0.279639
0.0309448
0.557342
0.0648419
0.120614
0.14546
0.971559
0.924997
0.530655
0.106508
0.641259
0.71073
0.836218
0.33156
0.769527
0.217358
0.939821
0.622335
0.871752
0.908466
0.237349
0.120173
0.409812
0.391334
0.086491
0.737203
0.869375
0.644802
0.788921
0.116681
0.422117
0.775828
0.740119
0.496095
0.716293
0.100454
0.231193
0.348459
0.577416
0.717027
0.960192
0.133408
0.196005
0.72937
0.650616
0.595031
0.545857
0.401296
0.637734
0.00738489
0.149828
0.551289
0.329099
0.828858
0.687855
0.41895
0.0592089
0.370228
0.745124
0.978111
0.668961
0.0549433
0.117449
0.872521
0.282129
0.188782
0.0805676
0.437125
0.374117
0.115452
0.785339
0.720573
0.922622
0.598047
0.237313
0.816317
0.424425
0.622892
0.598308
0.391143
0.495409
0.326837
0.344248
0.904983
0.464792
0.463352
0.491577
0.0130433
0.190464
0.515766
0.967348
0.456526
0.782546
0.475325
0.478792
0.489586
0.633696
0.918428
0.205232
0.749199
0.318481
0.511076
0.734799
0.636585
0.509436
0.732956
0.230572
0.210435
0.744379
0.864936
0.38285
0.670524
0.542788
0.965264
0.175585
0.519233
0.981137
0.102065
0.584998
0.100742
0.726486
0.791121
0.759666
0.966462
0.198626
0.529912
0.091098
0.598692
0.112132
0.0984564
0.555738
0.301183
0.418391
0.432906
0.0729759
0.160512
0.387952
0.219471
0.0505067
0.611204
0.769691
0.320833
0.9582
0.9028
0.41149
0.756345
0.250245
0.113021
0.523419
0.249052
0.0912289
0.272268
0.227183
0.783743
0.35724
0.536629
0.673487
0.214893
0.710157
0.816844
0.438671
0.647645
0.0337127
0.864717
0.0184719
0.848348
0.621895
0.654949
0.97062
0.588601
0.595625
0.68501
0.655043
0.167985
0.389749
0.128813
0.70829
0.894509
0.243404
0.242776
0.199739
0.878818
0.893796
0.281395
0.274859
0.668173
0.780847
0.693201
0.619075
0.42182
0.835247
0.835573
0.62421
0.577525
0.694254
0.304505
0.494617
0.384096
0.332818
0.649433
0.357464
0.822691
0.102578
0.55246
0.0820404
0.607018
0.293668
0.788988
0.464437
0.981319
0.412225
0.966146
0.489577
0.497858
0.016348
0.709364
0.097838
0.127556
0.769069
0.302931
0.785683
0.268953
0.722269
0.59289
0.429238
0.00811738
0.215107
0.874573
0.732344
0.150301
0.953636
0.744603
0.329557
0.941315
0.664469
0.954232
0.0180329
0.0328102
0.19696
0.477026
0.560435
0.964118
0.320621
0.711277
0.0980056
0.869076
0.760877
0.298174
0.09704
0.151372
0.0463626
0.776101
0.248646
0.666474
0.362661
0.431163
0.258776
0.505337
0.184707
0.739054
0.127816
0.036665
0.487871
0.426222
0.653149
0.727908
0.217739
0.993041
0.0535428
0.750273
0.905374
0.176804
0.530863
0.792212
0.566575
0.444259
0.086566
0.650332
0.0197208
0.313586
0.915828
0.766419
0.839836
0.550828
0.996093
0.549685
0.107787
0.985824
0.187978
0.0883627
0.293224
0.131493
0.122723
0.934369
0.0169333
0.14677
0.174971
0.279403
0.198847
0.600364
0.0431321
0.388871
0.885236
0.734319
0.766008
0.239382
0.105318
0.0797172
0.797114
0.795774
0.57448
0.435203
0.243874
0.0934987
0.265491
0.958292
0.552989
0.570773
0.0501781
0.415627
0.60293
0.246788
0.537131
0.912831
0.489278
0.00726069
0.774932
0.846063
0.579381
0.420051
0.302005
0.494034
0.277552
0.640735
0.448412
0.361212
0.355767
0.246404
0.13534
0.753288
0.0815234
0.496586
0.551592
0.704989
0.451974
0.446346
0.540088
0.392469
0.0136118
0.025397
0.904425
0.898904
0.17328
0.720279
0.859256
0.0124362
0.699073
0.0449367
0.901296
0.888952
0.0670277
0.681814
0.815031
0.467404
0.380491
0.549813
0.690724
0.0207203
0.245691
0.810716
0.400802
0.822144
0.916103
0.27456
0.903903
0.326541
0.764359
0.250441
0.67971
0.97112
0.972409
0.760662
0.0930465
0.794458
0.575539
0.3179
0.106333
0.421954
0.523993
0.647462
0.738199
0.609296
0.600704
0.121219
0.884194
0.980111
0.0085281
0.72413
0.201695
0.736373
0.0389572
0.940486
0.910096
0.134171
0.603069
0.418977
0.865795
0.921855
0.0330604
0.348663
0.584454
0.789685
0.29212
0.768111
0.171681
0.735721
0.685211
0.465924
0.955647
0.61861
0.941949
0.808385
0.629442
0.797661
0.750364
0.984765
0.336107
0.571454
0.42746
0.859638
0.229749
0.915421
0.169206
0.557227
0.770651
0.27589
0.647908
0.367087
0.446295
0.831621
0.273772
0.713072
0.13536
0.339924
0.920543
0.532562
0.381805
0.386492
0.245716
0.062105
0.17543
0.173384
0.873024
0.396848
0.798142
0.878211
0.641354
0.226933
0.162346
0.588508
0.809321
0.471375
0.996962
0.96883
0.0808216
0.740182
0.737816
0.12416
0.0263671
0.396928
0.185281
0.5771
0.481571
0.503359
0.16948
0.872514
0.854005
0.11001
0.671583
0.600035
0.301992
0.807274
0.119632
0.72452
0.752401
0.79119
0.804793
0.347951
0.169418
0.75451
0.722641
0.230172
0.922172
0.725194
0.159868
0.650623
0.783434
0.813726
0.83942
0.353108
0.0199003
0.1558
0.131299
0.391923
0.181971
0.806751
0.398918
0.536958
0.995352
0.81466
0.839486
0.957812
0.0629032
0.0632897
0.943718
0.602293
0.175855
0.414091
0.875467
0.584934
0.388508
0.797368
0.968269
0.320615
0.874077
0.246526
0.422523
0.384973
0.210015
0.760936
0.722995
0.101819
0.274896
0.0403982
0.460773
0.0347117
0.358234
0.942758
0.695716
0.121828
0.215393
0.890513
0.559398
0.491181
0.416873
0.250723
0.535907
0.271029
0.0787391
0.329294
0.33421
0.807515
0.101598
0.892869
0.938513
0.00835621
0.565729
0.309142
0.802607
0.682032
0.901398
0.942886
0.376874
0.26632
0.292875
0.817255
0.336255
0.960469
0.241562
0.276613
0.868135
0.550028
0.893464
0.09539
0.547469
0.293215
0.246941
0.716032
0.759645
0.598329
0.995817
0.78379
0.483188
0.647146
0.924457
0.921808
0.183534
0.69975
0.284374
0.218397
0.542658
0.798635
0.0257865
0.405672
0.999094
0.250427
0.683264
0.686652
0.949824
0.188671
0.77019
0.193206
0.943369
0.478543
0.575298
0.0235505
0.63003
0.383792
0.185139
0.978657
0.847592
0.118234
0.0267373
0.183709
0.891853
0.505357
0.497848
0.782214
0.778092
0.838112
0.586174
0.0973126
0.261954
0.991224
0.982812
0.113017
0.553108
0.825422
0.631331
0.483714
0.794093
0.191095
0.210736
0.527436
0.694923
0.0417058
0.713795
0.646726
0.202451
0.135829
0.794957
0.643664
0.531326
0.654881
0.46694
0.972198
0.911149
0.92939
0.99715
0.0908858
0.191985
0.649177
0.0444106
0.707009
0.0425068
0.0602022
0.556069
0.236606
0.902569
0.199873
0.399239
0.375798
0.323552
0.539108
0.901101
0.507442
0.504899
0.895959
0.104671
0.373187
0.70086
0.269858
0.340276
0.764503
0.654453
0.620513
0.57644
0.793414
0.889153
0.732377
0.637472
0.502355
0.935364
0.604983
0.664818
0.878968
0.971663
0.97763
0.404013
0.673164
0.705947
0.0900274
0.481903
0.206402
0.180026
0.683054
0.140603
0.180486
0.067932
0.416695
0.775085
0.357786
0.684392
0.602589
0.066096
0.6942
0.210739
0.59124
0.657737
0.217247
0.696883
0.190338
0.535073
0.340286
0.990063
0.72453
0.550273
0.697601
0.468964
0.550067
0.0813124
0.623696
0.146384
0.468737
0.125678
0.456092
0.196008
0.246923
0.348976
0.807225
0.399001
0.409101
0.88957
0.934154
0.404111
0.858556
0.0817234
0.0357928
0.917426
0.8213
0.642958
0.136826
0.971073
0.539679
0.154313
0.493268
0.288452
0.354977
0.361537
0.182935
0.815915
0.547409
0.615016
0.725614
0.989296
0.809109
0.757273
0.846987
0.65868
0.892091
0.222328
0.371529
0.0466128
0.916452
0.283294
0.398807
0.411373
0.189823
0.923127
0.881996
0.268191
0.218814
0.55464
0.41162
0.283692
0.321262
0.831964
0.197989
0.973124
0.167359
0.0655911
0.73992
0.955136
0.525861
0.483172
0.0617015
0.011596
0.332501
0.243755
0.517717
0.0159905
0.982001
0.138487
0.191522
0.866668
0.0308694
0.708889
0.977733
0.407423
0.193959
0.925493
0.766945
0.895989
0.271591
0.0831316
0.828712
0.124365
0.475635
0.630916
0.546753
0.91316
0.581896
0.321411
0.54601
0.0658276
0.320268
0.819155
0.478929
0.831062
0.354918
0.27619
0.343185
0.764517
0.165228
0.493355
0.0925255
0.787792
0.111441
0.283869
0.016711
0.598814
0.777937
0.324897
0.386543
0.322868
0.429354
0.833452
0.887376
0.33944
0.858995
0.566814
0.27993
0.971558
0.205014
0.341352
0.707536
0.527331
0.548089
0.5564
0.523141
0.623987
0.612837
0.492582
0.975426
0.0427628
0.40007
0.404015
0.329116
0.10305
0.0613417
0.726658
0.404031
0.569795
0.0707178
0.273586
0.707053
0.390567
0.416674
0.672463
0.343204
0.522444
0.411741
0.0443163
0.180762
0.0402077
0.560421
0.831388
0.815633
0.504256
0.969687
0.98058
0.400387
0.0559595
0.68865
0.876674
0.434602
0.511021
0.53749
0.822753
0.201968
0.479036
0.434486
0.88641
0.987211
0.919664
0.101248
0.830822
0.662743
0.559841
0.402005
0.535373
0.307191
0.101797
0.585849
0.384187
0.0375851
0.161844
0.289588
0.039231
0.87723
0.661741
0.842619
0.491879
0.246632
0.0454417
0.815576
0.315391
0.88219
0.10862
0.62303
0.554159
0.844509
0.530773
0.78916
0.516591
0.252434
0.428247
0.479025
0.715521
0.758019
0.182879
0.521278
0.42324
0.316981
0.334349
0.0479165
0.863934
0.593683
0.0863174
0.235842
0.335293
0.0168574
0.511675
0.250366
0.709859
0.872818
0.160494
0.878066
0.748755
0.919589
0.742938
0.255702
0.0874401
0.0992679
0.463255
0.588604
0.965082
0.639628
0.769426
0.644159
0.97531
0.198639
0.617993
0.174637
0.496123
0.416477
0.79049
0.695811
0.450361
0.994947
0.3636
0.297837
0.112712
0.0985628
0.899861
0.801348
0.708575
0.216198
0.592426
0.464553
0.498848
0.400826
0.564
0.586399
0.568336
0.911341
0.56708
0.951487
0.0414708
0.436739
0.582338
0.438026
0.539742
0.287736
0.30105
0.568555
0.928924
0.597254
0.855912
0.726376
0.696827
0.891847
0.0608713
0.594297
0.99569
0.996827
0.938733
0.236235
0.318473
0.0786698
0.739481
0.418496
0.429655
0.964819
0.265188
0.0201004
0.235832
0.487843
0.661982
0.401464
0.900169
0.268223
0.953736
0.821313
0.468355
0.167926
0.623158
0.305375
0.987284
0.0751015
0.222068
0.212858
0.932094
0.093431
0.107652
0.108711
0.838185
0.342865
0.36969
0.398328
0.934687
0.270246
0.825936
0.494343
0.503265
0.168246
0.112578
0.25206
0.699153
0.0971977
0.510499
0.113271
0.748461
0.665
0.264113
0.18589
0.991272
0.0460884
0.186738
0.991652
0.862559
0.639912
0.546303
0.997447
0.8891
0.915125
0.724251
0.878427
0.956506
0.65141
0.433842
0.509403
0.11744
0.474488
0.59288
0.658543
0.513957
0.976391
0.48331
0.340952
0.625899
0.111243
0.818255
0.497449
0.214071
0.107522
0.409283
0.909852
0.144601
0.624593
0.270793
0.0342168
0.654272
0.287519
0.927811
0.488571
0.295713
0.60622
0.858209
0.180467
0.267496
0.416973
0.0515994
0.658928
0.0597637
0.141244
0.473036
0.0329132
0.238178
0.947413
0.416118
0.283012
0.560508
0.185581
0.349048
0.289259
0.437517
0.0899472
0.846976
0.826841
0.449194
0.237252
0.340456
0.77089
0.672936
0.224452
0.721554
0.285378
0.793394
0.266374
0.108529
0.224603
0.508767
0.34591
0.784319
0.333474
0.297488
0.606848
0.911953
0.950203
0.33229
0.609855
0.901731
0.773735
0.331556
0.463832
0.709425
0.921229
0.181606
0.0718352
0.211509
0.849763
0.480304
0.185246
0.717482
0.952614
0.76513
0.579021
0.490954
0.80807
0.132148
0.753707
0.351403
0.578629
0.485347
0.880105
0.416765
0.429684
0.375793
0.482551
0.98636
0.980676
0.673933
0.186156
0.842575
0.61943
0.0158975
0.39919
0.783244
0.099972
0.376403
0.265423
0.648476
0.859684
0.570057
0.299912
0.406287
0.0975113
0.387081
0.104792
0.788516
0.413026
0.31099
0.806423
0.174816
0.193152
0.0641837
0.882569
0.914638
0.0391154
0.135345
0.360755
0.10785
0.980301
0.605053
0.699995
0.2192
0.731935
0.690813
0.816332
0.332844
0.5902
0.494539
0.994032
0.052828
0.327944
0.601187
0.656653
0.34342
0.182784
0.249693
0.255249
