12113091
12114007
12114035
12114078
12114092
12114116
12115009
12115014
12115015
12115016
12115018
12115019
12115020
12115022
12115023
12115062
12115073
12115093
12115094
12116012
12116054
12117010
12117016
12117020
12117065
12119040
12119042
12120017
12120026
12121017
12121022
12121034
12121050
12121067
12122019
12127003
12127010
12127011
12127017
12127018
12127032
12128025
12132043
12132061
12133018
12134023
12136005
12136006
12136014
12136017
12136022
12136023
12136024
12136025
12136027
12136028
12136029
12136030
12136031
12136034
12136054
12138005
12138017
12138021
12146004
12146006
12146007
12146008
12151035
12153002
12153004
12153007
12153013
12157038
12157051
12158040
12158041
12158054
12158056
12158057
12162055
12162056
12162057
12162058
12164037
12164078
12164079
12166002
12166003
12167015
12167024
12167052
12168002
12168009
12168022
12168077
12170044
12170045
12170054
12170056
12172050
12172051
12172055
12173030
12173031
12173032
12173033
12173034
12174067
12174085
12175062
12175087
12175113
12175114
12175115
12176001
12176044
12176054
12176071
12177015
12177061
12177092
12177099
12177101
12177106
12177107
12177108
12178003
12178004
12178005
12178006
12178013
12178099
12178120
