15075007
15075065
15075073
15075079
15076101
15076102
15076105
15076109
15077080
15078075
15078110
15078111
15079042
15079046
15079047
15079048
15079050
15079052
15079057
15079058
15079060
15079061
15079063
15080003
15080004
15080005
15080006
15080007
15080008
15080013
15080014
15080015
15080016
15080024
15080029
15080035
15080036
15080037
15080038
15080039
15080042
15080044
15080045
15080053
15080054
15080055
15080056
15080057
15080058
15080059
15080061
15080063
15081001
15081003
15081015
15081017
15081024
15081025
15082016
15084030
15086076
15097032
15097034
15099001
15100100
15100101
15100102
15100103
15102024
15104016
15104018
15108018
15108019
15110032
15121062
15122045
15131052
15131053
15151041
15151042
15156008
15161051
15166014
15166015
15166016
15166017