Year  Energy Start_runId Stop_runId Start_z_vertex Stop_z_vertex   75-80% 70-75% 65-70% 60-65% 55-60% 50-55% 45-50% 40-45% 35-40% 30-35% 25-30% 20-25% 15-20% 10-15% 5-10% 0-5% Normalize_stop  zpar0        zpar1         zpar2        zpar3         zpar4          zpar5           zpar6           zpar7       wpar0        wpar1        wpar2        wpar3         wpar4         wpar5          wpar6         wpar7         lpar0         lpar1
2010  200    11002145    11028088     -30.0      30.0     10     15     21     30     41     55     73     94    119    149    184    223    269    321    379    446            200        5.129358e+02   4.694300e-01   2.170000e-03            0.0            0.0            0.0            0.0   1.606360e+00   9.905100e-01   2.200650e+01   4.023310e+00  -2.081870e+01  -8.884980e-06   8.867270e-04         0.0            0.0            171.00          -0.33
2010  200    11028089    11035026     -30.0      30.0     10     15     21     30     41     55     73     94    119    149    184    223    269    321    379    446            200        5.137445e+02   5.558900e-01   1.110000e-03            0.0            0.0            0.0            0.0   7.976100e-01   9.644060e-01   2.365250e+01   4.094750e+00  -2.042680e+01   1.519880e-05   6.499460e-04         0.0            0.0            171.00          -0.33
2010  200    11035061    11054067     -30.0      30.0     10     15     21     30     41     55     73     94    119    149    184    223    269    321    379    446            200        5.118046e+02   5.448700e-01   2.350000e-03            0.0            0.0            0.0            0.0   2.737490e+00   9.807100e-01   2.586990e+01   4.065550e+00  -2.047710e+01  -3.552990e-06   8.324710e-04         0.0            0.0            171.00          -0.33
2010  200    11055095    11077018     -30.0      30.0     10     15     21     30     41     55     73     94    119    149    184    223    269    321    379    446            200        5.145421e+02   5.308500e-01   1.900000e-03            0.0            0.0            0.0            0.0            0.0   9.834220e-01   2.388550e+01   4.147350e+00  -2.142050e+01  -9.884220e-06   8.658860e-04         0.0            0.0            171.00          -0.33
2010  62.4   11077023    11081058   -40.0          40.0            7      11     16     22     30     41     54     69     88     109    135    165    199    239    285   339  100             401.995      0.404492      -0.000173464  4.31794e-05   2.77825e-06   -4.6255e-08     -1.68239e-09    0.0         7.84198e-01  9.63743e+01  1.80256e+01   4.33586e+01   1.93941e-04  5.31901e-05   0.0            0.0            0.0           0.0
2010  62.4   11081059    11098060   -40.0          40.0            7      11     16     22     30     41     54     69     88     109    135    165    199    239    285   339  100             401.995      0.404492      -0.000173464  4.31794e-05   2.77825e-06   -4.6255e-08     -1.68239e-09    0.0         1.02181e+00  6.42068e+01  4.67363e+01  -8.67449e+01  -2.81908e-08  4.50725e-05   0.0            0.0            0.0           0.0
2010  39     11098062    11106007   -40.0          40.0            7      10     15     21     28     38     50     64     81     102    125    153    185    222    265   316  80              375.463      0.13738       -0.000736856  2.86425e-05   3.26438e-06   -2.02371e-08    -1.66782e-09    0.0         1.01837e+00  4.09401e+01  5.57224e+01  -2.25094e+02  -6.76875e-06  2.90872e-05   0.0            0.0            0.0           0.0
2010  39     11106008    11113047   -40.0          40.0            7      10     15     21     28     38     50     64     81     102    125    153    185    222    265   316  80              370.305      0.0979523     0.000714647  -2.13586e-05   5.33714e-07   1.0941e-08      -4.96639e-10    5.158       1.02912e+00  4.04629e+01  5.69218e+01  -2.36815e+02  -7.60843e-06  2.68036e-05   0.0            0.0            0.0           0.0
2010  7.7    11113050    11124053   -70.0          70.0            4      6      8      12     16     22     28     37     46     58     72     87     106    128    154   185  40              213.441      0.221321      0.0107025    -0.000220191  -3.93785e-06   4.71263e-08     2.86974e-10     8.36        8.35200e-01  8.69740e+01  5.00054e+01  -8.31208e+01   7.37246e-05  3.98413e-05   0.0            0.0            0.0           0.0
2010  7.7    11124054    11147040   -70.0          70.0            4      6      8      12     16     22     28     37     46     58     72     87     106    128    154   185  40              221.809      0.0826672     0.00301726   -1.50271e-05  -1.88329e-06   1.0683e-09      2.60063e-10     0.0         9.06860e-01  6.01308e+01  5.44187e+01  -1.44449e+02   3.45590e-05  7.07684e-05   0.0            0.0            0.0           0.0
2010  11.5   11147041    11152058   -50.0          50.0            5      7      10     14     19     26     34     44     56     70     86     105    127    153    184   221  60              266.589      0.0425617     0.000556783  2.45526e-05   1.43634e-06    -9.18007e-09    -8.0457e-10     0.0         9.01325e-01  6.85632e+01  5.31088e+01  -1.49965e+02   3.77108e-05  4.1719e-05    0.0            0.0            0.0           0.0
2010  11.5   11152059    11160010   -50.0          50.0            5      7      10     14     19     26     34     44     56     70     86     105    127    153    184   221  60              262.993      0.0193229     -0.00100541  -1.00716e-06  2.14219e-06    3.38108e-09     -7.91829e-10    3.6         9.21088e-01  6.57025e+01  5.29872e+01  -1.53578e+02   3.25228e-05  5.05313e-05   0.0            0.0            0.0           0.0
2011  19.6   12111032    12119029   -70.0          70.0            6      8      12     17     23     30     40     52     66     83     102    125    152    183    220   263  40              318.142      0.0808996     0.00315388   -9.51408e-06  -2.12705e-06   7.79328e-11     3.17772e-10     0.0         1.00746e+00  3.51459e+01  5.59769e+01  -2.99014e+02  -6.32608e-06  5.2202e-05   0.0            0.0             0.0           0.0
2011  19.6   12119030    12122025   -70.0          70.0            6      8      12     17     23     30     40     52     66     83     102    125    152    183    220   263  40              318.486      0.0790558     0.00277076   -2.24739e-05  -1.84283e-06   3.17651e-09     2.71201e-10     0.0         9.53142e-01  6.31022e+01  5.19800e+01  -2.43390e+02   1.54744e-05  9.26225e-05   0.0            0.0            0.0           0.0
2011  200    12126101    12138024     -30.0      30.0     10     15     22     31     43     58     76     98    125    156    193    234    281    335    396    466            200      5.441680e+02     -6.110010e-02      2.710700e-03         0.0         0.0         0.0         0.0      -6.974     9.7250e-01     2.3690e+01     4.2260e+00    -1.6590e+01    -3.3700e-06     9.1260e-04               0.0            0.0            183.9             -0.2811
2011  200    12138081    12145020     -30.0      30.0     10     15     22     31     43     58     76     98    125    156    193    234    281    335    396    466            200      5.246910e+02     -6.950370e-02      3.555070e-03         0.0         0.0         0.0         0.0      12.509     1.0060e+00     2.4580e+01     4.1580e+00    -1.7550e+01    -3.5340e-05     7.3440e-04               0.0            0.0            180.9             -0.3407
2011  200    12149028    12152016     -30.0      30.0     10     15     22     31     43     58     76     98    125    156    193    234    281    335    396    466            200      5.472770e+02     -4.234510e-02      2.536490e-03         0.0         0.0         0.0         0.0     -10.083     9.8230e-01     2.1080e+01     4.2090e+00    -1.8010e+01    -1.3820e-05     9.3830e-04               0.0            0.0            184.8             -0.1340
2011  200    12153008    12154021     -30.0      30.0     10     15     22     31     43     58     76     98    125    156    193    234    281    335    396    466            200      5.389040e+02     -6.008950e-02      1.463840e-03         0.0         0.0         0.0         0.0      -1.710     9.9730e-01     2.1420e+01     4.1970e+00    -1.8300e+01    -2.6010e-05     9.3350e-04               0.0            0.0            183.4             -0.1059
2011  200    12154038    12165031     -30.0      30.0     10     15     22     31     43     58     76     98    125    156    193    234    281    335    396    466            200      5.371940e+02     -7.434870e-02      2.780370e-03         0.0         0.0         0.0         0.0       0.000     9.9950e-01     2.1890e+01     4.1910e+00    -1.8170e+01    -2.7230e-05     9.3260e-04               0.0            0.0            183.1             -0.0749
2011  200    12165037    12171016     -30.0      30.0     10     15     22     31     43     58     76     98    125    156    193    234    281    335    396    466            200      5.412400e+02     -9.993330e-02      2.771750e-03         0.0         0.0         0.0         0.0      -4.046     9.8370e-01     2.4470e+01     4.1610e+00    -1.7420e+01    -1.5020e-05     8.9670e-04               0.0            0.0            185.2             -0.1916
2011  27     12171018    12180056   -70.0          70.0            6      9      13     19     26     35     45     58     74     92     114    139    168    201    241   288  70              343.799      -5.72345e-02  2.44418e-03   5.72380e-06  -1.71997e-06   -1.01153e-09    2.64559e-10     0.0         9.97565e-01  5.70141e+01  5.24999e+01  -9.23577e+01  -2.76630e-08  -1.06086e-05  0.0            0.0            0.0           0.0
2012  193    13116062    13118024     -30.0      30.0     10     16     24     35     50     68     90    118    150    189    233    282    338    399    466    535            100      6.045000e+02     -8.512000e-03      9.900200e-04     -1.658070e-05     -1.829550e-07         0.0         0.0       0.000     0.0000e+00     0.0000e+00     0.0000e+00     0.0000e+00     0.0000e+00     0.0000e+00              0.0            0.0             604.5             -4.7600
2012  193    13118033    13125006     -30.0      30.0     10     16     24     35     50     68     90    118    150    189    233    282    338    399    466    535            100      6.045000e+02     -1.752590e-02      2.956210e-03     -2.115100e-05     -2.203800e-06         0.0         0.0       0.000     0.0000e+00     0.0000e+00     0.0000e+00     0.0000e+00     0.0000e+00     0.0000e+00             0.0            0.0              604.5             -1.6300
2012  193    13125010    13129018     -30.0      30.0     10     16     24     35     50     68     90    118    150    189    233    282    338    399    466    535            100      6.045000e+02     -7.797590e-03      2.722060e-03     -3.132300e-05     -1.731460e-06         0.0         0.0       0.000     0.0000e+00     0.0000e+00     0.0000e+00     0.0000e+00     0.0000e+00     0.0000e+00             0.0            0.0              604.5             -1.9000
2012  193    13129026    13130033     -30.0      30.0     10     16     24     35     50     68     90    118    150    189    233    282    338    399    466    535            100      6.045000e+02     -4.868660e-03      3.309270e-03     -2.601880e-05     -2.832350e-06         0.0         0.0       0.000     0.0000e+00     0.0000e+00     0.0000e+00     0.0000e+00     0.0000e+00     0.0000e+00             0.0            0.0              604.5             -2.2700
2012  193    13131006    13132010     -30.0      30.0     10     16     24     35     50     68     90    118    150    189    233    282    338    399    466    535            100      6.045000e+02     -4.222370e-03      3.531240e-03     -1.497560e-05     -2.467730e-06         0.0         0.0       0.000     0.0000e+00     0.0000e+00     0.0000e+00     0.0000e+00     0.0000e+00     0.0000e+00              0.0            0.0             604.5             -3.0000
2012  193    13132014    13136015     -30.0      30.0     10     16     24     35     50     68     90    118    150    189    233    282    338    399    466    535            100      6.045000e+02     -4.319060e-03      3.763970e-03     -1.339760e-05     -3.694500e-06         0.0         0.0       0.000     0.0000e+00     0.0000e+00     0.0000e+00     0.0000e+00     0.0000e+00     0.0000e+00              0.0            0.0             604.5             -2.4200
2014	14.5 	15053000		15070021	-70.0 			70.0 			5 		7 		11 		15 		20 		27 		36 		47 		59 		75 		93 		113 	138 	166 	200 	239 	30 					285.0921415 	0.02978928266 	0.0007588751388 	6.187608017e-05 	-3.629249386e-06 	-1.057425922e-08 	7.334824228e-10 	0.0 		7.97748e-01		5.44478e+00 	1.38710e+00 	-9.60680e-01 	1.27508e-03 	6.53791e-06		0.0		0.0		0 		0
