32830 255 1639208076 1639210436 57.47  6.22 -0.45 0.45 60.27 5.62 -0.29 0.25
32831 255 1639225803 1639229476 55.38  6.10 -0.45 0.45 63.54 3.81 -0.29 0.25
32834 255 1639253144 1639254925 59.39  4.18 -0.45 0.45 58.98 3.23 -0.29 0.25
32837 255 1639350778 1639351682 57.49  2.72 -0.45 0.45 67.45 3.22 -0.29 0.25
32873 255 1639969620 1639970791 43.33  7.88 -0.45 0.45 63.81 4.28 -0.29 0.25
32874 255 1639973169 1639974121 48.95  4.92 -0.45 0.45 71.59 2.79 -0.29 0.25
32877 255 1640050256 1640082979 51.12  2.17 -0.93 0.28 64.81 2.00 -0.22 0.24
32878 255 1640087221 1640106836 50.63  2.19 -0.54 0.52 63.20 1.82 -0.39 0.42
32880 255 1640123966 1640158094 50.42  2.02 -0.51 0.28 62.33 1.81 -0.22 0.24
32881 255 1640161545 1640191336 49.22  2.23 -0.82 0.55 62.22 2.18  0.17 0.50
32882 255 1640196181 1640225604 47.13  1.95 -0.16 0.30 60.11 1.86 -0.44 0.27
32883 255 1640229912 1640259417 49.04  2.12 -0.28 0.31 60.77 1.89 -0.32 0.25
32884 255 1640263039 1640271535 47.98  2.57 -0.45 0.45 57.93 2.54 -0.29 0.25
32886 254 1640282146 1640289752 41.28  2.43  2.13 2.09 62.64 1.84 -0.47 1.17
32900 255 1640425855 1640451955 43.23  2.27  0.15 0.38 65.08 3.17 -0.38 0.56
32901 255 1640459120 1640488618 46.56  2.49 -0.40 0.38 60.09 1.99 -0.17 0.33
32903 255 1640499652 1640534055 44.96  2.07 -0.33 0.27 58.38 1.83 -0.65 0.23
32908 255 1640563017 1640581871 43.08  2.55 -0.37 0.79 55.20 2.27  0.23 0.67
32912 255 1640640432 1640670980 38.84  2.74 -0.73 0.39 55.28 1.97 -0.11 0.27
32913 255 1640676864 1640706418 45.42  2.21 -0.61 0.33 57.98 1.95 -0.29 0.26
32915 255 1640731001 1640759935 53.01  1.93 -0.15 0.31 53.07 1.91 -0.06 0.27
32917 255 1640769184 1640786473 51.50  2.25 -0.89 0.53 55.64 2.07 -0.28 0.43
32919 255 1640810042 1640814104 52.79  1.95 -1.38 2.35 61.01 2.22 -1.74 1.92
32920 255 1640821136 1640841815 48.77  1.03 -0.53 0.30 56.65 1.15 -0.05 0.30
32921 255 1640848337 1640876971 52.83  1.42 -0.27 0.41 57.52 1.93 -0.31 0.27
32922 255 1640881833 1640910866 54.94  2.29 -0.51 0.40 56.52 1.95  0.04 0.36
32923 255 1640916141 1640947428 56.20  3.20 -1.13 0.39 54.95 1.75 -0.31 0.24
32924 255 1640952839 1640974478 47.17  2.33  0.07 0.47 55.57 2.28  0.20 0.48
32925 255 1640979798 1641009217 52.24  2.17  0.26 0.32 53.40 2.05 -0.24 0.30
32926 255 1641013424 1641029063 52.74  2.74 -0.86 0.76 48.73 2.61 -0.32 0.73
32927 255 1641039948 1641057002 48.87  2.40 -1.08 0.59 58.74 2.68 -0.40 0.62
32928 255 1641067150 1641090649 50.47  2.33  0.90 0.45 57.35 2.50 -0.88 0.48
32930 255 1641104159 1641104260 59.87  3.40 -0.45 0.45 58.01 2.98 -0.29 0.25
32932 255 1641115957 1641116171 55.68  3.23 -0.45 0.45 54.12 2.57 -0.29 0.25
32933 255 1641120146 1641145619 52.48  2.06 -0.50 0.33 54.02 2.08 -0.55 0.34
32934 254 1641149835 1641150475 55.71  2.47 -0.41 0.40 58.22 2.54 -0.61 0.47
32935 254 1641154722 1641163715 58.60  3.60 -0.41 0.40 57.14 3.51 -0.61 0.47
32938 254 1641182882 1641211887 58.47  2.36 -0.33 0.34 60.77 1.93 -0.70 0.29
32941 254 1641256440 1641286635 53.19  2.54 -0.23 0.37 57.02 2.09 -0.41 0.32
32942 254 1641289955 1641312809 57.97  2.24  0.42 0.45 56.60 2.32 -0.21 0.43
32948 254 1641341649 1641355895 63.02  2.75 -1.26 0.93 60.80 2.61 -1.67 0.89
32956 254 1641527065 1641556582 56.27  2.03 -0.58 0.31 55.71 1.97 -0.39 0.30
32957 254 1641559915 1641588291 60.10  2.10 -0.50 0.33 60.74 2.29 -0.38 0.35
32958 254 1641592035 1641621333 61.87  2.25 -0.84 0.36 62.11 2.51 -0.48 0.38
32959 254 1641624683 1641654011 63.01  2.11 -0.06 0.33 66.52 1.95 -0.74 0.30
32960 254 1641658512 1641676398 71.24  2.81 -0.79 0.62 71.53 2.55 -1.30 0.58
32961 254 1641684942 1641714267 57.65  1.79 -0.19 0.26 57.05 2.17 -0.79 0.31
32962 254 1641717664 1641732012 57.63  2.34 -0.97 0.76 56.84 2.46 -1.76 0.84
32963 254 1641741407 1641770709 53.64  1.94  0.21 0.29 61.46 2.37 -0.90 0.36
32964 254 1641774270 1641803678 55.95  1.87 -0.63 0.27 57.85 1.99 -0.20 0.30
32965 254 1641807566 1641833442 58.33  1.89 -0.52 0.30 57.32 2.42 -0.47 0.45
32967 254 1641851965 1641860644 56.38  2.40 -1.38 0.98 52.59 2.57 -0.56 1.13
32969 254 1641880325 1641909684 52.44  1.85  0.73 0.39 56.51 2.17 -0.40 0.44
32971 254 1641920933 1641950783 59.37  1.99 -0.67 0.30 60.09 2.35 -0.73 0.34
32973 254 1641957652 1641988230 54.99  1.91 -0.07 0.33 56.89 2.20 -0.07 0.32
32978 254 1642037700 1642100373 52.93  1.45 -0.17 0.11 58.16 1.81 -0.17 0.13
32981 254 1642240584 1642243764 42.87  2.80 -0.41 0.40 37.96 3.73 -0.61 0.47
32982 254 1642264514 1642289381 41.81  2.65 -0.87 0.79 42.18 3.13 -0.66 0.92
32983 254 1642295824 1642325201 48.26  2.07 -0.15 0.31 46.90 2.44 -0.96 0.34
32984 254 1642330531 1642348291 50.56  2.38 -0.91 0.69 45.24 2.96 -2.02 0.82
32987 254 1642365568 1642396034 50.36  2.24 -0.44 0.31 43.64 2.36 -0.43 0.33
32988 254 1642402863 1642416347 46.52  2.31  0.64 0.77 47.39 2.84 -1.23 0.94
32990 254 1642426280 1642426350 52.55  3.47 -0.41 0.40 46.64 2.96 -0.61 0.47
32991 254 1642442711 1642443163 53.55  3.46 -0.41 0.40 48.24 3.31 -0.61 0.47
32992 254 1642446990 1642476637 50.32  2.01 -0.64 0.30 49.11 2.43 -1.06 0.36
32993 254 1642480561 1642510779 45.16  1.97  0.06 0.30 49.60 2.30 -0.57 0.33
32994 254 1642517196 1642521285 47.22  3.04 -0.41 0.40 42.54 3.11 -0.61 0.47
32996 254 1642539059 1642549946 46.88 18.77 -0.41 0.40 53.04 2.97 -0.61 0.47
32998 254 1642567336 1642596939 49.70  1.92 -0.50 0.31 57.76 2.37 -0.72 0.32
33001 254 1642634398 1642651269 54.67  1.29 -0.73 0.44 60.37 2.75  0.63 0.86
33002 254 1642656669 1642685931 51.57  2.95 -0.14 0.46 53.85 1.90  0.18 0.28
33003 254 1642690327 1642720248 56.76  1.84 -0.53 0.26 57.47 2.26 -0.62 0.31
33004 254 1642724758 1642747130 60.49  2.49 -0.86 0.45 56.44 2.60 -0.36 0.45
33010 254 1642832313 1642862043 56.15  2.63 -0.48 0.35 51.46 2.58 -0.13 0.34
33011 254 1642875142 1642905067 56.63  2.37 -0.28 0.34 55.42 2.39 -0.05 0.33
33012 254 1642909681 1642939242 57.34  1.98 -0.58 0.29 53.66 2.40 -0.43 0.33
33013 254 1642943565 1642950940 51.47  2.68 -0.41 0.40 62.94 3.90 -0.61 0.47
33014 254 1642962110 1642989155 53.84  2.32  0.46 0.46 62.24 3.04 -0.82 0.51
33015 254 1643008902 1643038343 59.72  2.26 -0.63 0.34 58.96 2.57 -0.63 0.35
33016 254 1643046175 1643075883 54.81  2.39 -0.25 0.33 60.15 2.31 -0.34 0.32
33017 254 1643080034 1643109530 58.22  2.22 -0.37 0.32 53.36 2.26  0.04 0.32
33018 254 1643113541 1643143196 56.43  2.25 -0.80 0.32 52.84 2.33 -0.31 0.32
33019 254 1643152515 1643181698 61.47  2.29 -0.38 0.33 58.91 2.41 -0.61 0.33
33020 254 1643185955 1643198671 53.76  2.51  0.54 0.76 54.63 2.81 -0.46 0.76
33022 254 1643243362 1643249740 54.51  3.24 -0.41 0.40 56.74 3.83 -0.61 0.47
33023 254 1643257444 1643286836 55.61  2.34  0.11 0.34 56.33 2.40 -0.55 0.33
33025 254 1643330778 1643341113 52.91  1.91 -0.61 0.95 52.48 1.85 -0.15 1.49
33026 254 1643346353 1643381313 60.20  2.12 -0.94 0.30 50.97 2.11 -0.07 0.25
33027 254 1643385450 1643416662 55.82  2.57 -0.29 0.42 44.38 2.48  0.76 0.46
33029 254 1643428273 1643450957 63.10  2.74 -1.37 0.54 57.96 2.52 -0.46 0.48
33031 254 1643461167 1643490715 62.48  2.54 -0.80 0.37 56.05 2.46 -0.29 0.34
33032 254 1643495796 1643514834 58.71  2.72 -0.20 0.56 56.12 2.73 -0.27 0.53
33033 254 1643519176 1643549097 60.77  2.14 -0.60 0.31 57.41 2.24 -0.19 0.31
33034 254 1643560883 1643590382 56.52  2.20 -0.43 0.30 57.39 2.11 -0.92 0.28
33035 254 1643597230 1643597389 61.21  3.44 -0.41 0.40 59.28 3.48 -0.61 0.47
33036 254 1643601202 1643631068 59.21  2.23 -0.21 0.32 57.63 2.13 -0.44 0.30
33040 254 1643677241 1643706448 61.25  2.30 -0.35 0.33 56.39 2.38 -0.30 0.32
33041 254 1643710942 1643740278 61.23  2.36 -0.90 0.34 60.24 2.21 -0.35 0.32
33042 254 1643745464 1643788451 60.59  2.12 -0.28 0.25 58.02 1.89 -0.70 0.20
33045 254 1643836286 1643867534 56.26  2.22 -1.24 0.31 52.19 2.42 -0.94 0.32
33046 254 1643871860 1643897263 56.07  2.34 -0.66 0.38 51.09 2.31 -0.04 0.35
33049 254 1643946030 1643975307 58.11  2.51 -0.90 0.36 56.58 2.44 -0.47 0.33
33052 254 1644012695 1644041976 54.24  2.24 -0.51 0.34 56.20 2.50 -0.18 0.33
33054 254 1644053732 1644083677 58.38  3.18 -0.97 0.49 54.62 2.21 -0.49 0.31
33055 254 1644095842 1644113234 59.51  2.41 -0.39 0.56 60.63 2.66 -0.95 0.57
33056 254 1644118063 1644147393 66.38  2.48 -0.70 0.34 59.57 2.38 -0.52 0.33
33057 254 1644151325 1644180843 59.16  2.37 -0.06 0.33 68.25 2.51 -0.84 0.34
33058 254 1644185954 1644215160 57.49  2.21 -0.37 0.31 59.83 2.48 -0.69 0.34
33059 254 1644218864 1644248146 58.56  2.25 -0.58 0.33 57.23 2.51 -0.68 0.34
33069 254 1644291225 1644320693 54.80  2.16 -0.29 0.33 61.06 2.27 -1.36 0.34
33070 254 1644325152 1644358792 59.10  1.73 -0.65 0.41 53.26 1.81 -0.48 0.24
33071 254 1644363038 1644370744 60.24  3.18 -0.41 0.40 57.49 3.70 -0.61 0.47
33073 254 1644378589 1644411202 59.59  1.93 -0.09 0.30 60.43 2.57 -0.46 0.34
33074 254 1644416141 1644439425 54.36  1.18 -0.27 0.27 55.60 1.30 -0.37 0.27
33077 254 1644491663 1644502933 52.74  3.90 -0.41 0.40 60.77 4.17 -0.61 0.47
33081 254 1644550584 1644580053 55.14  2.06 -0.54 0.31 58.43 2.46 -0.47 0.34
33082 254 1644587673 1644602997 55.92  2.46  0.20 0.63 53.23 2.55 -0.01 0.63
33083 254 1644612317 1644641941 64.46  2.91 -0.76 0.40 54.22 2.45 -0.63 0.32
33084 254 1644648529 1644678035 59.59  2.18 -0.20 0.33 58.37 2.42 -0.62 0.33
33085 254 1644683008 1644715703 56.54  2.28  0.08 0.56 56.29 2.53 -0.37 0.57
33086 254 1644720080 1644750680 54.66  2.02 -0.32 0.31 53.27 2.25 -0.43 0.32
33087 254 1644760716 1644790180 53.77  2.00 -0.34 0.32 55.34 2.32 -0.31 0.32
33088 254 1644794574 1644815696 54.94  2.32 -0.21 0.50 59.47 2.77 -1.16 0.53
33089 254 1644819958 1644839830 58.46  2.58 -0.66 0.74 58.84 2.67 -0.69 0.52
33091 254 1644889534 1644897347 56.54  2.42 -1.17 1.23 53.09 2.79  0.65 1.30
33093 254 1644902520 1644926383 57.07  2.25 -0.55 0.39 55.34 2.35 -0.89 0.39
33095 254 1644987536 1645020366 52.68  2.33 -0.09 0.30 53.22 2.33 -0.47 0.30
33099 254 1645065637 1645095020 53.68  2.22 -0.57 0.51 52.53 2.59  0.21 0.53
33100 254 1645100300 1645117769 58.47  1.27 -1.55 0.42 58.12 1.21 -1.36 0.40
33102 254 1645144647 1645150120 59.07  3.77 -0.41 0.40 59.72 3.96 -0.61 0.47
33104 254 1645158496 1645175315 59.90  3.25  0.79 1.29 60.79 2.60 -0.57 1.13
33106 254 1645195615 1645198703 60.46  3.21 -0.41 0.40 54.64 2.36 -0.61 0.47
33108 254 1645215224 1645265862 54.04  2.10 -0.02 0.31 54.52 2.17 -0.05 0.31
33110 254 1645276794 1645306093 56.49  2.47 -0.27 0.36 62.31 2.55 -0.50 0.37
33111 254 1645310715 1645341335 55.90  2.36 -0.47 0.33 56.60 2.35 -0.36 0.31
33112 254 1645346735 1645375921 56.28  2.16 -0.22 0.33 58.24 2.34 -0.58 0.35
33113 254 1645386783 1645416061 60.19  2.02 -0.44 0.34 62.53 2.36 -1.01 0.34
33114 254 1645420815 1645450093 62.31  2.30 -0.19 0.34 58.19 2.15  0.01 0.34
33115 254 1645456576 1645486039 54.42  2.30 -0.49 0.33 55.58 2.04 -0.35 0.31
33116 254 1645493153 1645522706 60.30  2.49 -0.45 0.35 58.29 2.15 -0.55 0.33
33117 254 1645527112 1645542542 59.29  2.67  0.08 0.70 56.35 2.34 -0.20 0.65
33118 254 1645562449 1645591782 55.40  2.22 -0.55 0.32 60.67 2.11 -1.05 0.31
33119 254 1645599248 1645621040 58.13  2.89  0.55 0.57 56.17 2.64 -0.29 0.49
33121 254 1645659013 1645688375 54.02  2.17 -0.24 0.32 53.05 2.20 -0.14 0.33
33122 254 1645693362 1645727785 58.16  2.03 -0.78 0.34 56.22 2.17 -0.59 0.33
33124 254 1645759228 1645759929 56.96  2.82 -0.41 0.40 61.49 3.69 -0.61 0.47
33130 254 1645904900 1645934290 60.51  1.93 -0.10 0.29 55.71 2.62 -4.05 0.38
33131 254 1645939018 1645947505 63.17  2.55 -1.51 1.17 58.11 2.69 -1.04 1.28
33133 254 1645978343 1646005998 61.21  2.53  0.18 0.54 51.88 2.24 -0.71 0.54
33135 254 1646013957 1646043192 55.08  2.10 -0.28 0.30 49.28 1.98 -0.42 0.31
33136 254 1646047503 1646065331 61.63  2.53  0.02 1.17 54.99 2.63 -0.59 1.30
33140 254 1646093380 1646122720 59.43  2.18 -0.17 0.30 57.81 2.21 -0.53 0.33
33141 254 1646126542 1646133973 60.68  3.63 -3.47 2.27 55.27 4.08 -0.61 0.47
33143 254 1646158648 1646191204 56.92  2.26 -0.63 0.30 53.51 2.21 -0.43 0.32
33144 254 1646194380 1646222671 57.45  2.12  0.26 0.32 50.66 2.04 -0.55 0.33
33153 254 1646384573 1646403460 57.70  2.31  0.40 0.54 56.47 2.76 -1.45 0.60
33157 254 1646453996 1646466117 69.14  3.24 -0.21 1.36 56.53 2.61 -1.55 1.32
33159 254 1646489129 1646519182 62.99  2.35  0.09 0.34 56.26 2.20 -0.71 0.33
33160 254 1646525223 1646525836 62.43  3.46 -0.41 0.40 55.85 3.51 -0.61 0.47
33161 254 1646529942 1646559275 62.38  2.26 -0.78 0.32 55.32 2.03 -0.63 0.33
33162 254 1646564285 1646594824 67.29  2.40 -0.17 0.35 52.56 2.06 -0.35 0.34
33163 254 1646599165 1646626405 70.73  2.79 -0.59 0.58 56.07 2.31 -1.39 0.54
33164 254 1646631570 1646652106 62.73  2.40 -0.07 0.54 56.37 2.20 -1.65 0.54
33165 254 1646657705 1646687171 57.14  2.20  0.02 0.33 56.99 2.03 -0.32 0.33
33166 254 1646694150 1646735912 60.43  2.06 -0.57 0.24 53.88 2.00 -0.58 0.25
33167 254 1646740150 1646780561 59.10  2.10  0.01 0.24 51.22 2.00 -0.39 0.24
33170 254 1646814270 1646827693 56.51  3.05  0.96 1.53 50.71 2.65 -1.36 1.46
33172 254 1646836874 1646866304 60.40  2.30 -0.51 0.34 53.77 2.09 -0.87 0.34
33173 254 1646870364 1646899671 62.46  2.16 -0.43 0.35 59.42 2.04 -0.39 0.34
33174 254 1646902874 1646921396 62.75  2.54 -1.23 1.26 54.18 2.52 -0.60 1.71
33176 254 1646947690 1646971478 55.91  2.23  0.01 0.55 66.80 2.16 -0.58 0.53
33177 254 1646989666 1647019035 63.69  2.11 -0.30 0.34 69.22 2.17 -0.49 0.34
33180 254 1647036816 1647065940 65.89  2.18 -0.14 0.35 65.54 2.50 -0.02 0.56
33182 254 1647072736 1647104571 69.42  2.17 -0.32 0.35 78.43 3.52 -0.41 0.61
33183 254 1647108388 1647127315 64.19  2.50  0.30 0.61 60.32 2.02 -0.54 0.98
33186 254 1647180822 1647203350 64.71  2.45 -0.69 0.57 63.77 2.32 -0.28 0.50
33188 254 1647225439 1647238641 63.61  2.64 -0.88 1.40 70.52 2.62 -2.81 1.18
33189 254 1647241730 1647257590 65.24  2.78  0.38 1.41 66.34 2.57 -0.78 1.21
33190 254 1647261117 1647290509 69.05  2.11 -1.08 0.32 67.10 2.04 -0.42 0.31
33191 254 1647294390 1647323693 63.45  2.28 -0.51 0.36 70.13 2.20 -0.81 0.32
33192 254 1647327308 1647351623 62.23  2.40  0.03 0.42 63.61 2.33 -1.36 0.39
33194 254 1647364553 1647374522 66.58  2.53 -3.37 1.27 68.96 2.68 -2.55 1.28
33198 254 1647408070 1647433089 66.10  2.33 -0.57 0.40 67.35 2.21 -0.64 0.38
33205 254 1647558763 1647587894 66.13  2.26 -0.92 0.34 63.07 2.30 -0.55 0.33
33206 254 1647592541 1647592956 58.37  3.05 -0.41 0.40 64.62 3.45 -0.61 0.47
33209 254 1647611621 1647612391 63.18  1.78 -0.41 0.40 64.50 1.88 -0.61 0.47
33210 254 1647619169 1647622459 64.43  3.58 -0.41 0.40 60.57 3.16 -0.61 0.47
33213 254 1647664537 1647693929 60.23  2.07 -0.61 0.33 67.75 2.27 -0.49 0.33
33214 254 1647698668 1647727935 65.21  1.97 -0.89 0.32 72.47 2.01 -1.16 0.32
33215 254 1647731752 1647736623 62.34  2.69 -0.41 0.40 68.90 3.38 -0.61 0.47
33216 254 1647740091 1647761893 63.43  2.10 -0.62 0.52 69.00 2.35 -0.96 0.55
33217 254 1647765269 1647765744 67.50  2.91 -0.41 0.40 67.13 3.14 -0.61 0.47
33219 254 1647773735 1647803000 71.24  2.39 -1.78 0.37 66.46 2.22 -0.77 0.33
33220 254 1647810325 1647817404 65.48  3.39 -0.41 0.40 63.43 3.42 -0.61 0.47
33221 254 1647820659 1647835491 62.02  2.66 -0.92 1.38 66.34 2.66 -0.20 1.25
33225 254 1647849801 1647866735 63.89  2.71 -1.83 1.40 65.08 2.38 -0.23 1.18
33226 254 1647875674 1647904807 61.79  2.14 -0.82 0.35 66.61 2.34 -0.42 0.35
33227 254 1647908301 1647938301 60.70  2.00 -0.34 0.32 65.80 2.25 -0.73 0.32
33228 254 1647942937 1647972232 56.28  2.19 -0.89 0.40 60.70 2.07 -0.23 0.33
33229 254 1647976390 1648005855 61.00  2.03 -0.57 0.34 66.04 2.35 -1.15 0.34
33230 254 1648009258 1648040436 61.21  2.22 -0.56 0.36 65.64 2.39 -1.01 0.31
33236 254 1648089466 1648118913 59.21  2.09 -0.49 0.35 61.66 2.28 -0.42 0.33
33237 254 1648123825 1648153019 58.63  2.31 -0.41 0.44 66.02 2.51 -0.95 0.37
33238 254 1648159688 1648188985 61.37  2.26 -0.56 0.34 62.46 2.24 -0.38 0.33
33239 254 1648192725 1648203117 60.89  2.81 -1.65 1.41 59.59 2.93 -1.15 1.30
33242 254 1648242933 1648254643 63.56  2.58 -0.87 1.31 65.22 2.47 -3.35 1.26
33243 254 1648259689 1648320142 62.82  2.83  0.08 0.24 63.46 1.96 -0.54 0.14
33245 254 1648326789 1648349525 61.51  2.46 -0.69 0.42 59.39 2.69 -0.06 0.47
33246 254 1648355349 1648377412 54.81  2.37 -0.52 0.42 57.78 2.52 -0.94 0.45
33247 254 1648381243 1648405592 55.24  2.42  0.09 0.42 52.31 2.46 -0.29 0.44
33248 254 1648415980 1648445207 58.29  2.27  0.11 0.33 59.72 2.21 -0.66 0.32
33249 254 1648451457 1648469135 65.89  2.62 -0.04 0.59 63.45 2.78 -1.71 0.61
33250 254 1648502158 1648519689 57.50  2.66  0.05 1.28 56.59 2.90  1.08 1.35
33253 254 1648537238 1648553273 61.08  2.66  0.23 0.66 60.79 2.73 -1.48 0.66
33254 254 1648556491 1648589054 54.20  2.40 -0.16 0.34 59.91 2.37 -0.28 0.34
33255 254 1648598503 1648620348 55.46  2.35 -0.16 0.45 58.74 2.09 -0.68 0.43
33256 254 1648623864 1648642089 55.76  2.21 -0.23 0.50 58.50 2.21 -0.73 0.50
33260 254 1648694642 1648730298 59.78  2.29 -0.50 0.27 63.86 2.29 -0.74 0.29
33262 254 1648782462 1648803207 63.79  2.43 -0.01 0.39 60.12 2.21 -0.70 0.39
33263 254 1648806590 1648829314 63.47  2.37 -0.54 0.41 58.65 2.34 -0.65 0.41
33265 254 1648863266 1648892372 62.11  2.32 -0.34 0.34 63.13 2.46 -0.81 0.35
33266 254 1648895804 1648927439 60.77  2.22  0.13 0.31 62.74 2.22 -1.02 0.31
33267 254 1648931567 1648960610 61.62  2.24 -0.76 0.33 57.46 2.03 -0.14 0.32
33268 254 1648964196 1648993384 62.80  2.13  0.13 0.31 59.36 1.93 -0.69 0.30
33269 254 1648997526 1649012937 63.53  2.47 -0.63 0.64 60.36 2.19 -1.21 0.62
33270 254 1649018421 1649037404 59.70  2.52 -0.31 0.52 53.33 1.69 -0.78 0.44
33271 254 1649042372 1649076708 63.26  2.21 -0.48 0.28 58.83 2.01 -1.05 0.28
33272 254 1649080203 1649089623 62.50  2.82 -1.02 1.28 65.26 3.13 -0.05 1.46
33273 254 1649095067 1649109564 60.40  2.61 -0.69 0.59 66.83 3.10 -2.05 0.76
33274 254 1649140683 1649158639 57.63  2.21 -0.60 0.49 63.29 2.59 -1.80 0.57
33275 254 1649162132 1649192210 53.87  2.06  0.65 0.32 61.17 2.36 -1.16 0.36
33276 254 1649224829 1649254216 58.63  1.66 -0.54 0.17 59.07 1.82 -0.61 0.19
33279 254 1649282611 1649311710 58.15  2.33 -0.29 0.41 58.58 2.16  0.06 0.34
33280 254 1649316541 1649345737 55.43  2.57 -0.14 0.41 56.76 2.16 -0.79 0.41
33281 254 1649349859 1649379320 53.97  1.96 -0.17 0.31 57.43 2.12 -0.36 0.33
33282 254 1649384184 1649416633 54.97  2.10 -0.75 0.30 59.27 2.10 -0.85 0.32
33283 254 1649419688 1649448937 61.90  2.22 -0.83 0.34 58.77 2.20 -0.33 0.35
33284 254 1649452582 1649482040 56.95  2.19 -0.04 0.33 58.53 2.31 -0.28 0.37
33285 254 1649485731 1649496477 55.38  2.77  1.87 1.30 58.81 2.90 -0.99 1.41
33286 254 1649500227 1649534836 59.23  2.16 -0.52 0.28 56.13 2.09 -0.61 0.30
33287 254 1649553210 1649561378 56.43  2.93 -1.42 1.18 49.29 2.45  0.66 1.23
33288 254 1649565209 1649594407 62.83  2.33 -0.20 0.34 53.90 1.99 -0.01 0.33
33289 254 1649597624 1649605588 55.70  2.70 -1.35 1.33 56.42 2.31 -1.70 1.26
33290 254 1649613458 1649642681 57.67  2.22 -0.53 0.34 57.36 1.88 -0.61 0.30
33291 254 1649646162 1649662024 61.77  2.92 -1.65 1.27 60.53 2.68 -0.65 1.19
33293 254 1649674971 1649680082 59.20  3.73 -0.41 0.40 65.59 3.54 -0.61 0.47
33297 254 1649717006 1649746708 58.55  2.42 -0.79 0.34 68.62 2.46 -1.19 0.36
33298 254 1649749954 1649783134 57.70  2.09 -0.48 0.29 63.91 2.42 -0.26 0.32
33299 254 1649799606 1649826379 58.20  2.53 -0.91 0.38 61.53 2.46 -0.03 0.39
33300 254 1649829884 1649851795 53.88  2.05 -0.42 0.42 61.35 2.41 -0.27 0.48
33303 254 1649911884 1649941123 56.92  2.20 -0.13 0.33 60.91 2.26 -0.76 0.38
33304 254 1649954014 1649989985 59.68  2.49 -0.89 0.56 64.17 2.67 -0.58 0.60
33306 254 1649997733 1650009769 59.79  3.03 -0.77 1.31 64.15 3.33 -0.75 1.58
33307 254 1650021225 1650050492 61.03  1.61 -0.44 0.18 65.37 1.80 -0.79 0.20
33308 254 1650077379 1650106910 59.58  3.41  0.01 0.60 60.64 2.26 -0.47 0.36
33309 254 1650111679 1650141169 61.94  5.42 -0.32 0.60 60.82 2.33 -0.49 0.37
33310 254 1650162361 1650194114 59.89  2.36 -0.30 0.32 62.51 2.33 -0.59 0.32
33311 254 1650197502 1650231730 58.67  2.24 -0.37 0.27 59.28 2.21 -0.57 0.29
33312 254 1650254786 1650283615 53.46  2.39 -0.53 0.36 58.63 2.34 -0.91 0.36
