# E [eV]	eps1	eps2	Im(-1/eps)
# Palik Vol.  I			
0.004959	1.17E+01	0.0095648	7.02432E-05
0.006199	1.17E+01	0.006833	5.01517E-05
0.00743	1.17E+01	0.00492048	3.60934E-05
0.009919	1.17E+01	0.00293948	2.15369E-05
0.0124	1.17E+01	0.00198273	1.45185E-05
0.01488	1.17E+01	0.00157274	1.15096E-05
0.01736	11.6909286	0.001299296	9.50627E-06
0.01984	11.69298022	0.00116263	8.50337E-06
# Herzberger-type fit of n			
0.04215	11.69639999	0.00073872	5.39977E-06
0.04463	11.69639999	0.00073872	5.39977E-06
0.04587	11.697084	0.000766102	5.59927E-06
0.04711	11.697084	0.000718221	5.24932E-06
0.04835	11.697084	0.000642295	4.69439E-06
#			
0.04959	11.697084	0.000625878	4.57441E-06
# Herzberger-type fit of n			
0.05207	11.69776803	0.000725082	5.29885E-06
0.05455	11.69776802	0.000868731	6.34862E-06
0.05703	11.69845207	0.001067134	7.79762E-06
0.05951	11.69845204	0.001518613	1.10966E-05
#			
0.06199	11.69913608	0.001956469	1.42944E-05
# Herzberger-type fit of n			
0.06447	11.69913606	0.002175374	1.58938E-05
0.06695	11.69982013	0.00232594	1.69918E-05
0.06943	11.6998201	0.002626944	1.91908E-05
0.07067	11.69982008	0.002839015	2.074E-05
0.07191	11.69982012	0.002496965	1.82412E-05
0.07315	11.70050419	0.002859622	2.08881E-05
0.07439	11.70050385	0.004898299	3.57797E-05
0.07513	11.7005028	0.0085515	6.24645E-05
0.07563	11.70050313	0.007593732	5.54684E-05
0.07687	11.70050343	0.006588076	4.81226E-05
0.07811	11.70118823	0.003454907	2.52334E-05
0.07935	11.70118846	0.00112199	8.19462E-06
0.08059	11.70118847	0.001039893	7.59501E-06
0.08183	11.70118847	0.000964637	7.04538E-06
0.08307	11.70118847	0.000848334	6.19593E-06
0.08431	11.70187262	0.0008552	6.24535E-06
0.08555	11.70187263	0.000766259	5.59584E-06
0.08679	11.70187263	0.000697843	5.09621E-06
0.08803	11.70187262	0.001074131	7.84416E-06
0.08927	11.70187259	0.001511994	1.10418E-05
0.09051	11.70255672	0.002073065	1.51374E-05
0.09175	11.70255671	0.002134642	1.5587E-05
0.09299	11.70255674	0.001772026	1.29392E-05
0.09423	11.70255675	0.00163519	1.19401E-05
0.09547	11.70255676	0.001553089	1.13406E-05
0.09671	11.70324095	0.001464188	1.06902E-05
0.09795	11.70324096	0.001416294	1.03405E-05
0.09919	11.70324097	0.001211034	8.84187E-06
0.1004	11.70324096	0.001347874	9.84095E-06
0.1017	11.70392517	0.001409493	1.02896E-05
0.1029	11.70392518	0.001211069	8.84109E-06
0.1041	11.70392519	0.000985277	7.19275E-06
0.1054	11.70392519	0.001046857	7.6423E-06
0.1066	11.70460941	0.001183735	8.64054E-06
0.1079	11.7046094	0.001375322	1.0039E-05
0.1091	11.7046094	0.001382165	1.0089E-05
0.1103	11.7046094	0.001423219	1.03886E-05
0.1116	11.70529365	0.001382205	1.00881E-05
0.1141	11.70529366	0.001135872	8.29019E-06
0.1165	11.70597794	0.000869036	6.34194E-06
0.1178	11.70597795	0.000834822	6.09226E-06
0.119	11.70597794	0.000848507	6.19213E-06
0.1203	11.70597795	0.000834822	6.09226E-06
0.1215	11.70666224	0.000745887	5.44261E-06
#			
0.124	11.70666225	0.000456428	3.33048E-06
# Herzberger-type fit of n			
0.1265	11.70734656	0.000456441	3.33018E-06
0.1289	11.70734656	0.000331211	2.4165E-06
0.1314	11.70803089	0.000251153	1.83219E-06
0.1339	11.70871524	0.000256635	1.87196E-06
0.1364	11.70871524	0.000375714	2.74055E-06
0.1376	11.7093996	0.000578985	4.22278E-06
0.1389	11.7093996	0.00057351	4.18285E-06
0.1395	11.70939961	0.000440741	3.2145E-06
0.1401	11.7093996	0.000486594	3.54893E-06
0.1426	11.710084	0.000351097	2.5604E-06
0.1488	11.71145284	0.00016495	1.20263E-06
#			
0.155	11.71282176	0.000104725	7.6336E-07
# Herzberger-type fit of n			
0.1612	11.71419076	0.000170445	1.24211E-06
0.1674	11.71487529	0.000110895	8.08051E-07
0.1736	11.71624441	0.000115009	8.37831E-07
0.1798	11.71761361	0.000167732	1.22162E-06
0.186	11.71898289	1.8212E-05	1.3261E-07
0.1922	11.72103696	1.19141E-05	8.67222E-08
0.1984	11.72309121	5.79324E-06	4.21538E-08
0.2046	11.72446081	3.86238E-06	2.80976E-08
0.2108	11.72651536	2.85595E-06	2.07689E-08
0.217	11.72857009	2.77401E-06	2.01659E-08
0.2232	11.730625	2.6989E-06	1.9613E-08
0.2294	11.73268009	2.2333E-06	1.62238E-08
0.2356	11.73473536	2.03481E-06	1.47767E-08
0.2418	11.73679081	1.93221E-06	1.40267E-08
#			
0.248	11.73816121	1.36359E-06	9.89653E-09
# Herzberger-type fit of n			
0.3263	11.76764416	8.91904E-08	6.44079E-10
#			
0.4568	11.82878449	1.71965E-08	1.22902E-10
#			

#0.5	11.83	0	0
#0.8	12.08	0	0
#			
# Adachi			
0.8548	12.14	2.57E-12	1.7438E-14
0.8608	12.15	3.36E-12	2.27608E-14
0.8668	12.16	6.11E-12	4.13213E-14
0.8729	12.16	6.7E-12	4.53114E-14
0.8791	12.17	1.17E-11	7.89959E-14
0.8854	12.18	1.56E-11	1.05155E-13
0.8917	12.19	1.93E-11	1.29882E-13
0.8982	12.2	3.45E-11	2.31793E-13
0.9	12.2	3.98E-11	2.67401E-13
0.9047	12.2	5.1E-11	3.4265E-13
0.9114	12.21	8.02E-11	5.37951E-13
0.9181	12.22	1.28E-10	8.57171E-13
0.925	12.23	2.61E-10	1.74497E-12
0.932	12.24	5.92E-10	3.95147E-12
0.939	12.25	1.18E-09	7.86339E-12
0.9462	12.26	1.97E-09	1.31065E-11
0.9535	12.27	3.26E-09	2.16535E-11
0.9609	12.28	5.11E-09	3.38863E-11
0.9684	12.29	8.57E-09	5.67384E-11
0.976	12.3	1.42E-08	9.38595E-11
0.9837	12.31	2.53E-08	1.66957E-10
0.9916	12.32	6.98E-08	4.59869E-10
0.9996	12.34	0.000000166	1.09013E-09
1	12.34	0.000000168	1.10326E-09
1.0077	12.35	0.000000323	2.11772E-09
1.016	12.36	0.00000056	3.66565E-09
1.0244	12.37	0.000000881	5.75753E-09
1.0329	12.39	0.00000148	9.64093E-09
1.0416	12.4	0.0000024	1.56087E-08
1.0504	12.42	0.00000536	3.47473E-08
1.0594	12.43	0.0000154	9.96732E-08
1.0685	12.45	0.0000319	2.05803E-07
1.0778	12.46	0.0000517	3.33008E-07
1.0873	12.48	0.0000673	4.32102E-07
1.0969	12.49	0.000108	6.92307E-07
1.1	12.5	0.000114	7.296E-07
1.1067	12.51	0.00013	8.3067E-07
1.1167	12.53	0.000188	1.19745E-06
1.1268	12.55	0.000248	1.57458E-06
1.1372	12.57	0.000332	2.1012E-06
1.1477	12.59	0.000427	2.69387E-06
1.1584	12.61	0.000544	3.42112E-06
1.1693	12.63	0.000779	4.8835E-06
1.1805	12.65	0.00107	6.68656E-06
1.1918	12.67	0.00153	9.53099E-06
1.2	12.69	0.00167	1.03703E-05
1.2034	12.7	0.0019	1.178E-05
1.2152	12.72	0.00232	1.43388E-05
1.2272	12.75	0.00287	1.76547E-05
1.2395	12.77	0.0037	2.26892E-05
1.3	12.91	1.09E-02	6.53994E-05
1.4	13.17	2.35E-02	0.000135486
# Palik Vol.  I			
1.5	13.490904	0.03673	0.000201807
1.52	13.549725	0.044172	0.000240592
1.54	13.601308	0.044256	0.000239225
1.56	13.66776	0.051758	0.000277062
1.58	13.726976	0.05187	0.000275271
1.6	13.793732	0.059424	0.000312313
1.62	13.845777	0.059536	0.000310554
1.64	13.897903	0.067104	0.000347408
1.66	13.957615	0.067248	0.000345181
1.68	14.024925	0.0749	0.000380775
1.7	14.077404	0.07504	0.000378648
1.72	14.145	0.082742	0.000413528
1.74	14.197703	0.082896	0.000411228
1.76	14.27314	0.090672	0.000445058
1.78	14.3412	0.098462	0.000478715
1.8	14.409447	0.098696	0.000475318
1.82	14.477856	0.09893	0.000471954
1.84	14.554029	0.10682	0.00050427
1.86	14.638051	0.11478	0.00053564
1.88	14.722313	0.122784	0.000566447
1.9	14.799153	0.123104	0.000562042
1.92	14.883875	0.131172	0.000592073
1.94	14.976576	0.13932	0.000621085
1.96	15.069563	0.147516	0.000649525
1.98	15.154965	0.171292	0.000745713
2	15.256352	0.171864	0.000738292
2.02	15.350148	0.188064	0.000798023
2.04	15.452136	0.19655	0.000823049
2.06	15.546624	0.19715	0.000815558
2.08	15.649207	0.213624	0.000872136
2.1	15.752061	0.23814	0.000959529
2.12	15.863389	0.23898	0.000949448
2.14	15.97528	0.215838	0.000845574
2.16	16.095244	0.24072	0.000929009
2.18	16.20752	0.273768	0.001041899
2.2	16.33674	0.258688	0.000969029
2.22	16.457805	0.308332	0.001137948
2.24	16.588305	0.260672	0.000947072
2.26	16.717985	0.359832	0.001286858
2.28	16.8573	0.361328	0.001270943
2.3	16.996825	0.395808	0.001369347
2.32	17.137575	0.3726	0.001268057
2.34	17.295432	0.357674	0.001195195
2.36	17.44452	0.442762	0.001454027
2.38	17.60328	0.469952	0.001515503
2.4	17.762625	0.5058	0.001601816
2.42	17.931625	0.5082	0.001579235
2.44	18.099841	0.61272	0.001868165
2.46	18.288373	0.564564	0.001686356
2.48	18.467475	0.627508	0.00183782
2.5	18.657071	0.63072	0.001809896
2.52	18.85572	0.668822	0.00187879
2.54	19.064448	0.689986	0.001895934
2.56	19.273992	0.728906	0.00195933
2.58	19.49222	0.830208	0.002181108
2.6	19.723264	0.79956	0.002052014
2.62	19.930756	1.07184	0.00269047
2.64	20.190625	1.0788	0.002638781
2.66	20.430528	1.211896	0.002893215
2.68	20.712648	1.192886	0.002771339
2.7	20.986989	1.19158	0.002696654
2.72	21.281064	1.20913	0.002661256
2.74	21.586215	1.236368	0.002644675
2.76	21.898923	1.395236	0.002897629
2.78	22.237323	1.405964	0.002831891
2.8	22.56444	1.549478	0.003028958
2.82	22.924781	1.62894	0.003083951
2.84	23.304336	1.78747	0.003272034
2.86	23.702159	1.80264	0.003190277
2.88	24.12942	1.907408	0.003255701
2.9	24.570312	2.014166	0.003314097
2.92	25.04556	2.113798	0.00334595
2.94	25.53138	2.306448	0.003509662
2.96	26.042345	2.493192	0.003642782
2.98	26.601871	2.63364	0.003685497
3	27.196923	2.809436	0.003758113
3.02	27.835975	3.075288	0.003921066
3.04	28.513832	3.348474	0.004062445
3.06	29.268159	3.56636	0.004102357
3.08	30.047024	3.90003	0.004248242
3.1	30.875131	4.31118	0.004436009
3.12	31.79466	4.704128	0.004553722
3.14	32.7856	5.238528	0.004752199
3.16	33.873939	5.90042	0.004990803
3.18	35.063983	6.673656	0.005238264
3.2	36.350944	7.63812	0.005535945
3.22	37.744429	8.83218	0.005877739
3.24	39.227631	10.29508	0.006259185
3.26	40.735279	12.19428	0.006744387
3.28	42.130125	14.6187	0.007351053
3.3	43.26564	17.725178	0.008108137
3.32	43.739472	21.444046	0.009036726
3.34	43.138341	25.54046	0.010162398
3.36	41.481055	29.481048	0.011383479
3.38	38.791089	32.88584	0.012715759
3.4	35.219459	35.28402	0.014196674
3.42	31.490703	36.346696	0.015715814
3.44	28.183597	36.314796	0.017185721
3.46	25.600707	35.635124	0.018509269
3.48	23.710613	34.696116	0.019646573
3.5	22.387904	33.81708	0.020559831
3.52	21.421224	33.07897	0.021298851
3.54	20.681243	32.532276	0.021891589
3.56	20.072433	32.125744	0.022387809
3.58	19.574607	31.834576	0.022794251
3.6	19.125447	31.638304	0.023148313
3.62	18.708096	31.51339	0.023463409
3.64	18.321312	31.459234	0.023736479
3.66	17.955175	31.442568	0.023983224
3.68	17.58652	31.477962	0.024211065
3.7	17.232972	31.534096	0.024419016
3.72	16.877715	31.615172	0.024615193
3.74	16.534616	31.74369	0.024779327
3.76	16.174641	31.87432	0.024948761
3.78	15.848525	32.038332	0.025076368
3.8	15.529101	32.23366	0.025179364
3.82	15.212183	32.443944	0.025267475
3.84	14.891036	32.67936	0.025339054
3.86	14.565216	32.93995	0.025393393
3.88	14.254341	33.23902	0.025411732
3.9	13.96454	33.567072	0.025395802
3.92	13.655148	33.941264	0.025358209
3.94	13.33204	34.351722	0.025299841
3.96	13.010571	34.83954	0.025190032
3.98	12.63624	35.353522	0.025081494
4	12.233531	35.94174	0.024934123
4.02	11.827725	36.6095	0.024733632
4.04	11.341924	37.33392	0.024522089
4.06	10.775596	38.13192	0.024285422
4.08	10.117216	39.01317	0.024017187
4.1	9.367959	39.94916	0.02372709
4.12	8.424748	40.958064	0.023424159
4.14	7.316385	42.031592	0.023091944
4.16	5.978304	43.15059	0.0227382
4.18	4.343081	44.27136	0.022372655
4.2	2.372223	45.350864	0.021990128
4.22	-0.067319	46.24332	0.021624699
4.24	-2.93E+00	46.756908	0.021303472
4.26	-6.13E+00	46.6799	0.021059407
4.28	-9.46E+00	45.779436	0.020950126
4.3	-1.24E+01	44.08794	0.021016573
4.32	-1.48E+01	41.869422	0.021241222
4.34	-1.63E+01	39.50158	0.021619226
4.36	-1.75E+01	37.291632	0.021998661
4.38	-1.82E+01	35.267074	0.022383196
4.4	-1.88E+01	33.34656	0.022741455
4.42	-1.93E+01	31.548192	0.02307326
4.44	-1.96E+01	29.786162	0.023420959
4.46	-1.98E+01	28.1124	0.023766873
4.48	-1.99E+01	26.481312	0.024145445
4.5	-1.98E+01	24.911964	0.024582278
4.52	-1.96E+01	23.441458	0.025065713
4.54	-1.93E+01	22.040644	0.02562955
4.56	-1.89E+01	20.75372	0.026297728
4.58	-1.85E+01	19.618152	0.027040731
4.6	-1.79E+01	18.599728	0.027865178
4.62	-1.74E+01	17.68986	0.028805254
4.64	-1.68E+01	16.888488	0.029775313
4.66	-1.62E+01	16.208012	0.030793978
4.68	-1.57E+01	15.6078	0.03183829
4.7	-1.52E+01	15.092784	0.032916612
4.72	-1.47E+01	14.629014	0.033977532
4.74	-1.43E+01	14.214474	0.035014049
4.76	-1.38E+01	13.833792	0.036103981
4.78	-1.35E+01	13.487726	0.037174487
4.8	-1.31E+01	13.194364	0.03821478
4.82	-1.27E+01	12.907408	0.039274343
4.84	-1.24E+01	12.64104	0.040312689
4.86	-1.21E+01	12.41006	0.041344708
4.88	-1.18E+01	12.185424	0.042452357
4.9	-1.15E+01	11.974306	0.043426132
4.92	-1.12E+01	11.802038	0.044486016
4.94	-1.10E+01	11.62656	0.045541654
4.96	-1.07E+01	11.47712	0.046634519
4.98	-1.05E+01	11.3337	0.047626884
5	-1.02E+01	11.1941	0.048616296
5.02	-1.00E+01	11.086554	0.04964455
5.04	-9.82E+00	10.988544	0.050599148
5.06	-9.63E+00	10.910826	0.051529347
5.08	-9.44E+00	10.83614	0.052444644
5.1	-9.29E+00	10.773918	0.05323571
5.12	-9.14E+00	10.721568	0.054014546
5.14	-8.99E+00	10.702462	0.054772013
5.16	-8.89E+00	10.681664	0.055284459
5.18	-8.79E+00	10.667436	0.055810948
5.2	-8.72E+00	10.659012	0.056180015
5.22	-8.67E+00	10.656848	0.056474579
5.24	-8.65E+00	10.640608	0.056579931
5.26	-8.65E+00	10.63392	0.056570609
5.28	-8.68E+00	10.60682	0.056446984
5.3	-8.75E+00	10.588774	0.056122189
5.32	-8.82E+00	10.517256	0.055802673
5.34	-8.92E+00	10.414944	0.055386594
5.36	-9.01E+00	10.279136	0.054990309
5.38	-9.09E+00	10.117472	0.054705467
5.4	-9.17E+00	9.902772	0.054386165
5.42	-9.19E+00	9.70751	0.054298293
5.44	-9.22E+00	9.4872	0.054222413
5.46	-9.19E+00	9.261852	0.054427434
5.48	-9.16E+00	9.040956	0.054576155
5.5	-9.11E+00	8.84936	0.054876477
5.52	-9.05E+00	8.66583	0.055187367
5.54	-8.99E+00	8.487666	0.055552403
5.56	-8.89E+00	8.3072	0.05610298
5.58	-8.82E+00	8.16684	0.056523625
5.6	-8.72E+00	7.995764	0.057100193
5.62	-8.65E+00	7.8793	0.057546319
5.64	-8.55E+00	7.745036	0.058200219
5.66	-8.46E+00	7.6293	0.058818224
5.68	-8.40E+00	7.49265	0.059135461
5.7	-8.29E+00	7.34432	0.059856549
5.72	-8.24E+00	7.2897	0.060212289
5.74	-8.17E+00	7.184208	0.060709614
5.76	-8.11E+00	7.09863	0.061115342
5.78	-8.07E+00	6.972958	0.061281451
5.8	-7.988336	6.89997	0.061925849
5.82	-7.898464	6.76995	0.062558472
5.84	-7.860344	6.68727	0.062788563
5.86	-7.815621	6.62302	0.063107439
5.88	-7.738425	6.499712	0.06364188
5.9	-7.719435	6.459012	0.063755866
5.92	-7.634469	6.34082	0.064379614
5.94	-7.489613	6.261684	0.065702913
5.96	-7.57302	6.158848	0.064638078
5.98	-7.499888	6.066816	0.065196321
6	-7.442181	5.87618	0.065352211
#			
6.25	-7.415076	5.59504	0.064841593
6.5	-6.735491	4.62462	0.069278598
6.75	-6.084864	3.90096	0.074669441
7	-5.537376	3.3418	0.079889725
7.25	-5.000476	2.86752	0.08629978
7.5	-4.567131	2.48846	0.09199102
7.75	-4.142711	2.1714	0.099254778
8	-3.771516	1.912	0.106934663
8.25	-3.412864	1.6872	0.116404504
8.5	-3.141004	1.50696	0.124164171
8.75	-2.841579	1.34594	0.136144334
9	-2.620911	1.21844	0.145855096
9.25	-2.375296	1.09968	0.160506128
9.5	-2.169876	1.00264	0.175481558
9.75	-2.001376	0.9222	0.189911004
10	-1.810764	0.84456	0.211555291
10.25	-1.655375	0.7788	0.232700182
10.5	-1.505804	0.72072	0.258611502
10.75	-1.386816	0.67276	0.28316428
11	-1.271616	0.63104	0.313137224
11.25	-1.160811	0.59274	0.348912182
11.5	-1.054431	0.55756	0.391903302
11.75	-0.953019	0.52318	0.442636706
12	-0.86132	0.494982	0.501562844
12.25	-0.777188	0.470016	0.569760406
12.5	-0.7006	0.44625	0.646758418
12.75	-0.628353	0.426496	0.739511927
13	-0.5607	0.408672	0.848928744
13.25	-0.497383	0.392544	0.977740793
13.5	-0.439571	0.37842	1.124829366
13.75	-0.385968	0.364226	1.2932698
14	-0.335256	0.35255	1.489513067
14.25	-0.289488	0.341134	1.704172815
14.5	-0.245385	0.330048	1.951267033
14.75	-0.205065	0.320272	2.214487193
15	-0.167684	0.31008	2.495261629
15.25	-0.131472	0.299854	2.797215763
15.5	-0.098171	0.2907	3.087821754
15.75	-0.066352	0.280386	3.377375639
16	-0.036211	0.27186	3.614241782
16.25	-0.00724	0.262038	3.813329321
16.5	0.019197	0.252396	3.939239506
16.6	0.028987	0.249084	3.961065191
16.7	0.039312	0.244834	3.981745005
16.8	0.0504	0.242408	3.954337492
17	0.069993	0.235024	3.908253514
17.25	0.093296	0.22605	3.779926754
17.5	0.116451	0.21726	3.575546285
17.75	0.137431	0.20856	3.34313526
18	0.159064	0.19929	3.06515778
18.5	0.199504	0.18333	2.497284667
19	0.237627	0.167564	1.981967197
19.5	0.274164	0.15176	1.545464784
#			
20	0.31451675	0.094689	0.877669987
20.33	0.342624	0.08732	0.698470664
20.66	0.367875	0.0793	0.559947161
21.01	0.389765	0.072732	0.46265204
21.38	0.412135	0.065688	0.377148391
21.75	0.43221075	0.059969	0.314959243
22.14	0.45398475	0.054675	0.26148838
22.54	0.47614875	0.050443	0.220023256
22.96	0.49737975	0.04589	0.183933379
23.39	0.52043136	0.0421648	0.154661317
23.84	0.54247204	0.0389136	0.131558119
24.31	0.56491351	0.0365472	0.114045001
24.8	0.58625871	0.0341636	0.099063282
25.3	0.60486375	0.031898	0.08694452
25.83	0.62689536	0.0304128	0.077204989
26.38	0.64449216	0.0285868	0.068687335
26.95	0.66231376	0.0273504	0.062243808
27.55	0.67872636	0.0260384	0.056439889
28.18	0.69532496	0.0253536	0.052370529
28.83	0.71043291	0.0247842	0.049045654
29.52	0.72740736	0.0242252	0.045733093
30.24	0.73940956	0.023736	0.043370068
31	0.75497875	0.023463	0.041123951
31.79	0.76895476	0.0231528	0.03912086
32.63	0.78306116	0.022656	0.036917176
33.51	0.79729524	0.0221464	0.03481207
34.44	0.80805459	0.0217558	0.033294995
35.42	0.82069911	0.0212004	0.031454763
36.47	0.83344131	0.0206338	0.029686778
# Henke			
37.2726	0.833692203	0.018965306	0.027272421
37.8754	0.839460367	0.018620326	0.026410295
38.488	0.845021067	0.018278867	0.025586509
39.1106	0.85037039	0.017941002	0.02479917
39.7431	0.855496964	0.017562506	0.023986482
40.386	0.860473252	0.017119768	0.02311273
41.0392	0.865344708	0.01668699	0.022276054
41.7029	0.870067353	0.016263525	0.021476189
42.3774	0.874647807	0.015849276	0.02071097
43.0629	0.879089598	0.015444054	0.019978415
43.7594	0.883394466	0.0150479	0.019277048
44.4671	0.887566658	0.014660683	0.018605175
45.1864	0.891610235	0.014282178	0.0179611
45.9172	0.895523723	0.013912344	0.017343682
46.6599	0.899316587	0.013533214	0.016729286
47.4146	0.90300273	0.013155366	0.016129936
48.1815	0.90659118	0.012787295	0.015554975
48.9608	0.910077579	0.012428749	0.015003397
49.7527	0.913465995	0.012079487	0.014473974
50.5574	0.916760498	0.01173938	0.013965682
51.3751	0.919964387	0.011408236	0.013477511
52.2061	0.923101449	0.011085925	0.013007998
53.0505	0.92616199	0.010791343	0.012578899
53.9085	0.929121575	0.010550539	0.012220067
54.7804	0.931976554	0.01031447	0.011873636
55.6665	0.934743259	0.010083096	0.011538748
56.5668	0.937429017	0.009856503	0.011214968
57.4817	0.940040758	0.009634575	0.010901684
58.4115	0.942596283	0.009417296	0.010598183
59.3562	0.94512831	0.009204808	0.010303671
60.3163	0.947572745	0.00911913	0.010155191
61.2918	0.949888369	0.009048407	0.010027383
62.2832	0.952099722	0.008977699	0.009902881
63.2906	0.954216913	0.008907086	0.009781458
64.3142	0.956237949	0.008836578	0.009663069
65.3545	0.958122067	0.008756266	0.009537642
66.4115	0.959973203	0.008550412	0.009277572
67.4857	0.961803782	0.00834925	0.009024888
68.5772	0.963581522	0.008152598	0.008779868
69.6864	0.965276269	0.007960218	0.008542641
70.8135	0.966878037	0.007653331	0.008186154
71.9588	0.968551767	0.007236992	0.007714151
73.1227	0.970270201	0.006843451	0.007268891
74.3054	0.97196308	0.006471216	0.00684963
75.5072	0.973617262	0.006015561	0.006345751
76.7285	0.975392437	0.005514786	0.005796369
77.9695	0.977287178	0.005056002	0.005293602
79.2306	0.979243547	0.004638862	0.004837492
80.5121	0.981235369	0.004447043	0.00461866
81.8143	0.98314892	0.004262995	0.004410299
83.1376	0.985056981	0.004086531	0.004211382
84.4823	0.987040355	0.003923367	0.004027006
85.8487	0.989037111	0.003864821	0.003950914
87.2373	0.99101088	0.003807097	0.003876419
88.6483	0.993047052	0.003750343	0.003802989
90.0821	0.995182133	0.003694616	0.003730424
91.5391	0.99747579	0.003651567	0.003670022
93.0197	0.999983841	0.003633018	0.003633088
94.5242	1.002826403	0.00361517	0.003594774
96.053	1.006286173	0.003598498	0.003553635
97.6066	1.0110569	0.003597649	0.003519347
99.1853	1.020264586	0.003659708	0.003515728
99.5	1.024515477	0.003676434	0.003502548
99.524	1.024954096	0.003643185	0.003467903
99.549	1.025524934	0.003643755	0.003464586
99.576	1.026198515	0.003667197	0.003482298
99.601	1.026896518	0.003765167	0.003570467
99.626	1.027642892	0.00388227	0.003676165
99.649	1.028421319	0.004090988	0.003867935
99.676	1.029411966	0.004430048	0.00418044
99.699	1.030266506	0.004983806	0.004695176
99.726	1.031211172	0.005719047	0.005377929
99.749	1.031872117	0.006619162	0.006216321
99.775	1.032443237	0.007570869	0.007102153
99.826	1.03320588	0.009658449	0.009046815
99.851	1.033334992	0.010685566	0.010006192
99.875	1.033284858	0.011647854	0.010908138
99.899	1.033121816	0.012483087	0.011693797
99.926	1.032910913	0.01317407	0.012345924
99.951	1.032791019	0.013830797	0.012964161
99.974	1.032584617	0.014408842	0.013511178
100	1.032389479	0.014924479	0.013999783
100.03	1.032232512	0.015394061	0.014444469
100.12	1.031781078	0.016863074	0.015836005
100.18	1.031740581	0.017404455	0.016345411
100.22	1.031850958	0.018002713	0.016903313
100.25	1.031998391	0.018242708	0.01712362
100.28	1.032377016	0.018593622	0.017440001
100.3	1.032613585	0.018993954	0.017807084
100.35	1.033158875	0.020251276	0.018964934
100.38	1.033503139	0.020978994	0.019632796
100.45	1.033546521	0.023563617	0.022047341
100.48	1.033496222	0.02445279	0.022880609
100.5	1.033331104	0.025278237	0.02365963
100.55	1.032823321	0.026777954	0.025086119
100.6	1.032111168	0.028389125	0.026629965
100.62	1.031565284	0.029269287	0.027483321
100.68	1.030881819	0.030106866	0.028305936
100.7	1.030461171	0.030988257	0.029156897
100.75	1.029376766	0.032748874	0.030875095
100.77	1.028639969	0.033425714	0.031556989
100.8	1.027514454	0.033983778	0.032152961
100.85	1.025720445	0.034797985	0.033036689
100.9	1.023960266	0.03506951	0.033408299
101	1.021129574	0.034999245	0.033526412
101.02	1.020650316	0.03491007	0.033472564
101.25	1.016704553	0.03494565	0.033766871
101.32	1.015210097	0.035145889	0.034059831
101.38	1.01371613	0.035091076	0.034107028
101.4	1.013202206	0.034990312	0.034043792
101.45	1.011869364	0.034559354	0.03371401
101.5	1.010786283	0.033803308	0.033048753
101.6	1.009179881	0.032076984	0.031464281
101.63	1.008863046	0.031653104	0.031068806
101.65	1.008795293	0.031185145	0.030614477
101.75	1.008143229	0.029661785	0.029159295
101.82	1.007874609	0.028685928	0.02821657
101.88	1.007747725	0.027881257	0.027433195
101.9	1.007851294	0.027516672	0.027069447
101.95	1.007820895	0.027194028	0.026754124
102	1.007771495	0.026419447	0.025995682
102.03	1.00796418	0.026101146	0.025673097
102.05	1.008109537	0.025878578	0.025447134
102.1	1.008316519	0.025653337	0.025215587
102.15	1.008504987	0.025222832	0.024783702
102.18	1.008700634	0.02506789	0.024622098
102.25	1.009067936	0.024930598	0.0244696
102.3	1.009253016	0.024779391	0.024312454
102.35	1.009516684	0.024719573	0.024241174
102.4	1.009742347	0.024818516	0.024327215
102.45	1.009877237	0.02501369	0.024511745
102.53	1.009728326	0.025505953	0.025000889
102.55	1.009561483	0.025618202	0.025119069
102.6	1.00914783	0.025640967	0.025161964
102.65	1.008764521	0.025483765	0.025026892
102.7	1.00846727	0.025174471	0.024738092
102.78	1.008289026	0.024639312	0.0242214
102.88	1.008329528	0.024041554	0.023632559
102.95	1.008515999	0.023785686	0.023372684
103	1.008618455	0.02368211	0.023266294
103.12	1.008698458	0.023799227	0.02337752
103.2	1.008430018	0.02373333	0.023325269
103.28	1.008085735	0.02350174	0.023113681
103.32	1.008003186	0.023170954	0.022792433
103.35	1.007891028	0.023043709	0.02267244
103.43	1.007828513	0.022482171	0.022123249
103.45	1.008010353	0.022236252	0.021873602
103.55	1.008394417	0.021767862	0.021396985
103.6	1.008629881	0.021607038	0.021229136
103.62	1.008732026	0.021594185	0.021212225
103.7	1.009043871	0.021422293	0.021030527
103.8	1.009371364	0.021395354	0.020990483
103.88	1.009543021	0.021411357	0.020999029
104	1.009691763	0.021333599	0.020916676
104.1	1.009836591	0.02117307	0.020753472
104.22	1.010200878	0.020859981	0.020432113
104.28	1.010393329	0.020841084	0.020405847
104.43	1.010825943	0.020861188	0.020408042
104.47	1.010988962	0.020807051	0.020348564
104.5	1.011073597	0.02084753	0.020384706
104.53	1.01118535	0.020842673	0.020375459
104.57	1.011277672	0.020882527	0.020410661
104.65	1.011473878	0.020922516	0.020441783
104.73	1.011683415	0.020873778	0.020385762
104.75	1.01173253	0.020901225	0.020410564
104.8	1.011890843	0.020824067	0.020328921
104.9	1.012364081	0.020974373	0.020456397
104.93	1.01244254	0.020978486	0.020457235
104.95	1.012451291	0.021073256	0.020549216
105.03	1.012699927	0.021125858	0.020590356
105.15	1.013130602	0.021283145	0.020725897
105.18	1.013248431	0.021364545	0.020800259
105.25	1.013479722	0.021497415	0.020919956
105.32	1.013671417	0.021698289	0.021107274
105.35	1.013819801	0.021720945	0.021123111
105.43	1.014084928	0.02198345	0.02136698
105.5	1.014344947	0.022211295	0.021577164
105.55	1.014505232	0.02242494	0.021777627
105.6	1.014659201	0.022690518	0.022028599
105.63	1.01468144	0.022789049	0.022123191
105.75	1.014998542	0.023428056	0.022728674
105.78	1.015017406	0.023545147	0.022841299
105.85	1.015172124	0.024052463	0.023325795
105.87	1.015152139	0.024239766	0.023508159
105.97	1.014784918	0.024809464	0.024077416
106.03	1.014598311	0.024970467	0.024242389
106.07	1.014479166	0.025066518	0.024341239
106.1	1.014418954	0.025068237	0.024345794
106.23	1.014439254	0.025319004	0.024588049
106.27	1.014403465	0.025505944	0.024771111
106.32	1.014356099	0.025573471	0.024838927
106.4	1.014241812	0.025814321	0.025078205
106.43	1.014245079	0.025841021	0.025103948
106.45	1.014257426	0.025948935	0.025208034
106.55	1.014069731	0.026156389	0.025418698
106.62	1.014016	0.026284805	0.025546031
106.65	1.01401468	0.026370733	0.025629498
106.7	1.013960913	0.026471787	0.025730305
106.75	1.013925734	0.026647127	0.025902294
106.8	1.013823808	0.026718728	0.025977017
106.87	1.013752366	0.026941513	0.026197002
106.92	1.013602497	0.026992272	0.026254045
106.97	1.013541398	0.027109968	0.026371536
107	1.013399237	0.027077544	0.026347425
107.15	1.013354614	0.027296002	0.026562023
107.17	1.013246437	0.027291601	0.026563413
107.2	1.013187566	0.027357882	0.026630924
107.28	1.013164635	0.027311237	0.026586787
107.3	1.013149514	0.027374554	0.02664913
107.32	1.013118738	0.027372061	0.026648324
107.35	1.013108012	0.027426761	0.026702065
107.4	1.013144847	0.027433458	0.026706635
107.42	1.013056281	0.027540879	0.02681574
107.5	1.013035543	0.027589777	0.026864379
107.53	1.013042238	0.027624355	0.026897643
107.55	1.013038493	0.027708244	0.026979403
107.58	1.012955726	0.027739816	0.027014509
107.6	1.012989215	0.027712717	0.026986375
107.62	1.012930538	0.027814255	0.027088239
107.67	1.012902647	0.027901115	0.027174198
107.73	1.012797157	0.027914995	0.027193356
107.75	1.012855489	0.027979768	0.027253221
107.85	1.012697702	0.028016417	0.027297362
107.88	1.012770158	0.028096714	0.027371564
107.93	1.012749355	0.028169945	0.027443921
107.95	1.012796825	0.028281154	0.027549515
108.07	1.012562001	0.028459659	0.027735978
108.22	1.012365865	0.028573036	0.027857079
108.28	1.012241169	0.028695536	0.027983206
108.42	1.012069848	0.028764405	0.028059747
108.45	1.012066617	0.028765353	0.02806085
108.52	1.011969541	0.028901851	0.028199193
108.57	1.011867597	0.02890158	0.028204607
108.6	1.011855234	0.028957282	0.028259567
108.73	1.011640412	0.02887621	0.028192536
108.83	1.011635456	0.028898892	0.028214922
108.9	1.01155464	0.029013698	0.028331349
109	1.01140992	0.028984991	0.028311457
109.03	1.011373769	0.028970153	0.028299009
109.07	1.011379355	0.028871424	0.028202413
109.12	1.011396049	0.028940669	0.028269011
109.2	1.011399648	0.028938987	0.028267169
109.25	1.011362497	0.029006044	0.028334642
109.27	1.011284873	0.028932355	0.028267112
109.35	1.0113787	0.028909095	0.028239187
109.38	1.011387528	0.028845943	0.028177108
109.4	1.011403471	0.028895005	0.028224065
109.43	1.011453839	0.028858187	0.028185355
109.45	1.011409754	0.028941034	0.028268601
109.53	1.01155285	0.028957802	0.028276958
109.55	1.011494541	0.029036498	0.028356943
109.57	1.011517462	0.02899824	0.02831836
109.6	1.011500458	0.029087483	0.028406321
109.62	1.011498445	0.029041674	0.02836177
109.67	1.011433253	0.029097885	0.028420236
109.8	1.011564638	0.029223277	0.028535096
109.97	1.011541925	0.029335836	0.028646105
110	1.011685315	0.029411862	0.028712084
110.5	1.011560389	0.029965757	0.029259081
111	1.011375275	0.030678192	0.029964407
111.5	1.011032485	0.03127673	0.030568611
112.5	1.010374818	0.032045996	0.031359713
114	1.009959594	0.032828443	0.0321502
114.5	1.010065045	0.033435784	0.032736873
115	1.010099379	0.034115892	0.033398995
115.5	1.009857965	0.034878241	0.034159872
117	1.008617433	0.037402419	0.036715542
117.5	1.007695845	0.038031197	0.037399251
118	1.006860546	0.038572225	0.037992611
118.5	1.005943926	0.038740324	0.038227162
119	1.005169725	0.039116664	0.038656791
119.5	1.004256508	0.038946762	0.038559319
121.433	1.002315873	0.039388446	0.039146188
121.5	1.002288447	0.039404691	0.039164423
122	1.001489639	0.039427395	0.039249359
123.5	0.999736061	0.039152549	0.039113236
124	0.999271654	0.038952195	0.038949815
124.5	0.998858897	0.038975963	0.039005677
125	0.998330137	0.038699457	0.038770768
127	0.997188398	0.038378988	0.038538628
127.5	0.99678955	0.038245976	0.038436152
128.5	0.996186611	0.038276082	0.038512827
129.5	0.995551223	0.038248208	0.038533931
130	0.995079056	0.038363704	0.038686578
131.5	0.993539536	0.038461273	0.038904784
133	0.99157035	0.038020664	0.038613092
133.5	0.990824823	0.037627376	0.038272278
134.5	0.989718889	0.036391343	0.03710117
136	0.989131457	0.034247395	0.034962235
136.5	0.989099671	0.033722692	0.034430044
137	0.989191592	0.033276682	0.033969409
137.5	0.989370781	0.032739222	0.033409878
139.5	0.989740072	0.032033719	0.032667082
140	0.989779814	0.031901978	0.032530407
140.5	0.989709371	0.031872917	0.032505456
141.5	0.989448687	0.031467907	0.032110144
142	0.989431083	0.031169698	0.031807586
142.5	0.989497166	0.030986543	0.031616831
143	0.989572034	0.030733512	0.031354413
144	0.989716963	0.03079989	0.031412808
145	0.989638547	0.030688401	0.031304275
145.5	0.98950035	0.03073544	0.031360914
146	0.989380627	0.030592591	0.031222985
146.5	0.989266666	0.030573793	0.031211019
147	0.989145486	0.030455146	0.03109774
147.5	0.988987704	0.030416458	0.031068212
148	0.98885423	0.030243351	0.030900059
148.5	0.988678809	0.030154196	0.030820062
149.5	0.988462656	0.029770924	0.030442338
150	0.988480756	0.029516517	0.030181555
150.5	0.988613422	0.029447129	0.030102656
151	0.988660152	0.029571906	0.030227128
151.5	0.988499507	0.029841859	0.030512468
152	0.98803794	0.029977614	0.030679637
152.5	0.987520505	0.029847397	0.030578604
153.5	0.986755988	0.028928889	0.02968514
154.5	0.986802282	0.027773898	0.028499198
155	0.987016276	0.027456541	0.028161855
155.5	0.987274085	0.027268981	0.027955176
156	0.987453567	0.02716675	0.027840417
156.5	0.987594616	0.027195434	0.027861813
157.5	0.987665765	0.027033306	0.027691974
158	0.987804539	0.02706125	0.027712774
158.5	0.987708302	0.027232549	0.027893362
159	0.987631716	0.02706623	0.02772756
160	0.987535324	0.027018196	0.027683825
162.5	0.987216142	0.027212053	0.027900177
163.5	0.986836333	0.027212061	0.02792165
164.5	0.986433679	0.027126442	0.027856641
165.5	0.986018099	0.026876815	0.027623931
166.5	0.985627922	0.026693431	0.027457436
167	0.985561484	0.026425274	0.027185664
167.5	0.985478785	0.026562718	0.027331441
169	0.984562587	0.026201909	0.027010884
170	0.984010205	0.025813953	0.026641369
171.5	0.983209694	0.024969463	0.025812905
172	0.983062483	0.024347346	0.025178107
172.5	0.983046568	0.024177274	0.025003254
173	0.982940852	0.023813279	0.024632563
173.5	0.982723338	0.023632079	0.024456162
174	0.982641887	0.022980201	0.023786241
174.5	0.982662333	0.022697801	0.023493273
175	0.982706631	0.022246594	0.023024661
176	0.9828684	0.021655648	0.022406275
176.5	0.982995575	0.021314484	0.022047917
177	0.983066426	0.021055468	0.021777098
178	0.983280561	0.020701029	0.021401518
178.5	0.983328549	0.020393299	0.021081594
179	0.983542573	0.02023308	0.020907009
179.5	0.983639142	0.020003226	0.02066564
179.99	0.983906771	0.02002496	0.020676828
182.901	0.983810124	0.01923451	0.019865183
185.859	0.984131863	0.018479225	0.019073222
188.866	0.98433397	0.017747826	0.018311295
191.92	0.984525749	0.017027308	0.017561514
195.025	0.984725264	0.016335837	0.016841925
198.179	0.984931933	0.015672696	0.016151815
201.384	0.985154118	0.015036605	0.015489602
204.641	0.985388886	0.014445453	0.01487382
207.951	0.985608923	0.013888391	0.014294088
211.315	0.985820577	0.013352707	0.013737063
214.733	0.986028248	0.01283771	0.013201863
218.206	0.986217275	0.012342482	0.012687886
221.735	0.986390729	0.011855387	0.012183023
225.322	0.986579405	0.011331155	0.011639995
228.966	0.986794967	0.01083036	0.011120818
232.669	0.987022935	0.010351745	0.010624568
236.432	0.987257656	0.009894314	0.010150351
240.257	0.987496205	0.009457021	0.00969714
244.143	0.987735437	0.009039129	0.009264222
248.091	0.987966752	0.008639732	0.008850798
252.104	0.988201723	0.008239388	0.008436719
256.182	0.988447046	0.007854772	0.00803895
260.325	0.988696272	0.007488172	0.007659935
264.536	0.988947174	0.007138635	0.007298714
268.814	0.989198006	0.006805471	0.006954584
273.162	0.98944789	0.006487804	0.006626637
277.58	0.989696079	0.00618499	0.0063142
282.07	0.989941874	0.005896276	0.006016488
286.632	0.9901846	0.005621049	0.005732856
291.268	0.990423627	0.005358659	0.005462625
295.979	0.990657245	0.0051085	0.005205171
300.767	0.990886832	0.004865719	0.004955511
305.631	0.991114515	0.004631262	0.004714571
310.575	0.991341368	0.004408052	0.004485302
315.598	0.991565166	0.004195633	0.004267242
320.702	0.991785505	0.003993444	0.004059804
325.89	0.992001949	0.003800959	0.00386244
331.161	0.992214239	0.003617762	0.003674712
336.517	0.992422227	0.003443395	0.003496139
341.96	0.992625616	0.003277415	0.003326257
347.491	0.992824277	0.003119426	0.00316465
353.111	0.993017832	0.002969062	0.003010934
358.822	0.993205679	0.002825927	0.0028647
364.626	0.993385599	0.002689679	0.002725596
370.523	0.993559909	0.002549985	0.002583133
376.516	0.993735685	0.002415017	0.002445547
382.606	0.993911469	0.002287198	0.002315293
388.795	0.994084546	0.002166129	0.002191975
395.083	0.994254445	0.002051478	0.002075248
401.473	0.994420969	0.001942891	0.001964745
407.967	0.994583961	0.001840036	0.001860124
414.565	0.994743194	0.001742638	0.0017611
421.27	0.99489867	0.001650389	0.001667353
428.084	0.995050332	0.001563014	0.001578599
435.008	0.995198116	0.001480267	0.001494583
442.044	0.995342066	0.001401894	0.001415043
449.194	0.995482059	0.001327668	0.001339744
456.459	0.99561801	0.001257375	0.001268465
463.842	0.995749699	0.001190361	0.001200543
471.344	0.995878117	0.001125261	0.001134594
478.968	0.996003903	0.00106372	0.001072271
486.715	0.996126665	0.00100554	0.001013374
494.587	0.996246161	0.000950546	0.000957722
502.587	0.996362446	0.000898553	0.000905125
510.715	0.996475509	0.000849408	0.000855426
518.976	0.996585386	0.000802947	0.000808458
527.37	0.99669213	0.000759024	0.00076407
535.9	0.99679578	0.000717504	0.000722124
544.567	0.996896382	0.000678257	0.000682487
553.375	0.996993994	0.000641153	0.000645025
562.326	0.997088652	0.000606076	0.00060962
571.421	0.997180364	0.000572919	0.000576164
580.663	0.997268984	0.000541577	0.000544547
590.055	0.997354845	0.000511186	0.000513901
599.599	0.997438506	0.000482042	0.000484521
609.297	0.997520038	0.00045456	0.000456823
619.151	0.997599293	0.000428647	0.000430712
629.166	0.997676254	0.000404207	0.000406092
639.342	0.997750961	0.00038116	0.000382881
649.683	0.997823435	0.000359429	0.000360999
660.191	0.99789373	0.000338936	0.000340368
670.869	0.997961927	0.000319609	0.000320916
681.72	0.998028037	0.000301387	0.000302579
692.746	0.998092461	0.000284202	0.00028529
703.951	0.998154913	0.000268476	0.000269469
715.336	0.998215021	0.000253848	0.000254757
726.906	0.998273034	0.000240015	0.000240846
738.664	0.99832913	0.000226936	0.000227696
750.611	0.998383353	0.00021457	0.000215265
762.751	0.998435769	0.000202877	0.000203513
775.088	0.998486444	0.000191821	0.000192403
787.625	0.998535404	0.000181367	0.0001819
800.364	0.998582542	0.000171337	0.000171824
813.309	0.998628382	0.000161507	0.000161951
826.464	0.998672914	0.000152241	0.000152646
839.831	0.998716078	0.000143506	0.000143875
853.415	0.998757908	0.000135272	0.000135609
867.218	0.998798402	0.000127511	0.000127818
881.245	0.998837598	0.000120195	0.000120475
895.498	0.998875454	0.000113298	0.000113553
909.982	0.998912013	0.000106543	0.000106775
924.7	0.998947627	0.000100051	0.000100262
939.656	0.998982216	9.39546E-05	9.41461E-05
954.855	0.999015778	8.82291E-05	8.8403E-05
970.299	0.999048308	8.28527E-05	8.30106E-05
985.992	0.999079827	7.78036E-05	7.7947E-05
1001.94	0.999110368	7.30591E-05	7.31893E-05
1018.15	0.999139971	6.85991E-05	6.87172E-05
1034.61	0.999168631	6.44131E-05	6.45203E-05
1051.35	0.999196421	6.04803E-05	6.05777E-05
1068.35	0.999223349	5.6789E-05	5.68773E-05
1085.63	0.999249471	5.33225E-05	5.34026E-05
1103.19	0.999274839	5.0198E-05	5.02708E-05
1121.03	0.99929927	4.73461E-05	4.74125E-05
1139.17	0.999322886	4.46526E-05	4.47131E-05
1157.59	0.999345708	4.21136E-05	4.21688E-05
1176.31	0.999367792	3.9719E-05	3.97693E-05
1195.34	0.999389165	3.74589E-05	3.75047E-05
1214.67	0.999409853	3.53251E-05	3.53668E-05
1234.32	0.999429896	3.33103E-05	3.33483E-05
1254.28	0.999449303	3.1411E-05	3.14456E-05
1274.57	0.99946811	2.96197E-05	2.96512E-05
1295.19	0.999486333	2.79301E-05	2.79588E-05
1316.13	0.999503992	2.6331E-05	2.63571E-05
1337.42	0.999521131	2.48223E-05	2.48461E-05
1359.05	0.999537753	2.33995E-05	2.34212E-05
1381.04	0.999553895	2.20581E-05	2.20778E-05
1403.37	0.999569565	2.0792E-05	2.08099E-05
1426.07	0.999584799	1.95965E-05	1.96128E-05
1449.14	0.999599617	1.84684E-05	1.84832E-05
1472.58	0.999614042	1.74053E-05	1.74188E-05
1496.39	0.999628098	1.64033E-05	1.64155E-05
1520.6	0.999641828	1.54385E-05	1.54495E-05
1545.19	0.999655264	1.45293E-05	1.45393E-05
1570.18	0.999668453	1.36725E-05	1.36815E-05
1595.58	0.999681441	1.28663E-05	1.28745E-05
1621.39	0.999694286	1.21075E-05	1.21149E-05
1647.61	0.999707067	1.13935E-05	1.14002E-05
1674.26	0.999719914	1.07216E-05	1.07276E-05
1701.34	0.999733006	1.00893E-05	1.00947E-05
1728.86	0.999746646	9.49437E-06	9.49918E-06
1756.82	0.999761443	8.9228E-06	8.92706E-06
1785.24	0.999778824	8.38334E-06	8.38705E-06
1814.11	0.999803763	7.87467E-06	7.87777E-06
1815	0.999804898	7.85962E-06	7.86269E-06
1838.8	0.999942569	7.47053E-06	7.47139E-06
1839	0.999942542	4.61373E-05	4.61426E-05
1839.9	0.999837722	8.4656E-05	8.46835E-05
1860	0.999813937	8.14414E-05	8.14718E-05
1890.08	0.999797894	7.71273E-05	7.71585E-05
1920.65	0.999792783	7.30408E-05	7.30711E-05
1951.72	0.999791577	6.91698E-05	6.91986E-05
1983.29	0.999792376	6.55039E-05	6.55311E-05
2015.37	0.99979437	6.20235E-05	6.2049E-05
2047.96	0.999797135	5.87195E-05	5.87433E-05
2081.09	0.999800424	5.55877E-05	5.56099E-05
2114.75	0.999804077	5.2579E-05	5.25996E-05
2148.95	0.999807995	4.97258E-05	4.97449E-05
2183.71	0.999812101	4.70177E-05	4.70353E-05
2219.03	0.99981633	4.44461E-05	4.44624E-05
2254.92	0.999820638	4.20104E-05	4.20254E-05
2291.39	0.999824989	3.96998E-05	3.97137E-05
2328.45	0.999829352	3.75087E-05	3.75215E-05
2366.11	0.999833713	3.54341E-05	3.54459E-05
2404.38	0.999838051	3.34662E-05	3.34771E-05
2443.27	0.999842353	3.16041E-05	3.16141E-05
2482.79	0.999846608	2.98399E-05	2.98491E-05
2522.95	0.999850806	2.81698E-05	2.81782E-05
2563.75	0.99985494	2.65911E-05	2.65989E-05
2605.22	0.999859005	2.5095E-05	2.51021E-05
2647.36	0.999862998	2.36807E-05	2.36872E-05
2690.18	0.999866912	2.23439E-05	2.23499E-05
2733.69	0.999870746	2.10777E-05	2.10832E-05
2777.9	0.999874498	1.9882E-05	1.9887E-05
2822.83	0.999878168	1.87519E-05	1.87564E-05
2868.49	0.999881753	1.76832E-05	1.76874E-05
2914.89	0.999885253	1.66739E-05	1.66777E-05
2962.03	0.999888668	1.57198E-05	1.57233E-05
3009.94	0.999891998	1.48191E-05	1.48223E-05
3058.62	0.999895243	1.39684E-05	1.39714E-05
3108.09	0.999898404	1.31649E-05	1.31676E-05
3158.37	0.999901483	1.24067E-05	1.24091E-05
3209.45	0.99990448	1.16906E-05	1.16928E-05
3261.36	0.999907395	1.10148E-05	1.10169E-05
3314.11	0.999910229	1.03774E-05	1.03792E-05
3367.71	0.999912986	9.77532E-06	9.77702E-06
3422.18	0.999915666	9.20776E-06	9.20931E-06
3477.53	0.99991827	8.67228E-06	8.67369E-06
3533.78	0.9999208	8.16709E-06	8.16838E-06
3590.94	0.999923257	7.69093E-06	7.69211E-06
3649.02	0.999925643	7.24158E-06	7.24265E-06
3708.04	0.999927959	6.81809E-06	6.81907E-06
3768.01	0.999930207	6.41899E-06	6.41989E-06
3828.96	0.999932389	6.04245E-06	6.04327E-06
3890.89	0.999934506	5.68781E-06	5.68856E-06
3953.82	0.99993656	5.35347E-06	5.35415E-06
4017.77	0.999938552	5.0384E-06	5.03902E-06
4082.75	0.999940485	4.74166E-06	4.74223E-06
4148.79	0.999942359	4.46186E-06	4.46238E-06
4215.89	0.999944176	4.19847E-06	4.19894E-06
4284.08	0.999945937	3.95033E-06	3.95076E-06
4353.37	0.999947645	3.71655E-06	3.71694E-06
4423.78	0.9999493	3.49647E-06	3.49682E-06
4495.33	0.999950904	3.28911E-06	3.28944E-06
4568.04	0.999952459	3.09388E-06	3.09417E-06
4641.93	0.999953966	2.91007E-06	2.91034E-06
4717.01	0.999955426	2.73694E-06	2.73719E-06
4793.3	0.999956841	2.57404E-06	2.57426E-06
4870.83	0.999958212	2.42071E-06	2.42091E-06
4949.61	0.999959539	2.27637E-06	2.27655E-06
5029.67	0.999960825	2.14055E-06	2.14072E-06
5111.02	0.999962071	2.0126E-06	2.01276E-06
5193.68	0.999963278	1.89227E-06	1.8924E-06
5277.69	0.999964447	1.77907E-06	1.77919E-06
5363.05	0.999965579	1.67252E-06	1.67264E-06
5449.79	0.999966675	1.5723E-06	1.57241E-06
5537.94	0.999967737	1.47798E-06	1.47808E-06
5627.51	0.999968765	1.38925E-06	1.38934E-06
5718.53	0.999969761	1.30579E-06	1.30587E-06
5811.02	0.999970725	1.22729E-06	1.22736E-06
5905.01	0.999971659	1.15347E-06	1.15353E-06
6000.52	0.999972563	1.08401E-06	1.08407E-06
6097.57	0.999973439	1.01868E-06	1.01874E-06
6196.2	0.999974286	9.57271E-07	9.57321E-07
6296.42	0.999975107	8.99532E-07	8.99577E-07
6349	0.999975521	8.70989E-07	8.71031E-07
6432	0.999976156	8.28095E-07	8.28134E-07
6536.03	0.999976917	7.78075E-07	7.78111E-07
6641.75	0.999977654	7.31039E-07	7.31071E-07
6749.17	0.999978367	6.86795E-07	6.86825E-07
6858.33	0.999979057	6.45208E-07	6.45235E-07
6969.26	0.999979726	6.06125E-07	6.06149E-07
7081.98	0.999980373	5.69376E-07	5.69399E-07
7196.53	0.999981	5.34837E-07	5.34857E-07
7312.93	0.999981606	5.02377E-07	5.02396E-07
7431.21	0.999982194	4.71859E-07	4.71876E-07
7551.4	0.999982762	4.43184E-07	4.43199E-07
7673.54	0.999983312	4.16238E-07	4.16252E-07
7797.65	0.999983845	3.90912E-07	3.90924E-07
7923.77	0.99998436	3.67115E-07	3.67127E-07
8051.94	0.999984859	3.4475E-07	3.4476E-07
8182.17	0.999985343	3.23739E-07	3.23748E-07
8314.51	0.99998581	3.03998E-07	3.04007E-07
8448.99	0.999986263	2.85448E-07	2.85456E-07
8585.64	0.999986701	2.68024E-07	2.68032E-07
8724.51	0.999987125	2.51651E-07	2.51657E-07
8865.62	0.999987536	2.3627E-07	2.36276E-07
9009.02	0.999987934	2.21824E-07	2.21829E-07
9154.73	0.999988318	2.0825E-07	2.08254E-07
9302.8	0.999988691	1.95502E-07	1.95506E-07
9453.27	0.999989052	1.8353E-07	1.83534E-07
9606.17	0.999989401	1.72281E-07	1.72284E-07
9761.54	0.999989738	1.61717E-07	1.6172E-07
9919.42	0.999990065	1.51796E-07	1.51799E-07
10079.9	0.999990382	1.42477E-07	1.42479E-07
10242.9	0.999990689	1.33727E-07	1.3373E-07
10408.6	0.999990985	1.25509E-07	1.25512E-07
10576.9	0.999991272	1.17794E-07	1.17796E-07
10748	0.99999155	1.10547E-07	1.10549E-07
10921.8	0.999991819	1.03744E-07	1.03745E-07
11098.5	0.99999208	9.73545E-08	9.7356E-08
11278	0.999992332	9.13557E-08	9.13572E-08
11460.4	0.999992576	8.57243E-08	8.57256E-08
11645.8	0.999992813	8.04359E-08	8.04371E-08
11834.1	0.999993041	7.54726E-08	7.54736E-08
12025.5	0.999993263	7.08118E-08	7.08128E-08
12220	0.999993477	6.64369E-08	6.64378E-08
12417.7	0.999993685	6.23293E-08	6.23301E-08
12618.5	0.999993886	5.84742E-08	5.84749E-08
12822.6	0.99999408	5.48552E-08	5.48558E-08
13030	0.999994268	5.14579E-08	5.14585E-08
13240.8	0.999994451	4.82694E-08	4.82699E-08
13454.9	0.999994627	4.52769E-08	4.52773E-08
13672.6	0.999994798	4.24674E-08	4.24679E-08
13893.7	0.999994963	3.98317E-08	3.98321E-08
14118.4	0.999995123	3.73576E-08	3.7358E-08
14346.8	0.999995278	3.50359E-08	3.50362E-08
14578.8	0.999995428	3.2857E-08	3.28573E-08
14814.6	0.999995574	3.08123E-08	3.08126E-08
15054.2	0.999995714	2.88937E-08	2.88939E-08
15297.7	0.99999585	2.70932E-08	2.70934E-08
15545.2	0.999995982	2.54036E-08	2.54038E-08
15796.6	0.99999611	2.38186E-08	2.38188E-08
16052.1	0.999996233	2.23313E-08	2.23315E-08
16311.7	0.999996353	2.09361E-08	2.09362E-08
16575.5	0.999996469	1.9627E-08	1.96271E-08
16843.6	0.999996581	1.83988E-08	1.83989E-08
17116.1	0.99999669	1.72465E-08	1.72466E-08
17392.9	0.999996795	1.61657E-08	1.61658E-08
17674.2	0.999996896	1.51518E-08	1.51519E-08
17960.1	0.999996995	1.42007E-08	1.42008E-08
18250.6	0.99999709	1.33085E-08	1.33086E-08
18545.8	0.999997182	1.24718E-08	1.24718E-08
18845.7	0.999997272	1.1687E-08	1.16871E-08
19150.5	0.999997358	1.09509E-08	1.0951E-08
19460.3	0.999997442	1.02605E-08	1.02606E-08
19775	0.999997523	9.61315E-09	9.6132E-09
20094.9	0.999997602	9.00568E-09	9.00572E-09
20419.9	0.999997678	8.4366E-09	8.43664E-09
20750.2	0.999997752	7.90322E-09	7.90326E-09
21085.8	0.999997823	7.4034E-09	7.40343E-09
21426.8	0.999997892	6.93499E-09	6.93502E-09
21773.4	0.999997959	6.49599E-09	6.49602E-09
22125.6	0.999998023	6.0846E-09	6.08462E-09
22483.4	0.999998086	5.69914E-09	5.69917E-09
22847.1	0.999998147	5.33789E-09	5.33791E-09
23216.6	0.999998205	4.99942E-09	4.99944E-09
23592.1	0.999998262	4.68227E-09	4.68229E-09
23973.7	0.999998317	4.38509E-09	4.38511E-09
24361.5	0.999998371	4.10664E-09	4.10665E-09
24755.5	0.999998422	3.84577E-09	3.84578E-09
25155.9	0.999998472	3.60135E-09	3.60136E-09
25562.8	0.999998521	3.37235E-09	3.37236E-09
25976.2	0.999998567	3.15783E-09	3.15784E-09
26396.4	0.999998613	2.95684E-09	2.95685E-09
26823.3	0.999998657	2.76857E-09	2.76858E-09
27257.2	0.999998699	2.59219E-09	2.5922E-09
27698	0.999998741	2.42699E-09	2.42699E-09
28146	0.99999878	2.27222E-09	2.27222E-09
28601.3	0.999998819	2.12724E-09	2.12725E-09
29063.9	0.999998856	1.99145E-09	1.99146E-09
29533.9	0.999998893	1.86428E-09	1.86429E-09
30000	0.999998927	1.74795E-09	1.74795E-09
