0 78.6857 1.9422
1 73.0916 1.7016
2 70.7338 1.4662
3 57.1213 1.8942
4 75.158 0.436
5 73.0384 1.3982
6 70.7141 1.5643
7 75.4835 2.7522
8 64.6584 1.2647
9 78.5588 1.8975
10 74.6634 2.1359
11 71.5828 1.7859
12 75.7995 1.3909
13 66.6766 1.3273
14 71.4161 1.1319
15 67.5036 1.1069
16 74.5498 1.2049
17 73.4652 1.0206
18 73.7346 1.2547
19 72.9631 1.6693
20 77.1556 1.7233
21 73.6502 1.463
22 62.6685 1.6856
23 77.5323 1.3162
24 77.6835 1.6843
25 82.3514 1.3148
26 86.9983 1.474
27 76.0078 1.3402
28 60.8941 1.8217
29 63.3571 0.9722
30 74.9693 1.0018
31 68.8871 1.0034
32 63.0387 1.3595
33 76.6642 1.3282
34 69.545 1.4331
35 67.7385 1.2951
36 70.885 0.9164
37 69.0618 0.8522
38 70.5305 0.7094
39 67.1342 0.8571
40 67.7497 0.9382
41 67.1684 1.2588
42 84.6064 1.1766
43 73.1007 1.301
44 75.733 1.2617
45 71.052 0.9257
46 60.061 1.0448
47 79.7727 1.0855
48 65.4583 0.9362
49 68.2311 0.7792
50 77.9311 1.0427
51 73.6062 1.048
52 74.7106 1.064
53 68.8952 1.0968
54 63.5325 1.0684
55 84.4443 0.9081
56 63.7975 0.8917
57 71.5416 1.0595
58 69.0219 0.8186
59 75.4569 0.7549
60 76.1319 0.8372
61 62.3094 0.7489
62 75.1281 1.2446
63 65.5325 1.813
64 67.0479 2.3491
65 78.0133 1.6714
66 78.4735 2.6994
67 90.9574 2.3632
68 73.344 2.269
69 77.1888 1.4096
70 72.4013 2.3652
71 71.7062 3.3971
72 77.7797 2.1727
73 60.4411 1.507
74 57.246 1.5706
75 11.6048 9.9738
76 64.5574 1.6449
77 71.2934 1.2456
78 57.6368 1.1996
79 63.7989 1.1048
80 58.2551 1.2233
81 0 0
82 0 0
83 79.8408 1.2357
84 78.7806 1.2834
85 86.8459 1.5221
86 85.6684 1.5579
87 72.7884 1.6285
88 96.4266 1.3528
89 73.7819 1.9362
90 86.2459 1.5723
91 85.8538 1.5039
92 83.0503 1.4232
93 93.0658 1.6362
94 81.9463 0.9097
95 93.3473 1.7511
96 81.8832 1.7637
97 90.9355 1.6806
98 75.3827 0.961
99 68.847 1.3128
100 61.6371 1.4985
101 86.0643 0.9478
102 0 0
103 0 0
104 58.7824 1.0721
105 68.2387 1.2359
106 72.2267 1.0308
107 61.4941 1.0322
108 79.902 0.8794
109 73.8452 1.075
110 81.3852 1.155
111 74.9873 1.067
112 75.7287 1.1391
113 92.3406 1.0037
114 72.6673 1.2114
115 81.0767 0.9428
116 87.1746 0.8791
117 79.3739 1.1157
118 72.8047 1.0506
119 98.0371 0.9567
120 78.2281 1.1072
121 97.7505 0.8633
122 88.6354 1.0827
123 0 0
124 0 0
125 86.6001 1.0043
126 81.9532 1.1787
127 83.1656 1.3136
128 67.0447 1.0104
129 75.2931 1.0708
130 73.6861 1.3162
131 75.2497 0.9436
132 75.374 0.9775
133 66.5807 1.0645
134 66.0723 1.5549
135 71.4534 1.3549
136 73.3373 1.1739
137 67.5076 1.1327
138 72.7538 1.6229
139 73.869 1.0777
140 73.6289 1.1712
141 70.7836 1.0755
142 65.8777 1.4881
143 67.7638 0.8921
144 63.4293 0.9956
145 67.5818 1.6364
146 71.938 0.8748
147 68.3436 1.0967
148 73.4148 1.0077
149 71.2334 1.4437
150 78.2994 1.3475
151 67.5335 1.4006
152 76.9305 1.2905
153 70.1196 1.6699
154 63.1057 1.8326
155 82.9272 1.027
156 81.5272 2.218
157 72.5412 1.676
158 78.2682 1.2548
159 88.3633 1.3334
160 86.2192 0.9258
161 87.0746 1.0302
162 58.6956 1.7706
163 72.5544 1.3436
164 59.4592 1.0665
165 57.2119 1.2956
166 69.1012 0.8559
167 69.2159 1.0815
168 56.6367 1.0712
169 72.4368 0.9634
170 58.7689 1.1146
171 74.1543 1.0307
172 92.4949 1.0097
173 80.8136 0.8813
174 79.8376 1.0665
175 78.4273 1.2463
176 85.7568 0.9463
177 75.8869 0.9882
178 86.8854 0.8442
179 70.2597 0.8268
180 71.4973 0.9614
181 75.2211 0.8817
182 68.9783 0.5481
183 58.841 1.2969
184 73.0984 0.9361
185 63.0118 0.7939
186 87.2797 0.7148
187 70.6335 0.66
188 79.4671 1.5916
189 60.794 2.0105
190 74.6049 1.5618
191 76.4926 2.1307
192 70.9137 2.0811
193 72.8263 2.0601
194 75.0756 1.2201
195 67.6428 1.9854
196 88.3121 1.8101
197 70.5225 1.9489
198 78.7601 1.6345
199 62.7845 1.7074
200 62.4606 1.4977
201 71.8226 1.5643
202 79.6225 1.5503
203 63.4881 1.4605
204 63.0208 1.5391
205 76.7459 1.2369
206 74.2871 0.9594
207 0 0
208 0 0
209 63.4523 1.4446
210 63.2163 1.4317
211 76.5216 1.5232
212 69.2731 1.3836
213 64.086 1.9037
214 80.8093 1.3785
215 68.1318 1.8276
216 72.8235 2.1687
217 69.1909 0.8904
218 74.5172 1.0833
219 63.1219 1.457
220 70.2282 1.3688
221 67.8937 1.2313
222 63.0212 1.1083
223 73.5594 1.1607
224 65.7741 1.9439
225 79.9019 1.0762
226 79.9101 1.445
227 72.7426 1.1457
228 0 0
229 0 0
230 65.9176 0.9909
231 79.6484 0.8059
232 81.6976 0.9714
233 78.3208 0.9636
234 75.3183 0.9644
235 68.2642 1.1371
236 75.6455 0.8178
237 81.5004 1.2114
238 76.4114 1.1202
239 74.6962 1.1243
240 62.807 1.0745
241 74.7811 1.1715
242 74.5005 0.8736
243 74.6588 0.8851
244 76.5218 0.8784
245 66.6571 0.7558
246 64.7066 0.797
247 69.6918 0.8156
248 70.2388 0.8571
249 0 0
250 0 0
251 0 0
