0 78.8304 0.9163
1 73.1918 0.8033
2 71.0677 0.8727
3 57.4536 1.0852
4 75.1156 0.4069
5 73.4441 0.9097
6 71.0109 0.7721
7 76.1035 0.9619
8 65.3412 0.8361
9 78.8782 0.89
10 75.2747 0.8068
11 72.0114 0.9498
12 76.1926 0.8396
13 67.0832 0.7461
14 72.302 0.939
15 67.9269 0.8301
16 74.9429 0.7814
17 74.0481 0.8189
18 74.3189 0.824
19 73.4894 0.9382
20 77.2845 1.0571
21 73.8143 1.1077
22 62.8357 1.0966
23 77.4805 1.0316
24 77.831 1.1134
25 82.5985 1.0308
26 87.1605 1.0799
27 76.0831 1.0338
28 61.0522 0.6751
29 63.5495 0.5281
30 72.3244 0.4649
31 68.8518 0.7153
32 63.363 0.7699
33 76.9659 0.7724
34 69.8399 0.7125
35 68.2718 0.7924
36 70.9332 0.7034
37 69.4055 0.6475
38 70.941 0.6661
39 67.5333 0.6407
40 68.1127 0.8096
41 66.642 0.8901
42 84.6671 0.8777
43 72.6698 0.9194
44 76.1664 0.8476
45 71.1792 0.6043
46 60.1406 0.6239
47 79.9118 0.604
48 65.5549 0.6145
49 68.331 0.5713
50 78.0295 0.5946
51 73.7619 0.6056
52 74.8165 0.6015
53 68.9827 0.6234
54 63.6401 0.6108
55 84.4546 0.5966
56 64.0697 0.6361
57 71.2822 0.605
58 68.9771 0.5902
59 75.1599 0.5517
60 76.104 0.5641
61 62.2234 0.5709
62 75.3332 0.7586
63 65.5215 0.9138
64 67.3024 1.022
65 78.1743 0.7194
66 79.0046 1.0322
67 91.5767 1.0062
68 73.707 0.9776
69 77.1439 0.8937
70 72.422 0.9871
71 72.1191 1.0781
72 78.4166 0.9443
73 61.1321 1.0466
74 57.8686 1.0302
75 51.6914 0.9217
76 65.3772 0.9588
77 72.1464 0.9929
78 58.2893 0.898
79 64.4762 0.8611
80 58.9102 0.9441
81 0 0
82 0 0
83 80.3172 0.8448
84 79.2318 0.8147
85 87.2668 0.7323
86 85.8407 0.8453
87 72.9311 0.9394
88 96.8273 0.7477
89 74.0617 0.8524
90 86.525 0.8378
91 86.1578 0.7336
92 83.171 0.8052
93 93.201 0.7045
94 81.9235 0.6525
95 94.0917 1.0486
96 82.0597 0.865
97 91.4175 0.9049
98 75.9668 0.8318
99 69.1322 0.9732
100 62.3396 0.9751
101 86.3978 0.7922
102 0 0
103 0 0
104 58.9433 0.6807
105 68.2621 0.6579
106 72.2558 0.6421
107 61.3628 0.7434
108 79.8217 0.6028
109 73.8043 0.7144
110 81.4819 0.545
111 74.9245 0.6319
112 75.6617 0.5843
113 92.2851 0.6026
114 72.4332 0.6091
115 80.8994 0.669
116 87.032 0.5661
117 79.2079 0.6165
118 72.7168 0.5928
119 97.665 0.5607
120 77.8458 0.6307
121 97.4363 0.5829
122 88.0717 0.65
123 0 0
124 0 0
125 87.0015 0.6587
126 82.7288 0.7118
127 83.727 0.7016
128 67.8868 0.6669
129 75.9916 0.7864
130 74.4526 0.7461
131 75.6406 0.6858
132 76.1665 0.7116
133 67.0652 0.7196
134 66.6139 0.7868
135 72.0481 0.766
136 73.5144 0.6605
137 67.8431 0.683
138 73.2048 0.7733
139 74.2989 0.6805
140 73.904 0.7202
141 71.2288 0.7019
142 66.2056 0.6291
143 68.1208 0.6398
144 64.0608 0.7352
145 68.1211 0.7358
146 72.3699 0.6221
147 68.5437 0.7153
148 73.9508 0.7815
149 71.4218 0.7134
150 78.6548 0.8401
151 67.7495 0.8147
152 77.2419 0.7632
153 70.3363 0.7211
154 63.0317 0.9862
155 83.1739 0.6928
156 82.0467 0.7909
157 72.593 0.9359
158 78.6109 0.8225
159 88.8359 0.8782
160 86.8622 0.8093
161 87.8328 0.8575
162 59.1281 0.7784
163 72.8364 0.6958
164 60.33 0.8606
165 57.6589 0.6972
166 69.6117 0.6573
167 69.2645 0.7054
168 56.5151 0.6465
169 72.4356 0.6709
170 58.7437 0.6532
171 74.1487 0.6548
172 92.1987 0.6303
173 80.6048 0.5394
174 79.5984 0.6207
175 78.2752 0.6334
176 85.6016 0.5738
177 75.8048 0.5806
178 86.4884 0.5496
179 70.198 0.5938
180 71.2908 0.5868
181 75.1638 0.5821
182 68.7106 0.5011
183 58.7039 0.4714
184 72.9292 0.6056
185 62.839 0.5725
186 86.8883 0.5416
187 70.2966 0.538
188 79.5448 0.63
189 61.0773 0.7394
190 74.7936 0.7255
191 76.9667 0.9705
192 71.0238 0.889
193 73.2454 1.0147
194 75.2188 0.6846
195 67.6592 1.029
196 88.7381 0.9166
197 70.4213 0.74
198 78.632 0.7424
199 63.2128 0.9194
200 62.9565 0.9922
201 72.2004 0.9617
202 80.2669 0.9714
203 63.8042 0.9478
204 63.525 0.8845
205 77.1872 0.9199
206 75.073 0.8026
207 0 0
208 0 0
209 63.7094 0.7842
210 63.7737 0.7653
211 76.88 0.8013
212 69.8013 0.8308
213 64.2846 0.8947
214 80.8413 0.7911
215 68.3418 0.9248
216 73.3404 0.6473
217 69.4704 0.656
218 74.7485 0.7156
219 63.1149 0.7417
220 70.6036 0.7797
221 68.3095 0.7917
222 63.3333 0.7135
223 73.9878 0.8082
224 66.5659 0.7348
225 80.5106 0.7695
226 80.8029 0.9761
227 73.55 0.8767
228 0 0
229 0 0
230 65.7564 0.59
231 79.4948 0.5475
232 81.5772 0.6017
233 78.3601 0.5025
234 75.202 0.5654
235 67.9581 0.5569
236 75.5381 0.5552
237 81.5631 0.6109
238 76.4161 0.7016
239 74.6426 0.6201
240 62.7267 0.6876
241 74.9309 0.71
242 74.4377 0.5987
243 74.6428 0.6493
244 76.3593 0.6267
245 66.5859 0.549
246 64.4932 0.5675
247 69.6205 0.5418
248 70.0598 0.6171
249 0 0
250 0 0
251 0 0
