0 78.2289 1.004
1 72.645 0.8815
2 70.5076 0.9514
3 56.9558 1.2494
4 75.2036 0.4285
5 73.1568 1.4024
6 70.5553 1.2496
7 75.2001 1.3161
8 64.1557 0.8363
9 78.1427 1.5159
10 74.2993 0.8717
11 71.0665 1.3069
12 75.2778 0.9698
13 66.447 1.2128
14 71.566 1.8328
15 67.7101 1.0612
16 74.6778 0.892
17 73.6461 1.0523
18 73.8818 0.8975
19 72.9323 1.1984
20 77.1051 1.2022
21 73.4736 1.4687
22 62.5465 1.6312
23 77.448 1.2147
24 77.755 1.3602
25 82.4372 1.2746
26 86.91 1.3411
27 75.9601 1.3042
28 60.5773 0.882
29 63.2168 0.9668
30 74.7606 0.7845
31 68.6611 0.905
32 62.8209 0.9583
33 76.2243 0.8562
34 69.2539 1.0727
35 67.6192 0.9579
36 70.6149 0.7978
37 69.1054 0.7796
38 70.5713 0.6994
39 67.4196 0.8504
40 67.7837 0.8077
41 66.6352 1.09
42 84.6261 1.1459
43 72.6721 1.239
44 75.6491 1.0489
45 70.8405 0.8576
46 59.7727 0.7899
47 79.6816 0.8108
48 65.3648 0.8201
49 68.1252 0.7172
50 77.7924 0.7615
51 73.6747 0.7304
52 74.7213 0.8334
53 68.8035 0.7763
54 63.4191 0.8504
55 84.3164 0.7408
56 63.8553 0.7813
57 71.4596 0.8453
58 69.0191 0.7494
59 75.3183 0.6755
60 76.1337 0.7002
61 62.2786 0.6984
62 75.1468 1.1297
63 65.2954 1.1969
64 66.9564 1.4652
65 77.7149 1.0201
66 78.5407 1.8826
67 90.8074 1.4755
68 73.2431 1.7258
69 76.3962 1.1852
70 71.6228 1.3993
71 70.9955 1.6487
72 78.0172 1.2334
73 60.4975 1.5919
74 57.1579 1.1697
75 17.4772 8.4014
76 64.7226 1.113
77 71.611 1.0692
78 57.9236 1.0526
79 64.1737 1.1099
80 58.5019 1.0131
81 0 0
82 0 0
83 79.7064 1.1237
84 78.6418 1.1655
85 86.7495 1.0057
86 85.3171 1.3054
87 72.6535 1.3605
88 96.4829 0.9879
89 73.5946 1.2017
90 86.0577 1.1606
91 85.6735 1.1853
92 82.6615 1.1675
93 92.8761 1.0189
94 81.6534 0.7857
95 93.3642 1.3821
96 81.2845 0.9606
97 90.6123 1.0817
98 75.2904 0.9421
99 68.6207 1.0813
100 61.6178 0.9862
101 86.1031 0.8831
102 0 0
103 0 0
104 58.7512 0.7693
105 68.0621 0.7785
106 72.0361 0.7791
107 61.431 0.9457
108 79.7342 0.7574
109 73.8459 0.7978
110 81.2981 0.8051
111 74.6835 0.8097
112 75.5132 0.8069
113 92.1425 1.0495
114 72.3899 0.9594
115 80.6858 0.7579
116 86.9448 0.9159
117 79.2192 0.8672
118 72.6772 0.784
119 97.6327 0.7011
120 77.8118 0.7965
121 97.4244 0.7436
122 88.2122 0.8282
123 0 0
124 0 0
125 86.7113 0.7133
126 82.3459 1.0547
127 83.3806 0.9607
128 67.5521 0.7656
129 75.5339 1.0349
130 73.9142 0.9391
131 75.3246 1.4285
132 75.6745 0.7911
133 66.8584 0.9264
134 66.1765 0.8929
135 71.7992 1.1953
136 73.2756 0.8534
137 67.5713 0.8611
138 72.6903 0.9017
139 73.8621 0.7685
140 73.5703 0.8426
141 70.7351 0.8798
142 65.7559 0.6984
143 67.6703 0.8057
144 63.4683 0.7916
145 67.5601 0.9183
146 72.1254 0.9774
147 68.155 0.9548
148 73.2198 0.9048
149 70.8046 0.9966
150 78.2241 1.4928
151 67.0301 0.9245
152 76.7824 1.0375
153 69.8671 1.0301
154 62.5473 1.2662
155 82.7648 0.9904
156 81.6999 1.2422
157 71.9356 2.0877
158 78.0583 1.0155
159 88.0064 0.896
160 86.0606 0.8263
161 86.8259 0.7459
162 58.5281 1.0385
163 72.4217 0.971
164 59.7133 1.1253
165 57.1318 0.817
166 69.1612 0.8175
167 69.0889 0.8734
168 56.4389 0.8777
169 72.3301 0.9304
170 58.5989 0.8072
171 73.9121 0.9272
172 92.1867 0.8265
173 80.5489 0.7054
174 79.5885 0.8742
175 77.9722 0.8332
176 85.6827 0.768
177 75.6508 0.8053
178 86.4709 0.7658
179 70.1509 0.7456
180 71.2989 0.7906
181 75.1664 0.7994
182 68.8664 0.5032
183 58.651 0.5571
184 72.8406 0.6845
185 62.7805 0.6402
186 86.9691 0.6033
187 70.4525 0.6553
188 79.179 0.969
189 60.7212 1.4565
190 74.4696 1.5786
191 76.4743 1.347
192 70.8092 2.0046
193 72.8784 1.5068
194 75.0212 1.078
195 67.1374 1.53
196 88.5382 1.7923
197 70.3195 1.1448
198 78.2842 1.1437
199 62.7835 1.0899
200 62.3527 1.173
201 71.5974 1.1229
202 79.5809 1.158
203 63.4821 1.2104
204 63.0584 1.1968
205 76.7156 1.0467
206 74.5328 0.9423
207 0 0
208 0 0
209 63.2115 1.0432
210 63.1283 1.0266
211 76.3001 1.0243
212 69.1209 1.1725
213 64.3193 1.1661
214 80.5492 0.9838
215 68.2059 1.119
216 72.771 1.2095
217 69.0527 1.1496
218 74.3917 0.8943
219 62.7131 0.9316
220 70.0376 0.9512
221 67.8411 0.9838
222 62.8067 0.8282
223 73.3988 1.301
224 66.0982 1.4675
225 79.5719 0.802
226 79.8926 1.9314
227 72.6858 1.1609
228 0 0
229 0 0
230 65.6841 0.7471
231 79.4533 0.7315
232 81.4433 0.8596
233 78.2158 1.1439
234 75.2087 0.7928
235 68.1819 0.8102
236 75.4436 0.7347
237 81.3701 0.9105
238 76.201 0.9217
239 74.5332 0.8284
240 62.5048 0.9035
241 74.7676 0.9526
242 74.3886 0.7354
243 74.557 0.8164
244 76.2859 0.7953
245 66.6679 0.7007
246 64.6303 0.6895
247 69.6524 0.6338
248 70.0685 0.7831
249 0 0
250 0 0
251 0 0
