0 78.755 1.8889
1 73.1912 1.7048
2 70.7852 1.5048
3 57.0652 1.5367
4 75.203 0.4374
5 73.1375 1.2193
6 70.9145 1.8477
7 75.6917 1.7667
8 64.6326 1.2604
9 78.4946 1.8782
10 74.5004 1.0733
11 71.3183 1.327
12 75.5695 1.2365
13 66.7766 1.7095
14 71.8155 2.1995
15 67.5918 1.1432
16 74.7468 1.1293
17 73.7292 1.2195
18 73.8405 1.049
19 72.8079 1.3932
20 77.0185 1.7216
21 73.8618 1.4254
22 62.8205 1.4358
23 77.8935 1.3426
24 77.6246 1.4203
25 82.5056 1.4518
26 87.066 1.4203
27 76.2415 1.3136
28 60.7951 1.4054
29 63.5938 1.3099
30 74.8634 1.0004
31 69.1513 1.0767
32 63.3154 1.6188
33 76.6237 1.9474
34 69.6464 1.1691
35 67.6827 1.0249
36 70.693 0.8136
37 68.9422 0.8693
38 70.5574 0.7161
39 67.1276 0.8231
40 68.0469 1.0301
41 67.113 1.3665
42 84.9946 1.2696
43 73.2826 1.3912
44 76.3078 1.2172
45 71.2065 0.9635
46 60.2269 1.0155
47 79.8873 1.021
48 65.7222 1.0517
49 68.4136 0.7908
50 78.2265 1.0784
51 73.8869 1.003
52 74.9226 0.9801
53 69.1537 1.0277
54 63.5179 1.1503
55 84.5157 0.8651
56 63.9551 0.8953
57 71.7907 0.9449
58 68.9776 0.7905
59 75.4431 0.7203
60 76.104 0.7742
61 62.4274 0.8504
62 75.4749 1.5257
63 65.6156 1.6075
64 67.4106 2.0291
65 78.124 1.2548
66 79.1255 2.4175
67 91.5863 2.9236
68 73.9612 1.9911
69 77.201 1.3126
70 72.436 3.0311
71 72.1763 2.8978
72 78.424 2.1438
73 60.5692 1.8406
74 57.2346 1.8245
75 20.5676 9.252
76 64.5257 1.3079
77 71.4806 1.3174
78 57.6546 1.3676
79 63.8643 1.1597
80 58.2231 1.1781
81 0 0
82 0 0
83 80.2541 1.3387
84 78.9468 1.4319
85 86.8996 1.1251
86 85.3853 1.505
87 73.4717 1.6166
88 96.822 1.2813
89 74.0923 1.4767
90 86.0562 1.1528
91 85.8469 1.1157
92 83.019 1.2162
93 92.959 1.2165
94 81.9742 0.9394
95 93.5245 1.9927
96 81.761 1.8004
97 90.9825 1.5702
98 75.5277 1.2001
99 68.7063 1.4631
100 62.0087 1.6838
101 86.3494 1.0669
102 0 0
103 0 0
104 58.9824 1.0179
105 68.4977 1.0457
106 72.4812 0.9651
107 61.7659 1.0013
108 79.9594 0.8984
109 74.0831 0.9899
110 81.6578 1.0694
111 75.1518 0.9848
112 75.9518 1.1688
113 92.4281 0.9932
114 72.7418 1.162
115 81.1485 1.0295
116 87.1767 0.8905
117 79.4948 0.9864
118 72.9671 1.0713
119 97.9249 0.9073
120 78.436 1.1635
121 97.8407 0.9286
122 88.7414 1.01
123 0 0
124 0 0
125 86.9042 0.9837
126 82.3388 1.0778
127 83.4401 1.19
128 67.4681 0.9828
129 75.7715 1.3235
130 73.9197 2.113
131 75.356 1.019
132 75.8993 1.1848
133 66.9567 1.3081
134 66.4595 1.509
135 71.6399 1.2199
136 73.3771 1.0732
137 67.6061 1.0087
138 72.7442 1.0487
139 73.9899 1.2577
140 73.7451 1.161
141 70.9476 1.2286
142 66.102 1.3362
143 67.8414 0.9629
144 63.2693 0.9379
145 67.4937 1.0096
146 72.0453 0.9778
147 68.4442 1.0681
148 74.0158 1.7343
149 71.3633 1.395
150 78.6948 1.4179
151 67.2717 1.2405
152 77.0996 1.3322
153 70.0873 1.0822
154 63.0385 1.8057
155 83.2164 1.0094
156 81.8581 1.269
157 72.4394 1.6041
158 78.3853 1.2555
159 88.6831 1.3849
160 86.4048 1.0147
161 87.3708 1.2577
162 58.8085 1.6325
163 72.6469 0.9861
164 59.6021 1.1826
165 57.2975 0.8816
166 69.274 0.8979
167 69.6284 1.1327
168 56.9304 1.1233
169 72.7019 0.9863
170 58.9639 1.0482
171 74.2515 1.0076
172 92.4379 0.9942
173 80.8985 0.8999
174 79.8952 1.1094
175 78.6933 1.0169
176 85.9325 0.9125
177 76.0852 0.9989
178 86.8931 0.8927
179 70.4874 0.8251
180 71.6047 0.9344
181 75.4215 1.093
182 69.0721 0.5576
183 59.0206 1.1971
184 73.1556 0.9239
185 63.1396 0.7727
186 87.3282 0.7155
187 70.6197 0.6997
188 79.3716 1.238
189 61.0357 1.5196
190 74.7308 1.6233
191 77.0299 2.4805
192 71.3889 2.4922
193 73.5054 2.8202
194 75.8393 1.7445
195 67.8676 1.9992
196 88.8239 2.445
197 70.7127 1.8069
198 79.0624 1.4314
199 62.7662 1.3935
200 62.4373 1.4976
201 71.8299 1.6375
202 79.7709 1.4811
203 63.5096 1.3594
204 63.0469 1.2248
205 76.8144 1.3961
206 74.3796 1.15
207 0 0
208 0 0
209 63.5379 1.5309
210 63.3071 1.4633
211 76.6827 1.4838
212 69.3902 1.5133
213 64.1981 1.2184
214 80.5335 1.1054
215 68.2837 1.3925
216 73.0396 1.4407
217 69.3696 1.2145
218 74.4222 1.1362
219 62.9519 1.6964
220 70.0973 1.189
221 68.2172 1.373
222 63.1347 1.6026
223 73.7141 1.2129
224 66.0616 1.1118
225 79.9646 1.6754
226 79.7432 1.4481
227 72.7519 1.2614
228 0 0
229 0 0
230 66.0356 1.0302
231 79.8077 0.82
232 81.6872 1.0437
233 78.3763 1.382
234 75.3611 1.011
235 68.4078 0.9614
236 75.7132 0.8298
237 81.7667 1.2243
238 76.6697 1.1118
239 74.927 1.0243
240 63.0106 1.0653
241 74.9046 1.0601
242 74.6729 0.8936
243 74.8495 0.9489
244 76.7029 0.9057
245 66.6769 0.7939
246 64.8139 0.8343
247 69.7453 0.7147
248 70.4975 0.8857
249 0 0
250 0 0
251 0 0
