0 78.9455 2.4066
1 73.3597 1.8485
2 70.9032 2.7564
3 57.5718 2.6236
4 68.1585 2.1934
5 73.4628 2.1209
6 71.2705 1.9225
7 75.9709 2.5347
8 65.2007 2.3472
9 78.3618 3.5852
10 74.9341 2.6338
11 71.2176 1.7118
12 76.0441 1.9899
13 66.9174 1.8585
14 71.8694 3.3348
15 67.5146 1.5868
16 74.7408 1.584
17 73.6782 2.1647
18 73.9559 1.4888
19 72.834 1.8341
20 76.9843 2.0922
21 73.6918 1.9782
22 62.9063 1.9839
23 77.707 1.4967
24 77.7889 1.6963
25 82.3499 1.7591
26 86.9869 1.5534
27 76.2264 1.6737
28 61.2386 1.4098
29 63.6709 1.2435
30 72.2732 0.464
31 69.1145 1.2323
32 63.523 1.8362
33 77.1697 1.574
34 69.7711 1.0687
35 68.0218 1.6753
36 70.522 1.1737
37 69.0018 1.2626
38 70.398 0.938
39 67.3144 1.1439
40 67.6359 1.1749
41 67.3467 1.5416
42 84.9779 1.6618
43 73.6037 1.709
44 76.3381 1.6978
45 71.5616 1.3065
46 60.3768 1.4591
47 80.1457 1.164
48 65.9422 1.1869
49 68.614 0.9354
50 78.3046 1.3516
51 73.9963 1.2901
52 74.8201 1.044
53 69.1819 1.3091
54 63.7929 1.2999
55 84.6154 1.173
56 64.0168 1.1281
57 71.5031 1.2315
58 68.9601 1.0879
59 75.3323 0.8765
60 76.1372 0.8861
61 62.6874 0.8017
62 75.4012 1.8188
63 65.775 2.3007
64 67.357 2.7667
65 78.5312 1.722
66 79.294 3.4187
67 91.5317 4.3081
68 74.5024 3.115
69 77.3932 2.1579
70 72.8888 2.9904
71 72.2642 2.6318
72 78.8638 2.4018
73 60.91 2.0517
74 57.7639 1.9768
75 37.8059 7.1088
76 64.9935 1.6827
77 71.895 1.6213
78 58.1202 1.5431
79 64.2382 1.4173
80 58.5965 1.5558
81 0 0
82 0 0
83 80.4327 1.8982
84 79.514 1.8438
85 87.3244 1.5381
86 86.2347 1.8841
87 73.327 2.0435
88 96.9743 1.5809
89 73.937 1.8069
90 86.5305 1.5377
91 86.1465 1.7144
92 83.2422 2.4751
93 93.1359 2.191
94 81.8973 1.2754
95 93.6463 2.8664
96 81.5125 1.8363
97 90.8257 2.4767
98 75.8207 1.4691
99 69.1226 2.153
100 61.8099 1.8061
101 86.3298 1.3107
102 0 0
103 0 0
104 59.2969 1.1865
105 68.6294 1.5496
106 72.8449 1.3846
107 62.1396 1.4027
108 80.2797 1.2772
109 3 0
110 81.8448 1.0667
111 75.5086 1.4719
112 76.2153 1.2075
113 92.8079 1.4884
114 72.9555 1.4277
115 81.4489 1.3026
116 87.3407 1.3351
117 79.4309 1.2212
118 72.8722 1.3862
119 98.0536 1.1438
120 78.3947 1.2721
121 97.9116 1.2286
122 88.6493 1.6991
123 0 0
124 0 0
125 86.8886 1.0867
126 82.2439 1.3636
127 83.4764 1.333
128 67.6887 1.5284
129 75.8632 1.6044
130 74.1925 1.6723
131 75.6176 1.3861
132 76.0086 1.3929
133 66.7501 1.3987
134 66.3929 2.031
135 72.0091 2.3161
136 73.4243 1.3115
137 67.6248 1.1718
138 73.1145 2.2754
139 73.9408 1.3621
140 73.8267 1.3983
141 71.021 1.5818
142 66.272 1.2915
143 67.8587 1.0931
144 63.6863 1.5373
145 67.7438 1.534
146 72.5405 1.2239
147 68.9678 1.6764
148 74.1643 1.7959
149 71.4803 1.8995
150 79.0684 2.2335
151 67.6972 2.5784
152 77.3783 2.0811
153 70.3387 1.7737
154 63.2979 2.0626
155 83.2671 1.3889
156 81.8545 2.6823
157 72.5655 2.2476
158 78.5906 2.0506
159 88.8975 1.9367
160 86.6696 1.762
161 87.5733 2.1897
162 58.8539 2.1361
163 72.7996 1.4454
164 59.9751 1.8166
165 57.4605 1.3077
166 69.3741 1.1954
167 69.7543 1.3349
168 57.0319 1.172
169 72.8551 1.2683
170 59.2017 1.3124
171 74.2759 1.2073
172 92.5838 1.4448
173 80.9868 1.2346
174 79.8588 1.3543
175 78.7774 1.4825
176 85.9152 1.2021
177 76.1941 1.1912
178 86.9228 1.412
179 70.2531 0.9525
180 71.59 1.1007
181 75.5188 1.2403
182 68.9304 0.5467
183 59.0508 1.4387
184 73.1972 1.0128
185 63.0761 0.8828
186 87.1875 0.8941
187 70.5586 0.8599
188 79.5429 2.3465
189 61.1639 1.9978
190 74.9723 2.3886
191 77.2521 3.0444
192 71.916 2.7344
193 73.7083 3.032
194 76.1537 2.2483
195 68.464 3.462
196 88.4619 4.0883
197 71.0994 2.4017
198 79.3955 2.3613
199 63.1116 2.2304
200 62.9947 2.1556
201 72.5013 2.237
202 80.2282 2.1393
203 63.6373 1.7393
204 63.4972 1.8554
205 77.1375 1.795
206 74.6109 1.4244
207 0 0
208 0 0
209 63.9373 1.93
210 63.7329 1.5319
211 76.9379 1.8966
212 69.7079 1.7362
213 64.3952 1.807
214 81.1001 2.0582
215 68.324 1.6453
216 73.3127 2.2205
217 69.5763 1.3685
218 74.5474 1.6272
219 63.2993 1.8533
220 70.3155 1.6675
221 68.1352 2.1126
222 63.1984 2.1869
223 73.7555 2.0984
224 66.3636 1.4147
225 79.9467 1.9181
226 80.2775 2.4451
227 73.1833 2.7606
228 0 0
229 0 0
230 66.2026 1.2448
231 79.8507 1.1404
232 81.7641 1.163
233 78.6442 1.1639
234 75.4713 1.098
235 68.5424 1.0896
236 75.8139 1.1599
237 82.0563 1.4327
238 76.7513 1.3556
239 75.0682 1.3917
240 62.9661 1.2969
241 75.2246 1.3651
242 74.8094 1.061
243 74.9216 1.1769
244 76.5371 0.9956
245 66.7956 1.1993
246 64.8957 1.0685
247 69.8747 0.9919
248 70.2096 1.1043
249 0 0
250 0 0
251 0 0
