0 79.2484 2.3919
1 73.3659 2.7552
2 71.1751 3.2869
3 57.5031 2.4548
4 68.2132 2.8483
5 73.3757 2.8742
6 71.325 2.4764
7 75.7322 2.8124
8 64.8381 2.388
9 78.8161 2.2593
10 75.2256 2.1432
11 71.6312 3.0947
12 75.8583 2.9348
13 66.8002 1.8333
14 72.0342 2.8937
15 68.0181 2.2806
16 74.7604 2.3771
17 74.0065 2.8781
18 74.2238 1.8161
19 73.5542 2.7304
20 76.9984 2.3746
21 73.5186 2.4872
22 62.8312 2.4454
23 77.4071 2.358
24 77.3421 3.2492
25 81.9865 3.5182
26 86.5093 3.6672
27 75.6421 2.84
28 60.9995 4.1864
29 63.4069 2.4493
30 75.5123 2.2464
31 69.1629 1.8362
32 63.659 2.3065
33 76.9377 2.0046
34 69.1858 3.5745
35 67.9799 2.3415
36 70.4182 1.8063
37 68.9006 2.2187
38 70.2372 2.7182
39 67.3197 2.2316
40 67.787 1.7975
41 66.8566 2.2392
42 84.8027 1.8614
43 72.9718 2.3168
44 76.3243 2.7258
45 71.3845 2.3827
46 60.2333 1.8771
47 79.8043 2.3887
48 65.7315 2.2843
49 68.3799 1.3141
50 78.3533 2.6088
51 74.0267 2.7466
52 74.9854 1.8284
53 68.8931 3.85
54 63.4462 3.5989
55 84.639 1.4451
56 63.6536 2.6017
57 71.6062 2.1441
58 69.0859 2.5966
59 75.1595 1.9811
60 76.4864 1.3242
61 62.2168 1.4454
62 75.5176 2.5846
63 66.1055 2.5276
64 67.6623 4.1782
65 78.2591 4.6094
66 78.5545 5.2924
67 91.8444 3.5366
68 74.2149 4.4518
69 77.1392 3.4709
70 72.6585 3.2067
71 72.3382 4.4435
72 78.8083 3.6503
73 61.219 3.267
74 56.9273 4.9237
75 31.5805 10.7923
76 64.956 2.2206
77 72.0249 2.3285
78 58.2197 2.3545
79 63.9291 2.3115
80 58.3488 2.3233
81 0 0
82 0 0
83 79.9745 2.4021
84 78.9119 2.5949
85 86.8408 2.6727
86 85.7169 2.4366
87 73.4105 2.4338
88 97.0043 2.9313
89 74.4255 2.8826
90 86.4192 2.3129
91 86.1739 2.0763
92 83.3722 3.0595
93 93.2446 2.5498
94 81.7745 2.1726
95 94.1256 2.4012
96 81.8319 3.4061
97 91.0597 2.4184
98 76.0176 1.9341
99 68.4881 2.4857
100 62.0766 3.1142
101 85.9323 3.2595
102 0 0
103 0 0
104 59.0908 1.4328
105 68.3873 2.0163
106 72.5096 1.7428
107 61.9893 1.8311
108 80.1371 1.3162
109 74.3598 2.0069
110 81.6745 1.6537
111 75.3182 1.7865
112 76.0465 1.4796
113 92.5556 2.5165
114 72.9413 1.4537
115 81.4075 1.4751
116 87.1639 2.7896
117 79.0363 3.2404
118 73.0644 2.2462
119 97.9502 1.7563
120 78.4441 2.1639
121 97.5666 2.8646
122 88.391 3.3206
123 0 0
124 0 0
125 87.0136 1.703
126 82.3508 1.6717
127 83.5786 2.0359
128 67.7161 2.0879
129 76.2324 1.7392
130 74.067 2.3474
131 75.8441 2.7685
132 75.577 3.3712
133 66.6706 3.9671
134 66.633 2.8498
135 72.0551 1.9182
136 73.1324 3.4066
137 67.2763 4.8334
138 73.2177 2.5336
139 73.8495 2.6833
140 73.9261 2.1332
141 70.8064 2.3168
142 65.5866 3.5782
143 67.8687 2.1028
144 63.5718 1.9437
145 68.2072 2.2079
146 72.2444 2.8994
147 68.7709 2.0307
148 74.1842 2.3849
149 71.4184 1.6551
150 79.0186 1.912
151 67.8419 2.2702
152 77.3298 2.2191
153 70.3004 2.1674
154 63.3677 2.0288
155 83.4728 1.8913
156 82.298 2.0695
157 72.8278 2.4845
158 78.9016 2.4701
159 89.1549 2.1113
160 86.9317 2.0221
161 87.8109 1.8686
162 58.5321 3.1742
163 72.3029 2.4482
164 59.7639 2.8722
165 57.5479 1.8265
166 67.4006 4.4521
167 69.4363 1.5974
168 56.8007 1.6085
169 72.6803 1.423
170 58.9682 2.2219
171 74.1624 1.3717
172 92.6132 2.7126
173 80.8173 1.9328
174 79.898 1.5605
175 78.6256 1.6747
176 85.9019 1.7002
177 75.9436 1.5141
178 87.014 1.3424
179 69.5683 2.4565
180 71.9186 1.6371
181 75.5463 1.7122
182 68.8997 0.5755
183 59.3513 1.3739
184 73.0975 2.3597
185 63.1283 1.5487
186 86.6672 3.1379
187 69.9177 1.7877
188 78.3763 7.0478
189 61.1275 3.2088
190 75.0279 2.8679
191 77.2869 3.6365
192 71.8737 3.5449
193 74.0015 3.7438
194 75.9244 2.7416
195 68.1255 2.6917
196 89.2489 3.2395
197 70.7157 3.7264
198 79.3517 3.015
199 63.3722 2.7511
200 62.5682 3.6703
201 72.5236 2.3822
202 79.8302 2.6572
203 63.7813 4.0237
204 63.6609 2.3407
205 76.9735 2.7413
206 74.6046 3.7401
207 0 0
208 0 0
209 64.0216 2.0175
210 63.5857 2.5241
211 76.8686 2.2291
212 69.7094 1.8859
213 64.8572 1.9795
214 81.3613 2.1587
215 68.8335 2.5297
216 73.3776 2.7941
217 69.5047 2.3311
218 74.6318 2.187
219 63.0114 1.9279
220 70.4533 2.3796
221 68.1054 2.0749
222 62.8505 2.9155
223 73.7087 2.8743
224 66.2396 2.9336
225 80.5789 2.6614
226 80.6605 2.2113
227 73.3214 2.5381
228 0 0
229 0 0
230 66.2092 1.9415
231 79.7846 1.6119
232 81.7537 1.3939
233 78.4489 2.7483
234 75.0454 3.4163
235 68.5554 2.0876
236 75.6641 1.9361
237 81.6659 1.816
238 76.6842 1.7211
239 74.5877 2.6697
240 62.8292 1.6335
241 75.0483 1.659
242 74.4995 2.4969
243 74.7617 2.4069
244 76.3962 1.8913
245 66.6174 1.5256
246 64.8526 1.751
247 69.7729 1.4157
248 70.607 1.5638
249 0 0
250 0 0
251 0 0
