0 78.7856 1.1741
1 73.1287 1.2398
2 70.842 1.2223
3 57.4992 1.3742
4 68.3898 2.1386
5 73.2452 1.527
6 70.9665 1.987
7 76.1063 2.3902
8 64.7684 1.2184
9 78.7604 1.6987
10 75.1376 2.2683
11 71.8417 1.2309
12 75.9523 1.2349
13 66.5231 1.0206
14 72.0386 1.738
15 67.6586 1.1915
16 74.8421 1.2321
17 73.6761 1.4924
18 74.4066 0.9624
19 73.1067 1.4059
20 76.8279 1.743
21 73.7569 1.4616
22 62.9395 1.4563
23 77.6705 1.3914
24 77.5725 1.7731
25 82.1168 1.9931
26 86.3269 1.952
27 75.9893 2.0534
28 60.9827 1.931
29 63.5471 1.8039
30 75.3352 1.0766
31 69.1176 1.0449
32 63.3798 1.2192
33 76.9025 1.4797
34 69.6059 1.3868
35 67.8383 1.064
36 70.2314 1.0438
37 68.9574 1.0241
38 70.5378 1.153
39 67.283 1.0482
40 67.6163 1.0116
41 66.8915 1.3526
42 85.0469 1.3212
43 73.2213 1.479
44 76.4081 2.008
45 71.4602 1.7825
46 60.5422 1.012
47 80.2061 0.8281
48 65.9503 1.1453
49 68.7726 0.513
50 78.3642 1.2681
51 74.1011 1.3196
52 75.1153 0.8647
53 69.3637 1.6745
54 63.2467 2.0941
55 81.6317 2.8867
56 63.7302 1.1718
57 71.9287 1.1053
58 69.1216 1.3456
59 75.3834 1.3665
60 76.4881 1.0525
61 62.2762 0.8019
62 75.164 1.8282
63 65.8606 1.589
64 67.3459 1.7668
65 78.4878 1.8891
66 78.8333 2.4311
67 91.9367 2.0678
68 74.4983 2.8337
69 77.3775 1.7909
70 72.6977 2.2539
71 72.3776 1.9238
72 78.717 2.471
73 61.1948 2.1304
74 57.8635 2.8309
75 27.3138 9.3095
76 65.2534 1.3991
77 71.9981 1.6234
78 58.3965 1.6775
79 63.7118 1.515
80 58.3553 2.0767
81 0 0
82 0 0
83 80.294 1.4279
84 78.9273 1.5591
85 87.3445 1.3808
86 86.112 1.57
87 73.3763 1.5935
88 96.6997 1.4491
89 73.992 2.3227
90 86.7195 1.6705
91 86.1245 1.7644
92 83.1808 1.5179
93 92.8519 1.3023
94 81.7675 1.1371
95 93.657 2.4668
96 81.7705 1.137
97 90.919 1.3805
98 75.9835 1.7212
99 68.7017 1.7545
100 61.9966 1.795
101 85.883 1.1645
102 0 0
103 0 0
104 58.8511 1.1896
105 68.3659 1.2431
106 72.5574 1.0216
107 61.9803 1.0656
108 79.9809 0.9774
109 74.0529 1.2436
110 81.7901 1.2153
111 75.3121 1.2817
112 76.3986 1.0539
113 92.7051 1.7913
114 73.0945 0.9677
115 81.5933 0.9382
116 87.3746 1.1781
117 79.2323 1.5441
118 72.9422 1.1444
119 97.7892 1.052
120 78.3417 1.1211
121 97.6698 1.402
122 88.5604 1.3324
123 0 0
124 0 0
125 86.9572 0.807
126 82.5568 1.1289
127 83.8472 1.3042
128 67.8222 1.1284
129 76.1869 0.8902
130 74.0829 1.1171
131 75.4378 1.0572
132 75.429 0.9951
133 66.4642 1.7755
134 66.5412 1.3525
135 72.0557 1.2973
136 73.0589 1.3204
137 67.2458 1.8693
138 72.7733 1.3176
139 73.842 1.4116
140 73.926 1.1399
141 70.4234 1.0387
142 65.5318 1.323
143 67.7459 1.4223
144 63.8611 1.24
145 68.0737 1.2828
146 72.5936 0.9994
147 69.1166 1.2371
148 74.3084 1.4604
149 71.3461 1.6961
150 78.8102 1.6381
151 67.6404 1.2917
152 77.3083 1.6555
153 70.181 2.0304
154 63.4678 1.1903
155 83.4164 1.4075
156 82.1517 1.077
157 72.5139 1.4182
158 78.5981 1.4899
159 88.9437 1.7581
160 86.8228 1.8102
161 87.1495 2.505
162 58.8578 0.9091
163 71.3773 0.9971
164 60.1673 1.2229
165 57.4581 1.3634
166 69.4229 1.3748
167 69.7301 0.9864
168 56.9561 1.0983
169 72.6822 1.0033
170 58.9401 1.136
171 74.2433 0.8879
172 92.7408 1.1143
173 81.0105 1.1548
174 80.0627 0.9377
175 78.7733 1.332
176 86.1321 0.9673
177 76.1375 0.9531
178 87.1701 0.9009
179 69.6526 2.2469
180 71.4769 0.9965
181 75.3384 1.5182
182 68.8448 0.54
183 58.9588 1.1703
184 73.0417 1.7474
185 62.8462 0.9763
186 85.7613 1.1338
187 70.4188 0.9502
188 61.8699 25.0578
189 61.2678 2.2365
190 75.0458 1.6349
191 77.4463 1.8459
192 71.629 1.585
193 74.393 2.5753
194 76.0583 1.7796
195 68.3541 2.3374
196 89.1779 1.7385
197 71.0842 2.2035
198 79.1026 1.4077
199 63.3699 1.8746
200 63.3437 1.939
201 72.8175 1.3975
202 80.0466 1.7305
203 63.7224 2.0064
204 63.8221 1.1309
205 77.219 1.7206
206 74.4809 1.1056
207 0 0
208 0 0
209 64.0559 1.2492
210 63.7273 1.3166
211 77.1401 1.6447
212 70.0771 1.2569
213 64.658 1.2769
214 81.3836 1.5527
215 68.6928 1.3657
216 73.447 1.6327
217 69.5545 1.0959
218 74.6181 1.216
219 63.3809 1.2214
220 70.6766 1.1395
221 68.2109 1.2633
222 62.8358 1.4209
223 73.356 1.1337
224 66.429 1.4675
225 80.2321 1.2526
226 80.3397 1.1263
227 73.1773 0.9554
228 0 0
229 0 0
230 66.0501 1.4515
231 79.9013 1.1653
232 81.7962 1.0355
233 78.565 1.95
234 74.934 1.6219
235 -577.429 160.35
236 75.9341 0.8671
237 82.1871 1.0661
238 76.8212 1.3618
239 74.8607 1.418
240 62.8769 1.0763
241 75.4139 1.1251
242 74.6548 1.1551
243 74.8607 1.4284
244 76.4389 1.3635
245 66.6386 0.9794
246 64.7584 1.1483
247 69.6616 1.1287
248 70.1358 0.9753
249 0 0
250 0 0
251 0 0
