0 78.7687 1.1268
1 73.1591 1.2843
2 70.8307 2.279
3 58.2536 1.5401
4 68.1627 1.5878
5 73.5186 1.7222
6 71.056 1.6021
7 75.8855 1.7627
8 64.9339 1.4371
9 78.9284 2.2883
10 75.0577 1.6225
11 72.2791 1.6766
12 76.0212 1.267
13 66.7782 1.1705
14 72.0909 1.7598
15 68.3401 1.7944
16 74.9256 1.1355
17 74.0469 1.3803
18 74.4087 0.9743
19 73.889 1.2573
20 76.9561 1.9953
21 73.8067 1.5519
22 63.1304 1.59
23 77.9304 1.7197
24 77.5345 2.1116
25 81.7355 1.8107
26 86.0463 1.9548
27 75.796 2.2324
28 59.657 4.781
29 63.5856 1.7613
30 75.3914 1.3216
31 69.3019 1.4973
32 63.4378 2.1765
33 76.8475 1.259
34 69.56 1.3315
35 68.0263 1.5817
36 70.1819 1.0821
37 68.9358 1.1499
38 70.1729 0.9891
39 67.2468 0.8685
40 67.5128 0.9913
41 67.1809 1.5817
42 85.0374 1.5234
43 73.1944 1.5533
44 76.5324 2.369
45 71.8941 1.8022
46 60.8202 1.2388
47 78.3746 4.7531
48 66.0738 1.2424
49 69.1532 0.5345
50 78.5551 1.4596
51 74.1786 1.6267
52 75.1669 1.1026
53 69.4688 1.6185
54 62.9693 3.1212
55 -587.051 147.273
56 64.0891 1.7768
57 71.7653 1.1346
58 69.0524 2.8151
59 75.1732 1.1833
60 76.5178 1.1821
61 62.4594 0.81
62 75.5278 1.7791
63 66.7532 2.0171
64 67.9046 2.0978
65 78.387 2.7392
66 79.2512 4.2327
67 91.9254 3.0177
68 73.9677 3.1728
69 77.5295 2.0574
70 72.8044 2.086
71 72.5983 2.4374
72 79.1703 2.1937
73 60.9634 1.7537
74 57.6522 3.2779
75 -35.308 18.7293
76 65.2318 1.5542
77 71.6817 1.7964
78 57.9982 1.4789
79 63.2898 1.7437
80 58.2241 1.8926
81 0 0
82 0 0
83 80.4272 1.8496
84 79.1301 1.8452
85 87.2008 1.2583
86 85.6969 1.7001
87 73.8973 1.5844
88 96.9663 1.6521
89 74.2684 2.0572
90 86.4893 1.3228
91 86.2133 2.1391
92 83.2644 1.6377
93 93.2587 1.7937
94 81.8392 1.7951
95 93.979 1.6799
96 81.851 1.3394
97 91.0478 1.3781
98 75.804 1.3275
99 68.67 1.9278
100 61.7212 1.8143
101 86.0179 1.9869
102 0 0
103 0 0
104 59.2199 1.231
105 68.6365 1.29
106 72.7691 1.112
107 62.0591 1.2826
108 79.9538 0.9166
109 74.1772 1.3934
110 81.716 1.0166
111 75.7232 1.5087
112 76.4418 1.1728
113 92.4096 1.6933
114 73.1059 1.0689
115 81.5381 1.0892
116 87.4914 1.2669
117 79.0599 1.8416
118 73.378 1.7804
119 97.9664 1.3749
120 78.4213 1.4086
121 97.3585 2.0194
122 88.2721 2.0534
123 0 0
124 0 0
125 87.039 1.1561
126 82.3473 1.047
127 83.8667 1.616
128 67.8343 2.0507
129 76.4289 0.9317
130 74.0008 1.2402
131 75.6315 1.3922
132 75.1945 1.2932
133 66.143 2.3374
134 66.9304 2.0749
135 72.4823 1.4899
136 73.4119 1.9626
137 66.8512 1.963
138 72.7119 1.6787
139 73.2312 1.5488
140 73.8142 1.0433
141 70.657 1.1832
142 65.0535 1.4717
143 68.075 1.4917
144 64.1061 1.65
145 68.1179 1.2632
146 72.5779 0.9795
147 68.8737 1.15
148 74.4357 1.492
149 71.637 1.0158
150 79.4739 1.5586
151 67.6402 1.3174
152 77.4431 1.3938
153 70.2666 1.7912
154 63.1359 1.234
155 83.4947 1.0935
156 81.9661 1.1214
157 72.5957 1.7792
158 78.678 1.8657
159 88.6487 1.3785
160 86.7416 1.0633
161 87.5557 1.2303
162 58.9295 1.0753
163 71.6957 1.6473
164 60.5144 1.4111
165 58.0628 1.38
166 69.2887 0.9469
167 69.7191 1.1219
168 57.0446 1.1838
169 72.8292 1.0611
170 59.0433 1.3017
171 74.4038 0.9382
172 92.9634 1.1834
173 80.9778 1.1673
174 80.1184 1.0384
175 78.9001 1.2853
176 86.2804 0.861
177 76.2671 1.1115
178 87.284 0.9065
179 68.7928 2.0586
180 71.9754 1.134
181 75.3689 1.2899
182 69.2349 0.5824
183 59.3599 1.4994
184 73.0014 1.352
185 63.1806 1.437
186 83.4627 3.2063
187 70.441 1.0752
188 -527.286 145.529
189 61.3509 2.4361
190 75.1497 1.781
191 77.7128 2.2669
192 71.851 1.9907
193 74.2732 2.5682
194 76.4557 1.5913
195 68.9382 1.7103
196 89.1243 2.0119
197 71.4161 1.7742
198 79.1957 1.6195
199 63.1504 1.9489
200 63.1356 1.92
201 72.895 1.286
202 79.7515 2.0856
203 63.8846 2.6994
204 63.8253 1.6265
205 76.9891 1.4993
206 74.4429 2.4662
207 0 0
208 0 0
209 63.8411 1.6826
210 63.5648 1.4845
211 77.2291 1.458
212 70.0973 1.4874
213 64.6802 1.5116
214 81.1826 1.3332
215 68.9922 1.8034
216 73.5484 1.7206
217 69.7114 1.268
218 74.7986 1.4609
219 63.5258 1.473
220 70.589 0.9985
221 68.1255 1.1995
222 63.1786 1.9883
223 73.7335 1.4697
224 66.2816 2.1526
225 80.4276 1.4673
226 80.5053 1.4241
227 73.2871 1.3333
228 0 0
229 0 0
230 66.3023 1.7408
231 80.1184 1.5186
232 81.8997 1.256
233 78.6342 2.2925
234 74.1373 4.7032
235 -580.56 155.557
236 76.0711 1.0103
237 82.0325 1.0926
238 76.9853 1.4473
239 75.0565 1.6988
240 63.3135 1.2725
241 75.0973 1.1827
242 74.8468 1.2621
243 74.8171 1.5288
244 76.4439 1.3009
245 66.6773 1.0038
246 64.7986 1.1449
247 69.7723 1.5073
248 70.3416 1.1252
249 0 0
250 0 0
251 0 0
