0 78.6862 1.528
1 72.946 1.3801
2 70.724 1.6127
3 57.4179 1.6777
4 68.0721 2.0982
5 73.2622 1.5378
6 70.819 1.9505
7 75.5525 1.8903
8 64.885 1.8963
9 78.7117 1.5461
10 75.0729 1.6534
11 71.8296 1.2889
12 76.0744 1.72
13 66.6294 1.188
14 71.948 2.1789
15 67.6224 1.2284
16 74.4875 1.1937
17 73.6131 1.3281
18 73.9392 1.2069
19 73.0737 1.368
20 76.9354 2.124
21 73.6767 1.5447
22 62.59 1.4852
23 77.2979 1.9579
24 77.3582 2.0072
25 81.6367 2.7772
26 86.4512 2.2229
27 75.3241 2.1469
28 60.6551 2.5268
29 63.2313 2.2412
30 75.1421 1.8076
31 68.974 1.46
32 63.1216 1.8859
33 76.3385 2.3187
34 69.3316 0.97
35 67.9638 2.1627
36 70.2213 1.0972
37 68.813 1.2122
38 70.1111 1.1156
39 67.1443 0.883
40 67.4086 1.0169
41 67.0194 1.5999
42 84.6083 1.5225
43 73.0321 1.7748
44 75.8523 2.0627
45 71.0814 1.6303
46 59.9733 1.405
47 79.5736 1.577
48 65.5848 1.2445
49 68.4605 0.5037
50 77.7463 2.2005
51 73.6106 1.9617
52 74.639 1.3034
53 68.5584 2.1654
54 63.4643 2.722
55 84.6288 0.6965
56 63.8199 1.3794
57 71.4951 1.2432
58 68.9334 2.0103
59 75.0333 2.4283
60 76.1594 0.8787
61 62.1327 0.9077
62 75.048 2.2526
63 65.5978 1.6969
64 67.2892 2.6476
65 78.3037 2.1962
66 77.9699 4.5012
67 91.7619 2.6758
68 73.585 2.9312
69 77.4081 1.7879
70 72.634 2.1576
71 72.4441 2.9629
72 78.433 1.8361
73 61.031 1.9997
74 56.7723 1.9679
75 26.7624 9.6432
76 64.9676 1.3209
77 71.3605 1.5729
78 58.0177 1.4386
79 63.6914 1.6876
80 58.4795 1.8614
81 0 0
82 0 0
83 80.2561 1.5769
84 78.6971 1.6638
85 86.9595 1.1855
86 85.0825 2.0925
87 73.5966 1.6719
88 96.7851 1.6767
89 74.1128 1.6829
90 85.8322 1.3609
91 85.9891 1.3605
92 83.4963 1.7872
93 93.0278 1.9651
94 81.5643 1.0526
95 93.4137 1.5464
96 81.8477 1.539
97 90.8376 1.2605
98 75.5039 1.0933
99 68.7106 2.008
100 61.808 2.0036
101 85.5814 1.3552
102 0 0
103 0 0
104 59.0709 1.0773
105 68.4225 2.0173
106 72.3997 0.9529
107 61.607 1.0322
108 79.969 0.8946
109 73.9917 1.5096
110 81.6985 1.0524
111 75.2065 1.4848
112 75.977 1.3015
113 92.2716 2.3321
114 72.7251 1.046
115 81.2563 1.1229
116 86.7003 2.6781
117 78.802 2.231
118 72.9675 1.5075
119 97.7273 1.297
120 78.0282 1.2746
121 97.3453 1.3339
122 88.2568 1.8131
123 0 0
124 0 0
125 87.0123 1.2703
126 82.4234 1.1287
127 83.5162 1.233
128 67.6334 1.1757
129 76.0324 1.2618
130 74.0749 1.2483
131 75.292 1.36
132 75.8568 2.0785
133 66.1754 1.8923
134 66.121 1.4519
135 72.0956 1.2773
136 73.3071 2.1718
137 67.1619 2.2408
138 72.8568 1.5178
139 72.7927 3.6532
140 73.7721 1.4499
141 70.6689 1.2222
142 65.3874 3.3277
143 67.6651 1.8069
144 63.4436 1.1773
145 68.0103 1.7889
146 71.907 2.6214
147 68.7405 1.1172
148 73.8793 2.1147
149 71.4379 1.3313
150 78.7143 1.3652
151 67.6106 1.5967
152 76.9725 2.0162
153 70.0139 1.4202
154 63.4189 1.4242
155 83.2522 1.0167
156 82.2999 1.3234
157 72.4533 2.299
158 78.6131 1.6368
159 88.2936 1.0178
160 86.4452 2.6413
161 87.6585 1.3573
162 58.7261 1.5722
163 71.8036 2.7542
164 60.0452 2.5655
165 57.1616 1.2575
166 69.0291 1.2187
167 69.3618 1.0666
168 56.6166 1.043
169 72.6045 1.3243
170 58.8112 1.2299
171 74.1721 1.0303
172 92.4751 1.4253
173 80.7745 1.1079
174 79.8694 1.1348
175 78.6975 1.2713
176 85.8291 1.0859
177 75.9337 1.2591
178 86.8091 0.9009
179 69.5673 1.6183
180 71.6157 1.0629
181 75.1968 1.3873
182 68.9454 0.5603
183 59.0097 1.4549
184 72.8424 1.5825
185 62.9741 1.2751
186 85.9637 1.3516
187 69.9839 1.3529
188 77.6202 7.4142
189 61.1259 2.1988
190 74.6999 1.5204
191 77.2189 2.3325
192 71.1532 2.0737
193 73.5775 3.0983
194 75.3034 1.5282
195 67.9815 1.7979
196 88.7056 1.9495
197 70.6137 2.5287
198 78.9178 1.8877
199 62.9126 1.84
200 63.065 2.1602
201 72.5438 1.4385
202 79.9902 2.3115
203 63.1276 2.5617
204 63.2872 1.5414
205 76.7759 1.5305
206 74.5443 1.9701
207 0 0
208 0 0
209 63.8227 1.8161
210 63.4962 2.4268
211 76.6736 1.3227
212 69.739 1.1171
213 64.3129 1.3335
214 80.9487 1.4841
215 68.4294 1.5675
216 73.1562 1.5239
217 69.4286 1.4095
218 74.536 1.5433
219 63.1061 1.2467
220 70.2796 1.4046
221 68.0189 2.0966
222 63.1135 1.5875
223 73.5556 1.6741
224 66.1095 1.8162
225 80.1932 2.3658
226 80.4957 1.7185
227 73.1234 1.7048
228 0 0
229 0 0
230 65.8414 1.689
231 79.5944 1.0884
232 81.6361 1.144
233 78.1001 2.3571
234 74.8965 3.0846
235 68.337 1.2956
236 75.5392 1.059
237 81.4299 1.2427
238 76.452 1.2977
239 74.4396 1.7393
240 62.7927 1.3246
241 74.6903 1.0549
242 74.4108 1.2381
243 74.3116 1.5816
244 76.247 1.4649
245 66.6276 1.1876
246 64.5031 1.2246
247 69.5378 1.1384
248 70.2285 1.1413
249 0 0
250 0 0
251 0 0
