0 78.6545 2.4909
1 73.1151 2.9759
2 70.652 3.5575
3 57.2466 2.644
4 68.2097 3.7439
5 73.2413 3.2789
6 71.0552 3.4753
7 75.7859 3.5269
8 64.9038 3.4947
9 78.6621 2.7369
10 74.6869 3.0532
11 71.5446 2.8528
12 75.5049 3.7092
13 66.6956 2.4181
14 71.8438 3.2096
15 67.3147 2.4248
16 74.178 3.0631
17 73.4656 2.8265
18 73.7008 2.3722
19 72.7227 2.2
20 76.9217 2.7026
21 73.114 3.1478
22 62.4652 2.4534
23 77.0471 2.6778
24 76.9734 2.9834
25 81.7047 3.5139
26 86.5409 4.1101
27 75.5844 3.1804
28 60.8893 3.6869
29 63.1052 3.4136
30 75.3053 3.3233
31 68.922 1.9259
32 63.5327 3.0018
33 76.6798 2.1823
34 69.1587 3.5388
35 67.9205 2.2553
36 70.378 2.138
37 68.9757 2.1003
38 70.5062 2.2882
39 67.2151 2.4231
40 67.5567 2.2038
41 66.795 2.4631
42 84.7187 2.0427
43 72.6545 2.6549
44 75.9783 3.2539
45 71.0231 2.5778
46 60.0088 2.1809
47 79.7348 2.8444
48 64.9081 2.0999
49 68.2785 1.374
50 77.1629 2.2835
51 73.7727 3.2269
52 74.9368 2.0529
53 67.7267 3.5398
54 61.7437 3.1815
55 84.3044 1.3714
56 62.8281 2.6223
57 69.7809 1.5802
58 68.6552 3.3688
59 75.1078 2.456
60 76.3838 1.8342
61 62.0375 1.2746
62 75.3765 2.9364
63 65.5917 3.4047
64 67.3121 4.4964
65 76.5814 4.0552
66 76.8072 5.109
67 91.1122 4.4113
68 73.2719 5.1663
69 77.1713 3.4022
70 72.3114 3.5443
71 72.2339 4.9346
72 78.1478 4.1719
73 60.7141 3.7307
74 55.4101 4.6328
75 49.5339 4.9615
76 64.712 2.4294
77 71.7268 2.7423
78 57.9579 3.0646
79 63.8448 3.0458
80 58.4843 2.699
81 0 0
82 0 0
83 79.8422 2.7843
84 78.0046 2.6904
85 86.7648 2.7139
86 84.4171 2.2207
87 73.2579 2.3895
88 96.5365 2.8912
89 74.0056 3.9644
90 86.3663 2.5975
91 85.9793 2.4217
92 82.772 2.9898
93 92.898 2.9105
94 81.6252 2.3784
95 93.7188 2.7734
96 80.9494 2.6187
97 90.8655 2.9728
98 75.8268 2.4753
99 68.3917 3.1877
100 62.076 3.2435
101 85.3342 3.5617
102 0 0
103 0 0
104 59.0125 1.5925
105 68.0684 2.3444
106 72.2954 1.8669
107 61.2281 1.8829
108 79.8381 1.423
109 73.9766 2.3786
110 81.583 2.0328
111 75.0678 1.9925
112 75.9447 1.842
113 91.6043 2.6327
114 72.7915 1.7439
115 81.1746 1.6328
116 86.905 2.8682
117 79.2239 3.5898
118 72.8336 2.4319
119 97.7604 1.7713
120 78.1612 2.0574
121 95.7582 2.0766
122 87.9653 3.5242
123 0 0
124 0 0
125 86.2201 1.5933
126 82.1485 2.0863
127 83.4857 2.1894
128 67.5421 2.1112
129 76.1439 2.0512
130 73.7706 2.9262
131 75.6148 3.0574
132 75.3651 4.3486
133 65.9424 4.8106
134 66.416 3.4972
135 72.1226 2.5692
136 73.4704 3.5527
137 65.8363 4.0024
138 72.2581 2.4161
139 73.8304 2.7366
140 73.7946 2.1832
141 70.7239 2.6827
142 65.7135 2.7469
143 67.7723 1.8289
144 62.8573 1.9979
145 68.0028 2.9135
146 72.131 3.1682
147 68.8814 2.3803
148 73.9011 2.4376
149 71.5343 2.1188
150 78.7467 2.1991
151 67.7054 2.4676
152 77.0865 2.3725
153 70.1956 2.7349
154 63.1692 2.3289
155 83.3404 1.9825
156 82.1355 2.3794
157 72.5219 2.812
158 78.3464 2.582
159 88.3847 2.177
160 86.7045 2.7922
161 87.6699 2.194
162 58.9523 2.2916
163 72.2221 2.734
164 59.9201 3.1722
165 57.6776 1.775
166 67.7027 3.0964
167 69.4627 1.8825
168 56.7458 1.6937
169 72.647 1.7775
170 58.7703 2.6384
171 74.0377 1.6552
172 91.7829 2.5125
173 80.7578 1.8902
174 79.7282 1.5988
175 77.7237 1.5223
176 85.8746 1.5811
177 75.8822 1.7593
178 86.8897 1.4773
179 69.3933 2.8683
180 71.4884 1.655
181 74.714 1.8681
182 68.8852 0.5923
183 58.9511 1.7534
184 72.7548 2.7842
185 62.9624 1.5602
186 86.4563 3.974
187 69.8219 2.2246
188 76.3396 6.0691
189 61.2626 3.1979
190 74.9602 2.8107
191 76.8341 3.661
192 69.5659 3.6255
193 73.4237 4.0847
194 75.3648 2.9038
195 67.954 3.3754
196 88.7731 3.8441
197 70.5499 4.3615
198 78.8803 3.0086
199 63.303 3.1461
200 62.1001 3.7349
201 72.3715 2.5163
202 78.8983 2.7826
203 61.2292 2.8669
204 63.5106 2.326
205 76.8891 3.0127
206 74.9283 3.8367
207 0 0
208 0 0
209 62.8012 2.0542
210 64.0985 2.7346
211 73.9441 1.3595
212 69.6558 2.0984
213 64.2051 2.307
214 78.2001 1.2554
215 69.3392 3.3771
216 73.2507 3.3782
217 69.2622 2.0016
218 75.0319 2.3121
219 63.1201 2.9094
220 70.5122 2.3088
221 67.9572 2.4705
222 62.4665 4.1955
223 73.6983 2.452
224 66.4204 3.0492
225 80.1163 2.3324
226 79.157 2.3027
227 72.3178 1.8994
228 0 0
229 0 0
230 65.7533 2.0204
231 79.6244 1.9317
232 81.4714 1.68
233 77.6841 2.3413
234 73.3326 2.869
235 68.1495 1.9327
236 75.5507 2.0518
237 81.4001 1.8897
238 76.5864 2.1253
239 74.7289 2.7211
240 62.6389 1.859
241 74.538 1.488
242 74.3586 2.566
243 74.588 2.3828
244 76.1693 2.0025
245 66.6855 1.682
246 64.6343 1.7891
247 69.6431 1.9088
248 70.0673 1.8641
249 0 0
250 0 0
251 0 0
