0 78.6422 2.5061
1 72.6756 3.3515
2 70.5915 3.3186
3 57.0534 2.8444
4 67.8064 4.6932
5 73.0844 4.2149
6 70.9163 3.789
7 75.298 4.2476
8 64.1574 2.8082
9 78.1047 2.7985
10 74.6682 2.9287
11 71.3605 2.6782
12 75.6184 3.2816
13 66.4679 2.2628
14 71.7884 2.4956
15 67.5172 2.819
16 74.1028 3.4769
17 73.445 2.3245
18 73.5215 1.9578
19 73.0724 2.2214
20 76.7586 2.9854
21 73.2097 3.14
22 62.3773 2.487
23 77.1316 2.673
24 77.142 3.5433
25 81.5123 3.2797
26 84.75 7.6011
27 75.5056 3.2612
28 60.0635 6.5795
29 63.2719 3.3975
30 75.2481 2.936
31 68.7467 2.0609
32 63.2086 3.3527
33 76.7981 2.6447
34 68.623 4.2481
35 68.1412 2.0186
36 69.8482 2.0427
37 68.6869 2.3973
38 69.9431 1.9062
39 66.8642 2.1696
40 67.3003 2.1848
41 66.9454 2.2527
42 84.7864 2.309
43 72.8169 2.824
44 75.6254 2.3077
45 71.1619 2.6905
46 60.1057 1.7717
47 77.1644 6.219
48 65.4501 2.429
49 68.3482 1.6148
50 78.0475 2.4895
51 73.7819 2.6323
52 74.6144 2.7502
53 69.121 3.0263
54 62.4913 3.8374
55 -711.857 236.161
56 62.9928 5.2197
57 71.5344 2.3857
58 68.9596 2.7817
59 74.0524 2.8253
60 76.2655 1.6674
61 61.9396 1.1177
62 75.3103 2.7693
63 65.9788 3.0288
64 67.7003 4.285
65 77.5224 6.4361
66 77.7396 7.7727
67 91.0298 4.3782
68 73.4108 5.5205
69 77.0347 3.8083
70 72.1716 4.894
71 71.8355 4.8385
72 77.9744 3.5494
73 60.3473 4.1204
74 51.9801 9.5093
75 -13.6291 21.5482
76 64.7585 2.8528
77 71.6488 3.1408
78 58.0128 2.7636
79 63.7095 4.0701
80 58.4559 3.8733
81 0 0
82 0 0
83 80.4127 2.609
84 79.1836 3.1991
85 87.2371 3.1079
86 85.6385 2.741
87 73.3818 2.9274
88 96.6554 3.198
89 74.0532 4.2428
90 86.5205 2.7217
91 85.6058 2.6686
92 82.5693 3.5163
93 92.8843 3.445
94 81.1383 2.7192
95 93.4305 3.4654
96 81.4756 3.3018
97 90.4507 2.2869
98 75.3388 2.4613
99 68.6033 3.2067
100 61.5789 3.8642
101 85.6258 3.5993
102 0 0
103 0 0
104 58.6777 2.0578
105 67.9862 2.1219
106 71.9989 1.8308
107 61.4894 2.2215
108 79.7744 1.4444
109 73.855 2.4604
110 81.3226 2.0933
111 75.1708 2.2823
112 76.0344 2.0582
113 92.2883 3.342
114 72.8204 1.7949
115 81.2203 1.9258
116 87.1265 2.193
117 79.1081 3.203
118 72.8769 2.8465
119 97.5868 1.7339
120 78.0325 2.0255
121 96.8014 3.1119
122 88.1053 1.9429
123 0 0
124 0 0
125 86.8756 2.1877
126 82.1426 2.8606
127 83.5001 2.9313
128 67.3611 2.8413
129 75.9664 1.9949
130 73.9159 3.1374
131 75.2111 3.9099
132 75.1198 3.464
133 65.7433 4.8668
134 66.1768 4.16
135 72.0705 2.6581
136 73.1419 4.5979
137 64.8177 5.5537
138 72.7309 3.3931
139 73.3689 4.274
140 73.5829 2.3209
141 71.0652 2.5424
142 65.3702 4.2339
143 67.6637 2.4819
144 64.0188 1.9393
145 68.0964 2.5481
146 72.2314 1.9876
147 68.4492 2.0992
148 73.9385 2.2325
149 71.2377 2.7339
150 78.6107 2.1517
151 67.3655 2.8919
152 76.8282 2.9533
153 70.1052 3.3914
154 63.1128 2.4245
155 83.1714 2.5015
156 81.9159 2.3502
157 72.4216 2.474
158 78.2555 2.836
159 88.8329 2.5064
160 86.4897 2.9987
161 87.2209 3.2204
162 58.7687 2.8868
163 71.6954 2.8982
164 59.5536 2.7846
165 57.4931 2.1039
166 65.0879 5.6534
167 69.2855 2.0383
168 56.5595 1.9771
169 72.5303 1.9079
170 58.4776 2.9423
171 74.0898 1.6891
172 92.2141 2.4935
173 80.5645 2.2505
174 79.6703 1.9978
175 78.2817 2.1485
176 85.8494 1.7925
177 75.9314 1.9196
178 86.6233 1.5873
179 69.1138 2.4058
180 71.409 2.0291
181 75.3062 2.2016
182 68.8517 0.5379
183 58.7186 1.9787
184 72.7196 2.2117
185 62.72 2.1572
186 82.8423 4.7127
187 69.7471 2.0961
188 -362.568 126.506
189 60.9676 3.4274
190 74.7769 3.3102
191 76.8704 3.9024
192 71.2512 4.9433
193 73.3191 5.0824
194 75.3456 3.2431
195 67.8264 3.3934
196 88.9812 4.2445
197 70.3885 4.3813
198 78.7563 3.8623
199 62.9166 3.9634
200 61.8663 6.1793
201 71.9257 2.4874
202 79.448 3.3833
203 63.172 4.1343
204 63.2011 3.1234
205 75.8934 3.0951
206 74.2174 3.3119
207 0 0
208 0 0
209 63.7298 3.2257
210 63.2293 3.1369
211 76.8281 3.041
212 69.5955 2.4855
213 64.5324 2.4591
214 81.0565 2.4669
215 68.3986 3.289
216 72.7695 2.9884
217 69.3006 2.2151
218 74.6525 2.6864
219 62.9037 2.6903
220 70.1007 2.4119
221 68.2756 2.5578
222 62.6113 4.1273
223 73.5104 2.6734
224 65.6316 2.3328
225 80.0532 2.723
226 80.4251 2.7061
227 72.9914 1.9107
228 0 0
229 0 0
230 65.6268 2.5468
231 79.4751 2.1455
232 81.2168 1.8509
233 77.9611 3.6667
234 73.9 6.5729
235 -540.543 148.723
236 75.5195 1.7857
237 81.383 1.9138
238 76.5079 2.1454
239 74.5247 2.3774
240 62.6173 1.9756
241 75.0252 2.044
242 74.2969 3.1357
243 74.3227 2.5668
244 76.1852 2.2561
245 66.5428 1.8242
246 64.6287 1.9809
247 69.5108 2.1674
248 69.9223 1.4467
249 0 0
250 0 0
251 0 0
