0 78.6823 2.2439
1 73.211 3.0872
2 70.8853 3.2595
3 57.535 2.452
4 68.1359 3.5343
5 73.0888 4.0894
6 71.3306 3.7259
7 75.8224 4.2374
8 64.916 3.4486
9 78.9935 3.3464
10 75.1247 3.1344
11 71.7195 2.9922
12 75.7322 3.8015
13 66.9833 2.791
14 72.2892 2.828
15 67.9647 2.9465
16 74.8878 2.9656
17 73.9716 2.6953
18 74.2657 2.0334
19 73.3536 2.8903
20 77.0992 2.6494
21 73.1829 3.1147
22 62.8415 2.6032
23 77.1329 2.6948
24 77.1754 3.5377
25 81.8661 3.5985
26 86.837 4.095
27 75.7238 3.9501
28 60.9632 4.1162
29 63.3004 2.7826
30 75.3565 3.4125
31 69.0896 2.0767
32 63.2694 3.6961
33 76.9154 2.7524
34 69.6346 4.1334
35 67.9424 2.2916
36 70.5591 2.1912
37 68.8315 2.1635
38 70.5098 2.2955
39 67.3062 2.3428
40 67.6209 1.9534
41 67.3432 2.2917
42 84.8382 2.0776
43 73.3991 2.6605
44 76.0346 3.045
45 71.2066 2.724
46 60.2394 2.2166
47 79.8189 2.8599
48 64.8694 2.2566
49 68.512 1.8648
50 77.1813 2.5275
51 73.8643 3.454
52 75.0356 2.3583
53 67.863 3.9154
54 61.6736 3.5835
55 84.092 1.6616
56 62.6066 2.8458
57 69.524 1.6306
58 68.8704 3.1245
59 75.2114 3.2089
60 76.3154 1.7523
61 61.9117 1.6078
62 75.6157 2.8849
63 66.4628 3.461
64 67.813 4.7127
65 76.9971 4.0291
66 77.8389 5.305
67 91.7105 4.4379
68 73.8987 4.8799
69 77.1879 3.7896
70 72.9911 3.9683
71 72.2228 4.5512
72 78.9513 4.0462
73 61.0937 3.7577
74 55.955 4.5739
75 49.2616 5.3248
76 64.8939 2.7201
77 72.0869 3.4055
78 58.3664 2.5731
79 64.3976 3.4767
80 58.8426 2.9684
81 0 0
82 0 0
83 80.557 3.0831
84 78.2963 2.7528
85 87.2607 2.6688
86 84.5828 2.4453
87 73.5917 2.7963
88 96.6944 3.1179
89 74.5019 3.2655
90 86.7628 2.7355
91 86.1823 2.8897
92 82.8138 3.037
93 92.8827 3.1446
94 81.8842 2.8841
95 93.9554 2.9842
96 81.0959 2.6748
97 91.1854 2.7435
98 75.9291 2.5994
99 68.8956 3.3528
100 61.9558 3.5218
101 85.6528 2.9266
102 0 0
103 0 0
104 59.2162 1.6226
105 68.1558 2.2922
106 72.5332 2.0819
107 61.3398 2.0167
108 80.0464 1.4528
109 74.1622 2.5979
110 81.6965 2.0746
111 75.1057 2.0585
112 76.1867 1.8176
113 91.7879 2.5203
114 72.8425 1.8075
115 81.253 1.8155
116 86.8959 2.7652
117 79.0264 3.7172
118 73.0155 2.6759
119 98.0005 1.9685
120 78.3056 2.4407
121 95.8917 2.0772
122 88.1546 2.7615
123 0 0
124 0 0
125 86.2538 1.5824
126 82.2284 2.4601
127 83.406 2.5172
128 67.6825 2.4777
129 76.1409 2.255
130 73.9378 2.8246
131 75.6784 2.953
132 75.1748 3.9329
133 65.835 4.77
134 66.4531 3.0985
135 72.2796 2.9121
136 73.2383 3.5983
137 65.9538 4.4039
138 72.3134 2.5843
139 74.0419 4.0077
140 73.9499 2.2896
141 70.7449 3.0054
142 65.805 2.6909
143 67.7913 2.331
144 62.5725 1.8994
145 68.1272 2.3494
146 72.3188 3.4231
147 68.8658 2.3596
148 74.0281 2.2878
149 71.4481 2.3551
150 79.0747 2.5129
151 67.8954 2.9466
152 77.3745 3.141
153 70.1169 3.2095
154 63.0038 2.5838
155 83.5545 2.3098
156 82.018 2.5276
157 72.658 3.0692
158 78.4679 3.2696
159 87.776 2.8175
160 86.8499 3.041
161 87.8563 2.9411
162 58.7711 3.5419
163 72.1121 3.2799
164 60.1417 3.2712
165 57.7724 1.9456
166 67.4967 4.1162
167 69.5986 1.8683
168 57.0239 1.8398
169 72.7428 1.7424
170 59.0399 3.0029
171 74.0627 1.6848
172 91.8923 2.7027
173 80.8123 2.021
174 79.7756 1.6443
175 77.6757 1.5157
176 85.9452 1.7683
177 75.99 1.8849
178 87.0328 1.5808
179 69.2793 3.1186
180 71.6617 1.9076
181 74.8572 1.873
182 69.2282 0.6459
183 59.0749 1.8896
184 72.883 2.8068
185 63.0284 1.5842
186 86.5503 3.6897
187 69.5985 2.2761
188 77.5916 5.767
189 61.4484 3.6552
190 75.0924 3.2682
191 76.7791 3.6194
192 70.008 3.4404
193 73.7407 4.3728
194 75.6624 3.1065
195 68.3879 3.464
196 89.2662 3.6362
197 70.7384 3.7532
198 79.4782 3.39
199 63.008 3.3205
200 61.8006 3.8303
201 72.5734 2.9461
202 79.2005 2.9994
203 61.1412 2.6632
204 63.387 2.6025
205 76.8784 3.5287
206 74.6939 3.0476
207 0 0
208 0 0
209 62.8559 2.3378
210 63.9467 2.9749
211 73.5873 1.4422
212 69.437 2.4336
213 64.607 2.3905
214 78.199 1.3733
215 69.7479 3.4114
216 73.5697 3.4088
217 69.4551 2.3502
218 74.8946 2.3731
219 63.4109 2.778
220 70.4606 2.7001
221 67.879 2.6794
222 62.6659 3.8842
223 73.5874 3.0909
224 66.5765 2.6025
225 80.0457 3.192
226 79.1622 1.9679
227 72.2906 2.0229
228 0 0
229 0 0
230 65.8578 2.0757
231 79.796 1.9837
232 81.8356 1.8235
233 77.966 2.374
234 73.4895 2.8737
235 68.5454 2.5606
236 75.8266 1.9811
237 81.3941 2.1
238 76.5872 2.1198
239 74.691 2.5436
240 62.8925 1.887
241 74.356 1.5808
242 74.3559 3.1041
243 74.5716 2.4124
244 76.298 2.5524
245 66.8077 1.9274
246 64.8262 2.0032
247 69.6702 1.744
248 70.2869 1.7585
249 0 0
250 0 0
251 0 0
