0 78.5143 2.8412
1 73.3713 3.3071
2 71.0274 3.445
3 57.774 3.2054
4 68.1941 3.5665
5 73.4563 4.5149
6 71.2544 4.0063
7 75.9974 3.7726
8 65.1117 3.1748
9 78.9467 3.6341
10 75.3303 2.8345
11 71.8889 3.402
12 75.7884 4.2175
13 67.1658 2.5301
14 72.3316 2.7476
15 68.0143 2.8237
16 74.6947 3.785
17 74.0344 2.9186
18 74.0863 2.7216
19 73.659 3.252
20 77.1483 2.8754
21 73.5979 3.3188
22 62.9061 2.7887
23 77.6101 2.7717
24 77.39 3.1789
25 82.0184 3.4915
26 86.8192 4.2936
27 76.0314 3.7616
28 61.0002 3.7724
29 63.4808 2.8611
30 75.469 2.8909
31 69.2807 2.3752
32 63.6783 2.5971
33 77.3187 2.5928
34 69.3686 4.3607
35 68.1477 2.8141
36 70.738 2.2301
37 68.7567 2.1507
38 70.7003 2.7854
39 67.2751 2.137
40 68.015 1.9108
41 66.9196 2.4946
42 84.893 2.2836
43 72.8816 2.7126
44 76.5834 3.239
45 71.3002 2.6486
46 60.3203 2.1396
47 79.9668 2.9984
48 65.006 2.2091
49 68.6144 1.7972
50 77.2657 2.6615
51 73.8654 3.4341
52 75.1386 2.2165
53 67.9462 3.7335
54 61.7864 3.6791
55 84.4492 1.6526
56 62.9619 2.9738
57 69.4827 1.6243
58 68.9625 3.0467
59 75.2962 3.0955
60 76.4693 1.9666
61 62.0416 1.4625
62 75.672 3.1889
63 66.5514 3.3951
64 67.4651 4.9123
65 76.8705 4.3623
66 77.214 5.5774
67 91.4023 4.7111
68 73.7423 4.9928
69 77.8058 3.7141
70 72.7841 4.0129
71 72.4925 4.7889
72 78.8356 4.718
73 60.9154 4.0409
74 55.9519 4.5073
75 49.1883 5.4408
76 65.106 2.9105
77 71.7867 2.9853
78 58.528 2.787
79 64.1718 3.1859
80 58.9106 3.1307
81 0 0
82 0 0
83 80.5967 3.3605
84 78.5259 2.8086
85 87.3767 2.9254
86 84.8438 2.2952
87 73.6667 3.0476
88 96.8773 2.9591
89 74.59 3.5065
90 86.94 2.6946
91 86.2223 2.8537
92 83.1205 3.3443
93 93.1576 3.0518
94 81.846 2.8151
95 94.3013 2.9688
96 81.0712 2.8639
97 91.0051 2.3218
98 76.3894 2.9584
99 69.1186 3.1926
100 62.3761 3.9666
101 85.9743 3.2801
102 0 0
103 0 0
104 59.2376 1.7937
105 68.1715 2.4737
106 72.6355 2.0369
107 61.35 2.0008
108 80.1308 1.6124
109 74.2319 2.7602
110 81.8329 2.2854
111 75.2415 2.0923
112 76.154 2.002
113 91.9004 2.5852
114 72.8896 1.7255
115 81.5186 1.8561
116 87.1693 2.8248
117 79.1215 4.2571
118 73.1391 2.6485
119 98.0471 1.8901
120 78.5979 2.6525
121 96.2367 2.0727
122 88.4776 3.3465
123 0 0
124 0 0
125 86.4195 1.856
126 82.4516 2.4819
127 83.451 2.4175
128 67.8627 2.3179
129 76.4344 2.2854
130 74.1207 3.0072
131 75.7757 3.7247
132 75.7899 4.8574
133 65.7631 5.0697
134 66.5962 3.4554
135 72.3267 3.0422
136 73.652 3.9001
137 65.8255 4.7837
138 72.243 2.5766
139 73.8893 3.1539
140 74.22 2.589
141 70.5041 3.2267
142 65.9672 3.0108
143 67.9866 2.3495
144 62.6262 2.0146
145 68.1591 2.6334
146 72.4039 3.1362
147 69.0393 2.6342
148 74.3847 2.5138
149 71.5933 2.4259
150 79.173 2.6514
151 67.8801 3.2347
152 77.3502 2.8248
153 70.377 3.2693
154 63.6413 2.6335
155 83.6432 2.22
156 82.336 2.4139
157 72.6686 3.4265
158 78.621 3.0428
159 88.505 2.4131
160 87.178 3.3752
161 87.9123 2.4285
162 59.4029 3.1408
163 72.303 2.8816
164 60.1585 3.9346
165 57.6885 2.6184
166 68.0245 4.0011
167 69.6316 1.9514
168 57.0665 1.8171
169 72.6632 1.6953
170 59.0753 2.8756
171 74.2361 1.6897
172 91.9842 2.8995
173 81.0697 2.1015
174 79.8753 1.6724
175 77.8438 1.5588
176 85.9563 1.7992
177 76.1799 1.8739
178 87.152 1.5245
179 69.8632 2.2479
180 71.854 1.8936
181 74.9179 1.8915
182 69.0947 0.6199
183 59.1783 1.8625
184 73.0196 2.9566
185 63.3158 1.6241
186 86.4597 4.1722
187 69.6244 2.3557
188 77.55 6.0865
189 61.3397 4.1479
190 75.0237 3.0388
191 76.8895 3.8937
192 69.7073 3.8211
193 73.7843 4.4007
194 75.4703 3.2041
195 68.5765 3.6127
196 89.1163 4.0899
197 71.0157 4.236
198 79.2639 3.3653
199 63.2591 3.1809
200 62.0274 4.1938
201 72.7729 2.6713
202 78.8237 3.1461
203 61.5246 2.8188
204 63.6942 2.6353
205 77.538 3.3627
206 74.9981 3.4221
207 0 0
208 0 0
209 63.0458 2.3009
210 63.723 2.9637
211 73.4553 1.4242
212 69.3579 2.5566
213 64.7236 2.1645
214 78.4204 1.5558
215 70.0208 3.6166
216 73.6637 3.5758
217 69.5602 2.0973
218 74.8497 2.5
219 63.4633 2.5816
220 70.4389 2.8919
221 67.9717 2.599
222 62.4379 4.0666
223 73.8166 3.1862
224 66.6386 3.4638
225 80.3644 3.235
226 78.9141 2.5319
227 72.4026 2.1622
228 0 0
229 0 0
230 65.9593 2.2438
231 80.0105 1.9103
232 82.0557 2.0013
233 77.9133 2.3674
234 73.6114 2.9961
235 68.6775 2.4302
236 75.9456 2.0421
237 81.3888 2.0741
238 76.7545 2.0172
239 74.6888 2.9504
240 63.093 1.9693
241 74.2803 1.6699
242 74.3074 3.0646
243 74.738 2.6843
244 76.392 2.1457
245 66.8649 1.9965
246 64.9262 2.1386
247 69.839 1.8945
248 70.4579 2.1989
249 0 0
250 0 0
251 0 0
