0 77.3869 3.2872
1 72.7695 3.9004
2 69.8493 4.1114
3 56.4713 4.5081
4 67.5166 5.5525
5 73.0146 5.2262
6 70.4444 4.9009
7 75.4209 5.4975
8 64.4673 4.6983
9 78.233 3.9014
10 74.3375 4.0575
11 71.1133 4.2889
12 74.8901 4.6343
13 66.724 3.1919
14 71.7259 4.0161
15 67.1788 4.3024
16 73.9354 4.141
17 73.3811 3.2894
18 73.499 3.0817
19 73.07 3.6208
20 76.7975 3.5232
21 72.4969 4.0667
22 62.2189 3.2681
23 77.0448 3.5685
24 76.4052 4.0502
25 81.1082 4.8553
26 86.4439 5.6957
27 75.5954 4.4538
28 59.1908 6.148
29 62.8582 4.1241
30 75.177 3.9266
31 68.8066 2.8747
32 62.9377 3.828
33 76.6233 3.6661
34 69.3052 5.7504
35 67.8757 3.4205
36 70.8183 3.0518
37 68.6793 2.968
38 70.5282 3.2788
39 67.0257 3.0662
40 67.5591 2.8781
41 66.7337 3.2534
42 84.4367 2.6945
43 72.5513 3.6724
44 75.4484 4.2582
45 70.3878 3.3345
46 59.592 2.6523
47 79.5673 3.7693
48 63.8394 2.8001
49 68.1685 2.3935
50 75.9755 3.1391
51 73.7721 4.1648
52 74.8309 3.2281
53 66.8051 4.8051
54 60.2959 4.4283
55 83.7821 2.0853
56 61.964 3.8287
57 68.4976 2.1913
58 68.0632 4.3434
59 74.9366 4.1778
60 76.4524 2.4834
61 61.4318 1.9956
62 75.2774 4.1714
63 65.0774 4.5388
64 67.1108 6.9555
65 74.8666 5.4224
66 74.8534 7.2912
67 89.7303 5.9425
68 72.1222 6.59
69 76.6355 5.1649
70 71.8525 5.8807
71 72.0519 6.5588
72 77.9781 5.6888
73 59.4533 5.7346
74 54.4851 5.4212
75 49.8431 5.5717
76 64.4454 3.5844
77 71.4568 4.3458
78 57.8391 4.1707
79 64.0656 4.2478
80 58.0102 5.4713
81 0 0
82 0 0
83 80.4976 3.637
84 77.5789 3.2632
85 86.277 3.8119
86 83.4893 3.0457
87 73.0987 3.6303
88 96.0432 3.9409
89 74.2484 4.7918
90 86.3359 3.8569
91 85.7219 3.4967
92 81.3987 4.2336
93 92.2035 3.5501
94 81.3189 3.4835
95 93.1909 3.8252
96 79.7089 3.5287
97 90.8587 3.7701
98 75.5669 4.1325
99 68.0915 4.7025
100 61.4862 4.3988
101 84.86 3.9888
102 0 0
103 0 0
104 58.8425 2.1956
105 67.4967 2.9992
106 72.0835 2.7702
107 60.589 2.4512
108 79.6592 1.9484
109 73.9095 3.5205
110 81.352 2.869
111 74.5067 2.3714
112 75.8523 2.4411
113 90.8884 3.1884
114 72.4853 2.1879
115 81.0288 2.4511
116 86.1844 3.6867
117 79.0016 5.0578
118 73.0538 3.4548
119 97.621 2.6676
120 78.0777 3.1525
121 94.5155 2.7295
122 87.1677 4.1488
123 0 0
124 0 0
125 85.4998 2.1687
126 82.064 3.1858
127 82.9902 3.2526
128 67.3413 3.2207
129 75.845 2.7521
130 73.1608 4.0329
131 75.6812 4.4979
132 75.1421 6.2092
133 64.499 6.0905
134 66.1127 4.9074
135 72.0854 3.4122
136 73.0504 4.9763
137 64.5305 5.5534
138 71.0655 3.0785
139 73.7981 5.0383
140 73.6443 3.5726
141 70.2771 3.157
142 65.1786 4.16
143 67.3778 2.9666
144 61.7803 2.5706
145 67.8618 3.0755
146 72.1679 3.8836
147 68.6251 3.2374
148 73.7036 3.2443
149 71.3169 3.1031
150 78.7507 3.6156
151 67.6946 3.6928
152 77.1088 4.2684
153 70.0067 4.1247
154 63.1539 3.4571
155 83.0335 2.8591
156 81.9132 3.7566
157 72.3334 3.7917
158 78.0774 4.1889
159 87.5055 3.025
160 86.4833 4.1677
161 87.4289 4.2977
162 58.9985 3.8335
163 71.446 3.5791
164 59.0717 5.5265
165 57.8455 2.997
166 67.4386 4.7126
167 69.144 2.4588
168 56.2357 2.4611
169 72.3074 2.5158
170 58.509 4.1047
171 74.0558 2.149
172 90.4484 3.6116
173 80.3222 2.6235
174 78.9878 2.1795
175 76.7457 1.8974
176 85.6441 2.5083
177 75.9301 2.5121
178 86.5251 2.2153
179 68.5161 4.0174
180 70.9983 2.3311
181 74.1188 2.4211
182 68.88 0.552
183 58.5927 2.1275
184 72.1905 3.7986
185 62.6627 2.4172
186 86.3956 5.2497
187 69.5744 2.3898
188 75.847 7.0522
189 61.0247 5.4131
190 74.7085 4.1709
191 75.5924 4.6749
192 67.8585 4.6067
193 72.2921 5.5095
194 74.23 3.8675
195 67.7496 4.4656
196 88.2126 5.1649
197 70.4375 5.3947
198 78.6078 4.727
199 62.7754 4.398
200 60.1047 6.1066
201 72.3395 3.6459
202 77.6769 3.955
203 59.8169 3.871
204 63.0669 3.1201
205 76.9653 4.4428
206 74.5203 5.5231
207 0 0
208 0 0
209 61.8059 2.7924
210 63.7914 4.2436
211 72.5727 2.1049
212 68.3974 3.0513
213 64.3278 3.0357
214 77.2168 2.2512
215 70.0947 4.97
216 73.7665 4.4452
217 69.1922 2.9771
218 74.5026 3.2325
219 62.8715 3.8002
220 69.8063 3.3835
221 67.3616 3.374
222 60.9443 5.4921
223 73.5594 3.9914
224 66.4825 4.0819
225 79.4841 3.6904
226 77.7905 2.9881
227 71.1957 2.7285
228 0 0
229 0 0
230 64.8982 2.928
231 79.1732 2.3814
232 81.4457 2.3121
233 76.7494 3.1061
234 71.8253 3.9363
235 68.1124 3.0205
236 75.3839 2.7322
237 80.6324 2.7639
238 76.0989 2.7483
239 74.2437 3.4981
240 62.4415 2.7853
241 73.9448 1.9181
242 73.7602 3.736
243 74.383 3.4528
244 75.997 2.8797
245 66.7588 2.4063
246 64.2336 2.4685
247 69.3531 2.5121
248 69.9995 2.1903
249 0 0
250 0 0
251 0 0
