0 77.7978 3.0345
1 73.0247 3.4243
2 70.3223 3.6319
3 57.3313 3.7963
4 67.9428 4.8899
5 73.2091 4.528
6 70.8235 4.5845
7 75.7692 5.0491
8 64.5515 4.5627
9 78.1715 4.3515
10 74.5142 3.6362
11 71.1389 4.1403
12 75.0203 4.9051
13 66.5786 3.4212
14 71.9275 4.2057
15 67.3518 3.4901
16 74.3833 3.6461
17 73.5176 3.4049
18 73.8478 2.7732
19 73.4896 3.354
20 76.7764 3.2676
21 72.8753 3.7389
22 62.4381 3.1669
23 77.1532 3.4809
24 76.4529 3.8356
25 81.3024 4.3926
26 86.3023 4.8865
27 75.6015 4.8769
28 59.6301 5.5881
29 62.7566 3.6108
30 74.9757 3.9363
31 68.8864 2.5071
32 62.9685 3.851
33 76.5925 3.7936
34 69.0774 5.5883
35 68.0446 3.345
36 70.486 3.153
37 68.3487 2.7204
38 70.222 3.2095
39 67.0243 3.331
40 67.6307 2.7389
41 66.8562 3.0961
42 84.4845 2.6562
43 72.6421 3.4732
44 75.5968 3.8479
45 70.4543 3.1663
46 59.4386 2.5972
47 79.3591 3.5592
48 63.9463 2.6985
49 68.1226 2.0131
50 76.1216 3.0428
51 73.5803 3.9325
52 74.6917 2.9777
53 66.9158 4.4773
54 60.4811 4.1963
55 83.8371 1.8386
56 62.0663 3.4601
57 68.9191 2.0425
58 68.4297 3.5554
59 74.9083 3.8154
60 76.2587 2.3392
61 61.7264 1.762
62 75.1383 4.1458
63 65.4033 4.0418
64 67.4356 5.8109
65 75.682 5.123
66 75.6466 6.8259
67 90.4238 5.5499
68 72.8624 6.0882
69 76.4613 4.6222
70 72.3738 5.3191
71 71.8172 5.9015
72 78.4621 5.2976
73 59.6327 5.4107
74 53.998 5.6133
75 49.4192 5.5723
76 64.4859 3.3682
77 71.6788 3.9432
78 57.6406 4.0286
79 64.0701 4.498
80 58.0655 5.2385
81 0 0
82 0 0
83 80.3289 3.5521
84 77.7547 3.1477
85 86.5527 3.6002
86 83.4974 2.9229
87 73.3505 3.3443
88 96.2221 3.9271
89 74.3991 4.4713
90 86.5298 3.6134
91 85.7278 3.2942
92 81.6023 4.1924
93 92.412 3.445
94 81.5257 3.8159
95 93.8265 3.5419
96 80.0399 3.2547
97 91.2727 3.7497
98 75.5807 3.9528
99 68.5044 4.4222
100 61.5846 4.4857
101 85.1152 3.641
102 0 0
103 0 0
104 58.694 2.0922
105 67.4061 3.0694
106 72.0186 2.6093
107 60.6252 2.4391
108 79.7533 1.7993
109 74.1704 3.2445
110 81.2861 2.6337
111 74.3127 2.4079
112 75.8796 2.3311
113 91.1012 2.9556
114 72.5425 2.1064
115 81.1276 2.2361
116 86.3453 3.5893
117 79.1536 5.0292
118 72.7943 3.3946
119 97.9267 2.5604
120 78.1479 3.1044
121 94.9122 2.813
122 87.7602 4.1357
123 0 0
124 0 0
125 85.6768 2.0325
126 82.0083 2.9773
127 82.9785 3.1865
128 67.626 2.8319
129 75.7845 2.6178
130 73.3084 3.4232
131 75.6193 4.2121
132 75.0944 5.7804
133 64.8751 5.4765
134 65.9547 4.5832
135 71.8581 3.3333
136 72.8362 4.9238
137 64.6733 5.0552
138 71.2429 3.087
139 73.4314 4.218
140 73.8764 3.2227
141 70.4398 3.2728
142 65.5582 3.8371
143 67.6447 2.5704
144 62.335 2.3542
145 67.6573 4.0448
146 71.9893 3.7544
147 68.553 3.314
148 73.4948 2.9399
149 71.2172 3.0277
150 78.7026 3.6082
151 67.5294 3.262
152 77.0686 3.8414
153 69.9344 3.437
154 63.0096 3.4011
155 83.3079 2.7185
156 82.0029 3.3381
157 72.2438 3.5517
158 78.4897 3.8164
159 87.5951 2.8795
160 86.4794 4.0387
161 87.6751 3.7547
162 58.9331 3.0382
163 71.186 3.894
164 59.1459 5.02
165 57.4948 3.2521
166 67.3814 3.7818
167 69.0295 2.3928
168 56.3183 2.3716
169 72.4925 2.2024
170 58.6467 3.9197
171 74.0293 2.0068
172 90.7666 3.4172
173 80.3073 2.4716
174 79.1778 2.0109
175 77.0758 1.7756
176 85.692 2.2783
177 75.8903 2.3664
178 86.5288 2.0226
179 69.3193 2.4335
180 71.0106 2.191
181 74.3392 2.2429
182 68.946 0.5795
183 58.7405 1.9931
184 72.4103 3.7964
185 62.8925 2.2939
186 86.3154 4.7993
187 69.6229 2.3429
188 76.4652 6.7138
189 61.0447 4.663
190 74.903 3.6942
191 75.9028 4.3837
192 68.0305 4.6247
193 72.5555 5.1868
194 74.3933 3.6925
195 67.7531 4.4725
196 88.1051 4.9569
197 70.5392 5.5916
198 78.6706 4.6739
199 62.5806 4.1656
200 60.0087 5.8044
201 72.0973 3.452
202 77.9368 3.6608
203 59.9174 3.5576
204 62.985 3.0039
205 76.8382 4.3231
206 74.7287 4.2673
207 0 0
208 0 0
209 61.6249 2.6703
210 64.0071 3.849
211 72.5852 2.0542
212 68.6508 2.7943
213 63.7243 2.7696
214 77.1484 2.0692
215 69.1555 4.1931
216 73.1904 4.1029
217 69.3166 2.7123
218 74.6641 3.2249
219 62.9593 3.3416
220 69.9566 3.1355
221 67.9059 3.0176
222 61.9914 4.5179
223 73.8675 3.485
224 66.2607 3.6701
225 79.4749 3.8528
226 78.1593 2.682
227 71.4679 2.4899
228 0 0
229 0 0
230 65.0565 2.8667
231 79.3144 2.3241
232 81.5627 2.3751
233 76.9992 3.0339
234 72.0651 3.8488
235 68.1337 2.9123
236 75.6945 2.7198
237 80.4964 2.4258
238 75.9879 2.5374
239 74.2471 3.4419
240 62.4546 2.4174
241 73.8188 1.7739
242 73.867 3.2626
243 74.2133 3.0543
244 75.9195 2.5572
245 66.8023 2.2159
246 64.3373 2.312
247 69.4447 2.4015
248 69.9432 2.256
249 0 0
250 0 0
251 0 0
