0 77.7759 3.0474
1 73.0452 3.4007
2 70.0994 3.7964
3 57.2783 3.7898
4 67.8969 4.6563
5 73.2625 4.66
6 70.8481 4.7364
7 75.4022 5.2762
8 64.8331 4.1562
9 78.3922 3.8209
10 74.3764 3.8824
11 71.0135 4.0774
12 75.3236 4.1462
13 66.7505 2.7875
14 71.8482 3.439
15 67.2937 3.7675
16 74.459 3.8745
17 73.4225 2.8998
18 73.6485 3.0103
19 72.9014 3.1096
20 76.6869 3.1184
21 72.6675 3.6104
22 62.2218 3.0145
23 76.9668 3.4191
24 76.3779 3.846
25 81.1146 4.4431
26 86.4478 5.4436
27 75.5117 4.2725
28 59.7816 5.4951
29 62.9747 3.4323
30 74.8727 3.7865
31 68.5323 2.5081
32 63.0498 3.366
33 76.6482 3.5626
34 69.1557 4.5532
35 67.8076 3.111
36 70.3983 2.9378
37 68.7195 2.7577
38 70.1727 2.879
39 66.9167 2.8782
40 67.4507 2.7163
41 66.78 2.9675
42 84.4662 2.4959
43 72.6333 3.2984
44 75.5777 3.7421
45 70.5889 3.0532
46 59.7095 2.3935
47 79.4988 3.4818
48 64.1931 2.5887
49 68.2209 2.1053
50 76.2833 2.9163
51 73.6217 4.0172
52 74.7243 2.6106
53 67.1216 4.4338
54 61.0522 3.8606
55 83.7973 1.8224
56 62.112 3.4347
57 69.2191 1.9324
58 68.6014 3.3204
59 75.2342 3.3514
60 76.3933 2.0036
61 61.5962 1.8216
62 74.9662 3.914
63 64.9443 4.0203
64 67.1673 6.2124
65 75.3451 5.1191
66 75.2615 6.4246
67 90.1276 5.3197
68 72.4685 6.1672
69 76.4893 4.6241
70 72.2833 5.2019
71 71.8194 5.8913
72 78.0421 5.0655
73 59.8918 5.3049
74 54.5476 5.4173
75 49.6347 5.6088
76 64.499 3.3327
77 71.714 3.6971
78 57.9226 3.8544
79 64.2459 4.2533
80 58.0852 5.2327
81 0 0
82 0 0
83 80.346 3.7967
84 77.7309 3.0436
85 86.4575 3.6071
86 83.4719 2.8558
87 73.1697 3.2848
88 96.033 3.7988
89 74.0511 4.6021
90 86.6058 4.0539
91 85.6731 3.8202
92 81.6393 3.9637
93 92.1823 3.3829
94 81.2161 3.8394
95 93.348 3.6173
96 79.8015 3.5125
97 90.8918 3.1917
98 75.6308 3.7159
99 68.369 4.166
100 61.779 4.2523
101 84.6905 3.7863
102 0 0
103 0 0
104 58.9163 2.0509
105 67.6503 2.7847
106 72.0542 2.2546
107 60.649 2.3487
108 79.6493 1.8831
109 73.8199 3.0655
110 81.2974 2.5419
111 74.4846 2.197
112 75.7686 2.2695
113 91.1325 2.8774
114 72.5245 2.1278
115 81.0314 2.164
116 86.414 3.3844
117 79.0087 4.5358
118 72.7075 3.2571
119 97.7044 2.4792
120 78.0057 2.9371
121 94.82 2.4916
122 87.6094 3.6488
123 0 0
124 0 0
125 85.4561 2.1478
126 82.0461 2.8465
127 82.9623 3.1709
128 67.3649 2.8562
129 75.5994 2.6625
130 73.2377 3.4534
131 75.5334 4.3956
132 75.1566 5.6935
133 64.9779 5.394
134 66.219 4.5598
135 72.0724 3.1815
136 73.2119 4.8376
137 64.9319 5.1477
138 71.4765 2.7558
139 73.6579 5.1862
140 73.6812 3.2118
141 70.1921 3.3766
142 65.1779 4.4023
143 67.3998 2.9588
144 62.0962 2.4786
145 67.6826 2.6051
146 72.1431 3.8471
147 68.4884 3.1079
148 73.6443 2.8053
149 71.1961 2.7276
150 78.6122 3.201
151 67.4582 3.2445
152 77.0013 4.1259
153 69.8794 3.8125
154 63.07 3.3518
155 83.1447 2.7609
156 82.0993 3.4063
157 72.4777 3.5047
158 78.2754 3.696
159 87.6296 2.8716
160 86.4129 4.7077
161 87.4874 4.1368
162 59.1355 3.3376
163 71.2453 3.7368
164 59.6603 4.6345
165 57.3379 3.0711
166 67.2283 3.7001
167 68.9754 2.2776
168 56.2254 2.294
169 72.3909 2.2728
170 58.526 3.7398
171 73.8712 1.9517
172 90.8292 3.2989
173 80.239 2.467
174 79.2422 1.8545
175 76.8233 1.768
176 85.5516 2.359
177 75.7471 2.3456
178 86.5441 2.0197
179 69.5312 2.1547
180 71.046 2.2917
181 74.2304 2.1757
182 69.0354 0.5989
183 58.741 1.9857
184 72.5498 3.535
185 62.7937 2.1678
186 85.9946 3.9577
187 69.3353 3.291
188 76.5584 6.689
189 61.2372 4.7784
190 74.9156 3.7525
191 75.9791 4.3764
192 68.4967 4.2581
193 72.5385 5.2278
194 74.576 3.69
195 67.7336 4.2561
196 88.4481 4.7749
197 70.3589 5.3766
198 78.6475 4.3527
199 62.9962 4.0072
200 60.5409 5.4674
201 72.1076 3.264
202 77.8414 3.8135
203 60.1313 3.6855
204 63.0539 3.1106
205 76.8801 4.2811
206 74.591 3.892
207 0 0
208 0 0
209 61.6466 2.5986
210 63.8158 4.0321
211 75.9935 6.0919
212 68.7314 2.8127
213 63.7124 2.5486
214 77.2407 2.0665
215 69.1611 4.6225
216 73.3726 4.0901
217 69.2997 2.9216
218 74.8509 2.9713
219 62.9267 3.2869
220 69.8864 3.1194
221 67.6099 3.1397
222 61.914 4.5803
223 73.485 4.1037
224 66.2615 3.5401
225 79.82 3.5406
226 78.2167 2.7065
227 71.4219 2.3864
228 0 0
229 0 0
230 64.9381 2.7095
231 79.3305 2.2108
232 81.3755 2.3605
233 77.0171 2.9203
234 72.2183 3.5901
235 68.2564 2.8226
236 75.4808 2.4995
237 81.0566 2.5162
238 76.1951 2.5293
239 74.2197 3.2757
240 62.3767 2.4673
241 73.9686 1.757
242 73.9001 3.4376
243 74.3358 3.2758
244 75.8949 2.611
245 66.7113 2.3006
246 64.2318 2.3327
247 69.4315 2.2751
248 69.7838 2.1187
249 0 0
250 0 0
251 0 0
