0 77.7266 3.145
1 73.0175 3.677
2 70.0295 3.9476
3 57.0614 3.9884
4 68.1114 5.1133
5 73.0476 4.5446
6 71.1208 4.4963
7 75.4644 5.3714
8 64.6253 4.6263
9 78.4692 3.8575
10 74.4815 3.6225
11 71.1467 3.8406
12 75.1549 4.8428
13 66.8263 2.9708
14 72.1431 4.0186
15 67.3528 3.887
16 74.4608 3.3606
17 73.672 2.9939
18 74.1596 2.7897
19 73.0716 3.3435
20 76.8431 3.2312
21 72.7412 3.8917
22 62.4886 3.0788
23 77.045 3.2567
24 76.5336 3.9728
25 81.5239 4.4494
26 86.6112 4.9144
27 75.7598 4.5318
28 59.668 5.5917
29 63.1039 3.6282
30 75.0258 3.791
31 68.8735 2.6533
32 63.0339 3.7611
33 76.6028 3.6056
34 69.5472 5.2126
35 68.0158 3.2109
36 70.4816 3.1437
37 68.8399 2.9021
38 70.1099 3.5429
39 67.0234 3.1375
40 67.6629 2.5393
41 66.9518 3.1449
42 84.4702 2.8177
43 72.5082 3.6131
44 75.7211 3.9684
45 70.3365 3.292
46 59.343 2.63
47 79.1955 3.6285
48 63.7961 2.7299
49 67.9899 2.0643
50 76.0049 3.0755
51 73.896 4.0944
52 74.7799 3.0105
53 66.7824 4.5385
54 60.62 4.1467
55 83.9416 1.8106
56 62.0451 3.5674
57 68.7182 2.0707
58 68.3889 3.4064
59 75.1748 3.2106
60 76.3229 2.2267
61 61.7609 1.7531
62 75.2077 4.0698
63 65.5552 3.9049
64 67.1891 5.741
65 75.6869 5.2027
66 75.8727 6.7182
67 90.5772 5.4866
68 73.014 6.1083
69 76.4065 4.6945
70 72.4823 5.4023
71 71.6884 6.5882
72 78.2382 5.1248
73 59.499 5.2277
74 54.6851 5.0527
75 50.0765 5.1567
76 64.4162 3.4595
77 71.8363 3.7466
78 57.8703 3.7455
79 63.7538 3.8291
80 58.2126 4.9656
81 0 0
82 0 0
83 80.2448 3.5612
84 77.5575 3.2048
85 86.6342 3.5599
86 83.644 2.7504
87 72.9985 3.4521
88 96.0881 3.8702
89 74.1813 4.4215
90 86.478 4.0037
91 85.6845 3.6848
92 81.9666 3.9758
93 92.615 3.5765
94 81.6752 3.8267
95 93.7309 3.3334
96 80.0849 3.4526
97 91.4556 3.5278
98 75.8708 3.4721
99 68.3696 4.0617
100 61.7118 4.2272
101 85.3612 3.7877
102 0 0
103 0 0
104 58.7766 1.9964
105 67.6035 3.0093
106 72.1306 2.5026
107 60.8782 2.4029
108 79.8643 1.8253
109 74.1633 3.3147
110 81.3649 2.6113
111 74.3474 2.1929
112 75.8107 2.1944
113 91.0594 2.9085
114 72.4107 2.2385
115 81.1599 2.227
116 86.5711 3.4845
117 79.129 4.5232
118 73.1925 3.1737
119 97.9717 2.5098
120 78.4899 2.8207
121 95.081 2.4948
122 87.948 3.7057
123 0 0
124 0 0
125 85.5256 2.1535
126 82.0097 2.9557
127 82.9478 2.9887
128 67.2763 3.1575
129 75.8751 2.6242
130 73.3093 3.5881
131 75.434 4.5258
132 74.9832 5.5722
133 64.7446 5.5489
134 65.659 4.4597
135 72.088 3.1177
136 72.749 4.6611
137 64.7935 5.1806
138 71.1287 3.0353
139 73.8894 4.8793
140 73.7389 3.3854
141 70.411 3.3034
142 65.6461 3.8033
143 67.5732 2.6479
144 62.1832 2.5486
145 67.5815 3.9568
146 71.9178 3.9944
147 68.4263 3.0859
148 73.6212 2.855
149 71.3056 2.9582
150 78.6448 3.303
151 67.5225 3.5167
152 77.0192 3.4541
153 70.0199 3.4667
154 62.9646 3.3944
155 83.1653 2.6214
156 82.0284 3.0556
157 72.4486 3.6217
158 78.2423 3.4941
159 87.5993 2.9009
160 86.9212 3.9134
161 87.9071 3.3154
162 58.941 3.7824
163 71.4331 3.2808
164 59.5311 4.904
165 57.5411 3.3117
166 67.2524 4.5239
167 69.1112 2.3102
168 56.2742 2.3505
169 72.4587 2.3117
170 58.9417 3.9435
171 74.1789 2.0809
172 90.9754 3.3151
173 80.3935 2.5546
174 79.2638 1.9784
175 77.1519 1.7915
176 85.6709 2.3619
177 75.9361 2.2288
178 86.6812 1.9452
179 69.3105 2.4299
180 71.2124 2.2143
181 74.3829 2.2892
182 69.1165 0.6249
183 58.8057 1.9591
184 72.5959 3.6377
185 62.9544 2.3016
186 86.3194 4.5922
187 69.7796 2.2029
188 76.1384 6.9785
189 61.0629 4.6751
190 74.8171 3.8556
191 75.5733 4.6598
192 68.2865 4.5349
193 72.514 5.3526
194 74.624 3.6725
195 67.8288 4.3986
196 88.2681 4.9643
197 70.4185 5.5878
198 78.706 4.5405
199 62.4344 4.1215
200 60.2966 5.769
201 72.0105 3.3876
202 77.9459 3.8072
203 59.7813 3.5857
204 62.7847 3.308
205 76.6718 4.4232
206 74.518 4.9069
207 0 0
208 0 0
209 61.7965 2.713
210 63.7623 3.7762
211 72.666 2.0798
212 68.5848 2.7263
213 63.6859 2.8134
214 76.9956 1.8657
215 69.1365 4.6193
216 73.2154 3.9289
217 69.3744 2.9997
218 74.6587 3.0872
219 63.0553 3.523
220 69.9746 3.0066
221 67.7178 3.1621
222 61.9466 4.4716
223 73.8192 3.633
224 66.2406 3.6405
225 79.9398 3.3957
226 78.2987 2.6874
227 71.6329 2.4122
228 0 0
229 0 0
230 65.1324 2.7637
231 79.3809 2.3051
232 81.5683 2.2701
233 77.2657 2.7596
234 72.1141 3.6559
235 68.2364 2.8393
236 75.6562 2.4469
237 80.4133 2.3416
238 76.0511 2.6179
239 74.2162 3.5371
240 62.4546 2.4621
241 73.8511 1.8024
242 73.779 3.4884
243 74.3103 3.0167
244 75.9434 2.656
245 66.6519 2.1699
246 64.2774 2.3736
247 69.4442 2.1901
248 70.0373 2.0627
249 0 0
250 0 0
251 0 0
