0 77.8849 3.1296
1 72.8876 3.725
2 70.3753 3.6206
3 56.6949 3.8889
4 67.7646 4.9487
5 73.0476 4.3337
6 70.7036 4.9484
7 75.6905 4.6691
8 64.5444 4.3101
9 78.3522 3.9223
10 74.5981 3.5996
11 71.2752 3.5881
12 75.5827 4.3067
13 66.7577 3.05
14 72.0305 3.4245
15 67.8646 3.1025
16 74.7239 3.6589
17 73.6516 3.2813
18 73.6647 2.5703
19 73.1559 3.8413
20 76.7962 3.3825
21 72.5884 3.8517
22 62.3291 2.9878
23 76.9626 3.427
24 76.8704 3.9245
25 81.1955 4.3804
26 86.4952 4.8352
27 75.4845 4.2942
28 60.0482 5.3702
29 62.8815 3.9306
30 75.0672 3.8131
31 68.5835 2.6988
32 63.2006 3.671
33 76.5874 3.5766
34 69.2228 5.2884
35 67.8602 3.0732
36 70.4234 2.7501
37 68.9364 2.8249
38 70.3052 3.2863
39 67.1326 2.7239
40 67.4673 2.7143
41 66.7589 3.0607
42 84.4676 2.5524
43 72.6049 3.2627
44 75.5824 4.0913
45 70.3168 3.0954
46 59.4232 2.6122
47 79.2122 3.5561
48 63.8291 2.7658
49 68.0182 2.1475
50 76.1253 2.9403
51 73.5369 3.9488
52 74.877 2.9142
53 67.0969 4.3268
54 60.9355 3.9714
55 83.8822 1.8945
56 62.198 3.4165
57 68.8966 2.046
58 68.7695 3.5618
59 75.214 3.8073
60 76.372 2.0019
61 61.6799 1.8028
62 75.2029 3.9914
63 65.7119 4.1322
64 67.5092 5.733
65 75.4687 5.2871
66 75.4734 6.9222
67 90.3447 5.6458
68 72.5754 6.3938
69 76.3119 4.4761
70 72.1388 5.0912
71 71.4786 6.4534
72 78.1919 5.5683
73 59.6762 5.1393
74 54.3189 5.2818
75 49.2909 5.5212
76 64.4841 3.1326
77 71.4033 3.9136
78 57.901 3.6702
79 63.9999 4.4115
80 58.5547 4.6077
81 0 0
82 0 0
83 80.3001 3.5864
84 77.6262 3.1025
85 86.5826 3.5923
86 83.5796 2.8758
87 73.1671 3.3271
88 96.1669 3.9629
89 74.3372 4.6786
90 86.5098 3.9127
91 85.8369 3.6529
92 82.0137 3.8645
93 92.741 3.2841
94 81.6603 3.4979
95 93.7905 3.5441
96 80.052 3.4112
97 90.861 3.0417
98 75.9441 3.4612
99 68.4352 4.1349
100 61.7877 4.1152
101 85.3924 3.2918
102 0 0
103 0 0
104 58.6182 2.1662
105 67.3905 2.9513
106 71.9266 2.4756
107 60.7245 2.3224
108 79.9032 1.8263
109 74.0919 3.1671
110 81.3834 2.648
111 74.4323 2.2617
112 75.7855 2.2554
113 91.1323 2.9435
114 72.5881 2.0143
115 81.143 2.0949
116 86.6382 3.2795
117 79.2965 4.6239
118 72.9093 3.3952
119 97.7132 2.6188
120 78.193 2.7171
121 95.0907 2.5993
122 87.9992 4.0672
123 0 0
124 0 0
125 85.671 2.1336
126 82.2088 2.7104
127 83.1075 2.9584
128 67.4857 2.4587
129 75.8694 2.4554
130 73.5379 3.3085
131 75.5688 4.3605
132 75.1699 5.3946
133 65.0096 5.6224
134 65.8158 4.3203
135 72.1758 3.3009
136 73.0326 4.7293
137 64.8503 5.3392
138 71.3003 3.1313
139 73.807 4.6343
140 73.6961 3.2136
141 70.2435 3.2215
142 65.7543 3.5181
143 67.6734 2.6388
144 62.2191 2.3348
145 67.9441 3.6908
146 71.972 3.7534
147 68.4203 3.2182
148 73.5013 3.0934
149 71.3351 2.8568
150 78.6434 3.4964
151 67.5402 3.2717
152 76.9662 3.6571
153 70.1379 3.6817
154 63.0233 3.3303
155 83.1757 2.6096
156 81.8307 2.9674
157 72.4781 3.3091
158 78.1134 3.9184
159 87.5492 2.9502
160 86.5972 3.8429
161 87.887 3.2977
162 58.9549 3.1663
163 71.0885 3.9732
164 59.6939 4.662
165 57.8087 2.8963
166 67.3432 4.0262
167 69.1619 2.2347
168 56.3331 2.2205
169 72.4054 2.1905
170 58.765 3.7247
171 74.1048 2.0913
172 90.8249 3.3905
173 80.411 2.3673
174 79.106 1.959
175 76.9277 1.7741
176 85.4813 2.405
177 75.7913 2.1444
178 86.5772 1.9242
179 69.6121 2.3248
180 71.1828 2.1635
181 74.3091 2.2586
182 69.0599 0.5985
183 58.796 1.8934
184 72.614 3.5258
185 62.8558 2.0536
186 86.4073 4.1143
187 69.6108 2.1341
188 76.6227 6.5812
189 60.9851 4.8427
190 74.8724 3.6817
191 75.9995 4.5479
192 68.3551 4.5212
193 72.5991 5.4522
194 74.5868 3.7132
195 67.6789 4.5953
196 88.3079 4.7932
197 70.3346 5.3237
198 78.7451 4.2912
199 62.7371 3.9411
200 60.374 5.5992
201 72.1933 3.4007
202 77.9385 3.6899
203 60.0428 3.6203
204 63.1034 3.0726
205 76.7811 3.9824
206 74.6135 4.6147
207 0 0
208 0 0
209 62.04 2.6849
210 63.509 3.8269
211 72.843 1.9018
212 68.6145 2.818
213 64.3023 2.6563
214 77.5192 1.8046
215 69.81 4.0054
216 73.1578 4.1154
217 69.2426 3.0142
218 74.5288 3.4039
219 62.782 3.6142
220 69.9292 3.2216
221 67.4103 3.3017
222 61.7384 4.2118
223 73.2893 4.0938
224 66.394 3.3636
225 79.872 3.0371
226 78.3419 2.4969
227 71.5927 2.5084
228 0 0
229 0 0
230 65.0615 2.7068
231 79.2202 2.3885
232 81.5517 2.3367
233 77.2777 2.8068
234 72.4476 3.6421
235 68.1816 2.7507
236 75.4923 2.5564
237 80.5191 2.5275
238 76.2025 2.3948
239 74.2274 3.3434
240 62.5025 2.3778
241 73.9852 1.8004
242 73.7812 3.3771
243 74.3593 2.9616
244 76.0363 2.9312
245 66.7377 2.148
246 64.2084 2.2152
247 69.4067 2.302
248 69.9672 2.0327
249 0 0
250 0 0
251 0 0
