0 74.7594 3.2991
1 69.8666 3.6203
2 67.109 4.2619
3 52.1165 5.548
4 61.962 6.482
5 68.7494 5.1219
6 66.0517 4.4653
7 71.538 5.498
8 61.246 5.2166
9 74.8189 4.162
10 71.4276 3.8972
11 67.3085 4.8387
12 71.4102 5.3103
13 63.9126 3.3079
14 69.7753 3.8638
15 65.2025 4.0883
16 71.928 4.1515
17 71.8672 3.4592
18 71.889 3.0478
19 71.5075 3.7359
20 73.2417 3.9993
21 69.65 4.4411
22 59.0629 3.3962
23 74.0793 3.5454
24 73.9718 4.3753
25 76.4556 5.2231
26 81.7887 5.2506
27 71.3043 4.9251
28 54.1996 7.5694
29 59.5561 4.6586
30 72.3978 3.9311
31 65.8781 2.5752
32 60.0811 4.3518
33 73.7672 3.8026
34 66.0309 5.4122
35 65.5839 3.9121
36 68.3381 3.0991
37 66.8789 3.2202
38 68.0987 3.6464
39 65.4909 3.5042
40 65.8503 2.6169
41 64.2438 3.134
42 81.8477 2.9641
43 70.2789 3.7439
44 73.0963 3.9872
45 68.1882 3.3338
46 55.2332 3.3988
47 76.1777 3.8749
48 61.6532 3.2108
49 67.077 2.3212
50 74.2989 3.4684
51 71.8744 4.2433
52 73.2948 3.1428
53 64.8331 4.8052
54 58.5799 5.0379
55 83.2283 1.8667
56 60.5911 3.9531
57 67.7813 2.2499
58 67.2283 3.8725
59 74.2591 3.5355
60 75.555 2.4681
61 61.2805 2.1026
62 71.8115 4.4835
63 61.9839 4.2611
64 63.9159 7.2048
65 70.9428 6.091
66 71.2993 7.6719
67 85.894 6.3788
68 69.2655 6.6854
69 72.8887 5.3174
70 68.1686 5.7407
71 68.2047 6.6348
72 73.2343 5.811
73 54.495 7.1227
74 50.414 6.718
75 47.6703 6.0339
76 62.016 3.7178
77 69.3504 4.0686
78 54.0484 5.483
79 62.1653 4.4852
80 54.1619 7.2685
81 0 0
82 0 0
83 76.5797 4.1551
84 74.5734 3.655
85 83.2501 3.8859
86 80.4802 3.5768
87 69.9972 3.6968
88 92.3548 4.3234
89 70.3807 5.2488
90 82.8915 3.8577
91 82.4375 3.8791
92 78.9645 4.6727
93 89.8658 4.1664
94 79.2244 3.6165
95 90.575 3.8799
96 77.2378 3.9922
97 88.4253 4.0978
98 73.5864 3.9385
99 66.292 4.3805
100 60.0198 5.1044
101 83.2283 4.1031
102 0 0
103 0 0
104 56.2535 2.2503
105 65.1582 3.2535
106 69.6719 2.7765
107 59.161 2.5758
108 77.8587 2.0887
109 70.818 3.3355
110 78.5773 2.764
111 72.0743 2.4443
112 73.766 2.4114
113 89.0911 3.191
114 71.0113 2.3268
115 79.8351 2.2768
116 84.7058 3.6334
117 77.5992 4.5931
118 71.4904 3.2377
119 96.338 2.694
120 77.1234 3.2396
121 94.0354 2.6613
122 86.7468 4.0825
123 0 0
124 0 0
125 82.5936 2.6449
126 78.8062 3.5028
127 80.1058 3.5637
128 64.5902 3.1482
129 73.0356 3.0467
130 68.5873 4.2557
131 71.6212 4.7748
132 70.6287 6.6091
133 59.6209 7.8175
134 62.8635 5.0379
135 69.0324 3.2888
136 70.5368 5.2043
137 60.4022 7.038
138 68.6437 3.4175
139 71.0982 4.6151
140 71.4395 3.3167
141 68.1248 3.4994
142 63.3758 4.7345
143 65.2321 3.5475
144 60.1134 2.7289
145 66.1041 3.1102
146 68.1801 4.267
147 65.2806 3.4612
148 70.7868 3.2283
149 68.4887 2.8554
150 75.6746 3.525
151 63.0256 3.8802
152 72.8388 3.7701
153 66.7095 4.1836
154 59.6383 3.9429
155 80.1898 2.9384
156 79.3268 3.4933
157 69.7688 4.2316
158 76.0431 3.8454
159 85.1748 3.0876
160 83.9231 4.1757
161 85.1293 3.6142
162 56.2797 5.3128
163 69.6625 3.8976
164 55.2896 7.0501
165 55.678 4.0915
166 65.7752 4.3208
167 66.7447 2.5753
168 53.4606 3.2144
169 70.2428 2.2899
170 55.4314 5.0056
171 71.6271 2.1648
172 87.2944 4.0031
173 77.2214 2.7641
174 76.6456 2.2361
175 74.7725 2.0647
176 83.4274 2.5571
177 73.8144 2.4425
178 84.882 2.0591
179 68.5655 2.1742
180 69.4757 2.3686
181 72.9087 2.4758
182 69.0919 0.6444
183 57.5852 2.1002
184 71.2007 3.9446
185 61.98 2.1978
186 85.7019 4.3965
187 69.3231 2.4973
188 74.2158 7.9176
189 57.522 6.5663
190 71.9874 4.1999
191 70.5772 5.4213
192 64.5711 5.2475
193 68.9653 5.9887
194 70.8294 4.2661
195 64.0611 4.5393
196 85.3216 5.0542
197 67.5752 5.298
198 75.0004 4.8822
199 59.4472 5.1115
200 56.5786 7.1105
201 69.5336 3.6855
202 75.8711 4.0535
203 58.3671 4.2413
204 61.4418 3.0857
205 75.4081 4.7575
206 73.2596 4.7321
207 0 0
208 0 0
209 59.0245 3.3172
210 61.1999 4.5626
211 70.7144 2.3054
212 65.8765 3.3642
213 61.8714 3.1254
214 74.4031 2.6821
215 66.4099 4.6115
216 68.6631 4.0684
217 66.4613 2.8535
218 71.9313 3.7321
219 60.7817 3.6806
220 67.7818 3.6431
221 64.8111 3.5884
222 58.2622 6.4393
223 71.1951 3.9506
224 64.3476 4.2138
225 77.8159 3.4651
226 76.4666 3.025
227 69.8035 2.5466
228 0 0
229 0 0
230 62.6017 2.9493
231 77.1475 2.5163
232 79.1902 2.4729
233 75.1991 3.3776
234 69.961 4.0343
235 65.1065 3.196
236 73.1726 2.8686
237 77.5504 1.9612
238 74.3542 2.773
239 72.0397 3.6095
240 60.8974 2.5487
241 72.7122 2.0223
242 72.3485 3.6322
243 72.585 3.5557
244 74.4886 2.9281
245 65.7007 2.611
246 63.3214 2.4505
247 68.4727 2.4662
248 68.9122 2.1273
249 0 0
250 0 0
251 0 0
