0 77.8076 3.1959
1 72.866 4.0278
2 70.1939 4.295
3 56.229 4.5351
4 68.0619 5.4617
5 73.0943 5.2087
6 70.9749 4.8912
7 75.1882 5.4118
8 64.2157 5.277
9 78.5036 4.6221
10 74.4358 4.0788
11 71.0343 4.2394
12 74.5896 5.3524
13 66.472 3.7356
14 71.8012 4.8376
15 67.461 3.6587
16 74.2471 4.2781
17 73.6392 3.8948
18 73.6737 2.9704
19 73.1346 4.1446
20 76.8001 3.5018
21 72.5124 4.1944
22 62.349 3.28
23 77.0099 3.4625
24 76.4513 3.9341
25 81.0126 4.9768
26 86.3182 5.5044
27 75.6972 5.0712
28 59.1362 6.2738
29 62.6979 4.0213
30 74.9222 4.3225
31 68.6621 2.9579
32 62.9827 3.989
33 76.528 4.0836
34 69.308 6.1716
35 67.9474 3.5953
36 70.3821 3.6667
37 68.8143 3.7657
38 70.2445 3.2007
39 67.3361 3.1389
40 67.5158 2.8049
41 66.734 3.2556
42 84.4174 2.837
43 72.5811 3.7089
44 75.4998 4.2759
45 70.2857 3.4916
46 59.4745 2.7965
47 79.3676 3.8405
48 63.7854 2.9068
49 68.2292 2.5422
50 76.0074 3.3835
51 73.994 4.3441
52 74.8942 2.9602
53 66.3573 4.9978
54 60.0865 4.6212
55 83.7827 1.9463
56 61.5137 3.9149
57 68.4639 2.331
58 68.2581 4.1127
59 75.0406 4.5314
60 76.3116 2.8242
61 61.5243 2.1027
62 75.3452 4.2867
63 65.4971 4.4881
64 67.5891 6.8108
65 74.9053 5.5608
66 74.6752 7.2961
67 89.747 6.1341
68 72.2014 6.6585
69 76.4361 5.0819
70 72.3744 5.7725
71 71.7443 7.1517
72 78.1349 5.8789
73 59.3014 6.0446
74 54.1782 5.9051
75 50.7974 5.5007
76 64.3265 3.6969
77 71.7549 4.341
78 57.8178 4.6072
79 64.4486 4.9376
80 57.8997 6.3425
81 0 0
82 0 0
83 80.1836 4.1389
84 77.0975 3.3925
85 86.2366 3.9449
86 83.1242 3.2219
87 72.9796 3.9158
88 95.7816 4.2647
89 73.9419 5.4025
90 86.1657 4.0658
91 85.7148 3.6664
92 81.2526 4.3112
93 91.9041 3.6847
94 81.3238 3.598
95 93.4793 3.969
96 79.4647 3.8002
97 91.0668 3.5156
98 75.5063 3.6751
99 68.3894 4.5648
100 61.5623 4.1501
101 84.8528 4.1202
102 0 0
103 0 0
104 58.8359 2.2499
105 67.3359 3.1683
106 71.9691 2.5388
107 60.4224 2.5188
108 79.5723 2.0602
109 73.8411 3.597
110 81.1163 2.8305
111 74.3782 2.4153
112 75.7533 2.48
113 90.6954 3.1702
114 72.3535 2.2851
115 80.9213 2.4449
116 86.4159 3.7276
117 79.1004 5.1621
118 73.0536 3.482
119 97.5535 2.6709
120 78.0134 3.1746
121 94.378 2.7367
122 87.4672 4.0613
123 0 0
124 0 0
125 85.3269 2.2684
126 81.9874 3.0275
127 82.7218 3.4601
128 67.2418 3.3196
129 75.5407 2.8961
130 73.0934 3.959
131 75.3242 4.5225
132 75.1872 6.2307
133 63.6822 6.5385
134 65.8984 5.0202
135 71.8568 3.4067
136 72.8786 5.2436
137 64.0306 5.9459
138 70.8359 3.3812
139 73.8079 4.9565
140 73.7351 3.4384
141 70.4112 3.1897
142 65.3555 4.3239
143 67.2739 2.8452
144 61.731 2.747
145 67.8311 4.0022
146 71.9369 4.2231
147 68.5888 3.7655
148 73.4984 3.1248
149 71.4352 3.3518
150 78.6764 3.5554
151 67.5213 3.9338
152 77.1804 4.0902
153 70.0176 3.915
154 63.1145 3.4425
155 82.9326 3.0406
156 81.967 3.5454
157 72.0863 4.0818
158 78.2042 4.2927
159 87.372 3.1917
160 86.5275 4.5814
161 87.8684 3.851
162 58.7501 4.3989
163 70.9464 4.1292
164 58.611 6.2112
165 57.2814 3.8752
166 66.9436 4.8448
167 69.1032 2.5263
168 56.2377 2.5752
169 72.3145 2.3154
170 58.6652 4.3316
171 73.8293 2.2307
172 90.6062 3.6683
173 80.2643 2.776
174 79.2077 2.066
175 76.6274 1.8938
176 85.7075 2.4296
177 75.8843 2.61
178 86.6461 2.1469
179 69.5451 2.5567
180 70.8441 2.4327
181 73.7607 2.4529
182 69.0312 0.6116
183 58.376 2.3176
184 71.95 3.8292
185 62.7472 2.5738
186 86.3914 5.3881
187 69.4389 2.4531
188 75.5019 7.1999
189 60.6147 5.6179
190 74.7168 4.3702
191 75.2972 4.9432
192 67.6808 4.8683
193 72.0693 5.8726
194 74.0493 3.9814
195 67.727 4.6981
196 88.1193 5.3198
197 70.7415 5.8508
198 78.6684 5.1437
199 62.4732 4.5112
200 59.6055 6.3304
201 72.2551 3.6416
202 77.6732 4.0655
203 59.4494 4.0518
204 62.8139 3.3138
205 76.7693 5.1923
206 75.0932 4.6698
207 0 0
208 0 0
209 61.8171 2.8145
210 64.034 4.6545
211 72.5007 2.0619
212 68.3822 3.0485
213 64.0721 2.9301
214 77.1053 2.0786
215 69.72 5.2659
216 73.1624 4.6444
217 69.3136 3.022
218 74.9631 3.3416
219 63.047 3.4473
220 69.9846 3.2223
221 67.4699 3.4706
222 61.2609 5.0941
223 73.7358 4.2905
224 66.2824 4.0758
225 79.4641 3.7222
226 77.7787 2.8433
227 71.1748 2.7618
228 0 0
229 0 0
230 64.8066 2.9657
231 79.2012 2.4601
232 81.3852 2.3302
233 76.8375 3.1558
234 71.6002 3.9582
235 68.0518 3.1409
236 75.4429 2.9453
237 80.6375 2.917
238 76.1501 2.7206
239 73.9453 3.9462
240 62.3262 2.6359
241 73.7946 1.8994
242 73.7736 3.8404
243 74.3333 3.3819
244 75.9813 3.1005
245 66.7395 2.3065
246 64.3381 2.6097
247 69.4013 2.356
248 69.9666 2.1882
249 0 0
250 0 0
251 0 0
