0 77.8272 2.8376
1 72.7752 3.3689
2 70.0565 3.596
3 57.3811 3.5035
4 67.7708 4.5092
5 73.5285 4.4586
6 70.7007 3.9114
7 75.6118 4.9108
8 64.2184 4.592
9 78.3425 3.8735
10 74.3229 3.5574
11 71.2083 3.566
12 75.3626 4.2174
13 66.5665 2.8182
14 71.7258 3.2541
15 67.6075 3.321
16 74.2687 3.8926
17 73.6257 2.8773
18 73.826 3.3147
19 72.9579 3.0555
20 76.8772 2.9644
21 72.8891 3.6031
22 62.2977 2.958
23 76.9465 3.0848
24 76.4676 3.8415
25 81.2173 4.3687
26 86.2741 4.7328
27 75.8954 4.0679
28 59.9636 5.2219
29 62.9177 3.7156
30 74.9891 3.5218
31 68.7932 2.5005
32 63.4238 3.2573
33 76.771 3.3168
34 68.7939 5.7858
35 68.2819 2.8722
36 70.4078 2.6981
37 68.7314 2.5982
38 69.8974 3.6311
39 67.1081 3.0238
40 67.5102 2.7456
41 66.7654 2.9098
42 84.3812 2.5364
43 72.3665 3.2293
44 75.5678 3.6414
45 70.5421 3.187
46 59.6725 2.492
47 79.4398 3.4137
48 64.1113 2.6114
49 68.1059 1.8875
50 76.362 2.9505
51 73.6003 3.7079
52 74.7956 2.5754
53 67.2641 4.2827
54 61.2898 3.7182
55 83.8203 1.7956
56 62.0247 3.4774
57 69.0041 2.0384
58 68.4442 3.3408
59 74.9859 3.9849
60 76.2118 2.3384
61 61.8025 1.7193
62 75.4231 3.5542
63 65.5143 3.7279
64 67.4685 5.8658
65 75.2809 5.3025
66 75.7457 6.7677
67 90.3656 5.4602
68 72.5631 5.8521
69 76.4738 4.5626
70 71.9759 4.9274
71 71.0276 5.8116
72 78.1426 5.3737
73 59.8694 5.3072
74 54.5391 5.2933
75 50.2277 5.0686
76 64.682 3.2423
77 71.4901 3.601
78 58.0955 3.5326
79 63.8761 4.0292
80 58.3633 4.6912
81 0 0
82 0 0
83 80.2176 3.7352
84 77.5558 3.1521
85 86.6019 3.2848
86 83.7955 2.7453
87 73.0525 3.1122
88 96.2029 3.7019
89 74.0008 4.3692
90 86.4994 3.5151
91 85.8016 3.2615
92 81.951 3.7927
93 92.3359 3.2802
94 81.4825 3.5413
95 93.3305 3.4876
96 79.9672 3.3766
97 90.705 3.2753
98 75.654 3.3015
99 68.3556 4.0757
100 61.778 3.7902
101 85.231 3.7094
102 0 0
103 0 0
104 58.9817 1.8902
105 67.6288 2.8016
106 72.0775 2.2225
107 60.8402 2.1655
108 79.7685 1.8538
109 73.9115 3.1955
110 81.3789 2.3608
111 74.5205 2.2165
112 75.8799 2.1295
113 91.27 2.8032
114 72.4016 2.1035
115 80.7977 1.9972
116 86.4738 3.1834
117 78.8985 4.0592
118 72.8457 2.9859
119 97.7906 2.5244
120 78.1273 2.8103
121 94.9059 2.3582
122 87.7654 3.5083
123 0 0
124 0 0
125 85.5583 2.0861
126 82.0673 2.8535
127 82.9994 3.0518
128 67.5648 2.4946
129 75.7192 2.4963
130 73.4476 3.4243
131 75.6431 3.9817
132 74.6992 5.1985
133 65.2302 5.2192
134 66.0117 4.7249
135 72.0471 2.9915
136 73.0057 4.775
137 64.8486 5.2616
138 71.6083 2.8795
139 73.9878 4.4725
140 73.6977 2.8175
141 70.3176 3.0647
142 65.4676 4.1135
143 67.6089 2.801
144 62.2348 2.4481
145 67.8104 3.5689
146 72.0786 3.6495
147 68.3964 2.8139
148 73.5734 2.9575
149 71.2311 2.7258
150 78.5104 3.173
151 67.6009 3.672
152 77.0091 3.6225
153 69.9012 3.591
154 63.234 3.2382
155 83.1404 2.5195
156 81.8503 2.9866
157 72.2971 3.3264
158 78.1567 3.7641
159 87.7889 2.9086
160 86.7539 3.4391
161 87.7057 2.9715
162 58.7347 3.3195
163 71.3658 3.4757
164 59.4793 4.882
165 57.3008 2.4176
166 67.4727 4.184
167 69.0448 2.1646
168 56.2715 2.1493
169 72.4529 2.0779
170 58.6248 3.5476
171 74.0235 2.0015
172 90.9009 3.2001
173 80.4037 2.3333
174 79.2252 1.8512
175 76.9689 1.8057
176 85.5259 2.2969
177 75.8029 2.2134
178 86.5036 1.9918
179 68.1537 3.9039
180 71.0102 2.2172
181 74.3198 2.1296
182 68.9823 0.5894
183 58.8213 1.8977
184 72.2029 3.8
185 62.7192 2.0184
186 86.3896 3.8312
187 69.3344 3.0976
188 76.5776 6.4035
189 60.973 4.7532
190 74.5625 3.8674
191 75.9695 4.3074
192 68.7104 4.2822
193 72.7417 5.0756
194 74.4453 3.5256
195 67.5716 4.3748
196 88.2602 4.7035
197 70.3615 4.8136
198 78.504 4.2734
199 62.7072 4.1306
200 60.6138 5.4196
201 72.1317 3.0805
202 78.1269 3.6281
203 60.0395 3.4216
204 63.1513 3.0257
205 76.6888 4.0491
206 74.6889 4.9064
207 0 0
208 0 0
209 61.8642 2.5255
210 63.4657 3.9631
211 72.8172 1.7494
212 68.5812 2.8109
213 63.9313 2.682
214 77.1644 1.9017
215 69.4815 4.4042
216 73.1593 4.5798
217 69.1746 2.8393
218 74.3178 3.5737
219 62.7955 3.2793
220 69.9611 3.1888
221 67.5001 2.9064
222 61.8617 4.5576
223 73.1336 3.1776
224 66.2284 3.6311
225 79.479 3.4921
226 78.4343 2.5559
227 71.6027 2.4337
228 0 0
229 0 0
230 64.9996 2.831
231 79.3288 2.235
232 81.3787 2.246
233 77.3408 2.712
234 72.4149 3.6273
235 67.8651 2.609
236 75.4972 2.4838
237 80.6824 2.4245
238 76.302 2.4108
239 74.2764 3.3962
240 62.5411 2.2904
241 74.0389 1.8317
242 73.8223 3.4286
243 74.359 2.7865
244 76.1548 2.6995
245 66.7278 2.0582
246 64.3114 2.2505
247 69.435 2.4112
248 70.1673 2.2437
249 0 0
250 0 0
251 0 0
