0 77.6792 3.1804
1 72.679 3.9568
2 70.0914 4.1665
3 56.4403 4.3439
4 67.8233 5.2273
5 73.1188 5.5149
6 70.4631 4.5685
7 75.3531 5.1814
8 64.6134 4.3998
9 78.316 4.1474
10 74.4034 3.7698
11 71.1493 3.9552
12 74.8524 5.1991
13 66.5561 3.1359
14 71.8229 3.4907
15 67.4179 3.9534
16 74.2788 3.6675
17 73.6245 3.3864
18 73.7137 3.2143
19 73.0924 4.3794
20 76.7573 3.363
21 72.5114 4.062
22 62.5125 3.2199
23 77.1075 3.5418
24 76.5289 3.951
25 81.0996 4.6163
26 86.2654 5.1694
27 75.7126 4.4306
28 59.4346 5.922
29 62.7312 4.0025
30 75.0812 3.9328
31 68.8893 2.7062
32 62.9755 3.8311
33 76.7495 3.3806
34 69.4633 5.761
35 67.7595 3.0042
36 70.7246 3.1736
37 68.8767 2.9766
38 70.3985 2.9137
39 67.1259 2.9117
40 67.4133 2.5036
41 66.7489 3.0212
42 84.5687 2.6942
43 72.5978 3.4402
44 75.5602 3.9369
45 70.4239 3.2411
46 59.642 2.5783
47 79.421 3.5207
48 64.0232 2.7566
49 68.1917 2.1736
50 76.0104 3.1033
51 73.4375 3.9756
52 74.7939 3.1805
53 67.0205 4.6005
54 60.3745 4.3366
55 83.8217 1.823
56 61.7084 3.6862
57 68.871 2.1121
58 68.494 3.518
59 75.1618 4.1459
60 76.363 2.2662
61 61.6432 2.0113
62 75.3937 3.9525
63 65.5563 4.1096
64 67.6813 6.4471
65 75.6445 5.2227
66 75.4421 7.0123
67 90.2878 5.819
68 72.8578 6.2535
69 76.8919 4.9355
70 72.3295 5.3537
71 71.9754 6.6217
72 78.3437 5.2004
73 59.6511 5.5746
74 54.3548 5.6299
75 50.1977 5.3057
76 64.5057 3.4442
77 71.6728 4.1853
78 57.7551 4.2044
79 63.9951 4.442
80 57.6851 5.4929
81 0 0
82 0 0
83 80.5184 3.8884
84 77.2029 3.1716
85 86.2318 3.6018
86 82.9324 3.0868
87 73.4889 3.4808
88 96.1244 3.9108
89 74.4341 4.591
90 86.1506 3.7118
91 85.6089 3.4753
92 81.818 4.1194
93 92.3714 3.61
94 81.5441 3.753
95 93.4738 3.4718
96 79.7751 3.601
97 90.9297 3.2448
98 75.7717 3.6305
99 68.3326 4.2737
100 61.654 4.2048
101 85.1179 3.8286
102 0 0
103 0 0
104 58.8022 2.0823
105 67.4749 2.9128
106 72.1113 2.647
107 60.7506 2.4679
108 79.7603 1.8307
109 74.0088 3.5715
110 81.3828 2.8549
111 74.5133 2.2886
112 75.9267 2.3667
113 91.1132 3.0321
114 72.6721 2.2261
115 81.3138 2.2981
116 86.5426 3.5695
117 79.255 4.7553
118 72.9476 3.2715
119 97.7815 2.7442
120 78.2154 3.1684
121 94.9683 2.5867
122 87.8597 3.9766
123 0 0
124 0 0
125 85.3623 2.2263
126 81.9519 2.9847
127 82.7163 3.2778
128 67.3238 2.9507
129 75.978 2.6416
130 73.4008 3.6103
131 75.6655 4.4916
132 74.8722 5.8814
133 64.5466 6.0335
134 66.0779 4.3855
135 72.0799 3.3026
136 73.1388 5.0021
137 64.4604 5.4451
138 71.1363 3.003
139 73.573 4.5635
140 73.8743 3.6838
141 70.278 3.3745
142 65.3326 3.6719
143 67.3588 3.0445
144 61.7098 2.6495
145 67.9268 3.3139
146 72.1043 3.9036
147 68.2457 3.5494
148 73.405 3.184
149 71.1185 2.6828
150 78.4697 3.4738
151 67.5918 3.667
152 76.9096 4.3063
153 69.9794 3.7174
154 63.0953 3.4641
155 83.0917 2.6748
156 82.0312 3.3803
157 72.1391 3.9926
158 78.1581 3.7729
159 87.3754 3.0222
160 86.8029 4.5299
161 87.6662 3.3714
162 59.107 3.1854
163 71.2854 3.6226
164 59.3062 5.2373
165 57.7532 2.8825
166 67.2662 4.3746
167 69.2366 2.3862
168 56.2885 2.4231
169 72.4608 2.3507
170 58.8531 3.857
171 73.7526 2.0877
172 90.7539 3.4144
173 80.1964 2.5688
174 79.2879 1.9809
175 76.9263 1.7659
176 85.7114 2.3133
177 75.8937 2.2882
178 86.7148 1.9633
179 69.8117 2.2998
180 71.2041 2.258
181 74.1626 2.3534
182 69.158 0.6363
183 58.6642 2.1516
184 72.3373 3.7256
185 62.859 2.3384
186 86.3765 4.8593
187 69.7291 2.3363
188 76.2024 6.9599
189 61.1152 5.3621
190 74.8326 4.0057
191 75.9625 4.6413
192 68.328 4.4745
193 72.4845 5.3582
194 74.3804 3.7052
195 67.76 4.7034
196 88.3744 4.9397
197 70.5854 5.3765
198 78.7338 4.3947
199 62.5643 4.2525
200 60.0476 5.9759
201 72.0927 3.5044
202 77.7779 3.7796
203 59.6049 3.6652
204 62.9391 3.1003
205 76.5942 4.4673
206 74.872 4.3745
207 0 0
208 0 0
209 61.5337 2.9565
210 63.7395 3.8519
211 76.1202 5.6999
212 68.2177 3.0253
213 63.9151 3.0695
214 76.821 2.0816
215 69.7055 4.5962
216 73.2156 4.655
217 69.0792 3.2314
218 74.3201 3.4471
219 63.2044 3.4474
220 69.9507 3.2956
221 67.3959 3.3727
222 61.2855 4.9771
223 73.464 3.6794
224 66.2489 3.7166
225 79.4772 3.6455
226 78.158 2.7314
227 71.4011 2.3652
228 0 0
229 0 0
230 64.9535 2.8861
231 79.4843 2.3351
232 81.5439 2.4167
233 77.1249 3.0278
234 71.955 3.8149
235 68.2053 2.964
236 75.6476 2.7318
237 61.7682 4.44
238 76.1348 2.5056
239 74.2194 3.6044
240 62.5581 2.4364
241 73.7997 1.746
242 73.8079 3.5657
243 74.2542 3.0611
244 76.056 3.0903
245 66.7874 2.2453
246 64.3995 2.5959
247 69.4854 2.4247
248 70.1017 2.2012
249 0 0
250 0 0
251 0 0
