0 77.9648 3.0671
1 72.8197 3.4277
2 70.2834 4.0345
3 56.7495 3.9734
4 67.9109 4.7579
5 73.0775 4.9987
6 70.833 4.3365
7 75.461 4.6593
8 64.6583 4.34
9 78.3247 4.1201
10 74.3901 3.2758
11 71.0377 4.2917
12 75.1764 4.9938
13 66.8093 3.2119
14 71.9407 3.7644
15 67.5822 3.7984
16 74.4081 3.5517
17 73.7775 3.3751
18 73.826 2.8046
19 73.4107 4.0423
20 76.8599 3.3943
21 72.6835 3.737
22 62.2625 2.9677
23 76.6945 3.1262
24 76.7143 3.9929
25 81.2456 4.6212
26 86.4644 4.9278
27 75.5305 4.1741
28 59.8307 5.6587
29 62.9674 3.6136
30 74.7995 3.6288
31 68.6453 2.6486
32 63.1165 3.7402
33 76.701 3.7326
34 69.1312 4.6527
35 68.0183 3.2642
36 70.1768 2.9271
37 68.6615 2.6516
38 70.4494 3.1908
39 67.2133 2.9053
40 67.3735 2.5328
41 66.9364 3.066
42 84.5052 2.6009
43 72.5399 3.4319
44 75.3676 3.9331
45 70.5625 3.08
46 59.5602 2.5558
47 79.4745 3.4207
48 63.9751 2.6759
49 68.0137 2.3253
50 76.1057 3.0152
51 73.686 3.7602
52 74.6187 2.7815
53 67.3073 4.3697
54 60.6851 4.2613
55 83.8329 1.8869
56 61.9275 3.6623
57 68.9161 1.9693
58 68.7269 3.4046
59 75.1844 3.7047
60 76.2404 2.1881
61 61.828 1.7748
62 75.4203 3.9534
63 65.4551 4.0366
64 67.5442 5.9226
65 75.4219 5.4173
66 75.1802 6.8834
67 90.2516 5.7736
68 72.3259 6.4626
69 76.4738 4.7638
70 72.1248 5.1223
71 71.7483 6.2455
72 78.2362 5.5074
73 59.6191 5.4654
74 54.3673 5.2875
75 50.0997 5.3629
76 64.4358 3.4907
77 71.6135 3.8748
78 57.6531 3.9275
79 63.9912 4.5507
80 57.8023 5.2093
81 0 0
82 0 0
83 80.2638 3.759
84 77.504 3.1968
85 86.4139 3.4662
86 83.3444 2.9427
87 73.3325 3.501
88 96.3166 3.9002
89 74.292 4.527
90 86.4164 3.8057
91 85.7051 3.38
92 81.8889 4.1275
93 92.4108 3.6406
94 81.5083 4.0432
95 93.2701 3.3794
96 79.8538 3.2919
97 90.9434 3.0863
98 75.6874 3.3809
99 68.4179 4.0059
100 61.7304 3.9583
101 85.2111 3.5356
102 0 0
103 0 0
104 58.8991 2.0802
105 67.6189 3.0422
106 72.1592 2.4443
107 60.5861 2.2954
108 79.7118 1.788
109 73.8286 3.1604
110 81.3304 2.3451
111 74.4246 2.277
112 75.7894 2.1776
113 91.1913 2.9629
114 72.5534 2.019
115 80.9565 2.1722
116 86.4972 3.4839
117 79.077 4.6329
118 72.9809 3.0742
119 97.7915 2.6625
120 78.3046 2.7695
121 94.9632 2.5649
122 87.6851 3.7617
123 0 0
124 0 0
125 85.5938 2.0406
126 81.8654 2.9186
127 82.9246 3.1231
128 67.5445 2.7083
129 75.9505 2.5481
130 73.2104 3.7759
131 75.4466 4.0029
132 75.3246 6.1216
133 64.6609 5.6959
134 65.83 4.4586
135 71.7932 2.9991
136 72.9105 5.1826
137 64.914 5.3279
138 71.2644 2.9398
139 73.7985 4.9127
140 73.7471 3.3299
141 70.5462 2.9102
142 65.7355 3.8761
143 67.5668 2.679
144 62.0769 2.358
145 67.7759 2.8156
146 72.1828 3.7139
147 68.8234 3.0252
148 73.6452 3.0995
149 71.2022 2.9263
150 78.488 3.4966
151 67.4883 3.6898
152 76.9847 3.5916
153 69.991 3.4955
154 63.2477 3.4014
155 83.2211 2.6897
156 82.0756 3.6346
157 72.3345 3.8026
158 78.4349 3.2723
159 87.6526 2.6767
160 86.6092 4.6849
161 87.6806 3.5513
162 58.9318 3.1067
163 71.3695 3.9998
164 59.0981 5.3388
165 57.3519 2.7267
166 67.2315 4.0163
167 69.1501 2.3219
168 56.3938 2.2308
169 72.3683 2.1143
170 58.7141 3.6834
171 73.9977 2.0784
172 90.8223 3.3682
173 80.3691 2.502
174 79.187 1.8845
175 76.9212 1.7603
176 85.4236 2.3577
177 75.7705 2.2452
178 86.4414 2.006
179 68.0942 4.4021
180 71.0798 2.3011
181 74.2946 2.2863
182 68.9941 0.5848
183 58.6267 1.8563
184 72.3564 3.5763
185 62.9767 2.1591
186 86.2922 4.4707
187 69.0704 3.1736
188 76.2141 7.0247
189 61.1222 4.8057
190 74.8516 4.0545
191 75.8171 4.4484
192 68.1651 4.589
193 72.5884 5.3757
194 74.3154 3.7126
195 67.76 4.4137
196 88.5435 4.9104
197 70.3354 5.1519
198 78.5272 4.8462
199 62.708 4.0139
200 59.9409 5.6263
201 72.1558 3.1306
202 77.7802 3.6176
203 59.9591 3.477
204 62.9792 3.1134
205 76.7775 4.0479
206 74.7859 4.3356
207 0 0
208 0 0
209 61.7269 2.6039
210 63.8275 3.8111
211 72.6503 1.8126
212 68.7196 2.8392
213 63.637 2.7816
214 77.0925 1.8397
215 69.2282 4.1555
216 73.0542 4.5685
217 69.1559 3.1024
218 74.5749 3.2541
219 63.0011 3.4532
220 69.784 3.2797
221 67.3218 3.287
222 61.501 4.7313
223 73.5545 3.8042
224 66.2246 3.8265
225 80.0868 3.1063
226 78.4073 2.7715
227 71.5843 2.439
228 0 0
229 0 0
230 64.9424 2.715
231 79.3615 2.2435
232 81.462 2.319
233 76.8995 2.9457
234 72.1638 3.6372
235 68.1189 2.9747
236 75.6222 2.6422
237 80.3532 2.2823
238 76.1327 2.582
239 74.1497 3.5272
240 62.6792 2.3957
241 73.682 1.7673
242 73.8288 3.2024
243 74.2011 3.0664
244 76.188 2.5775
245 66.6446 2.2527
246 64.2987 2.5084
247 69.4771 2.2817
248 69.9896 2.0799
249 0 0
250 0 0
251 0 0
