0 77.1312 3.5205
1 73.1099 4.1275
2 70.268 4.5179
3 56.7455 4.6884
4 68.1472 6.1498
5 73.6815 5.7581
6 71.2616 5.7873
7 75.0215 5.7167
8 64.1814 5.5375
9 78.1675 4.6917
10 74.2193 4.3789
11 70.2213 4.8682
12 75.0993 5.5569
13 67 4.0242
14 72.4003 4.7124
15 67.8897 4.3087
16 74.0464 4.6814
17 73.9961 4.4195
18 73.9557 3.5517
19 73.2274 4.9568
20 77.3685 4.0749
21 72.761 4.61
22 62.8136 3.624
23 77.919 3.8635
24 76.5044 4.477
25 81.0346 5.344
26 87.0412 6.3826
27 76.565 5.0468
28 59.0787 6.929
29 62.8694 4.3774
30 75.1715 4.4315
31 68.9917 3.2386
32 62.7386 4.2692
33 76.8975 4.2947
34 69.2555 6.6577
35 68.6089 4.1367
36 70.3283 3.3894
37 68.8599 3.6517
38 70.4295 4.1671
39 68.4305 3.7209
40 68.0495 3.4187
41 67.0356 3.5815
42 84.9156 3.1061
43 72.8941 4.0983
44 75.8701 4.7117
45 70.9474 3.8502
46 59.8405 3.0487
47 79.7035 4.2507
48 63.7858 3.1839
49 68.584 2.7476
50 76.0088 3.5374
51 73.977 4.6668
52 75.415 3.3394
53 66.1012 5.2471
54 59.1198 5.0365
55 83.1979 2.1442
56 60.9882 4.3458
57 67.5014 2.5069
58 68.347 4.4897
59 75.1791 4.5641
60 76.6173 2.997
61 61.2907 2.2258
62 75.3716 4.7437
63 65.6275 4.7528
64 67.6762 7.9951
65 74.3957 5.9256
66 74.0056 8.1679
67 89.5602 6.5141
68 71.9792 6.9634
69 76.2781 5.6983
70 72.7212 6.2454
71 71.7 7.7632
72 78.2334 6.6152
73 59.9739 5.9496
74 54.4773 5.8943
75 51.0257 5.6649
76 64.9261 3.8658
77 72.4182 4.6798
78 59.1259 4.5735
79 65.2166 5.4007
80 59.39 6.4167
81 0 0
82 0 0
83 81.2046 4.4271
84 76.7519 3.5556
85 86.4332 4.1852
86 82.906 3.3831
87 73.3514 3.7113
88 95.8945 4.3543
89 74.533 5.5587
90 86.7186 4.8036
91 85.7357 4.0008
92 80.8466 4.6803
93 92.2116 4.0305
94 81.274 4.2357
95 92.6731 4.3885
96 79.1269 3.8983
97 90.7774 4.3059
98 76.0435 4.3358
99 68.3214 5.0028
100 61.973 5.5882
101 84.7719 4.3517
102 0 0
103 0 0
104 59.2103 2.4367
105 67.7597 3.4079
106 71.9903 2.8682
107 60.2631 2.7412
108 79.5527 2.0671
109 73.9287 4.3107
110 81.1668 3.1023
111 74.2066 2.6625
112 76.068 2.5783
113 90.8077 3.5718
114 72.6973 2.5378
115 81.1192 2.6953
116 86.2312 4.0467
117 79.0099 5.6344
118 73.5596 4.1358
119 97.5134 3.334
120 78.0691 3.5844
121 94.0736 3.1029
122 87.2166 4.4546
123 0 0
124 0 0
125 85.7145 2.3437
126 82.4623 3.4462
127 83.1669 3.6164
128 68.0359 3.6236
129 76.0023 2.9406
130 73.5781 4.1244
131 76.3945 5.3675
132 75.7544 6.7908
133 64.0955 7.2011
134 66.0523 5.0507
135 72.867 3.8812
136 73.4126 5.505
137 63.1889 6.7857
138 70.947 3.5913
139 74.6018 5.9171
140 74.1692 3.9894
141 70.2142 3.809
142 65.0102 4.447
143 67.2724 3.1715
144 61.5238 3.2147
145 67.978 3.7689
146 72.1901 4.442
147 68.9068 4.3324
148 73.5591 3.5946
149 71.6208 3.5601
150 79.0604 3.8971
151 67.7901 4.5658
152 77.2417 4.5427
153 70.4697 4.541
154 63.5701 4.06
155 83.1252 3.538
156 82.1227 4.1971
157 72.3414 4.2242
158 78.1486 4.2985
159 87.4218 3.6432
160 86.8309 5.1594
161 87.7815 4.0507
162 59.0937 4.8617
163 70.8116 4.4416
164 58.7075 6.505
165 57.4469 4.0848
166 66.9989 4.7991
167 69.3423 2.7912
168 56.6783 2.7541
169 72.7649 2.557
170 58.7335 4.9805
171 73.6929 2.4724
172 89.9682 3.987
173 80.5108 2.8333
174 78.9139 2.2689
175 76.1887 2.0555
176 86.1568 2.6213
177 75.853 2.6885
178 86.7712 2.3925
179 67.6108 3.8711
180 71.0466 2.6169
181 74.0655 2.7208
182 69.2697 0.5637
183 58.8479 2.4844
184 72.4888 4.2967
185 63.2635 2.8491
186 86.7139 5.8344
187 69.2108 2.4293
188 74.9952 8.0747
189 61.0564 6.376
190 74.8563 5.0837
191 75.3026 5.2597
192 67.3754 5.4242
193 72.3377 6.1706
194 73.9094 4.2657
195 67.7402 5.3733
196 88.2411 6.0346
197 71.1726 6.4943
198 78.7857 5.4758
199 63.3712 4.5936
200 60.2968 6.2768
201 73.0949 3.7656
202 77.8468 4.4025
203 59.1906 4.62
204 63.5888 3.4453
205 74.2812 8.6378
206 75.2725 5.0377
207 0 0
208 0 0
209 62.0391 3.1404
210 65.5093 4.7148
211 77.8079 5.4771
212 68.6781 3.4009
213 64.2971 3.2438
214 77.5523 2.6646
215 70.4196 5.1078
216 74.3068 5.0547
217 69.636 3.3463
218 74.7191 3.8807
219 63.3595 4.0083
220 69.8499 3.705
221 67.1983 3.7513
222 61.09 5.9556
223 73.576 4.6713
224 66.9638 4.5486
225 79.4791 3.9938
226 77.193 3.3932
227 70.8381 2.8451
228 0 0
229 0 0
230 64.842 3.2789
231 79.6131 2.7395
232 81.6017 2.7418
233 76.5515 3.4778
234 71.3206 4.4799
235 68.5478 3.6798
236 75.7961 3.0404
237 -107.159 37.1841
238 75.755 2.9214
239 73.6245 4.2315
240 62.2114 2.9972
241 73.2223 2.0614
242 73.374 4.0954
243 73.8454 3.8216
244 75.975 3.6204
245 67.0446 2.5747
246 64.5831 2.9704
247 69.4368 2.8465
248 70.1982 2.46
249 0 0
250 0 0
251 0 0
