0 77.2856 3.6235
1 72.6019 4.1862
2 70.3661 4.5058
3 56.9368 4.5337
4 68.3653 5.9673
5 73.1622 5.6959
6 71.0305 5.4233
7 75.1877 6.0386
8 64.2445 5.2987
9 78.1834 4.8692
10 74.2639 4.2275
11 70.259 4.5886
12 75.309 5.5063
13 66.7675 3.9388
14 72.3995 4.6432
15 67.9726 5.0412
16 74.3654 4.98
17 73.9532 4.2054
18 74.0044 3.9598
19 73.0997 4.9973
20 77.4162 4.0048
21 72.6652 4.6013
22 62.8776 3.5889
23 77.8818 4.1777
24 76.3816 4.5866
25 81.1903 5.5703
26 87.0196 6.3089
27 76.7193 5.4994
28 59.2269 6.6893
29 62.802 4.6082
30 74.8175 4.5799
31 69.1153 3.4026
32 62.9447 4.2832
33 76.8316 4.2954
34 69.1874 8.1211
35 68.4578 4.2802
36 70.3536 3.557
37 68.4167 4.6096
38 70.6717 4.0376
39 68.0342 3.6669
40 67.9168 3.9074
41 67.0523 3.6538
42 84.7296 3.1157
43 72.5889 4.1888
44 75.7871 4.9685
45 71.2004 3.8062
46 60.0662 3.0908
47 79.8406 4.3048
48 63.9179 3.2348
49 68.7762 2.7767
50 76.2405 3.5098
51 74.1741 4.6068
52 75.2539 3.5059
53 65.9014 5.4208
54 59.2624 5.1482
55 83.2683 2.118
56 61.0872 4.1334
57 67.5752 2.6263
58 68.1937 4.2774
59 75.0347 4.8525
60 76.7467 2.8391
61 61.1732 2.2952
62 75.5357 4.8383
63 65.6493 5.1258
64 67.442 7.8504
65 74.2432 5.995
66 74.0754 7.568
67 89.6519 6.4871
68 72.1183 6.9396
69 76.4719 5.6896
70 72.8771 6.2712
71 71.5801 7.7302
72 78.7504 6.7804
73 60.2057 5.952
74 54.934 5.5344
75 51.572 5.2796
76 64.9642 3.9481
77 72.4798 4.5343
78 58.9524 4.4881
79 65.3695 5.7376
80 58.9285 6.4393
81 0 0
82 0 0
83 80.9001 4.4906
84 76.5643 3.5958
85 86.5318 4.0498
86 82.8462 3.4099
87 73.2405 4.1347
88 95.6477 4.279
89 74.5511 5.8994
90 86.3322 4.8332
91 85.8513 4.186
92 80.8396 4.6987
93 92.1272 3.8314
94 81.3657 4.4158
95 92.8973 4.1884
96 79.2213 4.0174
97 90.9494 4.2967
98 76.0066 4.8758
99 68.234 5.1736
100 61.5111 6.0469
101 84.8612 4.4074
102 0 0
103 0 0
104 59.0675 2.4907
105 67.7139 3.4008
106 71.9781 2.8847
107 60.1291 2.8503
108 79.5297 2.1694
109 74.0675 4.0604
110 81.3169 3.1008
111 74.3314 2.7507
112 75.9485 2.6435
113 90.7296 3.4934
114 72.722 2.5576
115 80.9843 2.6588
116 86.1883 4.0409
117 78.8899 5.7158
118 73.5018 4.2694
119 97.4777 3.4321
120 78.1334 3.5363
121 94.0593 3.1999
122 87.1987 4.4926
123 0 0
124 0 0
125 85.7896 2.4499
126 82.6618 3.5053
127 83.2299 3.5483
128 68.0893 3.4766
129 75.9572 2.9296
130 73.6035 4.112
131 76.6458 5.5788
132 75.4398 6.7811
133 64.231 6.9807
134 66.0012 5.3769
135 72.9446 4.098
136 73.2769 5.6761
137 63.6693 6.5325
138 71.0177 3.6732
139 74.4391 5.9911
140 74.4248 4.5715
141 69.9347 3.8128
142 65.2434 4.7735
143 66.9926 3.3906
144 61.3584 3.2889
145 67.8476 4.1795
146 72.0087 4.8055
147 69.0774 4.0858
148 73.5177 3.5244
149 71.6646 3.7302
150 78.836 4.0237
151 67.7907 4.2894
152 77.3582 4.608
153 70.3761 4.8925
154 63.6081 4.1785
155 83.1217 3.6096
156 82.3012 3.9667
157 72.1807 4.1838
158 77.9882 4.466
159 87.4614 3.6115
160 87.4189 4.9993
161 87.6303 4.3526
162 58.8185 4.824
163 70.9076 4.3466
164 58.2217 6.5303
165 57.0654 4.3615
166 66.5973 5.2002
167 69.3945 2.7524
168 56.5433 2.7774
169 72.7178 2.6538
170 58.7984 4.9487
171 73.4591 2.3592
172 90.2064 3.806
173 80.4752 2.9072
174 78.8575 2.3041
175 76.1599 2.0004
176 86.2663 2.6628
177 75.7756 2.5257
178 86.8892 2.3279
179 67.5267 3.9396
180 71.0053 2.6927
181 74.0742 2.739
182 69.3054 0.5989
183 59.1377 2.6322
184 72.7198 4.5975
185 63.2913 2.8365
186 86.7759 5.9002
187 69.0432 2.5386
188 75.212 8.5773
189 61.203 6.1244
190 75.2087 4.906
191 75.4708 5.5164
192 66.7523 5.2943
193 71.9935 6.4566
194 73.7421 4.4517
195 67.8532 5.2972
196 88.1224 5.8967
197 71.0777 6.3066
198 78.8022 5.7586
199 63.378 4.5404
200 60.1746 6.4756
201 73.168 3.8972
202 77.7928 4.2964
203 59.582 4.5541
204 63.5023 3.4739
205 72.5274 9.3737
206 75.2804 5.4716
207 0 0
208 0 0
209 62.0861 3.1103
210 65.101 4.7024
211 72.7645 2.427
212 68.465 3.3213
213 64.2117 3.2607
214 77.31 2.2229
215 70.2402 5.1219
216 73.8152 5.1619
217 69.524 3.4073
218 74.961 3.9514
219 63.5543 4.0561
220 69.8303 3.5541
221 67.124 3.8525
222 60.9813 5.872
223 74.0269 4.8686
224 66.5174 4.4071
225 79.2542 4.2036
226 77.3581 3.458
227 70.9449 2.9035
228 0 0
229 0 0
230 64.7081 3.2375
231 79.7089 2.8252
232 81.7384 2.6622
233 76.3913 3.3802
234 71.4878 4.4912
235 68.5665 3.6511
236 75.7018 3.0939
237 -99.0239 35.0459
238 75.8724 2.9025
239 73.9509 3.891
240 62.4345 3.1364
241 73.2437 2.1119
242 73.3473 4.1856
243 73.9546 4.0248
244 75.9846 3.3443
245 67.0862 2.5548
246 64.6258 2.8396
247 69.3504 2.8728
248 70.0542 2.564
249 0 0
250 0 0
251 0 0
