0 77.3829 3.549
1 72.7767 4.1132
2 69.832 4.461
3 55.8799 4.9361
4 67.5284 5.7876
5 72.9174 5.5389
6 70.8052 5.6907
7 75.0352 6.0417
8 64.3582 5.0344
9 78.5588 4.4615
10 74.1563 4.1152
11 70.6409 4.6249
12 74.8225 5.1452
13 66.7135 3.9113
14 71.7345 4.7683
15 67.1243 4.4849
16 73.9477 4.7429
17 73.5278 4.1944
18 73.5415 3.3622
19 73.3624 4.1654
20 76.9258 3.8919
21 72.3169 4.4802
22 62.2089 3.514
23 77.0318 3.6551
24 76.2908 4.4186
25 80.9946 5.2565
26 86.3022 6.3883
27 75.8765 5.0086
28 58.9072 6.7014
29 62.6114 4.5142
30 75.0235 4.8347
31 68.8328 2.97
32 62.9761 4.1602
33 76.893 3.9794
34 69.6418 6.2435
35 68.0076 4.1842
36 70.6003 3.9638
37 68.6018 3.9509
38 70.4794 3.8778
39 66.9946 3.6519
40 67.6063 3.1189
41 66.7959 3.507
42 84.5021 2.975
43 72.7857 3.8697
44 75.5377 4.6125
45 70.3793 3.6433
46 59.4024 2.9359
47 79.2775 4.0532
48 63.7462 3.0101
49 68.1725 2.4146
50 75.7324 3.3485
51 73.7616 4.9353
52 74.8187 3.4393
53 66.3936 5.0722
54 59.472 5.0575
55 83.6687 2.0792
56 61.2026 4.2741
57 68.2691 2.5607
58 67.9826 4.4896
59 75.0784 4.6722
60 76.2446 2.8062
61 61.4764 2.1271
62 75.1245 4.7731
63 65.4196 4.7015
64 67.1528 7.4562
65 74.7683 5.7883
66 74.5983 7.7039
67 89.6889 6.2557
68 72.1457 6.7532
69 76.7972 5.4288
70 72.4529 5.8907
71 71.7412 7.3961
72 78.2852 6.3417
73 59.1142 6.1402
74 54.401 5.7879
75 49.791 5.6666
76 64.4508 3.7829
77 71.7024 4.4213
78 57.5349 4.7643
79 64.3232 5.2871
80 57.4408 6.6986
81 0 0
82 0 0
83 80.3839 4.2689
84 77.0472 3.6484
85 86.3086 3.9552
86 82.9162 3.4021
87 73.1705 3.7776
88 95.9079 4.2869
89 74.2718 5.8343
90 86.5565 4.3595
91 85.8696 4.117
92 81.1367 4.6128
93 92.1983 3.9338
94 81.5163 4.0355
95 93.5027 3.9366
96 79.4118 3.8151
97 90.979 3.8854
98 75.7274 4.1726
99 68.3162 4.7718
100 61.5642 5.0572
101 84.7022 4.2026
102 0 0
103 0 0
104 58.8764 2.3836
105 67.3608 3.2024
106 72.0508 2.8827
107 60.336 2.6548
108 79.7481 2.0157
109 73.8967 3.9259
110 81.2985 3.099
111 74.2288 2.5542
112 75.793 2.5545
113 90.5424 3.3879
114 72.3464 2.3961
115 81.1583 2.5145
116 86.4558 3.8084
117 79.2576 5.4487
118 73.0348 3.9784
119 97.7751 3.1622
120 78.2377 3.3708
121 94.337 3.0283
122 87.4532 4.369
123 0 0
124 0 0
125 85.0428 2.5399
126 81.711 3.2436
127 82.7099 3.6327
128 67.2077 3.485
129 75.5179 2.8797
130 72.7777 4.3089
131 75.5037 4.9694
132 75.1453 7.0776
133 63.7457 7.0167
134 65.72 4.9679
135 72.0385 3.8216
136 73.0572 5.7041
137 63.5113 6.4544
138 70.5663 3.4538
139 73.8002 5.5661
140 73.8665 3.5811
141 70.109 3.7403
142 65.3003 4.4831
143 67.0929 3.3657
144 61.407 2.9276
145 67.9265 3.8772
146 71.7796 4.1224
147 68.5024 3.6204
148 73.5507 3.4381
149 71.2246 3.5528
150 78.6993 3.7964
151 67.5139 4.1861
152 77.0927 4.5246
153 70.0523 4.22
154 62.8456 3.7359
155 83.0974 3.1699
156 81.7179 3.9038
157 72.0586 4.2825
158 78.1085 4.4341
159 87.1113 3.4595
160 86.4673 4.1613
161 87.8131 4.5599
162 58.6631 4.7162
163 70.9586 4.2502
164 58.4549 6.033
165 57.7525 3.7111
166 66.6525 4.8212
167 69.1784 2.6053
168 56.2241 2.7026
169 72.577 2.5543
170 58.4641 4.7544
171 73.9635 2.3034
172 90.351 3.7866
173 80.3678 2.9034
174 79.2056 2.1906
175 76.8251 2.0085
176 85.6431 2.6671
177 75.896 2.7306
178 86.7422 2.2878
179 69.2902 2.4459
180 70.9963 2.4689
181 73.8223 2.5806
182 69.2695 0.6304
183 58.5381 2.3756
184 72.1773 4.1955
185 62.8859 2.4859
186 86.3746 5.5613
187 69.5035 2.7598
188 75.2519 7.6765
189 61.037 6.0123
190 74.8576 4.5888
191 75.4957 5.0571
192 67.4744 5.1898
193 72.141 6.1455
194 73.9987 4.0957
195 67.7992 5.4111
196 88.0065 5.6553
197 70.5428 5.9061
198 78.8387 5.282
199 62.4842 4.7377
200 59.4846 6.6201
201 72.311 3.8525
202 77.2547 4.1929
203 59.3379 4.4168
204 62.9371 3.2907
205 76.9591 5.3299
206 74.6593 4.8434
207 0 0
208 0 0
209 61.3923 3.0534
210 64.2852 4.6159
211 76.994 5.7495
212 68.0448 3.3271
213 63.8179 3.2172
214 76.7117 2.4271
215 69.6819 5.1304
216 73.5145 4.8159
217 69.2117 3.5073
218 74.3797 3.841
219 62.9124 3.8141
220 69.6445 3.563
221 67.284 3.6863
222 61.1344 5.8708
223 73.7059 4.2562
224 66.3998 4.2581
225 79.6129 3.8955
226 77.2934 3.3108
227 71.0876 2.7671
228 0 0
229 0 0
230 64.6427 3.1057
231 79.2758 2.6587
232 81.6469 2.5492
233 76.6495 3.2497
234 71.4048 4.1938
235 68.1568 3.1194
236 75.6797 3.0408
237 80.2637 3.0272
238 76.2615 2.8238
239 74.1107 3.9221
240 62.6228 2.8325
241 73.4032 1.9469
242 73.479 4.1504
243 74.4447 3.4706
244 76.2076 3.0683
245 66.7031 2.5942
246 64.272 2.7582
247 69.454 2.6257
248 70.0715 2.4174
249 0 0
250 0 0
251 0 0
