0 77.5822 3.4357
1 72.741 4.2539
2 70.008 4.4609
3 56.3113 4.7647
4 67.9065 6.1623
5 73.2024 5.7743
6 70.7625 5.3485
7 75.1998 5.8158
8 64.3534 5.3911
9 78.2498 4.3635
10 74.1669 4.1877
11 70.6366 4.8068
12 74.4168 5.5388
13 66.7365 3.5937
14 71.7856 4.6141
15 67.1295 4.6741
16 73.9268 4.362
17 73.4478 3.8349
18 73.6933 3.7259
19 73.1532 4.3109
20 76.7255 3.9509
21 72.2341 4.3715
22 62.2843 3.4961
23 77.0562 4.0017
24 76.2816 4.4484
25 80.6569 5.2533
26 86.7105 6.2487
27 75.8819 5.3308
28 59.2201 6.3586
29 62.4125 4.1875
30 74.7092 4.3069
31 68.7868 2.9198
32 62.8181 3.943
33 76.6434 4.3268
34 69.5232 6.1122
35 67.8815 3.8883
36 70.3422 3.2221
37 68.6429 3.6997
38 70.3157 3.7164
39 67.2307 3.3094
40 67.6377 3.1364
41 66.7251 3.4589
42 84.5333 2.9381
43 72.6569 4.0353
44 75.4163 4.7397
45 70.1701 3.7676
46 59.4123 2.8458
47 79.2563 4.0798
48 63.7165 3.0763
49 68.1534 2.4377
50 75.6341 3.362
51 73.5759 4.6486
52 74.8279 3.3919
53 66.2278 5.2505
54 59.6916 4.8085
55 83.7753 2.0453
56 61.3647 4.1432
57 68.31 2.6112
58 68.1842 4.2882
59 75.0005 4.4754
60 76.4524 2.617
61 61.4473 2.143
62 75.1058 4.5606
63 65.4594 4.978
64 66.8845 7.3014
65 74.6375 5.7938
66 74.3233 7.5386
67 89.5757 6.3797
68 72.1269 6.6627
69 76.7809 5.4434
70 72.256 6.1119
71 71.9463 7.287
72 78.1528 6.1733
73 58.8213 5.9524
74 54.1256 5.9092
75 50.9074 5.2988
76 64.2592 3.8914
77 71.6393 4.3766
78 57.7244 4.7424
79 64.2666 4.9443
80 56.6821 7.0669
81 0 0
82 0 0
83 80.5099 4.2024
84 77.1551 3.6786
85 86.3693 3.975
86 82.9887 3.2613
87 73.1598 3.8355
88 95.8267 4.2786
89 73.9069 5.6507
90 86.6299 4.4136
91 85.8317 4.1378
92 81.3276 4.7122
93 92.0215 4.0816
94 81.4969 4.1704
95 93.186 4.0544
96 79.4941 3.8966
97 90.9607 3.7917
98 76.0062 4.1914
99 68.1148 4.6451
100 61.5537 5.0288
101 84.7206 4.1412
102 0 0
103 0 0
104 58.9722 2.1837
105 67.4961 3.1108
106 71.9773 2.8703
107 60.4693 2.667
108 79.6341 2.1185
109 74.0979 3.7958
110 81.2342 2.9836
111 74.2334 2.6243
112 75.7412 2.6191
113 90.6742 3.4236
114 72.4222 2.4561
115 81.2607 2.5722
116 86.0751 4.0311
117 78.9094 5.7026
118 73.0968 3.884
119 97.708 2.872
120 78.1408 3.3413
121 94.3966 3.0592
122 87.6954 4.3678
123 0 0
124 0 0
125 85.3545 2.2882
126 81.7032 3.345
127 82.786 3.4717
128 67.3133 3.2951
129 75.7367 2.7978
130 73.2288 3.9206
131 75.6083 4.9772
132 75.1435 6.6016
133 63.4153 6.9415
134 65.9174 5.2915
135 71.8721 4.0222
136 72.9065 5.8201
137 63.5375 6.4629
138 70.5189 3.4769
139 73.889 5.2308
140 74.0359 4.0937
141 70.3596 3.6149
142 65.2859 4.5209
143 67.3362 3.2472
144 61.5903 2.809
145 68.0722 3.8041
146 71.7558 4.6455
147 68.7066 3.712
148 73.3772 3.4265
149 71.3629 3.4123
150 78.5918 3.8664
151 67.4006 4.1324
152 76.8776 4.2676
153 69.9603 4.2613
154 63.1121 4.0831
155 83.0724 3.4551
156 81.9424 4.0789
157 72.0677 4.4402
158 78.0468 4.3968
159 87.2247 3.303
160 86.5634 4.3499
161 87.6037 4.2855
162 58.7741 4.6692
163 70.8018 4.735
164 58.2481 6.3086
165 57.603 4.1375
166 66.7955 4.7803
167 69.0811 2.7848
168 56.0591 2.7222
169 72.5416 2.5259
170 58.6605 4.7346
171 73.8519 2.3588
172 90.1979 3.82
173 80.3454 2.8485
174 79.1149 2.1576
175 76.6585 1.9751
176 85.6517 2.6673
177 75.8902 2.5333
178 86.6225 2.326
179 69.508 2.2752
180 70.8624 2.549
181 73.8999 2.5705
182 69.0611 0.6109
183 58.5629 2.4089
184 72.2386 4.1822
185 62.9314 2.4668
186 86.5578 5.0096
187 69.4335 2.7182
188 75.0416 7.7141
189 60.8738 6.0112
190 74.9174 4.5549
191 75.3649 5.1286
192 67.7093 5.3136
193 72.0465 5.8645
194 74.1291 4.2028
195 67.4847 5.213
196 87.9519 5.6761
197 70.2628 5.8673
198 78.7649 5.1673
199 62.7189 4.7185
200 59.0401 6.5476
201 72.2542 3.7277
202 77.1321 4.1501
203 59.3058 4.6842
204 62.867 3.3304
205 77.3533 5.0063
206 74.3911 4.9803
207 0 0
208 0 0
209 61.1458 3.1025
210 64.0013 4.5421
211 72.1879 2.3474
212 67.9503 3.2507
213 63.7072 3.1799
214 76.6524 2.3966
215 69.858 5.1117
216 73.3391 4.6816
217 69.2206 3.1153
218 74.5982 3.5845
219 63.0817 3.6664
220 69.8638 3.2759
221 67.3151 3.5338
222 60.862 5.8061
223 73.54 4.6737
224 66.5018 4.3836
225 79.2113 4.2348
226 77.3394 3.3051
227 71.0733 2.6527
228 0 0
229 0 0
230 64.7562 3.2073
231 79.396 2.6233
232 81.54 2.676
233 76.5506 3.2963
234 71.291 4.2451
235 68.2564 3.2184
236 75.6047 3.0151
237 80.5642 3.3227
238 76.2325 2.8789
239 74.0591 3.9176
240 62.4094 3.1207
241 73.6579 2.0543
242 73.5487 4.0308
243 74.2719 3.8364
244 76.1079 3.2935
245 66.8135 2.5896
246 64.2583 2.7334
247 69.3713 2.6648
248 69.9275 2.4553
249 0 0
250 0 0
251 0 0
