0 77.2825 3.3849
1 72.8879 4.1505
2 69.6549 4.5191
3 56.702 4.6513
4 68.0301 6.2466
5 73.3065 6.0027
6 70.3554 5.7075
7 75.0204 6.1559
8 64.6435 5.2619
9 78.3944 5.0881
10 74.1646 4.3604
11 70.7896 4.568
12 74.6999 5.4788
13 66.5882 4.0477
14 72.35 4.4334
15 67.2307 4.6484
16 73.9883 4.6672
17 73.9702 3.9856
18 73.4472 4.0644
19 73.0325 4.746
20 76.8808 3.9795
21 71.8094 4.696
22 62.1082 3.6795
23 76.9182 4.1804
24 76.1959 4.6608
25 80.5269 5.611
26 86.22 6.3165
27 75.4984 5.6241
28 58.7166 6.7437
29 62.5729 4.5234
30 74.7979 4.5682
31 68.7268 3.3659
32 63.1478 4.0793
33 76.5002 4.215
34 68.8196 7.0173
35 68.1022 4.5705
36 70.6166 3.5875
37 68.7546 4.1089
38 70.2784 4.3029
39 67.2055 3.5822
40 67.2679 3.7722
41 66.7915 3.6447
42 84.4488 3.125
43 72.5895 4.0932
44 75.6573 5.0495
45 70.1674 3.7643
46 59.5786 2.9572
47 79.2896 4.0965
48 63.632 3.1307
49 68.3437 2.657
50 75.6663 3.4757
51 73.8605 4.7628
52 75.0687 3.3479
53 66.0996 5.279
54 59.3456 5.2705
55 83.4385 2.2007
56 60.9936 4.4915
57 68.2554 2.6137
58 67.9484 4.3546
59 74.9915 4.4362
60 76.3621 2.7168
61 61.4044 2.2979
62 75.0805 4.6394
63 65.1916 5.0268
64 67.0381 7.9704
65 74.3505 6.0129
66 73.8159 8.1407
67 89.3209 6.4747
68 72.0399 7.1336
69 76.773 5.361
70 72.2551 6.362
71 71.7715 7.8084
72 78.0886 6.8776
73 59.2854 6.2127
74 53.3739 6.3502
75 50.2104 5.6615
76 64.0327 4.0306
77 71.818 4.5972
78 57.6186 4.8947
79 64.1823 5.2786
80 56.8391 7.7507
81 0 0
82 0 0
83 80.5569 4.5447
84 76.8715 3.7659
85 86.2443 4.2031
86 82.7748 3.4876
87 72.9707 3.9167
88 95.6571 4.5363
89 74.2916 5.7236
90 86.7719 4.5935
91 85.732 4.3474
92 80.7644 4.934
93 91.7639 4.1874
94 81.2696 4.4173
95 93.3082 3.9756
96 79.281 4.1936
97 91.0939 4.3653
98 75.6512 4.2972
99 67.8474 5.0676
100 61.0666 5.5232
101 84.3404 4.7219
102 0 0
103 0 0
104 58.8292 2.4026
105 67.3 3.4043
106 72.0182 2.9331
107 60.4347 2.8184
108 79.7147 2.1288
109 74.1771 3.9286
110 81.2778 3.1656
111 74.217 2.6924
112 75.8665 2.6713
113 90.4764 3.4003
114 72.5515 2.4871
115 81.3295 2.6685
116 86.2236 4.1461
117 79.1501 5.5736
118 72.9774 4.4862
119 97.6087 3.3928
120 78.3652 3.5984
121 94.0734 3.331
122 87.5061 4.518
123 0 0
124 0 0
125 85.2432 2.4377
126 81.9343 3.4891
127 82.6879 3.7168
128 67.3267 3.5905
129 75.5081 2.9783
130 72.821 4.2371
131 75.6207 5.0729
132 75.3734 7.7301
133 63.2073 7.2748
134 65.7659 5.2875
135 71.903 4.2688
136 72.9299 5.7316
137 63.1817 6.9184
138 70.4989 3.697
139 73.772 6.3482
140 73.9192 4.2437
141 69.9366 3.7177
142 65.3307 4.8304
143 67.1889 3.269
144 61.0692 3.1272
145 67.9788 3.5537
146 71.8447 4.5766
147 68.6554 4.007
148 73.2986 3.6337
149 71.4118 3.4687
150 78.6897 4.2661
151 67.4827 4.2854
152 77.0752 4.5627
153 70.1248 4.9783
154 63.1601 4.0461
155 83.002 3.4675
156 82.0687 4.2666
157 72.089 4.483
158 78.1979 4.368
159 87.0879 3.519
160 86.5291 5.1889
161 88.174 4.0262
162 58.3454 5.12
163 70.6945 4.2222
164 57.8352 6.7076
165 57.4615 4.3514
166 66.4998 4.6175
167 69.0957 2.7646
168 55.9899 2.8072
169 72.4911 2.6412
170 58.5678 4.8906
171 73.8852 2.4802
172 90.0087 3.8711
173 80.3278 2.8609
174 78.9984 2.3353
175 76.4918 2.0667
176 85.6471 2.7694
177 75.9193 2.6433
178 86.6718 2.4935
179 69.6952 2.3798
180 70.8318 2.6479
181 73.7715 2.6068
182 69.1719 0.6295
183 58.5305 2.4228
184 72.1982 4.4617
185 62.8752 2.6843
186 86.0881 5.5381
187 69.5943 2.783
188 74.8335 8.0691
189 60.8236 6.5066
190 74.8039 4.8361
191 75.2391 5.2235
192 67.3581 5.3771
193 71.9584 6.1119
194 73.8073 4.2707
195 67.4151 5.211
196 87.9283 5.7624
197 70.6045 6.459
198 78.4899 5.7693
199 62.5639 4.6813
200 59.3604 6.4475
201 72.0023 4.0947
202 77.006 4.3931
203 58.759 4.6473
204 62.8145 3.5753
205 76.7392 5.6946
206 74.3169 5.2977
207 0 0
208 0 0
209 61.536 3.0345
210 64.68 4.4989
211 75.9998 7.0054
212 68.17 3.2614
213 63.9619 3.2379
214 77.0283 2.3853
215 69.8366 5.07
216 73.316 4.5871
217 69.2627 3.1283
218 74.5021 3.8886
219 63.0067 3.8513
220 69.6498 3.5718
221 66.909 3.9132
222 60.7678 6.0412
223 73.3436 4.8898
224 66.3627 4.4579
225 79.2135 4.0032
226 77.2091 3.4677
227 70.7714 2.834
228 0 0
229 0 0
230 64.5057 3.1511
231 79.1986 2.7545
232 81.3597 2.851
233 76.521 3.4357
234 71.0715 4.4864
235 68.2323 3.7703
236 75.4773 3.0877
237 292.897 1.3177
238 75.9001 2.9933
239 73.8069 3.9594
240 62.4831 2.9078
241 73.4422 2.0538
242 73.5264 4.1128
243 74.2526 3.9427
244 75.8656 3.2475
245 66.7955 2.6139
246 64.2321 2.9114
247 69.2314 2.8117
248 69.7953 2.6837
249 0 0
250 0 0
251 0 0
