0 76.8314 3.4915
1 72.7836 4.6183
2 69.7654 4.5188
3 56.989 4.8779
4 68.4102 6.6705
5 73.5964 6.2925
6 71.1519 6.0179
7 74.7797 6.2441
8 63.8007 5.8728
9 78.0252 5.329
10 73.9109 4.5886
11 69.9789 5.1357
12 74.7563 5.7642
13 66.9654 4.4542
14 72.0947 4.962
15 67.7146 5.0965
16 73.8471 5.096
17 73.6059 4.6818
18 73.2946 3.8742
19 73.2958 4.8311
20 77.2609 4.2178
21 72.525 4.6319
22 62.7647 3.8451
23 77.7459 4.224
24 76.3002 4.6473
25 80.9033 5.7821
26 86.9521 6.5107
27 76.7864 5.3965
28 59.2074 6.9942
29 62.4336 4.8779
30 75.031 4.7297
31 69.0945 3.6452
32 62.6381 4.6501
33 76.9164 4.4545
34 69.5521 7.7133
35 68.3939 4.4149
36 70.1805 3.654
37 69.0087 4.1022
38 70.6483 3.805
39 68.3702 3.883
40 67.6079 3.9895
41 66.758 3.7164
42 84.8018 3.1657
43 72.9591 4.3303
44 75.5429 5.2909
45 70.9087 4.2415
46 59.5945 3.161
47 79.45 4.6102
48 63.4971 3.4141
49 68.5143 2.8591
50 75.7249 3.6961
51 74.3589 5.2081
52 75.4146 3.8126
53 65.4799 5.5326
54 58.8922 5.3327
55 83.1555 2.2258
56 60.6793 4.6114
57 67.2561 2.8081
58 68.2324 4.5925
59 74.622 5.8915
60 76.8993 2.8887
61 61.1127 2.2394
62 75.4543 5.1234
63 65.4018 5.3041
64 67.0717 8.5801
65 73.982 6.3863
66 73.2484 8.6841
67 89.0844 6.8947
68 71.3273 7.4601
69 76.3863 5.9237
70 72.4557 6.6927
71 71.7772 8.3749
72 77.9719 7.3074
73 60.2657 6.2222
74 54.3585 6.1922
75 49.743 6.3558
76 65.0978 4.0504
77 72.3829 4.8298
78 58.8494 4.9858
79 65.1885 5.8375
80 59.1419 7.2149
81 0 0
82 0 0
83 80.9628 4.5578
84 76.3744 3.8394
85 86.1016 4.2616
86 82.4145 3.699
87 73.1817 4.2446
88 95.802 4.6346
89 74.5255 6.0257
90 86.6326 5.1538
91 85.4761 4.6375
92 80.3797 5.0029
93 91.5741 4.429
94 80.9247 4.5923
95 92.3772 4.5748
96 78.4454 4.4906
97 90.6344 4.9254
98 75.5578 4.7139
99 68.1044 5.0424
100 61.6049 5.8662
101 84.5072 4.6603
102 0 0
103 0 0
104 59.0826 2.5132
105 67.6842 3.4587
106 71.9485 3.1087
107 60.1752 2.8152
108 79.477 2.2435
109 73.8948 4.0805
110 81.3364 3.3165
111 74.0672 2.8304
112 75.8213 2.8359
113 90.521 3.681
114 72.562 2.6109
115 81.1858 2.7256
116 86.1122 4.4053
117 79.3586 6.0509
118 73.5458 4.4096
119 97.2128 3.4407
120 77.8966 3.6018
121 93.6098 3.2196
122 86.7499 4.9797
123 0 0
124 0 0
125 85.0582 2.6612
126 82.2879 3.7066
127 82.8198 3.8029
128 67.535 3.6767
129 75.4651 3.2259
130 73.2438 4.4319
131 76.4924 5.6707
132 75.5754 7.5494
133 63.6998 7.7291
134 65.7527 5.6201
135 72.9262 4.082
136 73.3256 6.0088
137 63.4563 7.2146
138 70.5588 3.9708
139 74.5804 6.1035
140 74.3839 4.4266
141 69.5754 4.188
142 64.4367 5.4197
143 67.0446 3.4847
144 61.422 3.3707
145 67.9104 4.3886
146 72.2461 4.7846
147 69.1032 4.0861
148 73.5394 3.7305
149 71.337 3.6344
150 78.7651 4.1434
151 67.9485 4.6662
152 77.3095 5.0717
153 70.3479 4.9006
154 63.8486 4.1426
155 83.1988 3.7407
156 82.0816 4.3872
157 72.1349 4.4599
158 78.1084 4.6648
159 87.321 3.5439
160 87.0137 5.0151
161 87.7875 4.8039
162 58.8051 5.3089
163 70.9331 4.6893
164 58.2041 6.7628
165 57.1533 4.741
166 66.286 5.6364
167 69.3736 2.8716
168 56.4002 2.9681
169 72.8875 2.7864
170 58.5726 5.5281
171 73.6403 2.6031
172 89.9509 3.9774
173 80.3474 3.0239
174 78.8381 2.3633
175 75.9427 2.1491
176 86.0548 3.0371
177 75.8917 2.8068
178 86.8443 2.4554
179 68.8694 2.4091
180 70.791 2.8248
181 73.9841 2.8557
182 69.2067 0.5862
183 58.8327 2.5089
184 72.418 4.652
185 63.2759 3.0678
186 85.9863 6.1061
187 69.1103 2.6178
188 74.2751 8.5672
189 61.0103 7.0181
190 75.1805 5.2113
191 75.0034 5.5401
192 66.9487 5.7159
193 71.9383 6.5146
194 73.5443 4.4129
195 67.9292 5.4585
196 88.0458 5.9973
197 71.3692 6.7048
198 78.5388 5.6505
199 63.117 4.6695
200 59.6914 6.7753
201 72.8893 4.292
202 77.8448 4.6408
203 59.1157 4.9
204 63.5739 3.6521
205 77.8036 6.5412
206 75.2986 5.748
207 0 0
208 0 0
209 61.9534 3.1749
210 65.5179 4.9594
211 77.8522 6.2133
212 68.6031 3.3748
213 64.4627 3.35
214 77.461 2.8416
215 70.4586 5.3991
216 73.9163 5.4323
217 69.5541 3.7328
218 74.7813 3.9869
219 63.4719 4.0539
220 69.8302 3.808
221 67.0502 4.0587
222 60.6725 6.4542
223 73.9663 5.0005
224 66.5151 4.677
225 79.3179 4.4069
226 77.0472 3.568
227 70.5363 3.0345
228 0 0
229 0 0
230 64.6841 3.3607
231 79.4937 2.8675
232 81.4377 3.0051
233 76.3187 3.5755
234 70.852 4.526
235 68.426 3.7317
236 75.7179 3.2641
237 -65.5966 30.9742
238 75.6962 3.0714
239 73.7991 4.2643
240 62.3876 3.0438
241 73.0376 2.1807
242 73.4683 4.1942
243 73.9771 4.0206
244 76.1304 3.568
245 66.9217 2.7723
246 64.585 3.064
247 69.3831 2.8932
248 70.2908 2.6032
249 0 0
250 0 0
251 0 0
