0 76.5712 3.7742
1 72.7202 4.5962
2 69.524 4.8832
3 56.2249 5.0276
4 67.8002 6.8491
5 73.4618 6.6179
6 70.8198 6.2318
7 74.4331 6.6111
8 63.3667 6.5937
9 78.1117 5.3399
10 73.9298 4.5221
11 69.7558 5.1214
12 74.124 6.4836
13 66.5174 4.7875
14 72.0555 5.5659
15 67.8816 4.8127
16 73.8351 5.337
17 74.0238 4.445
18 73.5758 4.6955
19 73.1293 4.7579
20 77.2003 4.3305
21 71.9781 4.8646
22 62.5908 3.879
23 77.6153 4.1998
24 76.1988 4.9232
25 80.9517 5.7999
26 87.1161 7.077
27 76.8617 5.9136
28 58.3033 7.6334
29 62.212 5.0975
30 74.9048 4.9265
31 68.8823 3.6507
32 62.4047 4.9348
33 76.4461 4.8248
34 69.4234 7.6715
35 68.3704 4.7407
36 70.4369 4.3379
37 68.3148 4.5551
38 70.4095 4.3516
39 67.5427 4.1537
40 67.6433 3.7209
41 66.6899 3.8772
42 84.7762 3.3454
43 72.8545 4.4553
44 75.6316 5.3313
45 70.971 4.1797
46 59.6797 3.1868
47 79.4643 4.5118
48 63.5535 3.4821
49 68.4349 2.9301
50 75.6491 3.8464
51 74.1734 5.2917
52 75.3794 3.8495
53 65.2051 6.0385
54 58.4183 5.6093
55 82.8139 2.2468
56 60.2523 4.9019
57 67.0549 2.9176
58 68.0208 4.8598
59 74.6998 6.0001
60 76.6638 3.2028
61 60.9072 2.484
62 75.1014 5.4247
63 65.3844 5.7349
64 67.0049 9.1863
65 73.1441 6.7723
66 71.876 9.2656
67 88.493 7.4149
68 70.6595 8.2812
69 76.3092 6.3352
70 72.533 7.2699
71 71.0137 9.4161
72 77.8145 7.8045
73 59.7609 6.3962
74 52.9153 6.5961
75 50.7903 6.0511
76 65.1236 4.0935
77 72.2592 4.9676
78 58.8904 5.3097
79 65.5386 6.0828
80 58.9185 7.4967
81 0 0
82 0 0
83 81.0169 4.8038
84 75.9783 4.0974
85 86.1169 4.3933
86 82.1774 3.7727
87 73.1601 4.491
88 95.4075 4.7813
89 74.3961 6.3559
90 86.8359 5.445
91 85.5665 5.3818
92 79.8352 5.5391
93 91.4901 4.6136
94 80.7337 5.0164
95 92.0024 4.7546
96 78.2182 4.4558
97 90.7009 5.0523
98 75.7876 5.0186
99 68.3406 5.5965
100 61.4117 5.971
101 84.4972 4.7898
102 0 0
103 0 0
104 59.0373 2.7094
105 67.5093 3.7184
106 71.9166 3.3244
107 59.6641 3.0374
108 79.2762 2.3724
109 73.7597 4.5583
110 81.3545 3.4573
111 73.9177 2.9346
112 75.8385 2.9479
113 90.3795 3.8534
114 72.5481 2.6803
115 80.6664 2.8946
116 85.8344 4.3602
117 79.1088 6.4077
118 73.2648 4.9214
119 97.1762 3.6875
120 77.8109 4.0906
121 93.4055 3.4858
122 86.4954 5.1239
123 0 0
124 0 0
125 85.3676 2.6489
126 82.4741 3.654
127 83.1101 3.6558
128 67.9056 3.6603
129 75.6326 3.0872
130 73.3345 4.5515
131 76.5663 5.6415
132 75.466 7.5656
133 63.3792 7.6318
134 65.8728 5.8591
135 72.7977 4.2893
136 73.2824 6.0491
137 62.9141 7.4522
138 70.4341 4.0013
139 74.8471 6.379
140 74.6107 4.6634
141 69.8776 4.2162
142 64.4261 5.5657
143 66.8991 3.6647
144 61.2904 3.2677
145 67.9397 4.186
146 71.7348 5.0068
147 69.0695 4.5274
148 73.2841 3.8142
149 71.4441 3.7756
150 78.7964 4.2642
151 67.4189 4.8342
152 77.1827 5.0149
153 70.1896 5.2753
154 63.104 4.4883
155 83.2351 3.8295
156 81.8613 4.6716
157 71.995 4.7795
158 77.8895 5.0246
159 86.8652 3.7252
160 86.6093 6.1316
161 87.7156 4.5827
162 58.3588 5.7314
163 70.3178 5.0235
164 57.7245 7.2134
165 56.9286 5.1427
166 65.9352 5.6692
167 69.1916 3.1056
168 56.2745 3.015
169 72.8755 2.975
170 58.2725 5.6804
171 73.575 2.7409
172 89.6068 4.221
173 80.1366 3.1046
174 78.5922 2.4019
175 75.6707 2.2876
176 85.8153 3.1568
177 75.9174 3.1019
178 86.7343 2.8082
179 68.98 2.2669
180 70.5495 3.0007
181 73.4849 3.0512
182 69.2848 0.7602
183 58.4698 2.8149
184 72.3804 4.8976
185 63.1931 3.2432
186 86.4619 6.5112
187 69.2266 2.7386
188 73.95 9.0551
189 61.0023 7.0263
190 75.185 5.327
191 74.8816 5.7646
192 66.8783 6.0454
193 71.7325 6.7573
194 73.6655 4.6334
195 67.5056 6.0246
196 88.129 6.4702
197 71.2401 7.1434
198 78.9095 6.2807
199 63.2581 5.099
200 59.566 7.4064
201 74.5928 0.495
202 77.2062 4.7996
203 58.6076 5.1295
204 63.8006 3.6646
205 76.7298 8.7875
206 76.1978 6.1153
207 0 0
208 0 0
209 61.9036 3.4353
210 65.8633 5.2065
211 76.2318 5.9726
212 68.8638 3.5065
213 64.3938 3.4075
214 77.589 2.791
215 71.1141 6.0766
216 74.4314 5.4047
217 69.4466 3.908
218 74.6264 4.3905
219 63.4495 4.2063
220 69.5447 4.0815
221 67.0095 4.1891
222 60.441 6.5445
223 73.9812 5.1253
224 67.2728 5.2894
225 79.0318 4.5362
226 76.2876 3.8807
227 70.0174 3.261
228 0 0
229 0 0
230 64.4927 3.4505
231 79.4256 3.0254
232 81.5557 3.0022
233 76.0714 3.6549
234 70.76 4.9699
235 68.7153 3.9544
236 75.6506 3.442
237 34.0344 17.7411
238 75.1666 3.1395
239 73.3859 4.1504
240 62.1333 3.2123
241 72.9298 2.1603
242 72.9737 4.4166
243 73.7694 3.954
244 75.9926 3.6967
245 67.0335 2.9221
246 64.4091 3.095
247 69.3416 2.9581
248 70.0498 2.846
249 0 0
250 0 0
251 0 0
