0 76.8074 3.7768
1 72.7344 4.6662
2 69.9659 4.7492
3 56.1898 4.9876
4 68.4652 6.8029
5 73.3523 6.6313
6 71.1114 6.3707
7 74.7546 6.5864
8 63.5112 6.24
9 78.1875 5.3474
10 73.9912 4.5977
11 70.0923 5.0674
12 74.5642 6.3777
13 66.8864 4.6575
14 72.2724 4.9068
15 67.7934 5.285
16 73.9237 5.5901
17 73.885 4.5247
18 73.5399 4.0689
19 72.8077 5.2915
20 77.2784 4.4162
21 72.0267 5.0157
22 62.696 3.9209
23 77.2234 4.5069
24 76.1501 4.9215
25 80.5632 6.0098
26 87.2074 7.2625
27 76.5741 6.4119
28 58.8396 7.3854
29 62.3158 5.1807
30 74.8183 5.1116
31 68.7806 3.8874
32 62.3622 5.0052
33 76.5904 4.7681
34 69.4333 7.5035
35 68.4625 4.8939
36 70.5315 4.2273
37 68.2676 4.393
38 70.1797 3.9396
39 67.4173 4.1529
40 67.5432 3.6612
41 66.8771 3.6449
42 84.7046 3.3472
43 73.0743 4.302
44 75.6747 5.101
45 70.9094 4.1455
46 59.5862 3.2494
47 79.4393 4.6
48 63.4462 3.4414
49 68.4018 2.9825
50 75.6134 3.8348
51 73.887 5.5034
52 75.1051 4.1783
53 65.0648 5.9421
54 58.3029 5.8521
55 82.8141 2.3191
56 60.1315 4.9713
57 66.8348 2.9134
58 67.6316 4.9888
59 74.9523 5.4523
60 76.5353 3.1901
61 60.9287 2.5988
62 75.3666 5.3541
63 65.6958 5.705
64 67.4589 8.6288
65 73.58 6.7536
66 72.811 8.8747
67 89.0703 7.1435
68 70.7018 7.8493
69 76.3987 6.096
70 72.4569 7.0657
71 71.9945 8.6278
72 78.1978 7.1018
73 59.812 6.4092
74 53.8544 6.2661
75 51.0299 5.9117
76 62.6475 4.616
77 72.2916 5.0875
78 58.7062 5.225
79 65.3588 5.9761
80 59.1922 7.1762
81 0 0
82 0 0
83 80.8687 4.747
84 76.267 4.0474
85 86.1802 4.3054
86 82.3708 3.7718
87 73.2538 4.4009
88 95.5371 4.8818
89 74.6418 6.0277
90 86.6583 5.0794
91 85.4574 4.7593
92 80.4766 5.254
93 91.5496 4.5138
94 81.0698 4.7963
95 92.1342 4.4309
96 78.4485 4.6081
97 90.6337 4.8063
98 75.9525 4.9638
99 68.2439 5.5485
100 61.2265 6.1007
101 84.3709 4.7038
102 0 0
103 0 0
104 59.1173 2.7095
105 67.5974 3.6728
106 71.7812 3.1574
107 59.9158 2.9251
108 79.3026 2.3165
109 73.8595 4.7083
110 81.2476 3.6096
111 73.9879 2.8597
112 75.9508 2.9217
113 90.4064 3.7672
114 72.5555 2.6394
115 80.7634 2.9945
116 85.7934 4.4032
117 78.9134 6.2555
118 73.5006 4.2571
119 97.3073 3.5505
120 77.9261 4.0226
121 93.5142 3.5563
122 86.6177 4.9669
123 0 0
124 0 0
125 85.4672 2.6637
126 82.4973 3.7914
127 83.1633 3.6659
128 67.8936 3.703
129 75.7686 3.0911
130 73.1569 4.6188
131 76.4824 5.8746
132 75.4526 7.9992
133 63.0136 7.7787
134 65.4416 5.8109
135 72.6845 4.3079
136 73.1351 6.1654
137 63.025 7.2705
138 70.0773 4.0737
139 74.869 6.5164
140 74.3328 4.5658
141 69.971 4.1483
142 64.799 5.198
143 66.8072 3.6013
144 61.2028 3.5709
145 67.6797 4.7852
146 71.7204 4.8988
147 68.8244 4.3567
148 73.2988 3.7826
149 71.2134 3.8273
150 78.7377 4.3035
151 67.4088 4.8165
152 77.2644 5.1494
153 70.0958 5.124
154 63.3472 4.3886
155 83.2047 3.9392
156 82.1174 4.7206
157 71.8485 4.6219
158 77.7389 4.8042
159 86.8162 3.8512
160 86.7698 5.3625
161 87.9774 4.7311
162 58.3285 5.7614
163 70.3148 4.8209
164 58.121 7.1047
165 57.2449 4.94
166 65.9831 5.5272
167 69.2117 3.0923
168 56.2733 2.9995
169 72.5835 2.952
170 58.1063 5.8511
171 73.4987 2.6501
172 89.8631 4.2955
173 80.285 3.1398
174 78.7031 2.4368
175 75.9597 2.3278
176 85.8444 3.0118
177 75.9258 3.0933
178 86.7582 2.6081
179 69.1888 2.1486
180 70.8074 2.7767
181 73.8128 2.7858
182 69.1675 0.7205
183 58.7261 2.6252
184 72.3689 4.8537
185 63.2548 3.0857
186 86.5162 6.1886
187 69.0525 2.5404
188 74.1031 8.7144
189 61.26 7.3389
190 75.2238 5.0578
191 75.0135 5.7115
192 66.7581 5.847
193 71.9396 6.6452
194 73.7039 4.6259
195 67.9966 5.653
196 88.0888 6.2338
197 71.4558 6.8579
198 78.7835 6.2142
199 62.7295 5.1235
200 59.9791 6.9269
201 74.2149 0.4839
202 77.4781 4.7212
203 58.8246 5.3755
204 63.6364 3.6148
205 78.0943 6.6614
206 75.6406 6.1661
207 0 0
208 0 0
209 61.3882 3.4404
210 65.9999 5.0191
211 76.5079 6.8074
212 68.8568 3.518
213 63.512 3.484
214 77.0595 2.8263
215 70.1162 5.7608
216 74.0926 5.3428
217 69.4198 3.8163
218 74.781 4.1086
219 63.6912 4.0407
220 69.8543 3.8304
221 66.757 4.2065
222 60.5718 6.5249
223 74.0091 5.5234
224 67.3812 5.4608
225 79.2396 4.2551
226 76.7027 3.6421
227 70.2404 3.1103
228 0 0
229 0 0
230 64.6929 3.3544
231 79.4163 3.0104
232 81.5886 2.9717
233 76.0421 3.6536
234 70.7997 4.7153
235 68.6949 3.8042
236 75.689 3.4653
237 7.2942 22.7603
238 75.3327 3.1605
239 73.5568 4.3586
240 62.3156 3.2514
241 72.9685 2.2205
242 73.2499 4.4578
243 73.9537 4.0079
244 75.9307 3.8239
245 66.9941 2.9958
246 64.422 3.2266
247 69.2902 2.8882
248 70.0932 2.5878
249 0 0
250 0 0
251 0 0
