0 76.5835 3.7323
1 73.0221 4.5641
2 69.8475 4.7952
3 56.2441 5.009
4 67.8858 6.6226
5 73.3526 6.5423
6 70.5562 6.5292
7 74.7175 6.5061
8 63.8834 5.9915
9 78.3495 5.062
10 73.8584 4.5007
11 70.2334 5.0462
12 74.5682 5.823
13 66.7348 4.1693
14 72.1257 4.7591
15 67.7397 4.5948
16 73.7949 5.3445
17 73.8583 4.2364
18 73.2488 4.2685
19 73.2233 4.9187
20 77.4091 4.2938
21 72.4502 4.6828
22 62.6398 3.84
23 77.5642 4.1798
24 76.3168 4.8747
25 81.0505 5.8327
26 87.4591 6.8708
27 76.1949 5.7305
28 58.6276 7.0211
29 62.7019 4.6021
30 75.1146 4.6601
31 68.9763 3.4931
32 62.6873 4.4055
33 76.8442 4.5141
34 69.6501 6.8415
35 68.416 4.8601
36 70.4368 3.9817
37 68.6491 4.1994
38 70.3663 3.9144
39 67.7505 4.1203
40 67.9168 3.4709
41 66.6261 3.81
42 84.9168 3.1804
43 73.0103 4.0308
44 75.7815 4.9986
45 71.1235 4.1696
46 59.6962 3.1181
47 79.5458 4.4423
48 63.7549 3.4097
49 68.7518 2.8026
50 75.9106 3.6284
51 74.3786 5.4736
52 75.3846 3.5056
53 65.7243 5.5835
54 58.6745 5.6098
55 83.0057 2.2189
56 60.4542 4.6532
57 67.4925 2.8071
58 68.1937 4.6224
59 74.9936 5.1473
60 76.6599 3.0002
61 61.1811 2.3883
62 75.2519 5.0923
63 65.6188 5.5987
64 67.116 8.5658
65 74.2161 6.3508
66 73.0273 8.623
67 88.8782 6.7863
68 71.441 7.6285
69 76.6819 5.9097
70 72.6602 6.4891
71 71.6666 8.133
72 78.1918 6.9883
73 59.8808 6.0712
74 53.514 6.73
75 51.0891 5.7863
76 64.8994 3.9548
77 72.2808 4.6153
78 58.7976 4.744
79 65.2544 5.5572
80 59.4993 6.6117
81 0 0
82 0 0
83 80.8777 4.7904
84 76.437 3.9232
85 86.3317 4.2087
86 82.551 3.7436
87 73.1423 4.2445
88 95.5944 4.6903
89 74.6572 5.9342
90 86.6243 5.0581
91 85.7008 4.4154
92 80.6641 5.1248
93 91.9618 4.1155
94 81.1607 4.5825
95 92.7657 4.3978
96 78.6247 4.2229
97 90.7729 4.6042
98 76.0137 4.7854
99 68.2885 5.1973
100 61.5125 5.7149
101 84.3741 4.7395
102 0 0
103 0 0
104 59.1816 2.5866
105 67.6641 3.5323
106 72.0295 3.1643
107 60.2542 2.8429
108 79.3863 2.2905
109 73.845 4.1555
110 81.3777 3.1393
111 74.1269 2.8786
112 76.0407 2.8474
113 90.4678 3.8092
114 72.5321 2.6333
115 81.2594 2.8748
116 86.053 4.3203
117 78.9996 6.4529
118 73.2488 4.659
119 97.6226 3.5152
120 77.9775 4.008
121 93.8366 3.5077
122 86.9062 5.007
123 0 0
124 0 0
125 85.1696 2.7488
126 82.155 3.9052
127 82.8458 3.7803
128 67.5631 3.7205
129 75.5503 3.17
130 73.0546 4.7731
131 76.0925 5.6499
132 75.3421 8.1603
133 63.794 7.6087
134 65.6913 5.5023
135 72.8937 4.1333
136 73.4591 5.9967
137 63.12 6.9092
138 70.4386 4.0902
139 74.4998 5.9615
140 74.2245 4.5273
141 70.0443 3.7782
142 64.5836 5.1605
143 67.0616 3.6031
144 61.7285 3.1575
145 67.9878 3.9413
146 72.0441 4.7718
147 69.0694 4.1807
148 73.6316 3.749
149 71.3971 3.6902
150 78.9039 4.4047
151 67.5091 4.6397
152 77.3219 4.8653
153 70.0923 4.8123
154 63.6515 4.1789
155 83.0182 3.5381
156 82.3884 4.3472
157 72.0275 4.3934
158 78.1283 4.429
159 87.3039 3.6302
160 86.9718 4.9487
161 87.9199 4.4713
162 58.5507 5.3853
163 70.5133 5.068
164 58.1354 7.0928
165 56.9667 4.881
166 66.0781 5.7071
167 69.3517 2.9313
168 56.4582 2.8935
169 72.8917 2.7682
170 58.8574 5.3534
171 73.6875 2.6439
172 89.5934 4.1349
173 80.3193 3.1262
174 78.8762 2.407
175 76.0065 2.1534
176 85.9524 3.0262
177 75.9479 2.9765
178 86.7724 2.4752
179 69.1702 2.2333
180 70.9011 2.7502
181 74.0202 2.752
182 69.1352 0.57
183 58.7653 2.5533
184 72.5159 4.8478
185 63.1905 2.9382
186 86.6926 6.3889
187 69.0142 2.5067
188 74.2288 8.6083
189 61.2581 6.5723
190 74.9101 5.2752
191 75.149 5.5326
192 67.0548 5.6649
193 71.9053 6.6447
194 73.6319 4.5328
195 67.6059 5.5485
196 88.1391 6.3155
197 71.2662 6.6819
198 79.0061 5.784
199 63.3288 5.157
200 59.9584 6.7697
201 72.9674 4.3613
202 77.4028 4.6834
203 59.181 5.1171
204 63.5475 3.6316
205 78.6495 6.6241
206 75.2254 5.8579
207 0 0
208 0 0
209 61.6733 3.3644
210 65.4084 4.9633
211 76.3891 6.973
212 68.3127 3.525
213 64.0871 3.4054
214 77.1467 2.656
215 70.4418 5.468
216 73.717 5.1967
217 69.5224 3.836
218 74.6192 4.0633
219 63.3608 4.2069
220 69.5594 3.9503
221 67.0726 4.0665
222 60.5368 6.5596
223 73.9091 5.2594
224 66.6756 4.9396
225 79.1429 4.2874
226 77.1038 3.6451
227 70.7161 3.0461
228 0 0
229 0 0
230 64.8619 3.3023
231 79.4422 2.8799
232 81.5909 2.9292
233 76.3288 3.6082
234 70.9655 4.5573
235 68.6714 3.9241
236 75.7179 3.407
237 -68.7754 31.6957
238 75.4196 3.0378
239 73.6773 4.1814
240 62.303 3.147
241 73.0327 2.0691
242 73.314 4.1705
243 74.0014 3.8731
244 76.0425 3.4105
245 66.9977 2.8118
246 64.4085 2.9212
247 69.3581 2.9308
248 70.2331 2.6319
249 0 0
250 0 0
251 0 0
