0 76.3853 4.169
1 72.5027 5.1528
2 68.9308 5.284
3 56.4801 5.1478
4 67.3124 7.6725
5 72.9293 7.6031
6 70.9632 7.1403
7 74.2133 7.4817
8 63.1151 6.9827
9 78.1713 6.4219
10 73.2717 5.2195
11 69.5791 5.6951
12 73.4004 6.9284
13 66.4285 5.2048
14 71.9612 5.9594
15 66.894 5.6633
16 73.4275 5.9215
17 73.5158 5.1206
18 73.2531 4.8805
19 72.887 5.4923
20 76.4099 4.8417
21 71.2313 5.2863
22 61.7407 4.4426
23 77.1282 4.983
24 75.0583 5.2683
25 79.6481 6.4653
26 86.6923 8.0075
27 75.5997 6.5235
28 58.1446 7.7198
29 61.6171 5.5097
30 74.355 5.4108
31 68.6408 3.9813
32 62.0724 5.4543
33 75.9764 5.1018
34 69.1241 9.476
35 67.9415 5.3875
36 70.1567 4.542
37 68.0058 4.7713
38 69.9538 4.5738
39 67.0213 4.3294
40 67.096 4.1614
41 66.1947 4.2144
42 84.1902 3.8564
43 72.5358 4.7957
44 75.3786 6.0219
45 69.7624 4.3462
46 58.6268 3.4718
47 78.7643 4.9623
48 62.7414 3.811
49 67.9255 3.3759
50 74.5245 4.3286
51 73.3086 5.8376
52 74.8776 4.2554
53 64.5948 6.5868
54 57.7966 6.5379
55 82.9731 2.4942
56 59.542 5.6458
57 67.255 3.376
58 66.9413 5.3999
59 74.9176 5.3461
60 76.2414 3.6388
61 61.0271 2.7708
62 74.8723 5.8494
63 64.9117 6.6684
64 66.2654 10.0702
65 72.4833 7.7323
66 71.5216 10.0524
67 87.7944 8.1134
68 70.5136 8.836
69 75.9143 6.9901
70 72.2215 8.2371
71 70.9579 10.5393
72 78.1858 8.5631
73 58.2613 6.8284
74 51.5031 7.2893
75 48.2646 6.8342
76 63.1692 4.784
77 70.671 5.4905
78 55.765 6.4188
79 62.8701 7.9526
80 54.4184 9.9164
81 0 0
82 0 0
83 80.2053 5.6134
84 76.0227 4.4512
85 85.5217 4.9617
86 81.4585 4.3605
87 72.5658 4.8208
88 94.65 5.4178
89 74.426 7.5488
90 86.4974 6.1595
91 85.4529 5.2692
92 79.8435 5.854
93 90.9715 4.9148
94 80.9494 5.3277
95 92.3418 5.0427
96 77.8623 4.9331
97 90.7588 5.0641
98 75.8767 5.4886
99 67.4255 5.9285
100 60.3791 7.0189
101 83.5963 5.535
102 0 0
103 0 0
104 58.4953 2.9398
105 66.5893 4.0413
106 71.9381 3.5059
107 59.4842 3.3067
108 79.3882 2.5988
109 73.9897 5.0212
110 81.2897 4.2033
111 73.7472 3.1312
112 75.5081 3.1335
113 89.5551 4.2011
114 72.1982 2.8441
115 81.1343 3.2185
116 85.4529 4.8583
117 79.0529 7.3319
118 73.0343 4.9499
119 97.358 3.9468
120 77.9211 4.2703
121 92.6151 3.9131
122 86.4781 5.4619
123 0 0
124 0 0
125 84.4974 3.0177
126 81.4837 4.268
127 82.4382 4.288
128 66.9455 4.3512
129 75.0665 3.5862
130 71.8409 5.2465
131 75.6945 6.743
132 74.7793 9.4379
133 61.4911 8.6362
134 65.037 6.7175
135 71.6256 4.7238
136 72.3619 6.8702
137 60.8097 8.4513
138 69.4054 4.7149
139 73.9749 7.6485
140 74.0459 5.2998
141 69.0414 4.7987
142 64.5141 6.1099
143 66.3406 4.1157
144 60.4153 3.8653
145 67.7797 4.9255
146 70.9186 5.5472
147 67.9988 5.3264
148 72.714 4.3441
149 70.9298 4.1836
150 78.5131 4.9534
151 66.7288 5.3109
152 76.8901 5.7401
153 69.9353 6.0496
154 62.0142 5.1342
155 82.9437 4.3542
156 81.4317 5.0396
157 71.3975 5.2885
158 77.6963 5.5454
159 85.6978 4.234
160 86.6372 6.4594
161 87.4927 5.2364
162 57.63 6.2692
163 69.3541 5.5133
164 57.768 7.0527
165 56.9198 5.7112
166 65.1622 6.5038
167 69.2054 3.4059
168 55.7951 3.3615
169 72.6016 3.2451
170 57.8967 6.6963
171 73.9215 2.9563
172 88.8413 4.7197
173 79.8053 3.5418
174 78.5234 2.7537
175 75.6072 2.4864
176 85.5001 3.2675
177 76.0438 3.2884
178 86.6902 3.0244
179 69.9653 2.8724
180 70.1605 3.0282
181 72.8921 3.2286
182 68.7449 0.73
183 57.8444 3.0294
184 71.1868 5.2625
185 62.6025 3.5388
186 85.8437 7.2328
187 69.3836 3.6938
188 72.9321 9.9843
189 60.7583 7.8035
190 74.9265 5.9006
191 74.1823 6.1315
192 65.9992 6.4361
193 71.1399 7.3226
194 73.1687 4.9456
195 67.1232 6.3756
196 87.3642 7.0607
197 70.8801 7.971
198 79.071 6.4761
199 61.2978 5.8813
200 57.8442 8.1109
201 71.5903 5.1443
202 75.7467 5.4371
203 57.0943 6.3219
204 62.0559 4.2536
205 76.567 6.8919
206 74.4724 7.2837
207 0 0
208 0 0
209 59.9014 3.8983
210 64.9233 6.2236
211 76.1653 6.854
212 67.089 4.013
213 62.8398 3.8935
214 75.2711 3.414
215 70.0538 6.8545
216 73.2778 6.564
217 68.757 4.4029
218 74.186 4.6477
219 62.7294 4.846
220 69.0894 4.3665
221 66.2094 4.4513
222 59.1263 7.3784
223 73.5685 5.955
224 66.5592 5.9874
225 78.4767 4.9859
226 75.9824 4.2043
227 70.0826 3.4711
228 0 0
229 0 0
230 63.5425 3.926
231 78.6478 3.2781
232 81.0915 3.4658
233 75.1944 3.9965
234 68.8074 5.3479
235 67.7238 4.331
236 75.3058 3.8479
237 78.5065 6.213
238 75.6922 3.6245
239 73.5819 4.8
240 62.313 3.7047
241 73.065 2.494
242 72.792 5.0315
243 74.1642 4.6412
244 76.0218 4.4338
245 66.8443 3.2881
246 63.8018 3.399
247 68.9704 3.1919
248 69.5603 3.0212
249 0 0
250 0 0
251 0 0
