0 76.5345 4.1608
1 72.4438 5.3683
2 68.9999 5.3193
3 55.8471 5.3563
4 67.1669 7.9707
5 72.8047 7.6834
6 70.6132 6.8982
7 74.6954 7.1221
8 63.9349 6.4234
9 78.3918 5.4965
10 73.8889 5.0039
11 70.0469 5.3409
12 73.8909 6.7032
13 66.6841 4.8424
14 72.0515 5.6689
15 67.178 5.4566
16 73.8869 5.8412
17 73.4579 4.7472
18 73.947 4.5421
19 72.5183 5.471
20 76.7145 4.6192
21 71.4536 5.2329
22 62.0917 4.3212
23 77.1527 4.7531
24 75.4092 5.1748
25 79.7808 6.3717
26 86.7674 8.1766
27 76.0857 6.6157
28 57.9221 7.7598
29 61.705 5.5324
30 74.3362 5.2758
31 68.6985 4.0158
32 62.1631 5.2573
33 76.1642 4.9198
34 69.347 8.6002
35 67.9645 5.1823
36 70.4477 4.7463
37 68.4733 4.6136
38 70.2297 4.3796
39 67.0103 4.4996
40 67.4327 4.1931
41 66.2617 4.1982
42 84.1231 3.7101
43 72.6239 4.8432
44 75.5016 5.7814
45 69.9024 4.4278
46 59.0098 3.4551
47 78.8501 4.7081
48 63.0359 3.7683
49 68.1694 3.0371
50 74.6396 4.1865
51 73.944 5.7882
52 74.9221 3.9858
53 64.2796 6.5526
54 57.9557 6.2495
55 83.2495 2.5425
56 59.8897 5.5275
57 67.109 3.3906
58 67.0734 5.3397
59 75.1916 5.3744
60 76.3315 3.5074
61 61.1372 2.5809
62 74.9195 5.707
63 64.9162 6.2967
64 66.9488 9.6408
65 72.4586 7.3513
66 71.8521 9.5994
67 88.4495 7.7832
68 70.9342 8.3139
69 76.0051 6.7198
70 71.993 7.8713
71 71.424 9.8362
72 78.4002 8.1734
73 58.2189 6.9243
74 51.2006 7.4465
75 49.27 6.5975
76 63.5127 4.6452
77 70.8697 5.5412
78 56.1718 5.8605
79 63.4722 7.6386
80 55.1171 9.0101
81 0 0
82 0 0
83 80.3419 5.3916
84 76.2476 4.3871
85 85.5637 4.716
86 81.8003 4.1662
87 72.5604 4.6726
88 95.0299 5.1996
89 74.1582 6.6865
90 86.6453 5.7485
91 85.6383 5.2573
92 79.997 5.7819
93 91.059 4.935
94 80.9096 5.1539
95 92.4112 5.0074
96 78.0371 4.8235
97 90.7608 5.0795
98 76.104 5.3574
99 67.5275 5.7393
100 60.6647 6.7388
101 83.9238 5.1992
102 0 0
103 0 0
104 58.76 2.9037
105 66.7041 3.9899
106 71.9304 3.5341
107 59.6319 3.15
108 79.374 2.5825
109 73.7912 4.8673
110 81.337 3.9071
111 73.8898 3.0667
112 75.6362 3.0587
113 89.5718 4.0615
114 72.3862 2.9052
115 81.1886 3.1635
116 85.6748 4.7838
117 79.2202 7.1469
118 73.2703 4.9681
119 97.3869 3.7294
120 77.9974 4.1209
121 92.7238 3.7447
122 86.5479 5.5235
123 0 0
124 0 0
125 84.8529 2.9367
126 81.6396 4.1993
127 82.2623 4.1387
128 67.0387 4.1877
129 75.0834 3.4935
130 72.0174 5.044
131 75.5997 6.7148
132 75.1295 9.2206
133 62.0669 8.4067
134 65.4747 6.3364
135 71.7092 4.7212
136 72.5715 6.6489
137 61.279 8.2965
138 69.4839 4.5561
139 73.7915 7.3187
140 74.2138 4.9333
141 69.4847 4.2176
142 64.622 5.3966
143 66.4526 4.2246
144 60.5702 3.7542
145 67.8851 4.8028
146 71.1571 5.4754
147 68.3667 4.9049
148 72.8917 4.2792
149 71.1177 4.2127
150 78.5145 4.7312
151 66.7638 5.3691
152 76.8652 5.7159
153 69.9161 6.261
154 62.5418 4.8422
155 82.9966 4.0977
156 81.8041 4.9845
157 71.5177 5.0259
158 77.9517 5.3292
159 86.1412 4.1094
160 86.3371 5.9926
161 87.6108 5.5358
162 57.6491 6.1149
163 69.7823 5.2174
164 57.366 7.4072
165 57.0403 5.2958
166 65.5736 6.047
167 69.1172 3.3009
168 55.9767 3.1561
169 72.4106 3.111
170 58.2441 6.3829
171 73.9861 2.8926
172 89.1285 4.4311
173 79.9504 3.5274
174 78.4939 2.6091
175 75.8653 2.4905
176 85.5781 3.2313
177 76.1971 3.0946
178 86.6826 2.941
179 69.4297 2.8498
180 70.2952 3.063
181 72.917 3.097
182 68.7153 0.7549
183 57.8972 2.8693
184 71.3651 5.1701
185 62.6993 3.4125
186 86.2361 6.7984
187 69.3087 3.9533
188 73.3415 9.5261
189 60.7869 7.6922
190 74.8428 5.6717
191 74.1163 6.012
192 66.227 6.264
193 70.9982 7.0791
194 73.2004 4.8345
195 67.2158 6.0445
196 87.1973 6.7689
197 70.7125 7.756
198 78.5447 6.5339
199 61.3895 5.7683
200 57.5968 7.5404
201 71.5997 4.8855
202 75.7195 5.1492
203 57.9432 5.425
204 62.0644 4.0824
205 76.9284 6.2953
206 74.4356 6.6157
207 0 0
208 0 0
209 60.21 3.9195
210 64.7683 6.3036
211 71.1627 3.3812
212 67.2481 3.9034
213 62.8906 3.8537
214 75.3831 3.2097
215 70.1749 6.726
216 73.7176 6.2959
217 68.9923 4.1198
218 74.1191 4.7367
219 62.728 4.4461
220 69.1119 4.2375
221 66.4839 4.4356
222 59.5489 7.066
223 73.7465 5.6433
224 66.6051 5.7733
225 78.6528 4.8553
226 76.276 4.0671
227 70.112 3.3552
228 0 0
229 0 0
230 63.7495 3.8231
231 78.6353 3.3507
232 81.1834 3.3159
233 75.3076 4.0429
234 69.0482 5.4235
235 67.9083 4.3179
236 75.4063 3.7465
237 79.5566 4.7269
238 75.7601 3.3998
239 73.5608 4.8383
240 62.577 3.7718
241 72.7486 2.3061
242 73.0572 4.7764
243 74.219 4.538
244 76.0919 4.1553
245 66.7256 3.3009
246 63.7965 3.3721
247 69.0063 3.3555
248 69.8542 2.9479
249 0 0
250 0 0
251 0 0
