0 76.4747 4.0265
1 72.7009 5.1297
2 69.0042 5.1584
3 56.6077 4.9767
4 67.2691 7.111
5 72.96 7.492
6 71.076 6.8836
7 74.5234 6.9094
8 63.3388 6.6643
9 78.355 5.7485
10 73.8159 4.78
11 69.9224 5.3083
12 73.8696 6.3359
13 66.4514 5.262
14 71.8242 5.8023
15 67.631 5.6262
16 73.6709 5.8178
17 73.477 5.2225
18 73.6376 4.3984
19 72.8782 5.7715
20 76.7889 4.5604
21 71.2672 5.2875
22 61.9785 4.1716
23 76.8964 4.5224
24 75.197 5.2941
25 79.7834 6.2885
26 86.3332 7.4387
27 75.8106 6.5356
28 58.5103 7.1976
29 61.8121 5.4731
30 74.4813 5.1535
31 68.6938 3.8602
32 62.1126 5.3222
33 76.2513 4.7951
34 69.1932 8.5973
35 68.1325 5.3493
36 70.278 4.6417
37 68.3926 4.6139
38 70.2825 4.6493
39 67.1524 4.355
40 67.4887 4.1885
41 66.187 4.1591
42 84.0731 3.6673
43 72.5337 4.6432
44 75.3363 5.7292
45 69.9027 4.3911
46 58.8184 3.4411
47 78.8254 4.9489
48 62.9521 3.7881
49 68.0181 3.0238
50 74.7506 4.1355
51 73.7179 5.77
52 75.0219 4.2595
53 64.3146 6.6309
54 57.9192 6.3684
55 83.1261 2.5096
56 59.7381 5.5082
57 66.9204 3.3924
58 66.8312 5.4764
59 74.9676 5.6918
60 76.3219 3.5871
61 61.1581 2.6754
62 75.1022 5.4456
63 65.3169 6.278
64 67.246 9.5135
65 72.435 7.1526
66 71.8392 9.7602
67 88.0916 7.6772
68 70.9453 8.5277
69 75.6654 6.6058
70 71.6801 7.5905
71 71.0087 9.9398
72 77.828 7.9447
73 59.0202 6.5775
74 52.8227 6.7683
75 49.4434 6.5272
76 64.0532 4.5603
77 71.4691 5.3143
78 56.9355 5.8853
79 64.1755 7.112
80 55.5945 9.2628
81 0 0
82 0 0
83 80.2183 5.3217
84 76.0432 4.3738
85 85.2309 4.9965
86 81.6911 4.0962
87 72.6947 4.8593
88 94.8223 5.3468
89 74.08 6.6719
90 86.4586 6.0317
91 85.2879 5.0955
92 79.8378 5.7959
93 90.9554 4.9155
94 80.882 5.2393
95 92.3066 4.9693
96 77.8506 4.9809
97 90.5299 5.2754
98 75.5714 5.1843
99 67.3121 6.1425
100 60.6782 6.7062
101 83.9914 4.9042
102 0 0
103 0 0
104 58.5701 2.8146
105 66.6413 3.7933
106 71.7385 3.4636
107 59.8242 3.2114
108 79.3954 2.5162
109 73.8394 4.6948
110 81.2481 3.8465
111 73.8662 3.0558
112 75.5273 3.1145
113 89.6698 4.1042
114 72.3122 2.8261
115 81.1948 3.1613
116 85.5841 4.7668
117 79.5541 7.0848
118 73.221 4.8466
119 97.216 3.9548
120 77.9567 4.3361
121 92.9411 3.7758
122 86.9236 5.2397
123 0 0
124 0 0
125 84.4751 2.9741
126 81.2976 4.2662
127 82.1051 4.3263
128 66.7059 4.2385
129 74.8559 3.4099
130 71.8014 5.0417
131 75.6123 6.9161
132 74.6411 8.5117
133 62.1904 8.3234
134 65.3719 6.4111
135 71.7288 4.6986
136 72.4697 6.511
137 61.8004 8.0637
138 69.7305 4.4767
139 73.7368 6.8724
140 73.7968 5.3011
141 69.2932 4.5518
142 64.6972 5.6228
143 66.4275 4.0142
144 60.351 3.7854
145 67.6924 5.0445
146 71.1059 5.4072
147 68.3205 5.0411
148 72.9036 4.1933
149 71.2397 4.2002
150 78.4826 4.7036
151 66.7763 5.3451
152 76.9375 5.8619
153 70.1924 5.7673
154 62.2936 4.9002
155 82.7768 4.1441
156 81.5388 4.8847
157 71.5546 5.1575
158 77.8369 5.3461
159 85.9762 4.2238
160 86.3673 5.9419
161 87.3663 5.5024
162 57.843 6.1634
163 70.0305 5.1319
164 57.3641 7.5054
165 57.1074 5.322
166 65.8687 5.9704
167 68.8718 3.4455
168 55.6685 3.3162
169 72.4306 3.2782
170 57.6514 6.516
171 73.8622 2.8504
172 89.1838 4.6185
173 79.8687 3.3628
174 78.4754 2.6039
175 75.9433 2.4157
176 85.5934 3.2448
177 76.0719 3.252
178 86.688 2.9183
179 69.8101 3.051
180 70.2278 2.9741
181 72.897 3.0425
182 69.0662 0.671
183 58.2015 3.0052
184 71.3532 5.3573
185 62.7362 3.2561
186 86.1652 7.4058
187 69.5293 3.3762
188 73.2325 9.3445
189 60.5405 7.6334
190 74.8319 5.7954
191 74.0785 6.1146
192 66.0046 6.1606
193 71.0393 7.1323
194 73.4015 4.7779
195 66.9325 6.2189
196 87.5511 6.7534
197 70.9094 7.3947
198 78.3696 6.5067
199 61.5157 5.6233
200 57.8823 7.9767
201 73.2027 0.5618
202 75.7597 5.1695
203 57.6363 6.2976
204 62.21 4.0807
205 76.8888 6.8336
206 74.7217 6.6657
207 0 0
208 0 0
209 60.2825 3.5214
210 64.9043 5.8382
211 71.4117 3.0441
212 67.5796 3.8566
213 63.0219 3.7203
214 76.1397 3.2225
215 70.2022 6.1745
216 73.4115 6.4928
217 68.9971 4.0482
218 74.0727 4.6344
219 62.8957 4.6615
220 69.1487 4.2026
221 66.5144 4.3596
222 59.6413 6.9493
223 73.477 5.645
224 66.503 5.7989
225 78.8312 4.7659
226 76.2309 4.174
227 70.0032 3.3819
228 0 0
229 0 0
230 64.0746 3.7143
231 78.9943 3.2132
232 81.4261 3.2297
233 75.8446 3.9402
234 69.7521 5.2238
235 68.1342 4.256
236 75.5064 3.748
237 79.0741 5.2652
238 75.5272 3.4345
239 73.5883 4.6958
240 62.4331 3.5505
241 72.8123 2.4025
242 72.9758 4.776
243 74.1016 4.6078
244 76.0278 4.23
245 66.7071 3.2504
246 63.9353 3.2827
247 69.2193 3.2025
248 69.7587 3.0222
249 0 0
250 0 0
251 0 0
