0 75.5269 4.8618
1 72.1773 6.2076
2 68.0268 6.3848
3 56.096 5.8587
4 66.3939 9.2702
5 73.2152 9.6744
6 70.6014 9.2069
7 73.3029 8.6295
8 62.1239 8.0603
9 78.0073 7.0238
10 72.8799 5.861
11 68.6077 6.7129
12 72.2529 8.2839
13 66.6499 6.9863
14 71.8401 7.1376
15 67.0964 7.9184
16 72.7923 7.4045
17 73.2325 6.3246
18 73.1501 5.7816
19 72.0836 6.8125
20 75.9893 5.701
21 70.2162 6.466
22 61.0882 5.2101
23 77.2248 5.8565
24 73.8118 6.4488
25 78.5488 7.5898
26 86.666 9.8539
27 75.9674 8.4504
28 57.6371 8.6841
29 60.5976 6.619
30 73.5266 6.3884
31 68.7873 4.7977
32 60.8942 6.5028
33 75.2807 6.0446
34 67.8472 13.7738
35 68.2324 6.9299
36 70.3035 5.8726
37 67.2116 5.8815
38 69.3888 5.7547
39 66.7546 5.5453
40 67.0583 5.2372
41 65.852 5.0539
42 83.741 4.4191
43 72.5723 4.2155
44 75.275 7.4516
45 69.2092 5.3889
46 58.2158 4.2043
47 77.9114 5.9107
48 61.5042 4.8485
49 67.6702 3.9683
50 73.2516 5.3508
51 73.8497 7.4989
52 74.9897 5.4536
53 62.1397 8.1155
54 54.9416 8.4625
55 82.1766 3.1627
56 57.6805 7.1059
57 65.8527 4.4058
58 65.6 6.8335
59 74.9075 7.6885
60 76.2755 4.2797
61 75.3068 4.5125
62 74.8877 6.9122
63 64.6138 8.0711
64 66.4257 12.2758
65 70.3896 9.0214
66 69.2102 11.7171
67 86.2762 9.2202
68 69.0469 9.7951
69 75.6497 8.0269
70 71.4072 9.4573
71 70.595 13.0575
72 78.0368 10.0519
73 57.8818 8.1431
74 44.0886 11.4905
75 47.8283 7.7983
76 62.7055 5.7613
77 70.4198 6.6986
78 56.6529 6.7867
79 63.2321 10.501
80 54.9146 11.8933
81 0 0
82 0 0
83 79.6456 6.8336
84 74.5339 5.6395
85 84.2096 5.9838
86 80.0494 5.6427
87 71.7783 5.8049
88 93.5187 6.4782
89 74.413 9.3733
90 86.5186 7.5296
91 85.0442 6.7952
92 78.4189 7.0517
93 89.7846 6.0077
94 80.194 6.4459
95 91.0156 6.1392
96 76.2051 6.3438
97 90.7464 6.8521
98 75.8992 6.8488
99 65.8535 7.4003
100 59.9952 7.9075
101 82.284 6.4415
102 0 0
103 0 0
104 58.0712 3.571
105 65.687 4.8883
106 71.9054 4.4126
107 58.7532 3.9972
108 78.7703 3.068
109 74.1046 5.9426
110 81.3004 4.9945
111 73.1075 3.7387
112 75.1349 3.7232
113 88.1813 5.2016
114 71.6886 3.4904
115 81.0619 3.9643
116 84.3527 5.9045
117 79.2976 8.8872
118 73.3759 6.3945
119 96.9798 4.8903
120 77.1637 5.1389
121 90.9261 5.1512
122 85.2734 6.5963
123 0 0
124 0 0
125 83.6287 3.7475
126 80.4764 5.095
127 81.3484 5.1117
128 66.0053 5.0041
129 74.2904 4.2502
130 70.3957 6.3976
131 75.8161 8.6758
132 74.4008 13.2196
133 59.7523 10.2815
134 63.7303 8.0269
135 70.9159 5.7755
136 70.7586 8.5887
137 58.7815 10.4979
138 67.6149 5.9015
139 73.642 10.4327
140 74.162 6.7739
141 67.9999 5.779
142 62.6683 7.759
143 65.181 5.0849
144 58.7718 5.0986
145 66.8282 6.2542
146 69.8344 6.8779
147 67.4515 6.5843
148 71.3203 5.3106
149 70.4894 5.4803
150 77.9335 6
151 65.7764 6.64
152 77.0261 7.5374
153 70.0885 8.2132
154 60.7612 6.2479
155 82.5567 5.7629
156 80.3449 6.5052
157 70.209 6.572
158 76.5421 6.9325
159 83.3998 5.6531
160 86.1283 8.6013
161 87.4641 7.5932
162 57.2531 7.2618
163 67.7077 7.0487
164 56.5474 8.5642
165 56.4711 6.5308
166 63.1027 8.6169
167 68.9556 4.5918
168 54.8037 3.994
169 72.5352 4.3495
170 56.9289 9.1038
171 73.4694 3.7875
172 86.3435 6.2026
173 78.6481 4.4861
174 77.3148 3.4157
175 74.2364 3.3721
176 84.9486 4.3406
177 76.0487 4.491
178 86.642 4.1101
179 69.5866 4.2045
180 68.9539 3.9031
181 71.1254 4.2814
182 69.0997 0.68
183 57.0856 3.8195
184 69.9468 6.9007
185 62.551 4.844
186 86.2139 9.1666
187 69.1553 4.7336
188 72.5764 10.4846
189 59.8744 10.0524
190 74.7366 7.1717
191 72.3944 7.5349
192 63.4747 8.4952
193 69.2377 8.751
194 71.6143 6.0198
195 65.7573 7.8605
196 85.88 8.2894
197 70.0991 10.5712
198 78.734 8.8395
199 60.2118 6.9533
200 55.6295 9.5453
201 73.3053 0.5792
202 73.4777 7.0102
203 -28.7107 34.5646
204 60.5626 5.5203
205 76.7928 9.4135
206 74.6747 9.855
207 0 0
208 0 0
209 58.3078 4.9673
210 66.7102 8.3949
211 77.0677 9.5151
212 65.9217 5.1094
213 61.3722 4.8726
214 74.2191 5.0334
215 69.6376 9.6714
216 73.7436 8.5231
217 68.0998 5.5835
218 73.2011 6.0762
219 61.4342 6.3741
220 67.4181 5.6424
221 64.7612 6.0381
222 57.2407 8.9031
223 73.4959 8.0329
224 65.7986 8.627
225 76.8324 6.4089
226 74.0838 5.9241
227 68.2712 4.7987
228 0 0
229 0 0
230 61.909 5.1794
231 77.9461 4.3009
232 80.8987 4.5102
233 73.7441 5.4637
234 66.7539 7.6472
235 68.0189 6.099
236 75.5353 5.2717
237 76.2673 7.8909
238 74.3879 4.3818
239 72.0583 6.1402
240 61.77 4.8962
241 71.6164 3.2029
242 71.4628 6.1975
243 73.9181 6.2787
244 75.9938 5.5654
245 66.6967 4.4746
246 62.8976 4.3844
247 68.3537 4.114
248 69.0932 3.8818
249 0 0
250 0 0
251 0 0
