0 76.4027 3.7864
1 73.0185 4.9164
2 69.3367 4.9835
3 56.8129 4.9633
4 68.2159 7.2927
5 73.4057 7.1864
6 70.9937 6.6494
7 74.679 6.8927
8 62.904 6.7824
9 78.0826 5.7039
10 73.924 4.7842
11 69.4973 5.656
12 74.1486 6.4258
13 66.5681 4.8855
14 71.902 6.0458
15 68.0078 5.6061
16 73.7067 5.3391
17 73.6021 4.5774
18 73.4707 4.7384
19 73.0734 5.0575
20 77.4099 4.7
21 72.1075 5.1037
22 62.7774 4.1895
23 77.5659 4.6031
24 76.2093 5.1752
25 80.6146 6.3079
26 87.1792 7.7019
27 76.7239 6.3428
28 59.148 7.1166
29 62.0873 5.2064
30 74.9069 4.8831
31 68.7655 3.7955
32 62.5141 4.841
33 76.9374 4.7049
34 69.3002 8.1007
35 68.4378 4.7719
36 70.5605 4.6502
37 68.9518 4.2096
38 70.7933 4.4329
39 68.1888 5.0589
40 67.6859 4.0335
41 66.9378 3.8192
42 84.9597 3.3389
43 73.4835 4.323
44 75.9571 5.3645
45 71.7131 4.0426
46 60.3385 3.1638
47 79.9481 4.5029
48 64.0986 3.5595
49 68.866 2.8203
50 75.7551 3.8747
51 74.7842 5.3492
52 75.5738 4.0439
53 65.5453 6.0685
54 58.0919 5.7246
55 82.8893 2.348
56 60.1698 5.0427
57 67.2319 3.0012
58 68.0223 5.0487
59 74.9406 5.7246
60 76.6417 3.0496
61 69.3997 3.5381
62 75.3137 5.3427
63 65.7747 5.6912
64 67.6607 8.8347
65 72.8783 7.0905
66 71.4138 9.7091
67 88.3903 7.6396
68 70.7929 8.1783
69 76.052 6.8529
70 72.2715 7.4772
71 71.3238 9.7142
72 78.3056 7.8322
73 60.1618 6.5574
74 54.1829 6.2159
75 51.2528 6.07
76 65.2441 4.1831
77 72.5347 4.9664
78 58.9852 5.2422
79 65.4576 6.0728
80 59.4322 7.468
81 0 0
82 0 0
83 80.7045 5.249
84 75.4494 4.3016
85 85.7482 4.6105
86 81.7476 4.3207
87 72.9376 4.6522
88 95.3562 5.0306
89 74.3951 6.4539
90 86.7919 5.5843
91 85.289 5.1108
92 80.2743 5.4879
93 91.4555 4.6067
94 80.9211 4.881
95 91.9297 4.6438
96 78.4602 4.6207
97 90.451 4.6008
98 76.0377 5.1181
99 68.1764 5.6126
100 61.2446 6.2891
101 84.1291 4.8078
102 0 0
103 0 0
104 59.2088 2.6168
105 67.7803 3.583
106 72.2445 3.2087
107 60.12 3.0124
108 79.3646 2.3155
109 73.4239 5.0586
110 81.2713 3.528
111 74.4675 2.9068
112 76.3249 2.9035
113 90.7606 3.8376
114 72.8215 2.7266
115 81.4728 2.9721
116 86.1067 4.5058
117 79.5302 6.8059
118 73.6135 4.6176
119 97.2234 3.5442
120 77.9998 4.0442
121 93.2108 3.5741
122 86.7474 5.2328
123 0 0
124 0 0
125 85.102 2.7993
126 82.2854 3.9363
127 82.7724 3.9487
128 67.6384 3.9815
129 75.2961 3.2846
130 72.9138 4.817
131 76.1403 6.2206
132 75.5595 8.2766
133 63.272 8.0821
134 65.8139 5.9075
135 72.8991 4.5227
136 73.0721 6.3814
137 61.7079 7.9
138 70.2888 4.2252
139 75.1258 7.206
140 74.4736 4.9072
141 69.602 4.5783
142 64.4743 5.4541
143 66.6386 3.8688
144 61.1123 3.6698
145 68.0159 4.6894
146 71.7451 5.137
147 69.2451 4.5484
148 73.4306 3.9394
149 71.4617 3.9286
150 79.1017 4.6033
151 67.7971 5.0212
152 77.1913 5.5729
153 70.297 5.5925
154 63.3441 4.3884
155 83.164 4.1707
156 82.2949 4.8083
157 71.929 4.7856
158 78.0206 5.0264
159 86.6872 4.0112
160 87.0871 5.7662
161 87.6823 5.0939
162 58.3878 6.0933
163 70.1409 5.2749
164 58.2476 7.3429
165 57.0756 5.2502
166 66.0549 5.9755
167 69.5699 3.0927
168 56.7807 2.9873
169 73.0087 2.8854
170 58.6445 5.8396
171 73.72 2.6516
172 89.9883 4.1439
173 80.4327 3.2416
174 79.1254 2.5104
175 75.9772 2.2413
176 86.1827 3.0845
177 76.1511 3.0419
178 87.2324 2.8685
179 69.2163 2.179
180 70.9875 2.7919
181 73.8191 2.9617
182 69.2189 0.7604
183 58.9191 2.6556
184 72.4125 4.9575
185 63.397 3.0239
186 86.8295 6.7255
187 69.0309 2.699
188 73.9101 9.1906
189 61.0426 7.1483
190 75.0654 5.5418
191 74.7876 5.8254
192 66.5568 6.1482
193 71.8814 6.934
194 73.6308 4.7386
195 67.586 6.0314
196 87.882 6.7417
197 71.5918 7.2164
198 78.9974 6.4492
199 63.2861 5.2928
200 59.524 7.1605
201 73.5669 4.4733
202 77.3353 5.0109
203 58.8319 5.8682
204 63.9322 3.9717
205 78.7583 7.2618
206 76.0126 6.4964
207 0 0
208 0 0
209 61.8495 3.5692
210 66.0631 5.4179
211 78.6239 6.3076
212 68.7731 3.6122
213 64.3234 3.6518
214 77.8132 3.1836
215 71.034 5.885
216 74.8528 5.9964
217 69.4935 3.9094
218 74.8161 4.5236
219 63.5635 4.3343
220 69.6299 4.1058
221 66.7457 4.4225
222 60.2313 6.7495
223 73.9172 5.1769
224 67.417 5.6939
225 78.8689 4.7264
226 76.1905 3.9955
227 69.9631 3.4242
228 0 0
229 0 0
230 64.7447 3.4986
231 79.8026 2.9922
232 81.8516 3.042
233 76.2617 3.5738
234 70.8833 4.945
235 68.8499 3.7279
236 76.1165 3.4645
237 34.0052 18.0275
238 75.5022 3.1356
239 73.9291 4.3758
240 62.8439 3.3806
241 73.1183 2.2904
242 73.4141 4.4708
243 74.0452 4.2311
244 76.2521 3.5976
245 66.9493 2.9646
246 64.4912 3.3774
247 69.2517 3.1348
248 70.335 2.9592
249 0 0
250 0 0
251 0 0
