0 75.5862 4.7729
1 72.2834 6.053
2 68.4766 6.2649
3 55.6951 5.6542
4 66.356 9.105
5 72.7502 9.0646
6 70.7269 9.2548
7 73.8015 8.3884
8 62.5918 7.9676
9 77.7979 7.1714
10 73.0145 5.878
11 68.458 6.6575
12 72.4778 8.0036
13 66.5576 6.4118
14 71.6019 7.2502
15 67.2439 7.3949
16 72.9012 7.1982
17 73.0665 6.2048
18 73.1457 5.7978
19 72.5651 6.6631
20 76.1577 5.7074
21 70.0497 6.4277
22 60.7498 5.2382
23 76.959 6.0149
24 73.9809 6.4748
25 78.6218 7.559
26 86.5261 9.4881
27 75.6199 8.1211
28 57.1965 8.9474
29 60.7529 6.6196
30 73.7925 6.4816
31 68.7709 5.3047
32 61.0712 6.6283
33 75.2971 6.2061
34 68.2788 13.4875
35 67.9819 6.7482
36 70.1642 5.9682
37 67.4193 5.806
38 69.4306 5.6367
39 66.9335 5.5726
40 66.9753 5.138
41 66.1009 4.8502
42 83.7818 4.2599
43 72.8312 5.6487
44 74.8806 6.9168
45 69.4728 5.3331
46 58.1313 4.1173
47 77.987 5.7999
48 61.8202 4.7196
49 67.7857 3.8684
50 73.3738 5.2673
51 73.3888 7.418
52 75.0498 5.3626
53 62.2826 8.1164
54 55.4696 7.6217
55 82.2949 3.1994
56 57.9879 6.9767
57 66.0806 4.3827
58 65.8232 6.5726
59 74.7623 7.5095
60 76.3092 4.2962
61 76.1576 4.6656
62 75.0188 6.7033
63 64.7205 7.7348
64 66.2752 12.0776
65 70.3214 8.7945
66 69.2401 11.6327
67 85.887 8.9895
68 68.873 9.7154
69 75.423 7.8301
70 71.3421 9.1263
71 70.8548 12.7028
72 77.7158 9.6434
73 58.5041 7.3339
74 46.379 10.4279
75 50.1914 6.9297
76 62.7523 5.5299
77 70.6652 6.5719
78 56.8856 6.9386
79 63.1817 9.5549
80 54.6919 11.707
81 0 0
82 0 0
83 79.7855 6.7814
84 74.6087 5.5653
85 84.3231 5.9568
86 79.8883 5.4825
87 71.8193 5.7296
88 93.8583 6.2861
89 74.025 9.2153
90 86.7443 7.4388
91 84.7663 6.5532
92 78.281 7.0743
93 89.5998 5.8558
94 80.2389 6.2192
95 91.0676 5.9838
96 76.2434 6.0636
97 90.4431 6.6825
98 76.0895 6.8098
99 66.441 7.0557
100 59.7023 7.8182
101 82.1179 6.2603
102 0 0
103 0 0
104 57.8918 3.479
105 65.7259 4.6223
106 71.9429 4.2819
107 59.0664 3.7902
108 78.9296 2.9869
109 74.0829 6.1087
110 81.334 4.9701
111 73.2192 3.6119
112 75.2134 3.6337
113 88.4582 4.9373
114 71.7399 3.428
115 81.2914 3.914
116 84.8361 5.8068
117 79.4542 9.0094
118 73.3749 6.3959
119 96.7514 4.8974
120 77.1367 5.0962
121 91.2382 4.9217
122 85.6135 6.4898
123 0 0
124 0 0
125 83.7281 3.7404
126 80.7971 4.9778
127 81.5033 4.8539
128 66.113 4.8424
129 74.2629 4.2297
130 70.6439 6.1727
131 75.5584 7.9246
132 74.3914 12.5253
133 59.9655 9.8612
134 63.8214 7.6043
135 71.1592 5.6758
136 71.4431 8.1869
137 59.545 9.5311
138 68.1206 5.7021
139 74.3241 9.5589
140 74.0113 6.552
141 67.9927 5.7699
142 62.7402 7.4965
143 65.2281 5.0396
144 58.9977 4.9057
145 67.2528 5.8584
146 70.164 6.5524
147 67.5794 6.2952
148 71.4644 5.1317
149 70.7186 5.1453
150 78.061 5.9334
151 65.908 6.3583
152 76.5939 7.6609
153 70.1562 7.9579
154 61.1347 6.0415
155 82.6467 5.5196
156 80.6419 6.035
157 70.3452 6.2579
158 76.4771 6.8366
159 84.3887 5.3446
160 85.9771 8.3435
161 87.6883 7.1648
162 56.6551 7.6007
163 67.9403 6.7173
164 57.1512 8.3556
165 56.3722 6.7342
166 63.2363 8.2642
167 69.0201 4.4312
168 55.2219 3.8433
169 72.4547 4.1516
170 57.6299 8.5065
171 73.4041 3.6277
172 86.8911 5.8352
173 78.8628 4.3626
174 77.5946 3.3198
175 74.2013 3.1236
176 85.1053 4.1315
177 75.8979 4.4725
178 86.7286 3.988
179 69.883 4.2298
180 69.2147 3.7906
181 71.7009 4.0394
182 69.0299 0.6558
183 57.4216 3.7387
184 70.2802 6.5707
185 62.7846 4.4923
186 86.3624 9.109
187 69.363 4.3731
188 73.1288 10.6973
189 60.3767 9.5938
190 74.8889 7.3197
191 72.6533 7.3603
192 63.9876 8.0297
193 69.4938 8.2679
194 72.0265 5.8267
195 66.2286 7.4686
196 86.1874 7.8623
197 69.9713 10.2389
198 78.7177 8.6801
199 60.4691 6.9126
200 55.5359 9.6763
201 73.4919 0.5914
202 73.6824 6.7173
203 -7.3041 30.6218
204 61.0564 5.1946
205 76.7419 9.1425
206 74.6513 9.4562
207 0 0
208 0 0
209 59.0473 4.7898
210 66.4919 7.8572
211 76.8498 8.7406
212 66.2469 4.7983
213 62.2607 4.7133
214 74.7655 4.7342
215 70.1387 8.3029
216 74.2789 8.0952
217 68.1729 5.397
218 73.4272 5.9569
219 61.6389 6.2207
220 67.659 5.4404
221 65.0793 5.771
222 57.5384 8.5243
223 73.3958 7.8723
224 66.3787 8.4233
225 77.0126 6.1972
226 74.5995 5.6128
227 68.8608 4.6647
228 0 0
229 0 0
230 62.2709 4.7326
231 78.1641 3.9952
232 80.9693 4.3429
233 74.2546 4.9769
234 67.1533 7.0629
235 68.2367 5.577
236 75.2875 4.8592
237 78.2563 5.8279
238 74.8185 4.3357
239 72.3317 6.0527
240 61.6237 4.8849
241 71.7775 3.2152
242 71.226 6.2345
243 74.1389 6.2218
244 76.3063 5.7233
245 66.7062 4.1902
246 63.1295 4.1683
247 68.5567 4.015
248 69.0652 3.8132
249 0 0
250 0 0
251 0 0
