0 75.4086 4.9321
1 72.021 6.358
2 67.9513 6.4096
3 55.2723 6.0544
4 65.95 9.2771
5 73.2625 9.2723
6 70.2436 9.328
7 73.5005 8.1635
8 62.1177 7.9767
9 77.826 7.064
10 72.9114 5.9155
11 68.5776 6.5892
12 72.3543 8.0555
13 66.6699 6.529
14 71.3385 7.3764
15 66.9996 7.6953
16 72.7081 7.0163
17 73.4403 6.3384
18 72.9487 6.208
19 72.1499 6.708
20 76.0171 5.639
21 70.2488 6.3188
22 61.1727 5.1607
23 77.0567 5.958
24 73.9836 6.2628
25 78.6478 7.5358
26 86.1167 10.0856
27 76.0505 8.2942
28 57.5484 8.1672
29 60.8099 6.3874
30 73.5237 6.2273
31 68.7383 4.8234
32 60.9309 6.4826
33 75.3805 6.0414
34 68.657 12.9607
35 68.2005 6.4326
36 69.9862 5.8541
37 67.2619 5.7487
38 69.2942 5.6972
39 66.2579 5.6841
40 67.1104 5.1033
41 65.7431 4.8697
42 83.5411 4.4409
43 72.5195 5.9283
44 75.2853 7.235
45 68.965 5.2009
46 58.1069 4.0795
47 78.0386 5.7752
48 61.8641 4.6578
49 67.7226 3.8289
50 73.5917 5.16
51 73.9977 7.2064
52 74.9111 5.2753
53 62.7768 7.8634
54 56.5932 6.8149
55 82.2176 3.1566
56 57.6556 6.5847
57 66.2239 4.4245
58 65.8214 6.7269
59 74.7186 7.4908
60 76.2922 4.395
61 69.5098 4.2825
62 74.7282 6.8193
63 64.7019 7.839
64 66.9157 11.7526
65 70.3527 9.2702
66 68.7817 12.1356
67 86.3189 9.32
68 68.7274 9.8767
69 74.9308 7.9656
70 71.3105 9.603
71 70.0175 13.3474
72 77.6453 10.6381
73 57.9841 7.5783
74 51.4355 8.185
75 45.1929 8.3881
76 62.8179 5.6129
77 70.2574 6.3272
78 56.6065 6.4883
79 63.2416 10.2816
80 54.4777 11.7231
81 0 0
82 0 0
83 79.3838 6.7111
84 74.0471 5.4714
85 83.9851 5.9521
86 80.0046 5.5038
87 71.388 5.7493
88 93.2371 6.3359
89 73.9906 9.0143
90 86.2352 7.779
91 84.9106 6.47
92 78.0497 7.0691
93 89.6114 5.9216
94 80.0957 6.311
95 91.5439 6.212
96 76.3867 6.2778
97 91.0264 6.6545
98 75.9414 6.9895
99 65.9848 7.2117
100 60.0817 7.6312
101 81.9258 6.1761
102 0 0
103 0 0
104 58.0034 3.4047
105 65.7696 4.5958
106 72.0208 4.2342
107 58.7614 3.7911
108 78.8695 2.9495
109 73.9573 5.9408
110 81.1857 4.9147
111 73.1418 3.6611
112 75.0277 3.68
113 88.1914 4.9717
114 71.6418 3.3564
115 81.0416 3.8028
116 84.3908 5.8726
117 79.2525 9.2799
118 72.9301 6.5112
119 96.8724 4.8889
120 76.9991 5.1622
121 91.2982 5.2727
122 85.0332 6.5536
123 0 0
124 0 0
125 83.6785 3.6854
126 80.6099 5.0068
127 81.226 4.8259
128 66.1441 4.7557
129 74.202 4.2064
130 70.5137 6.2902
131 75.5977 9.0034
132 74.5388 12.3354
133 60.4026 9.7719
134 63.6312 8.0448
135 71.063 5.8272
136 71.4974 8.1856
137 59.6912 9.4331
138 68.0779 5.6379
139 74.1167 10.0364
140 74.0976 6.7539
141 68.0196 5.4879
142 62.8254 7.3059
143 65.0843 4.9884
144 58.9473 5.0566
145 66.663 6.0386
146 70.1133 6.7903
147 67.5035 6.289
148 71.3514 5.1274
149 70.312 5.3973
150 77.9837 5.8683
151 65.0082 6.1878
152 77.2879 7.5395
153 70.1823 7.8719
154 60.8208 6.4022
155 82.3221 5.7811
156 80.339 6.2916
157 70.1485 6.5163
158 76.2803 7.0651
159 83.4891 5.4983
160 85.8988 8.4968
161 87.132 7.5293
162 57.1526 7.1988
163 68.1174 6.7669
164 57.3261 7.8586
165 56.7091 6.2631
166 63.6301 8.1067
167 69.0444 4.409
168 55.3349 3.7268
169 72.3766 4.1415
170 57.2969 8.3948
171 73.5866 3.7232
172 86.6211 5.968
173 78.9148 4.4646
174 77.3118 3.3229
175 74.2647 3.2763
176 84.9923 4.303
177 75.8899 4.3754
178 86.3435 4.1792
179 69.962 4.2257
180 68.9817 3.7281
181 71.2943 4.2386
182 68.8421 0.7623
183 57.1123 3.7913
184 69.796 6.653
185 62.396 4.664
186 85.7176 9.8754
187 69.2428 4.2475
188 72.7467 10.5544
189 59.6805 9.4298
190 74.8657 7.1355
191 72.6216 7.2334
192 63.7062 8.0065
193 69.4492 8.4968
194 71.7449 5.7878
195 65.9501 7.5599
196 86.2383 8.1036
197 70.2326 9.9452
198 78.0661 8.6504
199 60.2524 6.8209
200 56.2015 9.1281
201 70.6599 5.9575
202 74.1228 7.0775
203 8.6766 26.6406
204 61.0308 5.1999
205 77.0801 8.7575
206 74.5167 9.354
207 0 0
208 0 0
209 58.9499 4.7948
210 66.3442 7.9322
211 76.4512 9.1088
212 66.1013 4.8972
213 62.158 4.5852
214 74.1779 4.1842
215 70.1032 8.9506
216 73.4781 8.2822
217 68.0725 5.4264
218 73.166 5.8399
219 61.7441 6.2527
220 68.184 5.3206
221 64.9772 5.9312
222 57.6849 8.5517
223 73.5531 7.8205
224 65.9956 8.3712
225 76.9077 6.1499
226 74.2932 5.7344
227 68.3841 4.5477
228 0 0
229 0 0
230 62.5112 4.7058
231 78.1484 3.9116
232 80.7691 4.2501
233 74.4279 4.9449
234 66.9617 7.0407
235 68.2993 5.7344
236 75.593 4.8461
237 74.6008 7.9211
238 74.492 4.3029
239 72.1159 6.0166
240 61.6636 4.892
241 71.6884 3.203
242 71.3925 5.9029
243 73.7082 6.1819
244 75.8685 5.6832
245 66.5905 4.4004
246 62.7594 4.3257
247 68.0546 4.0985
248 68.6756 3.7682
249 0 0
250 0 0
251 0 0
