0 75.6291 4.6842
1 72.1976 6.0863
2 68.2044 6.1945
3 56.0689 5.7134
4 66.4121 9.1157
5 73.2002 9.3058
6 70.2873 8.7461
7 73.3649 8.1736
8 62.645 7.8793
9 77.7758 7.2092
10 72.9209 5.7379
11 68.8074 6.4677
12 72.6775 8.0131
13 66.8094 6.2709
14 71.9999 6.985
15 67.2032 7.2781
16 73.0451 7.1502
17 73.5127 6.3827
18 73.4094 5.82
19 72.293 6.6166
20 76.2376 5.5699
21 70.493 6.1732
22 61.4051 5.1677
23 77.22 5.5958
24 73.8836 6.3449
25 78.8291 7.494
26 86.6666 9.4498
27 75.8855 8.0113
28 58.256 8.0326
29 61.134 6.5549
30 73.821 6.1616
31 68.8879 4.8377
32 61.3 6.2239
33 75.5164 5.9701
34 67.8693 13.3161
35 68.2162 6.3694
36 70.1927 5.8032
37 67.4323 5.6097
38 69.5023 5.5431
39 66.6967 5.4143
40 67.1241 5.0005
41 65.6473 4.9319
42 83.6333 4.3076
43 72.4846 5.9066
44 74.9813 7.356
45 69.0481 5.1607
46 58.1792 3.9964
47 78.0762 5.7137
48 61.7645 4.5622
49 67.646 4.0381
50 73.388 5.0772
51 73.871 7.0643
52 74.6615 5.0583
53 62.7231 7.6621
54 56.1614 7.6397
55 82.4573 3.0704
56 58.0257 6.4549
57 66.2302 4.2781
58 65.8739 6.4936
59 74.5611 7.2443
60 76.2437 4.1125
61 70.0189 4.5015
62 75.1387 6.6619
63 65.1422 7.3233
64 67.0072 11.4539
65 70.9698 8.7085
66 70.2258 11.6061
67 86.5384 8.9488
68 69.4993 9.5731
69 75.3868 7.5874
70 71.6254 9.2105
71 70.572 12.4713
72 78.0854 9.6434
73 58.0285 7.4757
74 46.5202 9.9524
75 49.3299 6.9162
76 62.4257 5.3703
77 70.2664 6.2285
78 56.2286 6.4713
79 63.6272 9.4193
80 55.2378 10.7509
81 0 0
82 0 0
83 79.7537 6.4441
84 74.8445 5.2331
85 84.3591 5.627
86 80.4823 5.3131
87 71.6421 5.4916
88 93.8617 6.1227
89 73.7105 8.3266
90 86.5146 7.0707
91 85.0791 6.0866
92 78.4149 6.7073
93 90.218 5.828
94 80.4402 6.1637
95 91.4461 5.9071
96 76.734 6.094
97 90.788 6.5937
98 76.2328 6.7226
99 65.8672 7.0208
100 59.7208 7.8822
101 82.5219 6.3335
102 0 0
103 0 0
104 57.9227 3.4222
105 65.7101 4.8715
106 72.0263 4.3224
107 58.7018 3.768
108 79.1368 2.9773
109 74.1167 5.852
110 81.0497 4.8408
111 73.0207 3.6422
112 75.134 3.7015
113 88.3353 5.0288
114 71.7038 3.3496
115 81.1947 3.8418
116 84.468 5.8259
117 79.8244 9.0216
118 72.9385 6.2581
119 97.1772 4.7764
120 77.4652 5.1259
121 91.6526 4.8444
122 85.7344 6.3939
123 0 0
124 0 0
125 83.4667 3.769
126 80.5895 5.1318
127 81.3461 4.9491
128 65.9917 4.9522
129 74.1574 4.2187
130 70.4774 6.3923
131 75.7244 8.3265
132 74.0769 11.9252
133 59.7348 9.7508
134 63.8868 7.6838
135 70.9008 5.6026
136 71.259 8.2475
137 59.7045 9.3879
138 68.0694 5.4754
139 73.5344 9.2994
140 73.9421 6.5746
141 68.2274 5.3855
142 62.9645 7.1531
143 65.1222 4.9884
144 58.7242 5.0018
145 66.7037 5.768
146 70.4478 6.4521
147 68.1183 5.9539
148 72.03 4.9931
149 70.6936 4.9764
150 78.4337 5.6336
151 65.3876 6.122
152 77.0024 7.2712
153 70.3063 7.0683
154 61.7897 5.9312
155 82.803 5.2679
156 81.058 5.8327
157 70.8321 6.0686
158 76.9727 6.5198
159 84.6289 5.3065
160 86.4686 8.0038
161 87.6999 6.7885
162 57.2546 7.3517
163 67.705 6.5182
164 56.9979 8.1854
165 55.8968 6.8194
166 63.4011 8.4756
167 68.9454 4.3589
168 55.2686 3.7316
169 72.4383 4.2591
170 57.1253 8.4017
171 73.6719 3.6908
172 86.944 5.6445
173 78.9623 4.366
174 77.5072 3.2265
175 74.8174 3.1798
176 85.0776 4.0745
177 75.9865 4.2572
178 86.4879 3.7185
179 69.4126 3.5257
180 69.5167 3.7251
181 71.676 3.9871
182 69.0978 0.7691
183 57.1814 3.6905
184 70.4691 6.3006
185 62.8746 4.4836
186 86.4608 9.2115
187 69.3519 4.5406
188 72.0281 10.3511
189 59.9876 9.0806
190 74.3775 7.0682
191 72.5538 7.1364
192 63.6171 7.9329
193 69.1825 8.5973
194 72.0171 5.872
195 65.8499 7.4107
196 86.2852 8.1824
197 70.3789 9.7584
198 78.6874 8.4093
199 60.6663 6.4753
200 56.2591 8.9036
201 70.993 6.1713
202 74.268 6.5655
203 45.4697 14.641
204 60.752 5.1619
205 77.1492 8.7377
206 74.7139 9.0187
207 0 0
208 0 0
209 58.9485 4.8588
210 65.8002 7.7099
211 76.1577 8.6191
212 66.2322 4.6682
213 62.34 4.6138
214 74.6038 4.6338
215 70.1264 8.4521
216 73.5141 7.4157
217 68.3278 5.1485
218 73.5011 5.5893
219 61.9655 6.0146
220 68.0974 5.1515
221 65.6615 5.3856
222 57.9397 8.1876
223 73.4382 7.5555
224 66.0352 7.8378
225 77.361 6.0032
226 74.5746 5.1465
227 68.7956 4.4429
228 0 0
229 0 0
230 62.2819 4.6698
231 78.071 3.8918
232 80.7646 4.25
233 73.971 5.1864
234 66.4977 6.8815
235 67.8218 5.6724
236 75.265 4.9614
237 75.1883 8.1092
238 74.6951 4.2809
239 72.1439 5.8376
240 61.703 4.7491
241 71.6521 3.1676
242 71.7237 6.0783
243 73.8535 6.0437
244 75.7657 5.4315
245 66.7443 4.1593
246 63.0592 4.1332
247 68.4927 3.906
248 68.9824 3.5932
249 0 0
250 0 0
251 0 0
