0 75.6267 4.9378
1 71.9771 6.1661
2 67.9971 6.334
3 55.7078 5.9306
4 66.1972 9.3335
5 72.7823 9.3527
6 70.299 9.1981
7 73.2676 8.4176
8 62.4314 7.7846
9 77.772 7.1077
10 73.1167 5.7252
11 68.5595 6.524
12 72.7119 7.96
13 66.626 6.5268
14 71.8188 7.354
15 67.4783 7.2958
16 73.0392 7.0688
17 73.3162 6.1606
18 73.6867 5.651
19 72.3667 6.3921
20 76.3301 5.7458
21 70.0663 6.2803
22 61.1976 5.4104
23 76.6814 5.8242
24 74.1789 6.4924
25 78.5618 7.5022
26 86.3867 9.4036
27 75.5577 8.733
28 58.012 8.2131
29 60.6246 6.4152
30 73.7869 6.2935
31 68.648 4.797
32 61.0965 6.3091
33 75.4329 5.7383
34 68.1779 12.3758
35 67.9856 6.4854
36 70.0724 5.7307
37 67.3683 5.6388
38 69.3791 5.7277
39 66.7341 5.1947
40 67.0469 5.0661
41 65.8292 4.7357
42 83.6668 4.1812
43 72.4557 5.7475
44 75.3455 7.1565
45 68.9484 5.3144
46 57.9742 4.1061
47 77.9271 5.6323
48 61.6572 4.7169
49 67.4835 3.7983
50 73.0629 5.0346
51 73.8609 7.2968
52 74.8447 5.1845
53 62.619 7.6106
54 56.161 7.5558
55 82.5231 3.0898
56 58.3608 6.6242
57 65.8568 4.3967
58 65.9478 6.5364
59 74.943 7.2106
60 76.4366 4.3164
61 69.4419 4.1066
62 75.1942 6.525
63 65.0025 7.4483
64 66.7871 11.5432
65 70.9878 8.311
66 69.4208 11.5737
67 86.4546 9.027
68 69.5528 9.4661
69 75.5326 7.8594
70 71.4811 8.8891
71 70.4356 12.5693
72 77.4948 10.0215
73 57.917 7.5886
74 52.0831 7.332
75 48.6895 7.2677
76 62.8671 5.5231
77 70.8275 6.3265
78 56.9732 6.5105
79 63.8547 9.6775
80 55.6501 10.7591
81 0 0
82 0 0
83 79.627 6.5046
84 74.4884 5.3418
85 84.124 5.7403
86 79.987 5.32
87 71.8818 5.6684
88 93.5083 6.3707
89 74.2222 8.6567
90 86.1821 7.3999
91 85.152 6.1835
92 78.7008 7.032
93 90.0579 5.8145
94 80.2103 6.2769
95 91.3187 5.9905
96 76.6404 6.1388
97 90.6338 6.6259
98 75.9488 6.7585
99 66.1455 7.1635
100 59.5274 8.0153
101 82.1915 6.2766
102 0 0
103 0 0
104 58.1012 3.3818
105 65.8901 4.5891
106 71.9164 4.1809
107 58.7339 3.8748
108 78.9675 2.9418
109 73.9361 5.7763
110 81.2897 4.6507
111 73.1521 3.6196
112 75.0008 3.599
113 88.2398 5.006
114 71.7615 3.4485
115 81.2111 3.7437
116 84.7066 5.8452
117 79.3061 8.8247
118 72.9832 6.3007
119 97.1002 4.6786
120 77.3232 4.9313
121 91.5034 4.899
122 85.538 6.5502
123 0 0
124 0 0
125 83.3726 3.6054
126 80.5415 5.0694
127 81.4304 4.8822
128 66.0601 4.9576
129 74.3379 4.1743
130 70.7974 6.3439
131 75.58 8.287
132 73.6311 12.4537
133 59.8093 9.6736
134 63.6416 7.7778
135 71.12 5.6671
136 71.1854 8.1851
137 59.6486 9.5366
138 67.7729 5.6016
139 73.8161 9.6472
140 73.9884 6.2578
141 67.7338 5.5622
142 62.4626 7.5794
143 64.976 5.0976
144 58.5489 4.8288
145 66.5575 6.2993
146 70.2798 6.5774
147 67.5662 6.0844
148 71.7009 5.0994
149 70.6583 5.2631
150 78.1222 5.8276
151 65.23 6.1306
152 77.1562 7.2653
153 69.8186 7.4021
154 60.838 6.0635
155 82.6406 5.5801
156 80.5458 6.2204
157 70.2709 6.2555
158 76.5935 7.0379
159 83.5119 5.3286
160 85.8949 8.4059
161 87.1642 6.8041
162 57.325 7.1196
163 68.262 6.5632
164 56.9913 7.9875
165 56.2145 6.4375
166 63.6682 8.1987
167 69.0716 4.2117
168 55.139 3.7616
169 72.1861 4.1069
170 57.1229 8.2898
171 73.3949 3.6599
172 86.8101 5.9305
173 78.9924 4.3171
174 77.5958 3.1146
175 74.5049 3.1623
176 84.9546 4.1231
177 75.7946 4.2338
178 86.4835 3.7955
179 69.9124 4.0686
180 69.2861 3.6561
181 71.6586 4.0941
182 68.8536 0.7018
183 57.3141 3.6036
184 70.2239 6.6326
185 62.8081 4.3309
186 85.9158 9.1914
187 69.2083 4.2169
188 71.4307 10.718
189 60.1709 9.1206
190 74.3783 7.1987
191 72.5053 7.1697
192 63.9181 7.718
193 69.3886 8.4728
194 71.7086 5.7232
195 66.0777 7.4187
196 86.2215 8.0044
197 70.1662 9.9227
198 78.2182 8.427
199 60.8453 6.6316
200 56.0889 9.2738
201 71.0203 6.1433
202 74.1478 6.7152
203 31.331 20.7984
204 61.2167 5.0528
205 77.0721 8.783
206 74.9497 9.5388
207 0 0
208 0 0
209 58.6553 4.9264
210 66.6054 7.5882
211 76.8305 9.2805
212 66.0884 4.7986
213 61.8591 4.6921
214 74.9478 5.151
215 69.5582 8.5611
216 73.3692 7.7362
217 68.1934 5.1881
218 73.6726 5.5845
219 61.8768 5.8243
220 68.4188 5.226
221 65.1953 5.4833
222 57.7662 8.2913
223 73.1406 7.2873
224 66.2307 7.9318
225 77.1405 6.0219
226 74.8134 5.4122
227 68.9227 4.4742
228 0 0
229 0 0
230 62.6252 4.646
231 78.3393 4.0285
232 80.7136 4.2443
233 74.53 5.1083
234 67.2717 6.6823
235 68.1479 5.2801
236 75.4 4.7781
237 75.1847 7.4621
238 74.3713 4.1585
239 72.1038 5.6772
240 61.9216 4.696
241 71.5693 2.9762
242 71.5849 5.8853
243 73.4582 5.9186
244 76.0126 5.3655
245 66.6239 4.3292
246 63.1047 4.1312
247 68.504 3.9892
248 69.1039 3.6762
249 0 0
250 0 0
251 0 0
