0 75.476 4.8004
1 72.4991 6.0982
2 68.1752 6.2447
3 55.9688 5.905
4 66.6483 9.1325
5 72.8201 9.006
6 70.4525 8.8641
7 73.3699 8.43
8 62.4782 8.0096
9 77.8642 7.394
10 72.7191 6.0355
11 68.6228 6.4191
12 72.5823 7.8973
13 66.6056 6.6419
14 71.7477 7.4231
15 67.3497 7.4496
16 72.7231 7.1642
17 73.3161 6.3863
18 73.1646 5.8162
19 72.2592 6.5835
20 76.1107 5.6299
21 69.942 6.3699
22 60.9873 5.2509
23 76.9669 5.979
24 74.2709 6.2859
25 78.6693 7.5909
26 85.9839 9.8228
27 75.9437 8.8604
28 57.6017 8.2936
29 60.9105 6.4707
30 73.5846 6.3119
31 68.3277 5.0672
32 61.1629 6.2741
33 75.1786 5.9912
34 67.5078 14.1622
35 68.0398 6.6787
36 69.9944 6.0115
37 67.3331 5.8185
38 69.2156 5.9917
39 66.7056 5.5433
40 66.8669 5.1677
41 65.4338 4.898
42 83.7661 4.3243
43 72.3685 5.9807
44 75.6092 7.3615
45 68.9647 5.307
46 58.088 3.9867
47 77.9521 5.622
48 61.7133 4.4662
49 67.5877 3.9113
50 73.2707 5.1783
51 73.8301 7.1277
52 75.0169 5.3095
53 62.5618 8.2128
54 55.8519 7.9023
55 82.2328 3.2692
56 57.306 7.309
57 65.9916 4.5262
58 65.4826 6.749
59 74.497 7.4363
60 76.2256 4.453
61 69.7316 4.1996
62 75.0504 6.8044
63 65.0779 7.8484
64 66.3113 11.7837
65 70.7541 9.073
66 69.3779 11.4448
67 85.8557 9.2182
68 69.0904 9.5498
69 75.4319 7.7339
70 71.3682 9.2655
71 70.7326 12.4501
72 77.4196 9.5215
73 58.4956 7.3998
74 29.7233 15.573
75 47.3095 7.7808
76 62.7313 5.5674
77 70.6003 6.4174
78 56.6646 7.0346
79 63.1453 10.338
80 55.5597 11.0063
81 0 0
82 0 0
83 79.7796 6.7243
84 74.1577 5.4995
85 84.1773 5.7491
86 79.5536 5.6881
87 72.0573 5.6628
88 93.42 6.2369
89 74.1891 8.7552
90 86.0789 7.4104
91 85.0469 6.7955
92 77.9743 7.117
93 89.615 5.9012
94 79.805 6.5344
95 91.4124 6.174
96 76.3582 6.1989
97 91.1183 6.818
98 76.079 6.9407
99 66.0002 7.2251
100 59.6624 7.8174
101 82.379 6.2055
102 0 0
103 0 0
104 57.9988 3.5071
105 65.7723 4.6872
106 71.9683 4.1827
107 58.9229 3.9892
108 78.9705 3.0073
109 74.0487 6.0744
110 81.1552 4.9418
111 73.1781 3.6207
112 74.9758 3.6661
113 88.1455 4.9993
114 71.762 3.3833
115 81.0192 3.7624
116 84.5906 5.7888
117 79.2912 8.7487
118 72.9373 6.1939
119 96.9324 4.8451
120 77.3314 5.1466
121 91.2183 5.0937
122 85.4661 6.5892
123 0 0
124 0 0
125 83.706 3.7095
126 80.6172 5.0116
127 81.45 4.8497
128 66.247 4.7809
129 74.2226 4.2872
130 70.6179 6.2555
131 75.7413 8.1538
132 74.2465 12.129
133 59.8636 10.0979
134 63.8368 7.7911
135 71.0896 5.6718
136 71.1465 7.9255
137 59.6389 9.2533
138 68.0898 5.4331
139 73.8913 9.6329
140 73.8387 6.7311
141 67.817 5.609
142 62.6497 7.3635
143 65.1398 5.0929
144 58.9308 4.8607
145 66.8984 5.8653
146 69.8641 6.8477
147 67.4726 6.457
148 71.3819 5.1827
149 70.4112 5.3576
150 77.8826 5.8674
151 65.138 6.3753
152 76.4536 7.27
153 70.0638 8.0726
154 61.348 5.9027
155 82.6713 5.5904
156 80.521 6.0359
157 70.3993 6.3304
158 76.6819 6.793
159 83.8164 5.3525
160 86.3895 8.2249
161 87.5839 6.983
162 57.3342 7.198
163 68.0947 6.5767
164 58.0316 7.3687
165 56.8066 6.2289
166 63.4681 8.419
167 69.0887 4.4826
168 55.229 3.7105
169 72.5582 4.2516
170 57.2104 8.7356
171 73.7185 3.6837
172 86.8286 5.8842
173 78.7693 4.3212
174 77.3565 3.31
175 74.4003 3.158
176 85.0323 4.2258
177 75.9497 4.4479
178 86.461 3.9314
179 69.2287 3.7138
180 69.0716 3.7865
181 71.4056 4.0576
182 69.124 0.7749
183 57.1213 3.7159
184 69.6419 6.5031
185 62.5497 4.6442
186 86.4563 9.6913
187 69.1754 4.329
188 72.571 10.354
189 59.9534 9.6196
190 74.7345 7.0989
191 72.4865 7.2744
192 63.635 7.8782
193 69.1165 8.4201
194 71.716 5.881
195 66.018 7.576
196 85.9992 8.1337
197 69.937 10.2954
198 78.224 9.0242
199 60.647 6.7685
200 55.8165 9.5814
201 70.8428 6.116
202 73.968 6.8564
203 21.5813 23.4444
204 60.9572 5.1686
205 77.0035 8.7261
206 74.6051 9.4327
207 0 0
208 0 0
209 58.9078 4.8551
210 66.3398 8.0856
211 75.8596 8.3997
212 65.9294 4.8786
213 62.3748 4.6996
214 74.4415 4.701
215 70.0399 9.052
216 73.1914 7.7683
217 68.2194 5.2992
218 73.3295 5.8032
219 61.689 6.1666
220 68.1722 5.213
221 65.2927 5.663
222 57.8271 8.4589
223 73.6381 7.6389
224 66.284 8.1508
225 77.1902 6.203
226 74.3767 5.8261
227 68.5362 4.554
228 0 0
229 0 0
230 62.3411 4.7708
231 78.0581 4.0162
232 80.9489 4.2768
233 74.5577 4.9021
234 67.266 6.8698
235 68.0774 5.8127
236 75.5214 4.8958
237 73.7974 8.2981
238 74.5556 4.1876
239 71.9494 5.956
240 61.8247 4.6792
241 71.3683 3.1001
242 71.6815 6.1656
243 73.7617 5.9966
244 75.8424 5.3645
245 66.7428 4.3951
246 62.9171 4.2577
247 68.2149 4.0546
248 69.0409 3.8792
249 0 0
250 0 0
251 0 0
