0 75.4308 4.7773
1 72.0539 6.2297
2 67.9444 6.1875
3 56.0532 5.8374
4 66.4888 9.0101
5 73.3093 9.0107
6 70.6849 8.9803
7 73.3206 8.3247
8 62.3692 8.0111
9 77.7147 7.3143
10 72.773 5.8173
11 68.1709 6.4948
12 72.2597 7.9931
13 66.403 7.038
14 71.7949 7.4903
15 67.12 7.5026
16 72.8301 7.0728
17 73.0241 6.2876
18 73.2712 6.2916
19 72.0412 6.712
20 76.1163 5.7044
21 70.1566 6.5121
22 61.1147 5.3366
23 76.6754 6.0053
24 74.3063 6.5131
25 78.5893 7.5711
26 86.7447 9.9965
27 75.7052 8.3207
28 57.3532 8.671
29 60.946 6.3899
30 73.7352 6.2714
31 68.3879 4.9944
32 60.8436 6.4171
33 75.2096 6.061
34 67.5478 12.9032
35 67.9931 6.5167
36 70.0945 5.8803
37 67.3531 5.614
38 69.461 5.9064
39 66.8298 5.3976
40 66.9707 4.9687
41 65.7582 4.8675
42 83.719 4.1897
43 72.592 5.9143
44 75.2703 7.2946
45 68.7725 5.403
46 57.9748 4.2422
47 77.8295 5.8979
48 61.478 4.786
49 67.4996 4.0161
50 73.0513 5.3871
51 73.7152 7.7256
52 74.9219 5.1725
53 62.2215 8.245
54 55.6469 7.606
55 82.1793 3.1512
56 56.9212 7.3164
57 66.2115 4.2377
58 65.8285 6.6882
59 74.6419 7.7242
60 76.3162 4.3665
61 76.1527 4.8118
62 74.74 6.7946
63 64.7612 8.0764
64 66.3747 11.8361
65 70.4982 8.8881
66 68.9949 11.5239
67 86.2665 9.1503
68 69.2132 9.8096
69 75.2202 7.9056
70 71.1513 9.5009
71 70.1569 13.4504
72 78.0722 10.051
73 58.0401 7.6089
74 47.4394 9.6214
75 48.1139 7.7487
76 62.4115 5.6094
77 70.4304 6.5718
78 56.3749 6.9102
79 63.1893 9.9015
80 54.6198 11.4866
81 0 0
82 0 0
83 80.019 6.7296
84 74.8395 5.4323
85 84.4298 5.7216
86 80.376 5.3242
87 71.7896 5.5819
88 93.5511 6.2424
89 74.0651 8.8407
90 86.1962 7.3636
91 84.7991 6.3315
92 78.2467 6.9867
93 89.5758 5.9073
94 80.0966 6.494
95 91.1628 5.9726
96 76.3646 6.153
97 90.4746 6.56
98 76.0742 6.8464
99 66.4943 7.0355
100 59.8576 7.7513
101 82.517 6.1679
102 0 0
103 0 0
104 57.9337 3.4788
105 65.6513 4.7187
106 71.8913 4.3145
107 58.7715 3.8147
108 78.9136 3.0342
109 73.9587 6.0914
110 81.2174 4.9873
111 73.1702 3.7465
112 75.0337 3.6486
113 88.0816 5.0504
114 71.7004 3.4892
115 81.2023 3.8329
116 84.6797 5.78
117 79.5953 9.0855
118 73.1962 6.3176
119 96.6303 4.781
120 77.0882 5.0619
121 91.1203 5.2008
122 85.2905 6.6375
123 0 0
124 0 0
125 83.2621 3.6776
126 80.4644 5.1204
127 81.169 5.0447
128 65.9284 5.072
129 73.8895 4.2733
130 70.4233 6.1985
131 75.1619 8.5876
132 74.0995 12.5223
133 60.2444 9.5198
134 63.5958 7.7442
135 70.8199 5.7724
136 71.104 8.4163
137 59.6511 9.774
138 67.6737 5.7644
139 74.2203 10.2826
140 74.0117 6.7529
141 67.9606 5.5422
142 62.6584 7.333
143 65.2159 4.961
144 58.7979 4.8091
145 66.9347 5.811
146 69.5359 6.7059
147 67.3317 6.4292
148 71.3857 5.1081
149 70.3488 5.3741
150 77.5421 5.933
151 65.3219 6.6547
152 76.4222 7.5628
153 69.5196 8.0207
154 61.2377 5.8291
155 82.5832 5.4211
156 80.7725 6.2241
157 70.1966 6.3878
158 76.8379 6.6524
159 83.9625 5.2251
160 86.2285 8.5738
161 87.3424 7.2821
162 56.8747 7.5384
163 67.8579 6.9274
164 56.8059 8.4279
165 56.1197 6.7886
166 63.5221 8.2552
167 68.4289 4.5125
168 54.2186 4.0631
169 72.0787 4.1556
170 56.9996 8.7661
171 73.288 3.7512
172 86.218 5.9151
173 78.686 4.4992
174 77.1551 3.3694
175 74.1718 3.4222
176 84.8073 4.1965
177 75.8309 4.5918
178 86.2831 4.0765
179 70.0569 4.2024
180 69.1432 3.8651
181 71.2825 4.0528
182 69.0764 0.6658
183 57.3548 3.5034
184 69.8866 6.5717
185 62.5966 4.5528
186 86.223 10.0912
187 69.0339 4.9194
188 72.5784 10.2248
189 60.3803 9.1565
190 74.6999 7.0993
191 72.3613 7.4035
192 63.6516 8.3234
193 69.08 8.5893
194 71.5257 6.0714
195 65.784 7.3623
196 86.1386 8.2682
197 70.3201 10.3797
198 78.3921 8.7799
199 60.1843 6.9839
200 55.2727 9.7849
201 73.3795 0.5826
202 73.6533 6.8574
203 -10.123 30.3036
204 60.7671 5.6027
205 76.3896 9.0158
206 74.089 9.849
207 0 0
208 0 0
209 58.329 5.2122
210 66.2942 8.0989
211 76.6057 9.7426
212 65.8739 5.1141
213 61.566 4.8627
214 74.4484 5.1602
215 69.875 8.6977
216 73.845 8.475
217 68.2886 5.3729
218 73.5351 5.9031
219 61.8345 5.9933
220 68.0529 5.349
221 65.233 5.7356
222 57.7953 8.5405
223 73.3257 7.6722
224 66.5351 8.077
225 76.9604 6.4822
226 74.238 6.1115
227 67.8107 4.83
228 0 0
229 0 0
230 61.8207 4.8858
231 77.7705 4.115
232 80.3751 4.4533
233 73.8311 5.309
234 66.1241 7.7251
235 67.8212 5.7665
236 75.1554 4.968
237 74.563 8.5952
238 74.3923 4.4273
239 72.0535 6.0011
240 61.7476 4.8692
241 71.7472 3.2375
242 71.393 6.2221
243 73.9467 6.1196
244 75.9995 5.6718
245 66.7296 4.4269
246 63.0632 4.3023
247 68.5581 4.0932
248 68.8982 3.721
249 0 0
250 0 0
251 0 0
