0 75.5579 5.011
1 72.0504 6.3325
2 67.868 6.5443
3 55.6435 5.9534
4 65.8186 9.3091
5 72.6175 9.395
6 70.3312 9.2677
7 73.5074 8.4526
8 62.5501 7.7966
9 77.7919 7.1958
10 72.783 5.8287
11 68.5437 6.5795
12 72.0607 8.0192
13 66.7601 6.5693
14 71.6916 7.4857
15 67.0149 7.7766
16 72.6898 7.2683
17 73.357 6.4276
18 73.3306 5.9784
19 71.5652 6.8226
20 76.1158 5.683
21 70.2581 6.1886
22 61.2298 5.2478
23 77.0784 5.83
24 74.1074 6.2343
25 78.6655 7.4948
26 86.6924 9.6251
27 76.1145 8.3319
28 57.3767 8.3852
29 60.884 6.4272
30 73.598 6.2137
31 68.6873 4.995
32 61.1133 6.4748
33 75.3279 6.1995
34 67.975 12.9146
35 68.1158 6.6283
36 69.9211 5.9661
37 67.1277 5.8664
38 69.3431 5.6512
39 66.802 5.3798
40 66.9483 5.1238
41 66.0305 4.8931
42 83.9116 4.2746
43 72.5831 5.6919
44 75.4097 7.2355
45 68.9793 5.3857
46 57.8604 4.1398
47 78.1605 5.8818
48 61.3483 4.7331
49 67.562 3.8751
50 73.31 5.0506
51 73.762 7.3913
52 74.9644 5.2778
53 61.7997 8.1772
54 55.6193 7.4786
55 82.2619 3.0795
56 57.5563 6.6469
57 65.7833 4.33
58 65.9499 6.6272
59 74.7859 7.7291
60 76.1284 4.277
61 70.5822 4.6048
62 74.9585 6.7762
63 64.5711 8.0826
64 66.4626 12.5576
65 70.3231 8.8626
66 68.8462 12.0631
67 85.7953 9.3328
68 69.0304 9.5203
69 75.5481 8.0066
70 71.4107 9.5651
71 70.4581 13.1446
72 77.8131 9.5071
73 58.0523 7.5574
74 47.0338 10.176
75 49.504 7.3981
76 62.9731 5.3586
77 70.4836 6.2669
78 56.6378 6.7087
79 63.5188 9.7172
80 55.6765 10.962
81 0 0
82 0 0
83 79.9152 6.5778
84 74.6525 5.6194
85 84.2853 5.8227
86 80.1762 5.4808
87 71.727 5.6122
88 93.3805 6.3671
89 73.9968 8.5659
90 86.4905 7.6973
91 84.6541 6.823
92 78.0262 6.9515
93 89.6586 5.9692
94 79.9989 6.4195
95 90.7882 6.2127
96 76.0943 6.5605
97 90.7924 6.7885
98 75.9025 6.84
99 66.2216 7.3536
100 59.7745 7.8893
101 82.2772 5.9772
102 0 0
103 0 0
104 58.0167 3.5485
105 65.7038 4.6495
106 71.8889 4.2323
107 58.6589 3.887
108 78.9303 3.0361
109 74.2063 6.1651
110 80.993 4.903
111 73.1464 3.7663
112 74.8068 3.6696
113 87.9039 5.083
114 71.5761 3.5412
115 80.7227 3.871
116 84.5927 5.7296
117 78.8966 8.5305
118 73.4653 6.4038
119 97.0044 4.799
120 77.3213 5.1143
121 91.1031 5.1651
122 85.1103 6.4224
123 0 0
124 0 0
125 83.1899 3.8563
126 80.3851 5.155
127 80.986 5.0794
128 65.9491 5.0829
129 74.2594 4.1474
130 70.3894 6.396
131 75.8667 8.5379
132 74.2564 12.995
133 60.4812 10.1079
134 63.8393 7.653
135 70.8375 5.7326
136 71.1663 8.386
137 59.3967 9.6958
138 67.7545 5.7331
139 73.638 9.6233
140 73.6384 6.629
141 67.8503 5.6706
142 62.8697 7.6127
143 65.3035 4.9124
144 58.9044 4.9295
145 66.7722 6.0048
146 69.7166 6.6697
147 67.5032 6.3345
148 71.2982 5.2227
149 70.4076 5.3772
150 78.1115 5.8638
151 64.8556 6.5027
152 76.695 7.6833
153 69.5899 7.7285
154 61.0831 5.869
155 82.5848 5.5869
156 80.6116 6.3861
157 70.2339 6.3595
158 76.7025 6.7175
159 83.5002 5.5254
160 85.8225 8.4622
161 87.4023 7.2611
162 57.0885 7.5252
163 67.589 6.8288
164 57.5189 7.8675
165 55.9289 6.9673
166 62.7008 8.5677
167 69.1286 4.5764
168 55.2043 3.8195
169 72.5637 4.069
170 57.4089 8.3788
171 73.5239 3.656
172 86.419 6.0734
173 78.8418 4.3137
174 77.5743 3.3243
175 74.415 3.249
176 85.1107 4.2314
177 75.8184 4.3008
178 86.4795 3.999
179 69.2519 3.5843
180 69.2212 3.7549
181 71.5495 4.1474
182 69.0807 0.7665
183 57.3592 3.7326
184 70.2743 6.5961
185 62.5428 4.3839
186 86.4235 9.0138
187 69.2015 4.4946
188 72.6619 10.5491
189 60.0395 9.7099
190 75.0079 7.1692
191 72.6587 7.4787
192 64.1471 7.7566
193 69.7173 8.6146
194 72.0217 5.9029
195 66.1308 7.6347
196 86.1904 8.1336
197 70.1039 10.069
198 78.7845 8.4532
199 60.5287 6.9223
200 55.5426 9.264
201 70.6994 6.2311
202 73.8218 6.8512
203 -48.883 38.5152
204 60.6918 5.4644
205 76.9357 9.0339
206 74.2365 9.2283
207 0 0
208 0 0
209 58.6247 5.009
210 66.172 8.0725
211 76.5835 8.5854
212 66.1202 5.0432
213 61.9759 4.7126
214 74.3252 4.9805
215 70.0506 8.6827
216 73.8418 7.8189
217 67.9816 5.3978
218 73.113 6.1054
219 61.4518 6.3057
220 67.7622 5.5046
221 64.8929 5.8126
222 56.448 9.3765
223 73.5345 8.2778
224 66.0117 8.7103
225 77.0111 6.251
226 74.1712 5.8758
227 68.3662 4.6101
228 0 0
229 0 0
230 62.2974 4.7152
231 78.061 4.0324
232 80.7589 4.3046
233 74.1257 5.0669
234 66.9119 7.1758
235 68.135 5.8024
236 75.5001 4.9523
237 73.2565 8.5083
238 74.2889 4.2532
239 71.9333 5.8589
240 61.9442 4.6426
241 71.6433 3.0931
242 71.5671 5.9826
243 73.5433 6.0006
244 75.7426 5.6324
245 66.7489 4.405
246 62.809 4.3062
247 68.1883 4.1624
248 68.7927 3.8755
249 0 0
250 0 0
251 0 0
