0 75.7251 4.7558
1 72.4522 6.0928
2 68.2328 6.3142
3 55.3975 6.1133
4 66.5314 9.1782
5 72.8545 9.7118
6 70.7928 8.5019
7 73.5325 8.7184
8 62.2464 8.0606
9 77.965 7.2284
10 72.9266 6.0468
11 68.4769 6.5446
12 72.4004 8.2203
13 66.5713 6.6531
14 71.6576 7.2537
15 67.3832 7.4567
16 72.7297 7.3559
17 73.3583 6.1427
18 73.4033 6.205
19 71.7548 6.5288
20 76.0866 5.5877
21 70.5802 6.2086
22 61.2454 5.1733
23 77.4382 5.7531
24 74.2611 6.3073
25 78.8551 7.5044
26 86.7031 9.8332
27 76.0245 8.2973
28 58.1903 8.2545
29 60.8445 6.5732
30 73.9983 6.4996
31 68.7466 4.9972
32 61.215 6.5291
33 75.1442 6.2588
34 68.0046 13.0828
35 68.3896 6.7953
36 70.2447 6.0521
37 67.2815 5.7844
38 69.2584 5.8327
39 66.4004 5.506
40 66.7134 5.5986
41 65.8607 4.9629
42 83.8411 4.3274
43 72.4894 6.0942
44 75.0828 7.4852
45 69.3694 5.2189
46 58.1307 4.0422
47 78.1952 5.8559
48 61.9412 4.7262
49 67.5364 3.8869
50 73.3006 5.0556
51 74.0449 7.1709
52 75.1331 5.1509
53 62.405 8.2422
54 55.588 7.9642
55 82.2959 3.0502
56 57.8775 6.888
57 66.027 4.5455
58 65.6436 6.7525
59 74.7315 7.3709
60 76.1301 4.2005
61 70.4296 4.5207
62 74.7386 6.9216
63 64.8336 8.1107
64 66.5837 12.1438
65 70.1038 9.0985
66 68.8555 11.7942
67 86.2116 9.2677
68 69.5942 9.6999
69 74.9381 8.0854
70 71.1956 9.7507
71 70.9755 13.0037
72 77.8242 10.0629
73 57.8047 7.644
74 50.8965 8.2778
75 49.1986 7.1671
76 62.7595 5.322
77 70.5871 6.4026
78 56.8087 6.5069
79 63.6008 9.764
80 55.421 11.0601
81 0 0
82 0 0
83 79.5041 6.6921
84 74.7962 5.4002
85 84.3993 5.7836
86 80.1355 5.3309
87 71.8337 5.6862
88 93.7362 6.1206
89 74.2375 8.673
90 86.438 7.4237
91 84.9358 6.6393
92 77.9666 7.1529
93 89.986 5.923
94 79.8147 6.4166
95 91.5672 6.0346
96 76.5055 6.097
97 91.1367 7.0842
98 76.2325 6.9801
99 65.7439 7.2795
100 59.4174 8.0835
101 82.3838 6.3688
102 0 0
103 0 0
104 58.0869 3.457
105 65.8947 4.7406
106 71.9797 4.3459
107 58.8183 3.9287
108 78.8418 2.9972
109 73.9463 6.0198
110 81.374 4.9091
111 73.2423 3.6993
112 75.1376 3.7556
113 88.2442 4.9048
114 71.5392 3.5122
115 80.8892 3.8507
116 84.5281 5.627
117 79.192 9.1323
118 73.2552 6.3064
119 97.159 4.7902
120 77.5156 5.0691
121 91.429 5.1376
122 85.4066 6.3377
123 0 0
124 0 0
125 83.6384 3.723
126 80.8177 4.9892
127 81.2011 5.0183
128 66.2037 4.8594
129 74.3371 4.2642
130 70.7486 5.9594
131 75.7125 8.4334
132 74.6235 12.2659
133 60.3381 9.7648
134 63.8742 7.8503
135 71.0875 5.7093
136 71.0665 8.1269
137 59.904 9.4823
138 67.9178 5.5942
139 73.5435 9.772
140 74.0908 6.6794
141 68.1396 5.5794
142 62.902 7.4715
143 65.3599 4.9409
144 59.2154 4.8655
145 66.9173 6.1273
146 69.4943 6.9092
147 67.3739 6.5711
148 71.216 5.3617
149 70.2163 5.4887
150 77.9569 6.171
151 64.7754 6.6221
152 76.5187 7.841
153 69.6815 8.301
154 61.0955 6.1074
155 82.4839 5.6505
156 80.4649 6.1984
157 70.3582 6.58
158 76.7038 6.8313
159 83.8952 5.292
160 85.9386 8.5406
161 87.6746 7.1619
162 56.8934 7.3142
163 67.737 6.7071
164 57.4777 7.978
165 56.4406 6.4838
166 63.499 8.1635
167 69.1729 4.5482
168 55.1945 3.8064
169 72.698 4.3799
170 56.789 8.7627
171 73.6593 3.6789
172 86.3261 5.9918
173 78.9531 4.3526
174 77.5882 3.412
175 74.476 3.2567
176 84.9069 4.277
177 75.9314 4.5853
178 86.3834 4.0142
179 69.3447 3.6175
180 69.1866 3.8081
181 71.5682 4.0111
182 69.1063 0.7739
183 57.427 3.6343
184 70.2705 6.5258
185 62.9019 4.4918
186 86.4241 10.2722
187 69.1516 4.2973
188 72.668 10.6932
189 60.9268 8.9257
190 74.7813 7.1933
191 72.4715 7.3283
192 64.2655 7.9553
193 69.2134 8.5716
194 71.9596 5.8273
195 66.1903 7.5109
196 86.0829 8.0299
197 70.1178 9.9439
198 78.7868 8.768
199 60.4033 6.7956
200 55.6782 9.0476
201 70.6794 6.2492
202 73.4608 6.5459
203 29.8419 20.521
204 60.6097 5.3382
205 76.8566 9.0867
206 73.8717 9.392
207 0 0
208 0 0
209 58.0281 5.191
210 66.1509 8.0136
211 75.7823 9.8375
212 65.7048 5.183
213 61.562 4.8236
214 73.865 5.3352
215 69.5682 9.3858
216 73.0694 8.1772
217 68.06 5.5006
218 73.1576 6.2343
219 61.5458 6.4032
220 67.8167 5.634
221 64.9055 6.0134
222 57.9083 8.4155
223 73.19 8.1884
224 65.6858 8.4404
225 76.9953 6.1945
226 74.286 5.9033
227 68.343 4.6609
228 0 0
229 0 0
230 62.5105 4.8214
231 78.1956 4.079
232 80.8412 4.1884
233 74.4318 5.0859
234 67.0463 7.4952
235 67.9364 5.6807
236 75.6579 5.0629
237 74.7404 8.1472
238 74.4357 4.3079
239 71.9102 5.9155
240 61.824 4.7773
241 71.4252 3.0263
242 71.5974 5.8295
243 73.6107 6.102
244 76.0534 5.5997
245 66.6218 4.1978
246 62.9734 4.2218
247 68.356 3.9363
248 68.9831 3.7528
249 0 0
250 0 0
251 0 0
