0 75.6619 4.7096
1 72.182 5.95
2 67.9911 6.255
3 56.006 5.95
4 66.7674 8.938
5 73.1185 8.8736
6 70.9227 8.3757
7 73.594 8.401
8 62.5817 7.9181
9 77.9701 7.0893
10 72.6964 5.8216
11 68.8679 6.5507
12 72.2468 8.1201
13 66.5174 6.5346
14 72.0274 7.4395
15 67.7174 7.2466
16 73.1681 6.9543
17 73.2905 5.9596
18 73.495 5.7329
19 72.1972 6.5702
20 76.2468 5.545
21 70.8131 6.2422
22 61.4169 5.2802
23 77.3374 5.7959
24 74.1736 6.2314
25 78.8764 7.5154
26 86.3599 9.9435
27 76.1844 8.1715
28 58.1365 8.3681
29 60.6022 6.4204
30 73.8636 6.2825
31 69.0536 4.7796
32 61.0002 6.2448
33 75.4817 5.9653
34 68.5842 12.4991
35 68.1374 6.3312
36 70.2745 5.9158
37 67.1179 5.6887
38 69.3135 5.7083
39 66.6934 5.5266
40 67.0804 5.0872
41 65.8868 4.7885
42 83.7469 4.3536
43 72.5347 5.9146
44 75.1749 7.4596
45 69.3527 5.2163
46 58.1704 4.0923
47 78.1203 5.6143
48 62.0052 4.54
49 67.9764 3.7682
50 73.5375 5.1025
51 73.9311 7.1525
52 75.1515 5.2767
53 62.4764 8.002
54 55.1499 8.3203
55 82.4558 3.0592
56 57.8004 6.5974
57 66.7549 4.4
58 66.273 6.5603
59 74.8527 7.9027
60 76.2151 4.1322
61 70.5765 4.4512
62 75.0555 6.6547
63 64.7552 7.965
64 67.0126 11.49
65 70.8993 8.9971
66 69.1119 11.3031
67 86.0002 9.1661
68 69.1174 9.671
69 75.3777 8.0437
70 71.1476 9.4508
71 70.6454 12.281
72 77.9544 9.9491
73 57.5758 7.8096
74 46.6823 10.1162
75 50.0927 6.7759
76 62.83 5.4605
77 70.6657 6.5105
78 56.7388 6.7777
79 63.6232 9.6469
80 53.1752 12.1852
81 0 0
82 0 0
83 79.7262 6.6072
84 74.636 5.2936
85 84.4732 5.5486
86 80.2442 5.6674
87 71.8425 5.619
88 93.7905 6.3373
89 74.3034 8.8489
90 86.5876 7.3029
91 85.0436 6.2326
92 78.5384 6.7866
93 89.8757 5.641
94 80.1725 6.3042
95 91.3837 5.9458
96 76.6149 6.0298
97 90.7879 6.3882
98 76.186 6.9772
99 66.2214 7.3464
100 59.8385 7.7838
101 82.2676 6.1905
102 0 0
103 0 0
104 57.9469 3.4761
105 65.4926 4.7931
106 71.912 4.3421
107 58.7351 3.8664
108 78.9373 3.0377
109 74.0755 6.0665
110 81.1832 4.9334
111 73.1288 3.7011
112 74.9433 3.7298
113 88.4096 4.9089
114 71.5709 3.4013
115 80.89 3.8345
116 84.6504 5.6962
117 79.2454 8.4341
118 73.3356 6.187
119 97.0826 5.0126
120 77.5621 5.0932
121 91.4513 5.0057
122 85.7456 6.4942
123 0 0
124 0 0
125 83.7779 3.586
126 81.0271 4.7736
127 81.551 4.8583
128 66.4476 4.7863
129 74.472 4.0796
130 70.9407 6.0764
131 75.85 8.401
132 74.7082 12.0256
133 59.5494 10.3179
134 63.588 7.6268
135 71.07 5.6979
136 71.53 8.05
137 59.5861 9.6622
138 67.9502 5.3344
139 74.0448 10.0657
140 73.9836 6.5028
141 68.2952 5.4504
142 62.8798 7.2375
143 65.3596 4.8311
144 59.1663 4.8151
145 67.1081 5.9886
146 69.9926 6.7662
147 67.4807 6.3269
148 71.3618 5.22
149 70.3956 5.3519
150 77.9471 5.8772
151 65.0944 6.312
152 76.9374 7.7211
153 69.9967 7.9405
154 61.133 6.2116
155 82.4818 5.5349
156 80.5782 6.3038
157 70.3728 6.3313
158 76.7755 6.8583
159 83.7399 5.2072
160 86.1698 8.3665
161 87.4433 7.0616
162 56.8379 7.4442
163 67.8345 6.677
164 57.7456 7.8438
165 56.2901 6.6535
166 63.5424 8.4325
167 69.0229 4.6614
168 55.2733 3.8587
169 72.6589 4.159
170 57.385 8.5511
171 73.5686 3.6726
172 86.6953 5.9537
173 79.0669 4.2854
174 77.4658 3.2237
175 74.4753 3.1389
176 85.0362 4.1578
177 75.9159 4.3583
178 86.4851 3.9271
179 69.8737 3.9367
180 69.2717 3.7384
181 71.5802 4.1085
182 69.2339 0.7964
183 57.325 3.6753
184 70.1743 6.5382
185 62.6496 4.269
186 86.215 9.2133
187 69.3928 4.364
188 72.901 10.3892
189 60.1822 9.4731
190 74.6597 7.0655
191 72.5099 7.2419
192 63.4739 7.981
193 69.2549 8.5178
194 71.8789 5.795
195 66.3261 7.3656
196 85.8113 8.0148
197 70.2294 9.9877
198 78.5656 8.5786
199 60.2944 6.7789
200 56.1085 9.0611
201 70.7628 6.0574
202 74.1005 6.7567
203 20.8141 24.1889
204 60.7059 5.3294
205 76.6853 8.7819
206 74.7457 8.9081
207 0 0
208 0 0
209 58.7113 5.0182
210 66.5303 7.9189
211 76.044 8.7522
212 65.967 4.9635
213 61.9255 4.5984
214 74.4946 5.0744
215 70.2055 9.0023
216 73.4788 8.3957
217 68.257 5.4255
218 73.2908 6.0148
219 61.6679 6.3605
220 67.8022 5.4892
221 64.9896 5.964
222 57.7113 8.863
223 73.3775 7.7242
224 66.012 8.9539
225 77.1509 6.192
226 74.3358 5.9014
227 68.457 4.6921
228 0 0
229 0 0
230 62.4711 4.8909
231 78.4152 4.153
232 81.2401 4.2359
233 74.3676 4.9175
234 67.4653 7.3406
235 68.328 5.8959
236 75.7959 5.1209
237 75.2863 7.8587
238 74.6354 4.2562
239 72.1647 6.1302
240 61.7291 4.8124
241 71.6559 3.118
242 71.5571 6.0078
243 73.878 6.1284
244 76.0701 5.5684
245 66.6104 4.1855
246 62.9266 4.0393
247 68.3762 3.9776
248 68.9208 3.7343
249 0 0
250 0 0
251 0 0
