0 75.5042 4.766
1 72.4006 6.1795
2 68.0959 6.2134
3 56.0426 5.9499
4 66.5826 9.1386
5 73.2834 9.501
6 70.3582 8.9226
7 73.3525 8.1968
8 62.5332 7.955
9 77.8923 7.0015
10 72.6147 5.8111
11 68.5957 6.7542
12 72.2737 8.0406
13 66.4832 6.5773
14 71.7595 7.3055
15 67.315 7.37
16 72.6501 7.2952
17 73.1671 6.4376
18 73.3 5.9755
19 72.0938 6.5691
20 76.3989 5.5758
21 70.4089 6.2019
22 61.3306 5.1865
23 77.2133 5.9019
24 74.1345 6.3914
25 79.0685 7.3058
26 86.3412 9.7891
27 76.0996 8.435
28 58.1639 8.3558
29 60.6157 6.5527
30 73.9123 6.5211
31 68.8519 5.2472
32 60.9149 6.5768
33 75.2646 6.2134
34 67.8847 13.794
35 67.7648 6.7221
36 70.3085 5.7966
37 67.1948 5.8074
38 69.3957 5.7319
39 66.921 5.6445
40 67.216 5.1152
41 65.7942 4.992
42 83.7371 4.2241
43 72.6369 6.0376
44 75.4365 7.4275
45 69.328 5.2408
46 58.2024 4.2262
47 78.355 5.7386
48 61.832 4.7113
49 67.6312 3.7691
50 73.6196 5.1626
51 74.0543 7.518
52 75.1447 5.2926
53 62.201 8.0219
54 55.025 8.1437
55 82.2202 3.1696
56 57.5569 6.805
57 65.7583 4.5158
58 65.5729 6.591
59 74.8717 7.8806
60 76.3012 4.4334
61 70.5214 4.6606
62 74.9632 6.6953
63 64.9704 7.7987
64 67.0368 11.8176
65 69.9724 9.2592
66 68.964 12.4964
67 85.5718 9.4049
68 68.6651 9.9801
69 74.5359 8.3116
70 71.0377 9.7794
71 69.6853 13.3091
72 78.3695 10.1467
73 58.6569 7.4705
74 49.8827 9.175
75 48.3893 7.7331
76 63.1575 5.578
77 70.5642 6.5215
78 57.1222 6.3973
79 63.3719 10.1113
80 56.0911 11.2746
81 0 0
82 0 0
83 79.6783 6.8475
84 74.5199 5.3357
85 84.4093 5.776
86 79.7509 5.565
87 71.629 5.6965
88 93.6784 6.3433
89 73.9774 8.8118
90 86.5173 7.7733
91 84.7131 6.5991
92 77.9405 7.2137
93 89.3993 5.9413
94 80.0046 6.5126
95 90.8312 6.0239
96 76.1651 6.1786
97 90.5918 6.854
98 75.6851 7.0936
99 66.0002 7.2157
100 59.8893 7.7936
101 82.2722 6.4001
102 0 0
103 0 0
104 58.0472 3.5162
105 65.5803 4.6863
106 71.7426 4.2814
107 58.67 3.8473
108 78.7939 2.9741
109 74.0108 6.0464
110 81.003 4.903
111 73.0651 3.6984
112 74.9637 3.7113
113 88.1386 5.0694
114 71.6484 3.5009
115 80.8579 4.0351
116 84.4276 5.7994
117 78.8961 9.1909
118 73.2781 6.4786
119 96.9351 4.7907
120 77.0783 5.0924
121 90.8813 4.8779
122 84.9307 6.5301
123 0 0
124 0 0
125 83.5446 3.837
126 80.4899 5.0805
127 81.2921 5.1499
128 65.9115 4.9713
129 74.2231 4.2088
130 70.4749 6.3169
131 75.6557 8.3852
132 74.3177 12.547
133 60.2271 9.6718
134 63.8411 7.8607
135 71.1201 5.7186
136 71.1794 8.2206
137 58.763 9.9613
138 67.8232 5.6635
139 73.8145 10.0974
140 74.1207 6.5627
141 67.9726 5.6111
142 62.7048 7.4566
143 65.1915 4.9411
144 59.0475 4.9111
145 66.6117 6.0754
146 69.7742 6.7199
147 67.5627 6.3561
148 71.3453 5.2141
149 70.4449 5.4292
150 77.6143 5.8164
151 64.934 6.5091
152 76.7207 7.7004
153 70.0451 8.0388
154 61.2316 5.9665
155 82.5362 5.6342
156 80.6143 6.3527
157 70.3476 6.3506
158 76.6306 6.8283
159 83.8081 5.3076
160 85.8059 8.228
161 87.3762 7.1798
162 56.7619 7.7853
163 67.707 6.9203
164 57.4255 8.2502
165 56.3702 6.56
166 62.9267 8.7583
167 69.1875 4.5973
168 55.3773 3.7066
169 72.7538 4.0579
170 56.8558 8.7099
171 73.5565 3.6729
172 86.3726 5.8863
173 78.8351 4.3295
174 77.5239 3.3172
175 74.2853 3.2534
176 85.1111 4.2553
177 75.8399 4.3751
178 86.7211 4.0569
179 69.5846 3.8369
180 69.044 3.8196
181 71.4761 4.1533
182 68.9157 0.7414
183 56.9759 3.7559
184 70.2456 6.623
185 62.7896 4.6512
186 86.0191 9.6986
187 69.17 4.4918
188 72.5184 10.2292
189 60.2439 9.4546
190 74.7186 7.315
191 72.2228 7.2975
192 63.4699 8.3099
193 69.2145 8.7969
194 71.7227 5.8415
195 66.0325 7.5342
196 86.239 8.0548
197 69.854 10.1028
198 78.5319 8.6918
199 60.6807 6.8634
200 55.345 9.4352
201 70.5821 6.2289
202 73.594 6.8065
203 13.7212 26.0147
204 60.6503 5.3267
205 76.7977 9.0716
206 74.626 8.967
207 0 0
208 0 0
209 58.2966 4.8901
210 66.0964 8.1744
211 76.7359 9.4625
212 65.6329 5.0771
213 61.8036 4.7625
214 74.6762 5.1441
215 69.6655 8.9046
216 73.3135 8.8122
217 68.2317 5.4059
218 73.3252 5.9402
219 61.7572 6.1285
220 67.8677 5.3751
221 65.22 5.9277
222 57.6686 8.6477
223 73.4097 7.6325
224 65.9353 8.3634
225 76.8506 6.2517
226 74.2097 5.7493
227 68.379 4.7065
228 0 0
229 0 0
230 62.4548 4.9067
231 78.0659 4.1042
232 80.8444 4.3241
233 74.16 5.0808
234 67.4332 7.1007
235 68.1649 5.8719
236 75.432 5.0144
237 74.3607 8.0974
238 74.3497 4.3242
239 72.0418 5.9805
240 61.6538 4.7776
241 71.5034 3.1821
242 71.5196 6.135
243 73.6197 6.0091
244 75.9153 5.7558
245 66.5442 4.2586
246 63.0636 4.1114
247 68.2832 4.0434
248 68.8437 3.6738
249 0 0
250 0 0
251 0 0
