0 75.5651 4.7681
1 72.3899 6.2738
2 68.3842 6.2405
3 55.4506 5.8746
4 66.2475 9.1431
5 72.7809 9.3871
6 70.9906 8.8895
7 73.281 8.4453
8 62.1598 7.9368
9 77.5281 7.2037
10 72.6389 5.8349
11 68.5006 6.6282
12 72.2823 8.1386
13 66.5841 6.6722
14 71.7449 7.171
15 67.436 7.5132
16 72.8089 7.1512
17 73.1595 6.5673
18 73.2724 5.901
19 72.1087 6.6107
20 76.5606 5.6153
21 70.3103 6.2289
22 61.1811 5.2065
23 77.1913 5.8652
24 74.2372 6.3401
25 79.2005 7.5973
26 86.9572 9.7642
27 76.0975 8.4831
28 57.9602 8.1482
29 60.9694 6.3845
30 73.6443 6.1139
31 68.4704 5.0726
32 61.1719 6.3362
33 75.1971 5.9751
34 67.6416 13.2516
35 68.3075 6.8212
36 70.0573 5.7744
37 67.461 5.7155
38 69.5134 5.8803
39 67.1016 5.6958
40 66.9451 4.9609
41 65.6336 4.9762
42 83.671 4.3098
43 72.3078 5.8871
44 75.2834 7.3813
45 69.2662 5.4965
46 58.1841 4.1461
47 78.1741 5.6848
48 61.9486 4.7451
49 67.832 3.9415
50 73.5071 5.2694
51 74.1197 7.3867
52 75.0637 5.2103
53 62.2401 7.9499
54 56.1694 7.4406
55 82.2221 3.1096
56 57.6186 6.7226
57 66.2133 4.1907
58 66.0053 6.6635
59 74.6627 7.4832
60 76.0243 4.3869
61 69.8272 4.3031
62 75.0331 6.6862
63 64.9595 7.8012
64 66.5549 11.6488
65 69.7176 8.5813
66 68.7781 11.8749
67 85.9467 9.2155
68 68.9192 9.7925
69 75.0602 8.0116
70 71.2086 9.4816
71 70.7367 12.8395
72 77.5434 9.846
73 58.4169 7.3048
74 48.7801 9.6819
75 48.1283 7.8085
76 63.1386 5.5727
77 70.7745 6.5118
78 57.083 6.6063
79 63.9723 9.9402
80 56.8881 10.5879
81 0 0
82 0 0
83 79.6381 6.5617
84 74.814 5.4446
85 84.2989 5.7675
86 79.7618 5.4987
87 71.7993 5.6705
88 93.5373 6.4037
89 74.1025 8.9826
90 86.4086 7.4047
91 84.8532 6.3718
92 78.1757 6.9813
93 89.6015 6.009
94 80.043 6.3183
95 91.0243 5.9474
96 76.1607 6.0131
97 90.6954 6.6099
98 75.9808 7.0441
99 65.6258 7.4371
100 59.8631 7.7418
101 82.489 6.4735
102 0 0
103 0 0
104 57.9108 3.4513
105 65.7023 4.6784
106 71.6578 4.5992
107 58.7101 3.9676
108 78.8328 3.0046
109 74.043 6.0893
110 81.1239 4.9622
111 72.9651 3.7255
112 74.9266 3.817
113 87.8695 5.1084
114 71.6777 3.4898
115 81.1002 3.8804
116 84.6247 5.9178
117 79.2806 9.3627
118 73.1767 6.4939
119 96.7305 4.9896
120 77.088 5.0607
121 91.0172 4.9743
122 85.2706 6.5681
123 0 0
124 0 0
125 83.6677 3.5444
126 80.8974 4.7481
127 81.4598 4.8231
128 66.3635 4.7775
129 74.313 4.0089
130 70.873 5.9933
131 75.01 8.0805
132 74.9827 11.5428
133 60.5254 9.3818
134 64.15 7.634
135 71.1985 5.6257
136 71.0168 8.2142
137 60.0299 9.3918
138 68.0579 5.6243
139 74.1087 10.0005
140 73.848 6.3793
141 68.1342 5.6289
142 62.9301 7.3022
143 65.2291 4.8779
144 58.9655 5.0315
145 66.8811 6.0855
146 69.5522 6.8663
147 67.558 6.4654
148 71.4705 5.3131
149 70.5978 5.3408
150 77.8487 5.9744
151 65.1206 6.4471
152 76.6438 7.5177
153 70.022 8.2639
154 60.9677 6.1255
155 82.5585 5.6128
156 80.5474 6.2634
157 70.468 6.36
158 77.1234 6.8412
159 83.691 5.2507
160 86.0078 8.7843
161 87.5555 6.9901
162 57.0388 7.1553
163 68.2636 6.5328
164 57.0682 7.8568
165 56.7104 6.3529
166 63.7441 8.1722
167 69.0568 4.5541
168 55.1819 3.8231
169 72.4613 4.2515
170 57.6575 8.3989
171 73.7894 3.6078
172 86.8122 5.6108
173 78.9105 4.4262
174 77.4363 3.2952
175 74.4582 3.1177
176 85.1187 4.1591
177 75.9366 4.4513
178 86.4478 4.0584
179 69.3555 3.7203
180 69.0631 3.7274
181 71.6635 4.1572
182 69.0415 0.7664
183 57.3778 3.6821
184 70.0695 6.5022
185 62.7826 4.5141
186 86.3096 9.4211
187 69.1503 4.7314
188 72.2011 10.3747
189 59.8995 9.689
190 74.8298 6.9804
191 72.3203 7.4037
192 63.5303 7.9404
193 68.9618 8.4271
194 71.8104 5.939
195 66.0806 7.4043
196 86.199 8.0568
197 70.1995 9.8846
198 78.2057 8.5263
199 60.6801 6.6384
200 55.2602 9.5587
201 70.8238 6.3038
202 73.8439 6.7402
203 -4.1107 29.4647
204 60.8391 5.5417
205 76.834 9.4637
206 74.5462 9.0734
207 0 0
208 0 0
209 58.8709 4.9282
210 66.5915 7.8928
211 76.5122 9.3576
212 66.0178 4.8501
213 62.2974 4.7494
214 74.8952 5.5253
215 70.4518 8.9307
216 73.5455 8.2259
217 68.4106 5.4496
218 73.2142 6.0492
219 61.7711 6.1809
220 67.9037 5.4826
221 65.4684 5.7828
222 58.3089 8.4676
223 73.561 7.678
224 66.0389 8.3073
225 76.6979 6.2963
226 74.1126 5.8541
227 68.1738 4.5865
228 0 0
229 0 0
230 62.2029 4.8785
231 78.1705 4.1173
232 80.8639 4.398
233 73.9805 5.2999
234 66.7179 7.5562
235 67.9921 5.9643
236 75.4918 5.0952
237 74.8396 8.1362
238 74.3218 4.2703
239 72.1009 6.0382
240 61.7392 4.711
241 71.5616 3.0428
242 71.7543 6.0055
243 73.6084 6.2312
244 75.6855 5.6615
245 66.7752 4.5757
246 62.7271 4.224
247 68.4211 4.0872
248 68.7667 3.8556
249 0 0
250 0 0
251 0 0
