0 75.1944 4.8617
1 71.9481 6.3355
2 67.841 6.2422
3 56.1234 5.8443
4 66.3574 9.0498
5 73.2644 9.3764
6 70.3381 9.2107
7 73.4378 8.616
8 62.3057 8.0946
9 77.6898 7.3787
10 72.8809 5.9044
11 68.1063 6.5755
12 72.3866 8.1627
13 66.2792 6.6798
14 71.9092 7.2141
15 67.4654 7.4437
16 72.8559 7.0336
17 73.156 6.4212
18 73.4867 5.9581
19 72.1192 6.8949
20 76.1638 5.6925
21 69.9783 6.5699
22 60.8904 5.2548
23 77.0088 5.7858
24 73.7667 6.3834
25 78.7883 7.5521
26 86.2808 9.7803
27 76.092 8.6264
28 57.4847 8.5434
29 60.5881 6.5236
30 73.8174 6.4709
31 68.867 4.9189
32 61.0732 6.4349
33 74.803 6.4449
34 67.3589 14.0819
35 68.0059 7.2033
36 70.4475 6.2891
37 67.2365 5.9817
38 69.316 6.1068
39 66.581 5.7697
40 66.8583 5.4731
41 65.9168 4.9442
42 83.8072 4.3149
43 72.8016 5.9549
44 75.0678 7.5863
45 68.6221 5.2789
46 57.8457 4.2446
47 77.7575 5.8216
48 61.4066 4.7599
49 67.3522 4.002
50 72.9618 5.2363
51 73.3521 7.1922
52 74.7085 5.4469
53 62.1136 8.3328
54 55.4024 8.3478
55 82.0206 3.0507
56 57.6949 6.9748
57 66.0005 4.4418
58 65.5176 6.7772
59 75.26 7.5238
60 76.2304 4.3541
61 64.8561 3.1539
62 74.6885 6.9465
63 64.6741 8.0347
64 66.6486 11.9352
65 69.5557 9.2816
66 68.3631 12.5344
67 85.7632 9.4896
68 69.0193 9.6664
69 75.0953 7.9472
70 71.1142 9.6573
71 70.3193 13.0931
72 77.9638 10.4627
73 57.844 7.8665
74 45.118 11.019
75 47.2951 7.8531
76 62.3733 5.5236
77 70.0164 6.5882
78 56.0992 6.6833
79 63.3776 9.9511
80 56.0139 11.1918
81 0 0
82 0 0
83 79.6434 6.7877
84 73.9583 5.7603
85 83.8096 6.1583
86 79.3687 5.6426
87 71.83 5.8494
88 93.4066 6.469
89 73.8564 9.2499
90 85.6542 7.777
91 84.3394 6.7869
92 77.716 7.1868
93 89.4954 6.0727
94 79.6697 6.4431
95 90.3982 6.1143
96 75.7525 6.4221
97 90.5346 7.1371
98 76.1707 6.7842
99 66.1288 7.2335
100 59.7778 7.8613
101 81.8639 6.3387
102 0 0
103 0 0
104 57.9526 3.5278
105 65.5483 4.7216
106 71.8076 4.3178
107 58.6325 3.9184
108 78.7227 2.9663
109 73.9543 6.0187
110 81.1536 4.7993
111 72.9583 3.6665
112 75.194 3.6538
113 88.1651 5.0254
114 71.789 3.4203
115 80.894 3.7684
116 84.3989 5.7829
117 79.2093 8.9584
118 73.0712 6.4283
119 96.608 4.8422
120 76.9529 5.0845
121 90.8036 5.0667
122 84.6769 6.6
123 0 0
124 0 0
125 83.055 3.8432
126 80.6662 5.0767
127 81.1798 5.0504
128 65.9359 4.9889
129 74.1509 4.3114
130 70.4302 6.4862
131 75.5422 8.8753
132 74.0581 12.7957
133 59.944 9.7789
134 63.6472 7.707
135 70.9354 5.7557
136 70.924 8.2872
137 59.4927 9.9778
138 67.9431 5.6808
139 73.8939 10.3202
140 73.7321 6.6548
141 67.9264 5.5857
142 62.689 7.3695
143 65.0847 4.9555
144 58.8643 4.8194
145 66.5715 6.1784
146 69.6932 6.6501
147 67.6164 6.4424
148 71.338 5.2787
149 70.5185 5.4045
150 77.9451 5.9514
151 64.8164 6.5096
152 76.7107 7.91
153 70.1551 7.9191
154 61.1207 6.2908
155 82.4186 5.5688
156 80.8192 6.2279
157 70.1793 6.3705
158 76.6932 6.7462
159 83.8398 5.664
160 85.8248 8.3163
161 87.1533 7.2354
162 56.8507 7.5138
163 67.6094 6.881
164 57.4445 7.8734
165 56.2354 6.7422
166 63.4978 8.0688
167 69.0977 4.619
168 55.2501 3.7881
169 72.6146 4.2975
170 57.1393 8.7318
171 73.3862 3.4688
172 86.1172 5.936
173 78.663 4.5055
174 77.3716 3.3555
175 73.9535 3.3712
176 84.9736 4.3034
177 76.0777 4.5522
178 86.0428 4.1634
179 69.1507 3.5655
180 68.8735 3.8724
181 71.1658 4.2918
182 69.0643 0.7424
183 56.6175 4.0657
184 69.7429 6.8778
185 62.3041 4.8439
186 85.9599 9.8579
187 69.3168 4.6118
188 72.3771 10.4281
189 59.8917 9.1093
190 74.4919 7.462
191 72.0514 7.6898
192 63.7838 8.1566
193 68.4395 8.7735
194 71.6842 5.9774
195 65.8189 7.7274
196 86.266 8.1467
197 70.3885 9.9171
198 78.7612 8.779
199 60.3886 7.0877
200 54.0861 10.9333
201 70.7013 6.5799
202 73.7097 7.2048
203 -154.279 52.7833
204 60.4945 5.6294
205 76.6419 9.8242
206 74.3843 9.5167
207 0 0
208 0 0
209 58.8883 4.8046
210 65.989 7.9731
211 75.9448 9.1028
212 66.0036 4.9667
213 62.3632 4.753
214 74.8705 4.8283
215 70.2563 8.1739
216 73.5182 8.4359
217 68.1234 5.4078
218 73.1902 6.053
219 61.3926 6.0133
220 67.5384 5.5595
221 64.65 5.9605
222 58.0034 8.2809
223 73.0014 8.0569
224 65.7899 9.0185
225 76.3151 6.3584
226 74.0028 5.7934
227 68.0919 4.8201
228 0 0
229 0 0
230 62.2549 4.7787
231 77.9813 4.0469
232 80.8091 4.3094
233 74.3227 5.1372
234 67.0455 7.3621
235 68.2458 5.9165
236 75.3438 4.9674
237 72.771 8.8199
238 74.1773 4.3011
239 72.0211 6.2039
240 61.3038 4.9272
241 71.3847 3.2046
242 71.2211 6.304
243 73.4701 6.057
244 75.6786 5.7298
245 66.6635 4.4349
246 62.5293 4.2817
247 68.1912 4.1105
248 68.4072 3.7647
249 0 0
250 0 0
251 0 0
