0 75.578 4.9743
1 72.4801 6.1739
2 68.3359 6.3026
3 55.7038 5.7854
4 66.5984 9.1185
5 72.7374 9.6291
6 70.5126 9.4588
7 73.0905 8.5793
8 62.4091 7.9981
9 77.6632 7.4571
10 72.7212 5.9714
11 68.2274 6.7213
12 72.1897 8.0647
13 66.3734 6.601
14 71.5938 7.5407
15 67.4379 7.6306
16 72.6699 7.4413
17 72.8674 6.4124
18 73.1886 5.8997
19 71.9939 6.6179
20 76.3739 5.6322
21 70.1238 6.2985
22 61.0948 5.2566
23 76.925 5.7982
24 73.9582 6.3882
25 78.6251 7.6501
26 86.9733 9.8532
27 76.174 8.549
28 57.3539 8.531
29 60.531 6.5562
30 73.515 6.4952
31 68.2066 5.3864
32 60.8784 6.6894
33 74.9403 6.4255
34 67.9884 13.4597
35 67.9812 7.2576
36 70.0743 6.0022
37 67.2643 5.9457
38 69.2391 5.9919
39 66.7276 5.6095
40 66.7171 5.2234
41 65.6587 4.9267
42 83.5962 4.3618
43 72.589 5.8013
44 75.4134 7.5077
45 69.1664 5.372
46 58.2189 4.0993
47 78.0932 5.7435
48 61.9163 4.9221
49 67.5602 3.9611
50 73.3286 5.081
51 74.0863 7.3941
52 75.052 5.4547
53 62.4293 7.9194
54 55.8833 7.5706
55 81.9623 3.0584
56 56.6981 7.1623
57 66.0533 4.166
58 65.4745 6.6638
59 74.7534 7.4908
60 76.3522 4.4598
61 64.9285 3.2373
62 75.028 6.8149
63 65.0226 8.1276
64 66.5894 12.3468
65 70.0461 9.5141
66 68.5438 11.564
67 85.3665 9.5936
68 68.7299 9.6555
69 74.9194 8.1912
70 70.8902 9.5922
71 70.8265 13.3131
72 77.714 10.0376
73 58.1872 7.6237
74 45.1893 11.1146
75 47.2072 7.8336
76 62.8032 5.611
77 70.2769 6.4749
78 56.5412 6.7544
79 63.3718 10.3939
80 55.8472 11.5711
81 0 0
82 0 0
83 79.5646 6.7649
84 74.4198 5.5055
85 84.1189 5.7188
86 80.0015 5.5697
87 71.4731 5.7841
88 93.5732 6.3506
89 74.1648 8.9444
90 86.2312 7.5322
91 84.9166 6.5047
92 77.6569 7.146
93 89.4976 5.9373
94 79.5358 6.4181
95 91.031 6.1
96 76.1595 6.4898
97 90.7904 6.8465
98 75.8938 6.9768
99 65.857 7.5943
100 60.0674 7.6868
101 82.0714 6.4386
102 0 0
103 0 0
104 57.817 3.5395
105 65.7678 4.8469
106 71.7197 4.356
107 58.5679 3.8514
108 78.7345 3.0108
109 74.1343 6.288
110 80.9607 4.9926
111 73.0209 3.8174
112 75.1216 3.7576
113 88.1019 5.2281
114 71.7734 3.4727
115 80.8879 3.9193
116 84.5902 5.8929
117 79.8204 9.1884
118 72.9696 6.5676
119 96.7174 5.0304
120 77.0019 5.2208
121 90.7227 5.0605
122 84.7612 6.4726
123 0 0
124 0 0
125 83.6495 3.6911
126 80.8179 5.0581
127 81.4461 4.9572
128 66.3588 4.9139
129 74.3496 4.0181
130 70.9402 6.1515
131 75.543 8.8881
132 74.386 12.3287
133 60.5382 9.8108
134 63.303 8.0466
135 71.052 5.7028
136 70.7528 8.5553
137 58.8773 10.1601
138 67.5259 5.6455
139 73.4158 10.4142
140 74.0524 6.8518
141 68.0585 5.8677
142 62.3993 7.807
143 65.1798 5.0338
144 58.8309 5.1202
145 66.4901 6.3485
146 69.9203 6.8454
147 67.4515 6.5704
148 71.3596 5.2759
149 70.3294 5.4944
150 77.617 6.2039
151 64.6955 6.5552
152 76.7361 7.9942
153 69.9024 8.2356
154 61.0049 6.1154
155 82.485 5.7017
156 80.4854 6.3469
157 70.3441 6.5773
158 76.1877 6.899
159 83.8157 5.6198
160 86.1039 8.3454
161 87.6086 7.4858
162 57.3654 7.3867
163 67.8526 6.912
164 56.5444 8.5838
165 56.6331 6.776
166 63.4931 8.098
167 68.9255 4.5005
168 54.9395 3.8888
169 72.6903 4.3226
170 57.7918 8.4043
171 73.5426 3.6749
172 86.5461 6.141
173 78.7368 4.5087
174 77.3519 3.3617
175 74.1405 3.3153
176 85.165 4.193
177 75.9738 4.4757
178 86.3987 4.0246
179 69.0332 3.3229
180 68.9238 3.755
181 71.4408 4.0655
182 69.2636 0.7883
183 57.1258 3.6897
184 70.0397 6.6282
185 62.596 4.7374
186 86.2111 9.5067
187 69.0652 4.4399
188 72.4609 10.5236
189 60.0936 9.8631
190 74.7701 7.3901
191 72.0976 7.575
192 63.3673 8.5834
193 69.1047 8.7393
194 71.6184 6.0917
195 65.8824 7.6046
196 86.0889 8.3652
197 70.0763 10.6741
198 78.3635 8.7736
199 60.6935 6.5819
200 55.615 9.7967
201 70.791 6.4334
202 74.0564 6.9858
203 -11.348 31.287
204 60.7348 5.4167
205 76.7142 9.4094
206 75.3142 9.6304
207 0 0
208 0 0
209 58.345 4.9573
210 66.9361 8.2476
211 76.2768 9.962
212 66.1427 4.989
213 61.235 4.8708
214 74.5406 5.3346
215 69.7396 8.8505
216 73.5498 8.585
217 67.9243 5.4115
218 73.1994 5.968
219 61.5268 6.3304
220 67.7408 5.5639
221 64.7197 6.0937
222 57.5434 8.423
223 72.9927 8.347
224 65.8821 9.0276
225 76.4929 6.2163
226 74.0897 5.7972
227 68.2755 4.793
228 0 0
229 0 0
230 62.1596 4.8545
231 78.0024 4.0644
232 80.8686 4.3305
233 73.9642 5.2604
234 67.2653 7.615
235 68.2489 5.7456
236 75.3607 4.9677
237 72.9387 8.5859
238 74.1502 4.2501
239 71.9756 5.8009
240 61.676 4.8301
241 71.1846 3.2346
242 71.2662 6.2777
243 73.4673 6.0688
244 75.9604 5.7261
245 66.5652 4.4231
246 62.836 4.308
247 68.3467 4.0176
248 68.7069 3.7924
249 0 0
250 0 0
251 0 0
