0 75.4746 4.7873
1 72.3795 6.4128
2 68.3487 6.4283
3 55.6515 5.8176
4 66.2745 9.2988
5 72.9434 9.8361
6 70.7865 9.0236
7 73.3711 8.1532
8 62.3347 8.1756
9 77.9583 7.4016
10 72.7797 6.0288
11 68.1667 6.6409
12 72.179 7.9353
13 66.3159 6.8941
14 71.7266 7.6829
15 67.3787 7.6943
16 72.5752 7.3893
17 73.3875 6.3095
18 73.2962 5.9357
19 71.9644 6.879
20 76.0169 5.6817
21 70.0333 6.5449
22 61.0229 5.298
23 77.1181 5.8045
24 73.7406 6.5523
25 78.3079 7.7065
26 86.2413 9.9949
27 75.807 8.5522
28 57.5319 8.4669
29 60.5762 6.7408
30 73.6293 6.4302
31 68.592 5.0596
32 60.9568 6.529
33 75.1169 6.2322
34 67.1638 13.9305
35 68.0929 7.1975
36 70.0333 6.0415
37 67.0921 6.1483
38 69.2269 6.0061
39 66.9731 5.4373
40 67.0564 5.2044
41 65.5642 5.0876
42 83.6786 4.4805
43 72.5038 6.1922
44 75.0054 7.5054
45 69.2043 5.3869
46 58.1783 4.1299
47 78.0622 5.9324
48 61.5476 4.5874
49 67.7141 3.9339
50 73.2438 5.1558
51 74.0173 7.4586
52 74.7642 5.5458
53 61.9276 8.349
54 55.4805 7.297
55 81.9607 3.1897
56 57.2276 6.9218
57 66.1377 4.5857
58 65.6131 6.7863
59 75.2144 7.9037
60 76.2112 4.4803
61 64.832 3.2047
62 74.7221 7.1209
63 64.5639 7.9764
64 66.6387 12.4563
65 69.7491 9.6093
66 69.0275 12.0053
67 85.1482 9.561
68 68.6992 10.2107
69 74.7357 8.3276
70 71.0087 9.6885
71 70.2215 13.3289
72 77.885 10.3276
73 58.16 7.6852
74 49.1024 9.0099
75 48.0316 7.6214
76 62.9458 5.614
77 70.6674 6.454
78 56.8955 6.6389
79 63.3751 10.7901
80 55.8029 11.7143
81 0 0
82 0 0
83 79.52 6.7078
84 74.0645 5.8466
85 83.7579 6.042
86 79.7956 5.6652
87 71.4842 5.9257
88 93.4514 6.6085
89 73.9367 9.058
90 86.1445 7.9177
91 84.2937 6.7217
92 77.1112 7.2181
93 89.3883 6.0247
94 79.5077 6.4669
95 90.761 6.0705
96 75.9719 6.4455
97 90.6668 7.0735
98 75.5647 7.2149
99 65.1505 7.9731
100 59.8747 8.0143
101 81.9669 6.6388
102 0 0
103 0 0
104 57.8808 3.538
105 65.727 4.791
106 71.6494 4.4474
107 58.3492 3.9641
108 78.6619 3.1684
109 74.0111 6.1727
110 80.9614 5.0947
111 73.0768 3.7074
112 75.0493 3.6393
113 87.7212 5.2035
114 71.6671 3.5506
115 80.9316 3.9193
116 84.3738 5.8497
117 79.5112 9.0566
118 73.1728 6.229
119 96.7093 4.8491
120 76.769 5.1701
121 90.6532 5.3151
122 84.887 6.54
123 0 0
124 0 0
125 82.8908 3.8827
126 80.1076 5.3237
127 81.0599 5.0099
128 65.7915 5.1312
129 73.9749 4.3137
130 70.4192 6.549
131 75.6479 8.7331
132 74.3456 13.3444
133 60.2126 10.2504
134 63.3135 8.0273
135 70.9346 5.8742
136 70.8976 8.5575
137 58.5963 10.4764
138 67.7242 5.6633
139 74.0502 9.7328
140 73.8943 6.9977
141 67.7999 5.8278
142 62.761 7.3546
143 64.9757 5.1332
144 58.631 5.2259
145 66.5934 6.3092
146 69.7282 7.1009
147 67.1596 6.6677
148 71.0414 5.4375
149 70.2213 5.6744
150 77.4862 6.3763
151 64.5622 6.821
152 76.4573 8.0656
153 69.6017 8.3195
154 61.1957 5.9896
155 82.43 5.5644
156 80.4347 6.3105
157 69.9225 6.4036
158 76.4189 7.1013
159 83.6756 5.5196
160 86.1149 8.5541
161 87.5653 7.4883
162 57.2604 7.1821
163 67.4858 6.7946
164 57.4519 8.1007
165 56.6739 6.7091
166 63.7097 8.292
167 68.6828 4.5861
168 54.7103 3.9658
169 72.5529 4.3236
170 57.6741 8.3693
171 73.5573 3.7102
172 86.6385 6.0374
173 78.6872 4.4576
174 77.3554 3.406
175 74.0437 3.2259
176 85.1112 4.3067
177 75.9437 4.4225
178 86.3424 4.0884
179 69.4809 4.099
180 69.0312 3.8525
181 71.3088 4.2507
182 69.064 0.761
183 57.1512 3.7778
184 69.8794 6.6319
185 62.5394 4.8062
186 86.2762 9.8849
187 69.0624 4.3306
188 72.2816 10.5943
189 60.4874 9.394
190 74.8375 7.3932
191 72.184 7.7235
192 63.8523 8.4561
193 68.8932 8.5032
194 71.3762 5.9457
195 66.001 7.6461
196 85.8719 8.1861
197 70.2123 10.5728
198 78.3321 8.7384
199 60.3108 7.1703
200 53.5923 11.174
201 70.7175 6.406
202 74.1343 7.0808
203 -32.4545 35.8257
204 60.756 5.358
205 76.9709 9.7175
206 74.9213 9.4589
207 0 0
208 0 0
209 58.2984 4.992
210 66.9087 8.0326
211 75.4019 9.2527
212 65.6471 5.2476
213 61.5193 4.9855
214 74.014 5.2445
215 69.271 9.3933
216 73.2668 8.2894
217 67.9511 5.4327
218 72.8242 6.1596
219 61.4781 6.2151
220 67.7291 5.504
221 64.9766 5.9072
222 57.8143 8.4447
223 73.0346 8.2078
224 65.7533 8.6306
225 76.6064 6.3801
226 73.6942 6.1538
227 67.8492 4.9746
228 0 0
229 0 0
230 62.3038 4.7445
231 77.9023 4.1189
232 80.8333 4.2949
233 73.7858 5.1301
234 66.8009 7.0889
235 67.977 5.8809
236 75.1775 5.0361
237 72.5654 8.8235
238 73.9955 4.3929
239 71.7718 5.9547
240 61.5953 4.9481
241 71.3141 3.2269
242 71.3659 6.2708
243 73.5975 6.1756
244 75.7003 5.8541
245 66.5191 4.8326
246 62.6749 4.3701
247 68.2165 4.1462
248 68.3477 3.9347
249 0 0
250 0 0
251 0 0
