0 75.1253 4.7648
1 72.4052 6.1365
2 67.5718 6.4218
3 56.0757 5.8431
4 66.2557 9.1916
5 73.1296 9.9457
6 70.6 9.1174
7 73.0703 8.4918
8 62.2905 8.1638
9 77.451 7.4007
10 72.7306 5.9045
11 68.3525 6.48
12 72.0185 8.4295
13 66.5443 6.9144
14 71.5624 7.4255
15 67.1662 7.9846
16 72.5441 7.3235
17 73.0537 6.4896
18 72.7694 6.2391
19 71.9712 6.9428
20 76.2095 5.7827
21 70.2468 6.3682
22 61.1325 5.3331
23 76.8926 5.8211
24 74.0317 6.3108
25 78.3393 7.7687
26 86.4255 9.7353
27 75.6681 8.4265
28 58.0061 8.4392
29 60.6313 6.6425
30 73.6798 6.5886
31 68.4552 5.1892
32 60.7828 6.7982
33 74.9856 6.2751
34 67.9764 13.3573
35 67.8034 7.2605
36 70.0039 6.1885
37 67.1854 6.1489
38 68.9933 5.861
39 66.5624 5.6601
40 66.9032 5.2601
41 65.5436 5.0924
42 83.59 4.5288
43 72.1476 5.8789
44 75.4377 7.812
45 68.9994 5.3261
46 58.0838 4.0756
47 77.9714 5.887
48 61.6401 4.9451
49 67.6409 3.932
50 73.3204 5.1393
51 73.9663 7.694
52 75.0262 5.4371
53 62.2518 7.8072
54 55.066 7.8425
55 82.156 3.2338
56 56.7125 7.1173
57 66.1831 4.5087
58 65.8347 6.7017
59 74.9662 7.5485
60 76.1463 4.416
61 64.7378 3.2401
62 74.757 7.1739
63 64.7529 8.2047
64 66.3446 12.2088
65 69.971 9.3776
66 67.797 11.9259
67 85.8026 9.5435
68 68.3863 9.9427
69 75.1927 8.3647
70 71.0487 9.9081
71 69.9146 13.3674
72 77.6036 10.1931
73 57.8933 7.9358
74 44.2524 11.7457
75 46.2695 8.7422
76 62.9477 5.6437
77 70.4548 6.7102
78 56.9634 6.8161
79 63.3569 10.6994
80 55.2146 11.8777
81 0 0
82 0 0
83 79.635 6.6439
84 74.3986 5.475
85 84.0293 6.1064
86 79.8954 5.6386
87 71.4097 5.8066
88 93.3843 6.2642
89 74.0971 8.9285
90 86.343 7.4826
91 84.4481 6.9156
92 77.6044 7.2483
93 89.4146 6.1828
94 79.4714 6.7157
95 90.798 6.2136
96 75.7529 6.4105
97 90.2368 7.2659
98 75.5414 7.2892
99 65.673 7.6211
100 60.1139 7.8875
101 82.0853 6.4171
102 0 0
103 0 0
104 57.8458 3.4947
105 65.5785 4.5234
106 71.7376 4.3631
107 58.7081 3.9081
108 78.7005 3.047
109 74.0934 6.0071
110 81.148 5.1057
111 73.0386 3.8011
112 74.9756 3.7656
113 87.8575 5.1338
114 71.6978 3.5204
115 80.8732 3.7994
116 84.4342 5.9059
117 79.5154 9.3605
118 73.2162 6.2325
119 96.4442 4.8824
120 77.007 5.2738
121 90.9563 5.4632
122 84.9933 6.6637
123 0 0
124 0 0
125 83.3463 3.8377
126 80.6495 5.1321
127 81.3895 5.1134
128 65.8682 5.036
129 74.0664 4.1856
130 70.543 6.446
131 76.0217 8.909
132 74.6669 12.8343
133 59.3942 10.0713
134 63.2634 8.142
135 71.0158 5.8979
136 70.7651 8.4691
137 59.0933 10.1521
138 67.6946 5.7978
139 73.9995 10.6774
140 73.768 6.8426
141 67.7696 5.8731
142 62.5545 7.4122
143 64.994 5.2261
144 58.5939 5.3292
145 66.5403 6.3159
146 69.6742 6.8902
147 67.562 6.568
148 71.2475 5.2673
149 70.5278 5.4703
150 77.7084 5.8531
151 64.948 6.4144
152 77.1232 7.5943
153 69.8212 7.9732
154 61.0014 6.0781
155 82.4661 5.5801
156 80.4403 6.321
157 69.991 6.6152
158 76.3749 6.9532
159 83.703 5.6098
160 85.61 8.6435
161 87.4676 7.2802
162 57.1872 7.3678
163 67.4955 6.9412
164 56.708 8.4786
165 56.6386 6.7573
166 63.0728 8.7414
167 68.9964 4.6202
168 54.8465 4.0109
169 72.3951 4.2303
170 57.1545 8.5952
171 73.4434 3.7088
172 86.3047 6.0487
173 78.7463 4.391
174 77.3598 3.2822
175 73.9235 3.287
176 85.1055 4.2221
177 75.9882 4.4546
178 86.2962 4.0273
179 69.1616 3.5892
180 69.1107 3.8202
181 71.5157 4.1822
182 68.9923 0.7625
183 57.1363 3.8058
184 69.7222 6.703
185 62.3844 4.6687
186 86.3194 9.6641
187 69.0383 4.2377
188 72.2779 10.4122
189 59.9286 9.6508
190 74.7008 7.1781
191 72.1718 7.5951
192 63.4252 8.7964
193 69.0598 8.899
194 71.7191 6.1001
195 65.6673 7.7119
196 86.0816 8.3482
197 70.1069 10.4512
198 78.4953 9.0417
199 60.9547 6.942
200 54.9885 10.1655
201 70.9053 6.2225
202 74.1597 7.0596
203 13.6217 26.3056
204 61.0766 5.3057
205 77.1509 9.1131
206 74.6218 9.8723
207 0 0
208 0 0
209 58.5717 5.0566
210 66.4469 8.2403
211 76.0426 8.7387
212 65.933 4.9249
213 61.746 4.7419
214 74.8457 5.106
215 70.2778 9.2556
216 73.2648 7.9786
217 67.8956 5.4518
218 73.1942 5.9165
219 61.4665 6.2092
220 67.7345 5.6238
221 64.8711 5.9486
222 57.5581 8.5134
223 73.1009 7.8875
224 66.1386 8.4804
225 76.5981 6.2047
226 74.059 5.708
227 68.3211 4.7884
228 0 0
229 0 0
230 62.2353 4.6243
231 78.0477 3.9801
232 80.7341 4.3071
233 73.9863 5.1651
234 66.9216 7.0833
235 67.9917 5.7877
236 75.3998 5.0124
237 72.8804 8.7407
238 74.0392 4.3446
239 71.7349 6.0643
240 61.6294 4.8062
241 71.414 3.1765
242 71.3313 6.2822
243 73.5766 6.382
244 75.8671 5.6477
245 66.6638 4.5222
246 62.7484 4.4322
247 68.4194 4.1256
248 68.7143 3.7795
249 0 0
250 0 0
251 0 0
