0 74.8932 4.9888
1 71.8955 6.4126
2 67.4597 6.595
3 55.8456 6.089
4 66.1222 9.4672
5 73.3474 10.6442
6 70.4663 9.577
7 72.9895 8.6982
8 62.2412 8.1313
9 77.7349 7.6477
10 72.5695 6.2546
11 67.9419 7.0303
12 72.4071 8.1352
13 66.572 7.0984
14 71.5981 7.5806
15 66.6903 8.4545
16 72.1078 7.7204
17 72.7129 6.7868
18 72.9375 6.3623
19 71.5902 7.1639
20 76.1585 5.9057
21 70.1584 6.7723
22 61.0307 5.2932
23 77.0749 6.294
24 73.4667 6.5848
25 78.2102 7.7972
26 86.2162 10.8448
27 76.0583 8.663
28 57.9266 8.457
29 60.1135 6.8791
30 73.5438 6.6486
31 68.4251 5.3864
32 60.5369 6.9437
33 74.5559 6.3842
34 67.4793 13.8584
35 68.092 7.5545
36 69.8726 6.5616
37 66.8717 6.0463
38 69.3419 5.9984
39 66.6239 5.8598
40 66.803 5.4295
41 65.3035 5.0771
42 83.631 4.5616
43 72.4959 6.0752
44 75.129 7.6339
45 69.0483 5.4515
46 58.0521 4.1835
47 77.7879 5.9784
48 61.6214 4.8638
49 67.5694 4.063
50 73.1776 5.6107
51 73.7447 7.4479
52 74.803 5.5669
53 61.3981 8.5477
54 55.6674 7.7856
55 82.0803 3.2954
56 56.608 7.538
57 65.8029 4.568
58 65.2824 7.0202
59 74.5392 8.3789
60 76.2772 4.441
61 65.6193 3.3581
62 74.5908 7.24
63 64.6889 8.6978
64 66.2953 13.3693
65 69.0867 9.9213
66 67.4618 12.4458
67 84.6817 10.0637
68 68.1471 10.4958
69 74.7502 8.2847
70 70.4671 10.2491
71 70.9327 13.7786
72 77.5667 10.7674
73 58.1937 7.5429
74 47.6688 10.0209
75 50.0276 7.1339
76 62.8419 5.8611
77 70.1845 6.9194
78 56.5556 6.841
79 63.7627 10.2645
80 54.9653 12.2916
81 0 0
82 0 0
83 79.3492 7.0591
84 74.09 5.7885
85 83.8277 6.1105
86 79.5191 5.7114
87 71.5332 5.9615
88 93.2745 6.578
89 73.9137 9.9655
90 86.2692 7.7311
91 84.3211 7.0628
92 77.233 7.4866
93 89.0571 6.1712
94 79.2163 6.6474
95 90.5591 6.5117
96 75.5544 6.5665
97 90.2799 7.7424
98 75.5701 7.3754
99 65.5465 7.6891
100 59.9739 8.0307
101 81.7024 6.6878
102 0 0
103 0 0
104 57.8017 3.6993
105 65.6766 5.008
106 71.6896 4.5385
107 58.2078 4.0156
108 78.5458 3.1783
109 73.8955 6.1709
110 80.8242 5.103
111 72.857 3.9117
112 75.0167 3.7276
113 87.9012 5.4553
114 71.6657 3.5738
115 80.8064 4.1471
116 84.0864 6.0278
117 79.3547 9.5532
118 72.9451 6.4097
119 96.7243 5.0782
120 76.8379 5.353
121 90.6132 5.2244
122 84.2842 6.6354
123 0 0
124 0 0
125 83.0377 3.897
126 80.162 5.117
127 81.1099 5.1488
128 65.7136 5.2668
129 73.8821 4.4031
130 70.3911 6.563
131 75.3968 9.0745
132 74.1071 12.8848
133 59.4977 10.5118
134 63.5454 7.9859
135 70.697 5.8994
136 71.241 8.5321
137 57.3202 11.1724
138 67.4637 6.1944
139 74.0347 10.5709
140 74.5931 7.3231
141 67.7167 5.931
142 62.4498 7.5014
143 64.6404 5.3251
144 58.5737 5.3103
145 66.2777 6.5934
146 69.5245 6.9712
147 67.5583 6.7775
148 71.1191 5.4726
149 70.4261 5.6138
150 77.4579 6.2261
151 64.7413 6.6273
152 77.267 8.2148
153 69.9396 8.4275
154 60.9715 6.226
155 82.545 5.8657
156 80.2531 6.5906
157 70.1423 6.5787
158 76.3614 7.0157
159 83.6758 5.6949
160 85.9919 8.8271
161 87.2125 7.4924
162 57.3712 7.5543
163 66.9621 7.3135
164 57.543 8.1132
165 56.2293 6.9025
166 62.8936 9.1072
167 69.1031 4.8245
168 55.1595 3.8287
169 72.6484 4.3302
170 56.7978 8.7812
171 73.6513 3.6561
172 86.0889 6.0253
173 78.6536 4.5435
174 77.1749 3.4006
175 73.8209 3.5032
176 84.7774 4.3697
177 76.1159 4.6167
178 86.1943 4.2143
179 69.3398 4.0126
180 68.6005 4.1657
181 70.9997 4.6136
182 69.0121 0.7523
183 56.496 4.1169
184 69.1706 7.2398
185 62.2468 5.2692
186 85.7941 10.1887
187 69.2992 4.5764
188 72.5943 10.3548
189 60.0858 10.0495
190 74.6922 7.9077
191 71.6422 7.8507
192 62.7239 9.0639
193 68.6357 8.6477
194 71.3221 6.2574
195 65.673 7.7055
196 85.6655 8.5936
197 69.6957 11.2787
198 78.4994 9.1421
199 60.4461 7.0598
200 55.9719 10.0018
201 70.6211 6.5888
202 73.6068 6.943
203 -50.3558 38.1054
204 60.7625 5.6016
205 76.6968 10.2994
206 74.5162 10.3047
207 0 0
208 0 0
209 58.404 5.0368
210 66.5134 8.7203
211 75.7999 10.065
212 65.2579 5.3015
213 61.6289 4.8943
214 74.1456 5.3316
215 69.9743 9.3911
216 73.3456 8.861
217 67.8746 5.6304
218 72.7781 6.1928
219 61.1627 6.6487
220 67.3744 5.6099
221 65.0868 6.0295
222 56.9356 8.9989
223 73.1573 8.3824
224 66.0119 9.1447
225 76.4843 6.5788
226 74.2324 5.8776
227 67.9376 4.9821
228 0 0
229 0 0
230 61.7212 5.0933
231 77.9766 4.2056
232 80.6429 4.5081
233 73.4679 5.3778
234 66.4525 7.8364
235 67.7943 6.1305
236 75.1576 5.4305
237 73.788 8.3748
238 73.9684 4.4885
239 71.2168 6.2837
240 61.2969 4.9887
241 71.2261 3.3576
242 71.1448 6.2894
243 73.2663 6.476
244 75.5699 5.8324
245 66.7058 4.8287
246 62.5056 4.4357
247 68.1247 4.2525
248 68.4977 3.9285
249 0 0
250 0 0
251 0 0
