0 74.2336 4.5708
1 78.4281 3.6247
2 72.8513 3.8437
3 70.9608 4.4679
4 57.7384 3.929
5 69.0891 5.7562
6 73.0627 5.4571
7 71.4934 5.1022
8 76.4488 5.6748
9 64.269 5.0674
10 79.0743 4.2804
11 75.2303 4.0149
12 71.9668 4.6365
13 76.4642 5.8334
14 66.7305 3.7772
15 71.5161 4.2984
16 69.1918 4.3441
17 75.1477 4.9159
18 74.0549 3.9
19 73.6273 3.7771
20 73.4427 4.4109
21 76.2295 3.6171
22 73.8753 4.7726
23 62.4714 3.2921
24 77.5231 3.3463
25 77.7206 4.6296
26 82.315 5.4438
27 87.8 5.6714
28 76.2372 4.8874
29 61.2755 6.1998
30 64.0843 4.5637
31 75.7894 4.2843
32 68.9106 2.8959
33 64.3741 4.2902
34 77.6235 4.1399
35 69.9286 6.3667
36 68.3281 3.9772
37 70.8973 3.8756
38 68.9205 4.1017
39 70.6743 3.9517
40 67.7138 3.7008
41 67.8273 3.5964
42 67.2381 4.2854
43 84.2791 3.7594
44 72.1275 4.6138
45 75.4683 5.4844
46 71.0502 4.8928
47 59.7962 4.1674
48 79.6378 5.2681
49 66.2325 4.9527
50 68.7631 3.5327
51 78.0129 5.5644
52 73.7737 5.6095
53 74.7694 4.1175
54 68.5378 8.3988
55 62.4693 8.7785
56 84.6007 3.3376
57 63.422 7.5859
58 72.0798 5.0003
59 69.0751 6.1964
60 74.9331 5.3941
61 75.9611 3.4566
62 61.8401 4.636
63 75.2253 3.8666
64 65.827 4.1646
65 68.4207 6.5405
66 77.137 7.0609
67 78.5585 9.5383
68 91.1816 7.0707
69 73.6852 6.826
70 76.4701 4.6509
71 72.7663 5.7335
72 72.8235 6.8351
73 71.4973 5.6468
74 60.6053 6.3258
75 56.8937 8.1262
76 49.6845 7.8336
77 65.4763 4.2739
78 72.0133 4.8424
79 58.4628 4.6126
80 64.3268 5.403
81 57.7778 5.9934
82 0 0
83 0 0
84 80.241 4.2149
85 79.1164 4.5245
86 86.8424 4.3434
87 85.8021 4.6779
88 72.942 3.7254
89 98.2799 4.8542
90 75.2557 5.2066
91 87.0671 4.3206
92 85.6166 3.7471
93 83.4959 5.4887
94 93.0797 4.425
95 81.8262 4.1628
96 94.6535 4.1691
97 81.5824 5.0554
98 91.222 0.8847
99 76.6743 3.9306
100 69.378 5.0049
101 62.5001 5.2907
102 86.0649 4.983
103 0 0
104 0 0
105 59.9074 2.9606
106 68.1171 4.392
107 72.7583 3.5127
108 61.231 4.0157
109 80.4167 2.7218
110 73.9156 4.647
111 80.9266 3.8507
112 75.2187 3.7698
113 76.4052 3.3872
114 92.5841 5.4314
115 73.2796 3.2707
116 81.4818 3.1988
117 88.6312 5.6369
118 79.6954 6.5096
119 73.0719 4.7745
120 97.8463 3.9609
121 78.6301 4.3664
122 97.7261 5.6715
123 88.1003 6.0287
124 0 0
125 0 0
126 86.7228 2.9942
127 82.4229 3.7105
128 83.0297 3.7491
129 67.6236 3.6201
130 75.8596 3.1375
131 73.8906 5.0176
132 75.2863 4.9555
133 74.4571 6.8614
134 67.1476 8.2575
135 66.6453 5.4859
136 71.6525 3.8365
137 73.432 5.6389
138 67.6895 8.2727
139 73.2038 5.0321
140 74.2525 5.7288
141 73.8285 4.0481
142 71.5021 4.3473
143 66.3156 5.1224
144 68.0285 3.8537
145 64.8172 4.3726
146 68.964 4.0877
147 71.9707 4.6674
148 68.8448 3.8366
149 74.0299 3.6778
150 71.4887 3.1147
151 78.9824 3.58
152 66.7735 3.3017
153 77.0666 4.4342
154 70.6951 4.4905
155 62.567 3.8279
156 83.0524 3.1614
157 82.401 3.9822
158 72.3912 4.2025
159 79.262 4.3563
160 88.9575 4.3995
161 86.6242 4.7613
162 87.8606 4.1876
163 58.6892 4.8746
164 71.7489 5.3478
165 60.0524 6.7109
166 58.5212 3.7616
167 70.447 6.0414
168 69.4086 3.4095
169 57.5107 3.5733
170 73.0376 2.9543
171 58.8068 5.5373
172 74.5013 2.8109
173 92.1738 5.67
174 80.8686 3.8125
175 79.6236 3.2024
176 78.6011 3.5274
177 85.6478 3.4113
178 76.0909 3.246
179 85.8925 2.9875
180 64.2841 7.3645
181 70.4571 4.7835
182 60.4664 6.1082
183 78.4143 0.8057
184 65.8794 4.1674
185 63.6707 8.406
186 55.4386 5.3733
187 79.0134 8.5324
188 59.0376 6.3196
189 79.5864 4.0896
190 61.5247 4.97
191 74.7777 4.1719
192 77.3975 5.6748
193 72.0327 6.4897
194 73.1075 6.1403
195 75.6558 4.1949
196 69.1828 4.6211
197 88.8176 5.6676
198 71.2123 5.6095
199 79.0011 4.9595
200 64.0036 5.0156
201 62.1609 8.2546
202 72.0436 3.9689
203 80.021 5.6375
204 64.896 6.6528
205 62.9423 4.0256
206 77.468 5.1373
207 74.8819 5.489
208 0 0
209 0 0
210 64.3899 3.9856
211 63.4125 4.506
212 77.9727 3.8723
213 70.0037 3.7193
214 64.6545 3.3981
215 81.0914 3.9037
216 71.2874 4.3731
217 71.5675 4.7032
218 68.9791 3.2317
219 74.36 3.8756
220 62.9869 3.762
221 70.7102 3.9308
222 68.1471 4.3979
223 63.0038 7.1755
224 73.3638 4.507
225 66.5946 4.5188
226 80.9791 4.7225
227 81.1937 4.8739
228 73.7636 3.8189
229 0 0
230 0 0
231 54.4655 7.7347
232 56.4667 5.4594
233 65.4032 4.8154
234 62.1764 7.9229
235 49.2566 12.7765
236 57.993 6.9376
237 62.0808 5.6097
238 71.2691 4.2941
239 83.6559 4.5764
240 75.5189 6.2516
241 65.4525 4.5013
242 85.3497 3.9253
243 77.0245 6.886
244 65.2173 5.5876
245 78.156 5.0587
246 79.9094 4.7718
247 70.4941 4.8924
248 82.3037 4.5762
249 67.2197 4.0317
250 0 0
251 0 0
