0 73.8765 15.0828
1 78.7516 11.4851
2 72.7376 12.589
3 70.169 15.2748
4 55.3399 13.7181
5 65.9398 20.4258
6 70.941 19.202
7 69.7984 17.7147
8 74.7324 20.2855
9 60.7468 18.9632
10 79.1628 13.9954
11 74.9302 13.3419
12 70.5001 17.0454
13 73.7172 21.453
14 65.5637 13.8445
15 70.0065 15.6389
16 67.8467 15.3976
17 73.9932 16.9704
18 74.0223 12.8051
19 73.9295 11.8589
20 73.0366 14.9054
21 76.2982 10.9129
22 73.3372 13.8194
23 61.3951 11.2318
24 78.0098 9.8862
25 77.2505 14.7376
26 82.2023 15.0281
27 87.7229 15.2923
28 76.1273 13.1111
29 56.4718 19.2379
30 60.9291 16.5676
31 75.5663 13.5158
32 70.1598 6.5064
33 61.9508 15.5933
34 77.5411 13.2447
35 67.3304 18.5779
36 66.9511 14.0181
37 70.0999 12.7884
38 67.5308 14.0663
39 69.8121 13.6116
40 66.3178 13.2027
41 67.1434 12.075
42 67.9242 9.1262
43 85.0836 7.5492
44 72.9987 9.4736
45 75.9862 12.0557
46 71.6715 10.4755
47 59.9924 9.3375
48 80.429 11.4471
49 66.253 11.5773
50 69.4072 7.5298
51 78.598 12.2602
52 74.1497 13.0948
53 75.6961 9.0559
54 66.2162 19.0377
55 57.9143 21.2465
56 85.1324 7.0239
57 58.2524 20.4579
58 72.3154 11.476
59 67.2762 16.2463
60 74.5383 12.782
61 76.3019 6.9603
62 59.7828 12.5695
63 70.3374 12.6714
64 59.6923 14.2862
65 61.3505 18.4634
66 70.4042 20.0728
67 71.7315 20.6672
68 101.519 3.1919
69 66.0921 21.0046
70 70.5729 16.6342
71 66.4117 19.0522
72 65.729 21.2255
73 65.5499 20.0922
74 55.0729 16.1519
75 50.7484 17.6293
76 41.2479 19.0675
77 61.5545 14.2213
78 68.7268 15.248
79 52.1492 14.9072
80 57.3574 18.6038
81 48.1158 20.0102
82 0 0
83 0 0
84 80.7207 13.3112
85 79.1376 14.2586
86 87.3554 13.1717
87 86.1625 14.5281
88 73.626 11.9515
89 98.9963 14.4369
90 74.6744 17.0507
91 87.4025 13.2074
92 86.0621 11.3124
93 83.0961 17.3593
94 93.6759 12.9758
95 82.0897 12.8438
96 95.09 12.4187
97 81.4933 15.6725
98 91.7569 0.9113
99 76.7482 12.4965
100 67.3757 17.3224
101 58.216 18.6276
102 86.4441 14.0485
103 0 0
104 0 0
105 60.2644 6.3541
106 68.3809 9.943
107 73.3373 7.3548
108 61.303 8.9587
109 81.0417 5.6379
110 74.4801 10.0461
111 81.5557 8.0074
112 76.12 7.4879
113 77.3474 6.7675
114 93.5536 11.7829
115 74.2614 6.665
116 82.5485 6.6593
117 89.4866 11.9023
118 80.0421 15.4317
119 73.3952 11.0523
120 98.4196 8.2515
121 79.2219 9.2302
122 98.3415 11.8225
123 88.6304 13.2024
124 0 0
125 0 0
126 86.6228 8.8219
127 82.3961 10.8219
128 82.9098 10.8544
129 66.553 12.0985
130 75.7372 9.3086
131 72.8643 14.9349
132 74.3199 14.7197
133 72.5412 17.8697
134 62.0691 21.8812
135 62.3475 19.9848
136 71.0339 12.6096
137 69.8224 20.5827
138 59.7512 25.6668
139 70.3533 17.8855
140 70.6286 20.4584
141 72.8133 13.5657
142 69.7671 15.4979
143 59.3039 21.2961
144 65.8889 14.2946
145 60.013 17.5554
146 66.2164 15.8459
147 71.0456 15.3707
148 67.7906 13.1439
149 73.7915 11.8826
150 71.2299 10.3583
151 79.3927 11.2608
152 64.9117 15.1261
153 76.9699 13.8864
154 68.9579 15.4867
155 60.2616 14.1038
156 83.0598 9.9227
157 82.3557 12.7232
158 70.9544 14.5518
159 78.6862 14.1798
160 89.037 13.0756
161 86.3084 15.2414
162 87.8064 12.4285
163 52.4758 17.8177
164 66.3297 21.8749
165 49.6132 24.5582
166 54.0461 13.816
167 58.1819 28.2629
168 69.698 7.1122
169 56.7581 8.0225
170 73.1081 6.1868
171 56.2913 13.3374
172 74.5604 5.9104
173 92.2631 12.6271
174 81.096 8.0239
175 79.7794 6.6212
176 78.6901 7.3949
177 85.9378 7.3003
178 76.4 6.7125
179 86.075 6.1988
180 59.7085 19.4176
181 69.5311 11.0206
182 56.482 15.7495
183 78.1685 1.0584
184 65.2476 9.7716
185 56.2002 22.954
186 51.2361 13.482
187 73.1203 25.4273
188 53.6185 16.2751
189 79.8249 9.0058
190 59.3527 14.6756
191 74.3544 12.8205
192 76.5919 17.1108
193 70.13 18.0257
194 71.6972 17.5306
195 75.2454 13.8489
196 68.056 15.6782
197 88.9516 15.9898
198 69.758 17.3519
199 78.4617 16.1913
200 60.7936 17.3589
201 57.8917 19.1523
202 71.3005 12.71
203 79.1906 16.2061
204 58.8923 22.1956
205 60.1693 14.1205
206 75.9115 17.2569
207 71.7681 19.6263
208 0 0
209 0 0
210 62.2205 14.5088
211 60.4098 16.2646
212 77.8064 12.3421
213 69.3738 12.5738
214 63.2623 12.3192
215 80.9004 12.4646
216 69.9883 14.9327
217 69.979 16.3703
218 68.4771 10.9064
219 73.9567 12.6099
220 60.9179 13.6983
221 69.6954 13.4718
222 66.5118 15.1123
223 55.9782 23.0688
224 72.4792 15.2053
225 63.6048 16.9056
226 80.742 14.5292
227 80.5645 16.0767
228 73.3541 12.6582
229 0 0
230 0 0
231 52.3343 15.9272
232 54.9051 11.7536
233 64.5963 10.7447
234 59.3725 17.7549
235 47.1386 21.0591
236 55.7653 15.5986
237 60.7271 12.6098
238 71.0354 9.43
239 83.7192 9.6482
240 74.6037 14.2784
241 64.5496 10.4093
242 85.2971 8.0382
243 76.2035 16.2057
244 63.4571 13.455
245 78.0077 11.1294
246 79.7328 10.1136
247 69.7554 11.0213
248 82.3975 9.4313
249 66.7292 9.1482
250 0 0
251 0 0
