0 74.278 7.0995
1 78.337 5.7537
2 72.7669 6.0319
3 70.969 7.0637
4 57.1638 6.5183
5 68.6502 9.5163
6 72.8622 8.7644
7 71.2809 8.1637
8 76.1996 8.854
9 63.6922 8.6847
10 78.9206 6.7309
11 75.191 6.2191
12 71.8045 7.4396
13 76.4605 9.2369
14 66.6959 6.1741
15 71.5152 6.7867
16 69.0856 6.7865
17 75.3248 7.3293
18 73.9509 5.9925
19 73.6456 5.6416
20 73.2923 6.5916
21 76.3547 5.4592
22 73.7213 7.0972
23 62.3225 5.2968
24 77.4582 5.1007
25 77.9329 7.0565
26 82.3797 8.3374
27 87.9179 8.7166
28 76.2402 7.1703
29 60.2465 10.2656
30 63.6993 7.6246
31 75.8484 6.544
32 68.8822 4.4057
33 64.2549 7.2089
34 77.626 6.3856
35 69.2869 10.9473
36 68.4202 6.3902
37 71.2085 5.9241
38 68.9988 6.4564
39 70.95 6.0691
40 67.8842 5.7667
41 68.111 5.5058
42 67.4943 5.8997
43 84.2808 5.109
44 72.4074 6.1915
45 75.5242 7.4234
46 71.2994 6.5875
47 60.0668 5.7315
48 79.9789 7.1153
49 66.5695 6.8672
50 69.0244 4.6862
51 78.1478 7.4349
52 74.225 7.7086
53 75.1293 5.5741
54 68.1699 11.827
55 61.7821 12.2954
56 84.7374 4.4508
57 62.8267 11.0752
58 72.0998 6.7496
59 69.1435 8.9284
60 74.7705 7.2603
61 76.1184 4.6572
62 61.3961 6.9169
63 75.2876 6.0798
64 65.9773 6.6658
65 68.17 10.2192
66 76.9488 11.0864
67 78.1174 15.5039
68 91.3478 11.0205
69 73.5744 11.0451
70 76.3779 7.5569
71 72.7474 9.1459
72 72.3131 11.0649
73 71.4749 9.1604
74 60.2762 9.8431
75 55.4269 12.67
76 48.7081 11.5804
77 65.6391 6.8274
78 72.3158 7.2993
79 58.2102 7.2631
80 64.0192 8.6971
81 56.7999 9.6919
82 0 0
83 0 0
84 80.5034 6.5734
85 78.953 6.9523
86 86.9822 6.7401
87 85.5313 7.1197
88 73.3596 5.7906
89 98.3429 7.3157
90 75.3451 7.9342
91 86.8425 6.5989
92 85.4156 6.0344
93 83.2543 8.3591
94 92.8816 6.9013
95 81.789 6.6266
96 94.504 6.6108
97 81.4608 7.6974
98 91.0889 0.9374
99 76.4027 6.113
100 69.0982 8.2258
101 61.6232 8.9871
102 86.0436 7.4437
103 0 0
104 0 0
105 59.6745 4.2474
106 67.9185 6.2632
107 72.7546 4.9369
108 61.2962 5.723
109 80.4767 3.7962
110 74.0806 6.3976
111 80.9408 5.2966
112 75.4715 5.0031
113 76.5451 4.5411
114 92.6693 7.5281
115 73.4836 4.4175
116 81.8746 4.4523
117 88.8158 7.6413
118 79.9825 8.9923
119 73.1564 6.5991
120 97.6828 5.5314
121 78.4429 6.0073
122 97.594 7.7756
123 88.0199 8.1768
124 0 0
125 0 0
126 86.7454 4.7151
127 82.4971 5.7795
128 83.1329 5.7818
129 67.7276 5.6907
130 75.982 4.8912
131 74.0607 7.7277
132 75.5444 7.6476
133 74.3949 11.1768
134 66.3808 13.6912
135 66.5277 9.0546
136 71.7686 5.9297
137 73.6209 9.1078
138 66.4395 13.8842
139 73.2548 7.8459
140 74.1405 9.1924
141 74.0415 6.3456
142 71.4814 6.7024
143 65.7838 9.0468
144 68.1345 6.4625
145 64.5229 7.5514
146 69.0002 6.852
147 72.1053 7.3604
148 68.7672 6.2007
149 74.1991 5.7742
150 71.4577 4.9952
151 78.9421 5.792
152 66.6213 5.4803
153 77.0183 6.9175
154 70.7655 7.2515
155 61.9183 6.6865
156 82.8926 5.264
157 82.2829 6.5211
158 71.9204 6.8702
159 79.1528 7.0811
160 88.5405 7.1237
161 86.2889 7.7749
162 87.7011 6.7297
163 58.1707 7.9281
164 71.7837 8.6119
165 59.0011 10.6373
166 58.2432 6.3054
167 70.0815 10.9534
168 69.5952 4.6489
169 57.4407 5.083
170 73.1938 4.1293
171 58.2263 7.8802
172 74.52 3.8467
173 92.2635 7.7445
174 81.0819 5.2119
175 79.7679 4.3196
176 78.6466 4.7258
177 86.0154 4.6425
178 76.3826 4.3782
179 86.0229 4.0738
180 63.5218 11.072
181 70.1227 6.7939
182 59.8305 9.1333
183 78.2532 1.0389
184 66.0098 6.1485
185 62.1856 12.9331
186 54.8873 7.8809
187 78.3947 13.5989
188 58.4903 8.9641
189 79.7003 6.3227
190 61.3443 8.1785
191 75.092 6.558
192 77.6806 8.8366
193 72.1175 10.5155
194 73.145 9.8451
195 75.9027 6.6388
196 69.292 7.4848
197 89.2002 8.7637
198 71.4678 8.8681
199 79.3864 7.7284
200 63.8736 8.259
201 61.1356 13.1502
202 72.4577 6.073
203 80.3707 8.5993
204 63.8858 11.1454
205 62.8851 6.5666
206 77.5658 8.1004
207 75.3327 8.2763
208 0 0
209 0 0
210 64.2788 6.8527
211 63.4012 7.7833
212 78.3585 6.2047
213 70.345 5.9484
214 64.7242 5.756
215 81.2301 6.3397
216 71.6617 7.1588
217 71.8391 7.7818
218 69.1487 5.0969
219 74.7195 6.071
220 63.1236 6.298
221 70.7972 6.1956
222 68.4894 7.0645
223 62.0012 11.9071
224 73.6453 6.9134
225 66.5001 7.4938
226 81.0496 7.3607
227 81.1523 7.7853
228 73.7094 5.9371
229 0 0
230 0 0
231 54.2931 10.282
232 56.3987 7.4082
233 65.6439 6.5898
234 61.8924 10.7515
235 48.8886 16.7026
236 58.0516 9.4233
237 62.0023 7.7038
238 71.3308 6.0225
239 83.9202 6.4154
240 75.5312 8.9052
241 65.5222 6.4595
242 85.4336 5.4598
243 77.209 9.9213
244 65.1136 8.1755
245 78.3197 7.0337
246 79.3796 6.424
247 70.0287 6.7242
248 81.8048 6.2383
249 66.5351 5.7501
250 0 0
251 0 0
