0 74.451 7.0729
1 78.1701 5.7258
2 72.8419 6.0283
3 70.6787 7.1038
4 57.6244 6.3987
5 68.8093 9.454
6 73.1109 8.7698
7 71.2156 8.2731
8 76.4321 9.0867
9 63.7659 8.7547
10 78.9446 6.8809
11 75.1253 6.3816
12 71.9325 7.5541
13 76.6094 9.4909
14 66.7729 6.2586
15 71.5401 6.8066
16 69.2604 6.9699
17 75.2033 7.594
18 74.0069 6.0439
19 73.598 5.8802
20 73.4238 6.7684
21 76.3517 5.6005
22 73.7412 7.4439
23 62.2828 5.48
24 77.4084 5.3094
25 77.7425 7.3694
26 82.2832 8.5738
27 87.7192 9.084
28 76.2184 7.4589
29 60.1016 10.3989
30 63.6631 7.7076
31 75.5564 6.6155
32 69.013 4.3972
33 64.1496 7.318
34 77.5353 6.5229
35 69.4111 10.9726
36 68.455 6.4541
37 71.0965 5.9939
38 69.1202 6.4234
39 70.9376 6.2025
40 68.0153 5.8171
41 68.1967 5.4994
42 67.3305 6.0698
43 84.2457 5.2972
44 72.2016 6.4696
45 75.4757 7.8718
46 71.3465 6.7749
47 60.0536 5.8561
48 80.087 7.3444
49 66.3727 6.9913
50 69.0072 4.8346
51 78.2293 7.5927
52 74.0839 7.8017
53 75.1741 5.6911
54 67.9391 12.2098
55 61.5244 12.8849
56 84.5962 4.7602
57 62.3014 11.3075
58 72.3357 7.0214
59 68.8053 9.2588
60 75.0346 7.4346
61 75.8374 4.7672
62 61.4465 7.0572
63 75.3049 6.2642
64 65.9122 6.8638
65 68.181 10.4026
66 76.9162 11.4128
67 77.6422 15.6899
68 91.1341 11.3396
69 73.1916 11.2709
70 76.5348 7.5749
71 72.7128 9.3559
72 72.4073 11.1859
73 71.193 9.2564
74 59.9302 9.7792
75 55.2666 12.5891
76 48.0689 11.9218
77 65.6155 6.7842
78 72.4325 7.2556
79 58.0923 7.2031
80 64.1224 8.6425
81 57.0341 9.4731
82 0 0
83 0 0
84 80.2124 6.8425
85 79.0045 7.2402
86 86.8661 7.007
87 85.6423 7.455
88 73.0493 5.9806
89 98.4337 7.7053
90 75.2008 8.4009
91 86.9275 6.8509
92 85.2864 6.1221
93 83.2636 8.4792
94 92.9066 6.8965
95 81.7831 6.5406
96 94.305 6.6072
97 81.4275 7.8012
98 90.904 0.9359
99 76.451 6.2973
100 69.0774 8.6304
101 61.655 9.1122
102 86.0571 7.8364
103 0 0
104 0 0
105 59.7827 4.2123
106 67.9577 6.2812
107 72.728 4.995
108 61.3053 5.7944
109 80.417 3.8738
110 74.0967 6.3232
111 80.8291 5.4222
112 75.4661 5.1947
113 76.5014 4.7067
114 92.8228 7.6189
115 73.5099 4.6005
116 81.8692 4.5526
117 88.7136 7.9214
118 80.0342 9.2889
119 73.2025 6.7722
120 97.4636 5.6938
121 78.3761 6.2453
122 97.5059 8.0488
123 87.8204 8.4442
124 0 0
125 0 0
126 86.7359 4.7241
127 82.5162 5.8159
128 83.0949 5.7838
129 67.6592 5.6157
130 75.9725 4.9312
131 74.0173 7.6592
132 75.2397 7.677
133 74.3174 11.0518
134 66.2517 13.6517
135 66.5448 9.1064
136 71.8794 6.0142
137 73.6242 9.0451
138 66.4684 13.7754
139 73.2953 7.8333
140 74.425 9.2148
141 74.1293 6.3335
142 71.5332 6.9936
143 65.7461 9.1997
144 68.1698 6.3382
145 64.5833 7.6391
146 69.1498 6.9001
147 72.3709 7.3741
148 68.8564 6.1407
149 74.2027 5.7129
150 71.6281 4.8865
151 79.1726 5.6935
152 66.8726 5.4026
153 77.3612 6.8269
154 70.8074 7.1026
155 62.2244 6.5256
156 82.9987 5.1555
157 82.3662 6.4542
158 72.1115 6.7376
159 79.2257 6.9954
160 88.7475 7.0199
161 86.532 7.5821
162 87.7667 6.6388
163 58.1663 8.1649
164 71.6509 9.1652
165 58.8645 11.0257
166 57.8841 6.6113
167 70.0441 11.4787
168 69.5026 4.6863
169 57.4394 5.1428
170 73.0923 4.1438
171 58.1789 8.0905
172 74.4366 3.9265
173 92.1253 7.976
174 81.1671 5.1676
175 79.7031 4.3142
176 78.6261 4.8143
177 86.0808 4.7212
178 76.3937 4.378
179 86.0699 4.0797
180 63.6284 11.1234
181 70.1977 6.9649
182 59.94 9.2185
183 78.3523 1.0734
184 66.1933 6.1975
185 62.0541 13.0157
186 54.9951 7.9489
187 78.4752 13.9916
188 58.5818 9.026
189 79.7229 6.3088
190 61.2669 8.187
191 74.9808 6.5886
192 77.5247 8.9048
193 71.9321 10.6047
194 73.144 10.0195
195 75.9037 6.6575
196 69.2395 7.5818
197 89.237 8.9703
198 71.3806 9.0017
199 79.1941 7.9437
200 64.1815 8.3064
201 61.0826 13.2098
202 72.5215 6.1085
203 80.2358 8.489
204 64.545 10.9797
205 63.0202 6.6452
206 78.0727 8.0898
207 75.3321 8.5364
208 0 0
209 0 0
210 64.1238 7.023
211 63.1931 7.9521
212 78.3309 6.3379
213 70.3889 6.1901
214 64.6378 5.922
215 81.1427 6.5691
216 71.531 7.3269
217 71.6745 8.1306
218 69.0793 5.1091
219 74.7904 6.0772
220 63.0774 6.3346
221 70.8576 6.296
222 68.4346 7.0345
223 61.9819 11.9632
224 73.4695 7.0324
225 66.4503 7.676
226 81.0634 7.5131
227 81.1541 7.8563
228 73.8089 6.1799
229 0 0
230 0 0
231 54.3848 10.229
232 56.3665 7.6059
233 65.5378 6.5545
234 62.1703 10.8359
235 48.4853 16.6854
236 58.4448 9.388
237 61.8678 7.8636
238 71.3917 6.0421
239 83.6755 6.3905
240 75.4444 8.8558
241 65.3666 6.405
242 85.4197 5.4079
243 77.0945 9.8829
244 65.0454 8.0694
245 78.1317 7.0437
246 79.7015 6.7107
247 70.2083 6.9813
248 82.2318 6.5296
249 66.9019 5.9608
250 0 0
251 0 0
