0 73.9668 4.7501
1 78.4109 3.7548
2 72.5226 3.9691
3 70.7439 4.5935
4 57.5323 3.8584
5 68.7189 5.7022
6 73.1511 5.6848
7 71.3484 5.3069
8 76.596 5.6544
9 64.2577 4.9313
10 79.0683 4.2327
11 75.2139 3.9198
12 72.1228 4.7052
13 76.6716 5.6766
14 66.9132 3.7973
15 71.6312 4.4202
16 69.271 4.3968
17 75.2875 4.9799
18 74.1311 4.0024
19 73.4107 3.8565
20 73.7374 4.3427
21 76.4585 3.7082
22 73.5717 5.0289
23 62.345 3.4528
24 77.2709 3.3703
25 77.9996 4.7663
26 82.4143 5.6574
27 87.9558 5.8944
28 76.0912 4.96
29 61.1693 6.2668
30 64.23 4.5086
31 75.8329 4.3409
32 68.8887 2.9859
33 64.4127 4.2791
34 77.6513 4.4066
35 69.9191 6.4212
36 68.2701 4.187
37 70.7912 3.879
38 69.0547 4.2962
39 70.6126 3.8217
40 67.9995 3.6184
41 67.8822 3.6213
42 67.6665 4.1494
43 84.3418 3.5876
44 72.4426 4.5496
45 75.3322 5.4978
46 71.1142 4.855
47 59.9632 4.1734
48 79.5518 5.3205
49 66.2097 4.9074
50 68.716 3.451
51 77.9133 5.2212
52 73.5143 5.615
53 74.8062 4.1453
54 68.6149 8.514
55 62.3384 8.4424
56 84.6642 3.1815
57 62.8661 7.649
58 72.441 5.1406
59 69.2907 6.0538
60 75.1027 5.4816
61 75.9776 3.5615
62 61.7139 4.7696
63 75.4452 3.972
64 66.0651 4.1817
65 68.7253 6.4956
66 76.8283 7.2684
67 78.6798 9.3763
68 91.1559 7.1454
69 73.5154 6.7703
70 76.4157 4.7534
71 72.6948 5.7399
72 72.5884 6.7809
73 71.4496 5.7453
74 60.589 6.2779
75 57.2253 7.9703
76 50.6331 7.3562
77 65.6564 4.4072
78 72.1292 4.899
79 58.388 4.6904
80 64.3832 5.4197
81 57.968 6.2749
82 0 0
83 0 0
84 80.45 4.25
85 78.9417 4.5981
86 86.9426 4.292
87 85.2389 4.6766
88 73.3616 3.755
89 98.3594 4.8273
90 75.2977 5.0045
91 86.8069 4.23
92 85.5546 3.8011
93 83.6115 5.3751
94 92.979 4.3988
95 81.9409 4.1307
96 94.4006 4.1131
97 81.5066 5.0339
98 90.9658 0.8671
99 76.6298 4.1032
100 69.7715 4.9738
101 62.2932 5.2528
102 85.8059 4.9408
103 0 0
104 0 0
105 59.8133 2.8954
106 68.0219 4.4637
107 72.6109 3.5792
108 61.3625 4.0601
109 80.4093 2.7916
110 73.9511 4.6808
111 80.9771 3.9743
112 75.2936 3.8294
113 76.3969 3.4737
114 92.5231 5.5023
115 73.2529 3.2732
116 81.5962 3.315
117 88.4994 5.8918
118 79.5808 6.7477
119 73.0997 4.8178
120 97.7675 4.1398
121 78.4756 4.4785
122 97.4176 5.727
123 87.7589 6.2507
124 0 0
125 0 0
126 86.8841 2.9635
127 82.4988 3.6466
128 83.1077 3.6706
129 67.5714 3.5894
130 75.8921 3.0756
131 74.1241 4.912
132 75.2328 4.9061
133 74.6219 6.7496
134 67.3255 8.0539
135 66.7219 5.3283
136 71.866 3.7908
137 73.478 5.6068
138 67.6659 8.1859
139 73.3772 4.8976
140 74.5676 5.8219
141 73.8785 4.2202
142 71.3725 4.3657
143 66.2633 5.1441
144 68.0215 3.9751
145 64.7109 4.3837
146 68.9382 4.0769
147 72.0395 4.6382
148 69.0053 3.8701
149 74.3136 3.5812
150 71.6799 3.1014
151 79.2287 3.5443
152 67.0371 3.2595
153 77.0443 4.3843
154 70.8895 4.4599
155 62.6017 3.8521
156 83.079 3.1657
157 82.5124 4.0882
158 72.3071 4.0228
159 79.2881 4.4709
160 89.068 4.4019
161 86.5941 4.7306
162 87.9681 4.1919
163 59.0256 4.8096
164 71.8223 5.4349
165 60.1297 6.4016
166 58.4394 3.7242
167 70.5876 6.2994
168 69.6473 3.316
169 57.5167 3.5281
170 73.0599 2.9613
171 58.715 5.6063
172 74.2553 2.8159
173 92.2198 5.5173
174 80.9878 3.5959
175 79.7341 3.1048
176 78.4131 3.4076
177 85.8083 3.3096
178 76.2135 3.1557
179 86.1794 2.855
180 64.4189 7.3336
181 70.2499 4.7384
182 60.2914 6.1684
183 78.1569 0.7244
184 66.0722 4.2532
185 63.0769 8.5921
186 55.6806 5.3095
187 78.4678 8.7145
188 59.5156 6.2828
189 79.6028 4.1317
190 61.4393 4.9738
191 74.6523 4.2484
192 77.4555 5.7695
193 71.9106 6.5473
194 72.9463 6.1984
195 75.6628 4.2178
196 68.9402 4.4913
197 88.7651 5.5778
198 71.0342 5.5957
199 79.1107 5.0348
200 63.9842 5.1524
201 62.4989 8.0946
202 72.1889 4.098
203 80.2138 5.6756
204 64.7678 6.8102
205 62.8881 3.974
206 77.3671 5.2007
207 75.3369 5.5765
208 0 0
209 0 0
210 64.1214 4.1812
211 63.6611 4.6917
212 78.0936 3.884
213 70.2087 3.8628
214 64.4378 3.6109
215 80.8922 4.1414
216 71.4864 4.7098
217 71.7054 4.977
218 69.004 3.2051
219 74.6472 3.9119
220 63.3288 3.7937
221 70.7422 3.9395
222 68.1734 4.308
223 63.3718 6.7669
224 73.3273 4.4312
225 66.5191 4.3385
226 80.9035 4.6163
227 80.9431 5.1066
228 73.7441 3.8491
229 0 0
230 0 0
231 54.9234 7.2948
232 56.6794 5.2465
233 65.6858 4.6147
234 62.9148 7.4058
235 51.4657 11.2072
236 58.7167 6.4759
237 62.3556 5.2794
238 71.3982 4.368
239 83.7169 4.6766
240 75.4563 6.2367
241 65.4402 4.5451
242 85.5893 3.8497
243 77.3176 7.0702
244 65.3339 5.4816
245 78.2561 5.2179
246 79.8407 4.6061
247 70.3771 4.9484
248 82.2981 4.7139
249 67.1944 4.1558
250 0 0
251 0 0
