0 74.3408 7.0729
1 78.411 5.6459
2 72.8978 5.9614
3 71.1645 7.1486
4 57.1884 6.5468
5 68.9213 9.5686
6 72.9209 8.6895
7 71.4833 8.248
8 76.1487 9.4409
9 63.4811 8.9474
10 78.7608 6.9927
11 74.9224 6.5362
12 71.6822 7.8617
13 76.2879 9.7862
14 66.5867 6.4967
15 71.2825 7.1991
16 69.2477 7.0264
17 75.2895 7.444
18 74.0511 6.191
19 73.6531 5.822
20 73.3366 6.7576
21 76.3393 5.7001
22 73.8032 7.3422
23 62.3448 5.4186
24 77.4664 5.2345
25 77.6886 7.2684
26 82.1822 8.4931
27 87.7023 9.0836
28 76.3866 7.4313
29 60.1796 10.36
30 63.6665 7.6699
31 75.6982 6.6879
32 68.9149 4.5692
33 64.2604 7.2411
34 77.64 6.474
35 69.5243 11.0161
36 68.4366 6.4069
37 71.1049 5.9178
38 69.1032 6.3649
39 70.9437 6.209
40 68.0403 5.7885
41 68.1958 5.4921
42 67.3577 5.8457
43 84.2808 5.0711
44 72.4145 6.2017
45 75.4354 7.6167
46 71.2175 6.9479
47 59.7702 6.0003
48 79.9547 7.4599
49 66.2412 7.1928
50 68.8481 4.8196
51 78.0577 7.7113
52 74.1166 7.9759
53 75.1167 5.7569
54 67.9864 12.2185
55 61.347 12.7444
56 84.5857 4.6578
57 62.4272 11.1861
58 72.3798 6.8928
59 69.0106 9.2095
60 75.0112 7.2445
61 75.8875 4.7731
62 61.4 6.9881
63 75.4429 6.239
64 65.9847 6.9008
65 68.2676 10.4515
66 76.8259 11.6773
67 77.8258 16.1273
68 90.9942 11.6888
69 73.2659 11.5168
70 76.1914 7.8368
71 72.528 9.6417
72 72.0232 11.6148
73 71.375 9.5483
74 59.7405 10.0624
75 55.6964 12.8034
76 49.2198 11.5734
77 65.5808 7.0038
78 72.2975 7.4897
79 57.9323 7.4815
80 64.0239 8.9992
81 56.4592 10.0111
82 0 0
83 0 0
84 80.4556 6.6279
85 79.0972 6.9761
86 87.0443 6.8138
87 85.7734 7.2085
88 73.0554 5.8048
89 98.2905 7.4784
90 75.0895 8.0592
91 87.0121 6.7232
92 85.3556 6.2378
93 83.1496 8.6022
94 92.8042 7.1173
95 81.7423 6.6769
96 94.4328 6.7056
97 81.3097 7.9781
98 91.0182 0.9366
99 76.3042 6.3461
100 69.3009 8.233
101 61.7565 8.7329
102 86.0466 7.5823
103 0 0
104 0 0
105 59.8085 4.2672
106 67.9755 6.2563
107 72.7057 5.054
108 61.2306 5.7584
109 80.3665 3.8873
110 73.9891 6.5266
111 80.8348 5.3431
112 75.4918 5.1468
113 76.5242 4.6335
114 92.6538 7.5464
115 73.5084 4.5015
116 81.7304 4.5693
117 88.7984 7.9164
118 79.941 9.2198
119 73.3002 6.5999
120 97.4849 5.6213
121 78.3747 6.2181
122 97.4159 7.9117
123 87.5464 8.3154
124 0 0
125 0 0
126 86.5765 4.8561
127 82.3923 5.8889
128 83.0005 5.7961
129 67.5415 5.7266
130 75.8705 5.001
131 73.9648 7.7842
132 75.4411 7.8674
133 74.0663 11.4396
134 66.2901 13.8982
135 66.4059 9.2718
136 71.782 6.0471
137 73.5819 9.1886
138 66.3864 13.9786
139 73.3391 7.758
140 74.3571 9.3425
141 74.1354 6.4725
142 71.5199 6.987
143 65.8847 9.1529
144 68.0384 6.3964
145 64.7049 7.5611
146 69.0916 6.9155
147 72.0939 7.4124
148 68.8328 6.1845
149 74.162 5.7546
150 71.5375 5.0776
151 78.9808 5.7229
152 66.6808 5.4588
153 77.0265 6.8701
154 70.8176 7.2435
155 62.2306 6.5426
156 82.9599 5.1911
157 82.2883 6.4723
158 72.0992 6.8382
159 79.1976 7.0014
160 88.6279 7.0857
161 86.4538 7.7336
162 87.7251 6.8192
163 58.1428 8.1424
164 71.6549 9.2028
165 58.6955 11.287
166 57.8989 6.5492
167 69.7908 11.6344
168 69.587 4.6485
169 57.5062 5.0896
170 73.1049 4.1206
171 58.2111 7.9816
172 74.3465 4.0104
173 92.2479 8.0992
174 81.0691 5.3443
175 79.6815 4.3701
176 78.5532 4.882
177 85.9657 4.764
178 76.3189 4.4942
179 85.9557 4.1675
180 63.864 11.0107
181 70.0779 6.9658
182 59.4981 9.4686
183 78.2923 1.0202
184 66.0727 6.1804
185 62.2082 13.0262
186 54.4127 8.2114
187 78.1603 13.9732
188 58.2113 9.1907
189 79.763 6.3233
190 61.2848 8.1642
191 74.9222 6.5761
192 77.4681 8.9474
193 72.0681 10.6432
194 73.2614 9.9463
195 75.8841 6.7117
196 69.2473 7.5815
197 89.1903 8.9543
198 71.3438 9.0046
199 79.1884 7.9021
200 63.8375 8.3597
201 61.0985 13.3752
202 72.4286 6.1573
203 80.375 8.6086
204 63.9836 11.2597
205 62.9538 6.7297
206 77.6528 8.1587
207 75.3519 8.695
208 0 0
209 0 0
210 64.5348 6.8462
211 63.4462 7.7391
212 78.3944 6.187
213 70.5296 6.0471
214 64.8046 5.7269
215 81.4657 6.3178
216 71.606 7.2259
217 71.8616 7.8658
218 69.085 5.3185
219 74.6099 6.3493
220 62.9847 6.5795
221 70.7739 6.4965
222 68.3581 7.3354
223 61.8858 12.2336
224 73.5265 7.1868
225 66.4752 7.91
226 80.9934 7.4131
227 81.175 7.976
228 73.7264 6.1185
229 0 0
230 0 0
231 54.4883 10.2916
232 56.4097 7.4959
233 65.6332 6.6978
234 61.8877 10.9117
235 48.4772 16.6155
236 58.1055 9.4482
237 61.8804 7.9051
238 71.2237 6.0908
239 83.8973 6.4587
240 75.5924 8.9741
241 65.7201 6.4935
242 85.2404 5.4899
243 77.1265 10.0555
244 64.8195 8.1866
245 78.3704 7.2002
246 79.6915 6.5425
247 70.5199 6.919
248 82.233 6.5298
249 67.1367 5.8609
250 0 0
251 0 0
