0 74.2518 4.5456
1 78.33 3.5688
2 73.0289 3.8819
3 70.8771 4.2886
4 58.0262 3.7952
5 69.2893 5.8074
6 73.2221 5.3135
7 71.5903 5.2415
8 76.6114 5.8254
9 64.4651 5.0018
10 79.1077 4.1953
11 75.3083 3.9334
12 72.0996 4.6884
13 76.4895 5.7569
14 66.9141 3.6953
15 71.4794 4.4478
16 69.3751 4.2735
17 75.2611 4.9328
18 73.933 3.9174
19 73.533 3.8942
20 73.481 4.6324
21 76.2842 3.6074
22 73.8098 4.7399
23 62.3914 3.4414
24 77.6276 3.3324
25 77.6421 4.7498
26 82.4909 5.7256
27 87.9561 5.83
28 76.1227 4.8406
29 61.1749 5.9546
30 64.0547 4.4104
31 75.5541 4.3496
32 69.1117 3.0102
33 64.2307 4.3531
34 77.6391 4.3469
35 69.8914 6.4229
36 68.5079 4.1031
37 71.1846 3.8975
38 69.0612 4.0163
39 70.7606 4.0186
40 67.8252 3.8471
41 68.1949 3.7051
42 67.2934 4.3016
43 84.204 3.7426
44 72.066 4.7806
45 75.4052 5.5996
46 70.8192 5.1339
47 59.5905 4.1866
48 79.4875 5.4987
49 66.104 4.973
50 68.56 3.5672
51 77.963 5.6298
52 73.7082 5.7383
53 74.7261 4.2219
54 68.5825 8.2614
55 62.2819 8.6431
56 84.6711 3.3955
57 63.4959 7.3648
58 72.0386 4.8598
59 69.2442 6.2557
60 74.9717 5.4612
61 76.1061 3.3974
62 61.7735 4.7083
63 75.3715 3.9697
64 66.2361 4.1848
65 68.4065 6.3915
66 77.1875 7.0924
67 78.4945 9.2868
68 91.2097 7.1671
69 73.6032 6.9924
70 76.5262 4.7439
71 72.8824 5.7895
72 72.7669 6.9275
73 71.3913 5.6779
74 60.4359 6.0405
75 56.9123 7.5584
76 50.1439 7.4185
77 65.5095 4.2252
78 72.0645 4.652
79 58.1008 4.5434
80 64.3 5.3165
81 57.8443 5.798
82 0 0
83 0 0
84 80.2943 4.2151
85 79.1842 4.522
86 86.8455 4.2633
87 85.8371 4.632
88 73.027 3.6751
89 98.4041 4.7534
90 75.2127 5.1464
91 87.1467 4.2269
92 85.6808 3.8969
93 83.3428 5.4238
94 92.9929 4.3708
95 81.827 4.1354
96 94.6693 4.3762
97 81.4609 5.205
98 91.2222 0.8936
99 76.385 4.2111
100 69.5051 5.1809
101 62.4467 5.3695
102 86.0314 5.0979
103 0 0
104 0 0
105 59.9789 2.9335
106 68.0892 4.2737
107 72.6731 3.6839
108 61.2096 4.05
109 80.2984 2.7585
110 73.8692 4.524
111 80.8601 3.7117
112 75.2391 3.7565
113 76.3722 3.4337
114 92.6526 5.4067
115 73.2272 3.1779
116 81.4679 3.2466
117 88.6686 5.9052
118 79.8641 6.6767
119 73.0484 4.8385
120 97.604 4.0295
121 78.5788 4.6188
122 97.2553 5.902
123 87.8044 6.1427
124 0 0
125 0 0
126 86.8281 2.8263
127 82.3024 3.628
128 83.0407 3.6149
129 67.5695 3.5299
130 76.1336 3.0941
131 74.0625 4.8935
132 75.39 4.8378
133 74.6292 6.5275
134 67.5149 8.1748
135 66.8258 5.4385
136 71.8068 3.7368
137 73.7411 5.6681
138 67.7959 8.0014
139 73.497 5.0447
140 74.1665 5.8704
141 73.8823 4.0126
142 71.3669 4.3336
143 66.2041 5.0981
144 67.9691 3.9599
145 64.6697 4.2812
146 69.0053 4.1169
147 72.0142 4.6862
148 68.9063 3.8908
149 74.3256 3.5436
150 71.5781 3.0512
151 79.4331 3.4539
152 67.1305 3.2355
153 77.2964 4.2899
154 70.8812 4.505
155 62.537 3.7409
156 83.1669 3.2005
157 82.3979 3.944
158 72.3954 4.1798
159 79.2676 4.2381
160 89.2295 4.181
161 86.6307 4.7933
162 87.9453 4.0532
163 58.8539 4.7914
164 71.9525 5.4312
165 60.4287 6.4096
166 58.6101 3.7535
167 70.477 6.4487
168 69.4667 3.3352
169 57.54 3.5678
170 73.0354 3.0491
171 58.8178 5.6173
172 74.4665 2.8593
173 92.2864 5.5956
174 81.0784 3.6728
175 79.7584 3.1454
176 78.5688 3.4255
177 85.7824 3.3284
178 76.2879 3.1783
179 86.047 2.8491
180 64.4801 7.282
181 70.2988 4.9301
182 60.3295 6.21
183 78.3204 0.7821
184 66.0188 4.262
185 63.4504 8.6043
186 55.5729 5.4626
187 78.7709 9.0498
188 59.5826 5.8358
189 79.5677 4.134
190 61.4908 5.0093
191 74.8659 4.1506
192 77.3444 5.7339
193 71.8094 6.5691
194 73.031 6.0596
195 75.7415 4.367
196 69.0318 4.5911
197 88.6348 5.8116
198 71.3233 5.593
199 79.0103 4.9886
200 64.0686 5.1186
201 62.4991 8.0018
202 72.1292 3.9648
203 80.1657 5.7418
204 64.7517 6.6982
205 62.8447 4.0223
206 77.4742 5.0944
207 75.0599 5.5249
208 0 0
209 0 0
210 64.3886 4.124
211 63.5951 4.5358
212 78.0442 3.806
213 70.3302 3.7976
214 64.5359 3.5203
215 81.1151 4.0295
216 71.3851 4.4424
217 71.7784 4.874
218 69.3007 3.007
219 74.573 3.9505
220 63.2901 3.6901
221 70.6457 3.7787
222 68.2154 4.2597
223 63.1666 6.9052
224 73.4439 4.5794
225 66.4446 4.5297
226 80.9856 4.6895
227 80.9617 4.9916
228 73.7096 4.0778
229 0 0
230 0 0
231 55.4741 6.818
232 56.7331 5.2096
233 65.603 4.5279
234 62.7019 7.5808
235 49.7545 12.2031
236 58.9432 6.3071
237 62.1857 5.1962
238 71.4058 4.2758
239 83.6433 4.5425
240 75.3051 6.2376
241 65.5344 4.359
242 85.6264 3.8879
243 77.4246 6.5466
244 65.3936 5.5837
245 78.2289 5.2566
246 79.7718 4.8933
247 70.0365 4.9443
248 82.365 4.5488
249 67.0569 4.285
250 0 0
251 0 0
