0 74.2385 7.0731
1 78.3792 5.8837
2 72.7739 6.1641
3 70.8729 7.2473
4 57.0378 6.6067
5 68.5263 9.7148
6 72.7858 8.9287
7 71.2283 8.4111
8 76.298 9.1102
9 63.791 8.7664
10 78.894 6.7506
11 75.3297 6.3421
12 71.7697 7.6308
13 76.6179 9.4035
14 66.7534 6.2433
15 71.5057 6.9138
16 69.2213 7.0201
17 75.3805 7.4907
18 74.2645 6.1118
19 73.748 5.8216
20 73.2099 6.9008
21 76.3386 5.6285
22 73.7817 7.3517
23 62.3513 5.4711
24 77.492 5.2428
25 77.7641 7.3295
26 82.3632 8.6572
27 87.7749 8.8054
28 76.3309 7.5283
29 60.0414 10.4492
30 63.6639 7.6718
31 75.7297 6.6876
32 68.9636 4.3955
33 64.2156 7.3557
34 77.5236 6.5458
35 69.4375 10.9569
36 68.466 6.3733
37 71.0661 5.9901
38 69.1018 6.3615
39 70.9461 6.1105
40 68.0436 5.7632
41 68.1548 5.6064
42 67.3474 6.0205
43 84.2599 5.2316
44 72.2171 6.3696
45 75.4409 7.7135
46 71.4408 6.7637
47 60.0867 5.8921
48 80.0418 7.3323
49 66.3931 7.0668
50 68.9955 4.8766
51 78.1971 7.5445
52 74.0236 7.8612
53 75.1689 5.7543
54 68.036 12.4117
55 61.0685 12.9752
56 84.6488 4.6783
57 62.3872 11.3224
58 72.3091 6.9832
59 68.9147 9.3135
60 74.9216 7.4925
61 75.8506 4.6946
62 61.4074 6.9343
63 75.4025 6.2069
64 65.7785 6.8925
65 68.2946 10.5279
66 76.8558 11.4117
67 78.1362 15.7626
68 91.2176 11.3937
69 73.6588 11.4261
70 76.1031 7.6498
71 72.5869 9.4756
72 72.032 11.2666
73 71.4369 9.4465
74 60.2379 9.8789
75 55.4306 12.8621
76 49.0334 11.7559
77 65.8253 6.8936
78 72.4606 7.4465
79 58.2054 7.3633
80 64.2817 8.843
81 56.9217 9.7867
82 0 0
83 0 0
84 80.4654 6.5883
85 79.2142 6.8967
86 87.0663 6.8644
87 85.7943 7.2708
88 73.1097 5.7614
89 98.3627 7.4902
90 75.1855 8.1081
91 86.9625 6.7342
92 85.1847 6.0955
93 83.3615 8.5751
94 92.9264 6.9268
95 81.8312 6.6349
96 94 6.6147
97 81.3282 7.9291
98 90.7037 0.9087
99 76.4337 6.245
100 69.0455 8.5035
101 61.6887 8.9635
102 86.0467 7.5594
103 0 0
104 0 0
105 59.8674 4.2528
106 68.0849 6.2333
107 72.7611 4.9309
108 61.2362 5.7255
109 80.3735 3.8743
110 73.9996 6.4078
111 80.7947 5.3482
112 75.4136 5.138
113 76.4902 4.6602
114 92.6869 7.5828
115 73.4335 4.5252
116 81.6953 4.5788
117 88.7335 7.851
118 79.8048 9.1845
119 73.1739 6.7185
120 97.4664 5.5953
121 78.393 6.099
122 97.4292 7.9773
123 87.7737 8.2789
124 0 0
125 0 0
126 86.7479 4.68
127 82.5366 5.6911
128 83.125 5.7478
129 67.7045 5.5567
130 75.9497 4.8972
131 74.0652 7.6446
132 75.3342 7.6439
133 74.2677 11.0947
134 66.2137 13.7921
135 66.4856 9.1534
136 71.7762 5.9344
137 73.5241 9.0746
138 66.092 13.9823
139 73.3419 7.8023
140 74.3675 9.3139
141 74.0551 6.4813
142 71.5537 7.0215
143 65.6894 9.2015
144 68.1462 6.3512
145 64.6457 7.6612
146 69.0254 6.9379
147 72.3982 7.2965
148 68.9107 6.1291
149 74.1795 5.7204
150 71.6017 4.9873
151 79.1428 5.7094
152 66.9223 5.3244
153 77.3605 6.7736
154 70.8985 7.176
155 62.1789 6.5904
156 83.1096 5.1309
157 82.3306 6.5026
158 72.2025 6.6929
159 79.0442 7.0711
160 88.6833 7.0046
161 86.4027 7.6731
162 87.7872 6.6403
163 58.1327 8.111
164 71.7355 8.9919
165 58.952 10.9179
166 58.1512 6.4323
167 70.1443 11.1746
168 69.6017 4.6496
169 57.5743 5.0494
170 73.1331 4.1814
171 58.1821 8.0612
172 74.4981 4.0188
173 92.1823 8.1007
174 81.107 5.373
175 79.5965 4.4452
176 78.5613 4.9175
177 85.9716 4.8
178 76.4145 4.5146
179 85.9602 4.1881
180 63.3365 11.2
181 70.3144 6.957
182 59.5995 9.3345
183 78.5874 1.0481
184 65.8362 6.2213
185 61.9041 13.1769
186 54.6006 8.0167
187 78.4001 14.119
188 57.7313 9.6089
189 79.6756 6.4627
190 61.1748 8.2362
191 74.9205 6.6212
192 77.4857 9.1224
193 71.9116 10.8302
194 73.0237 9.9872
195 75.8786 6.7766
196 69.1877 7.6447
197 89.2135 9.0072
198 71.3041 9.1197
199 79.1572 7.8974
200 63.9399 8.3897
201 60.8675 13.418
202 72.5151 6.08
203 80.3348 8.698
204 64.2249 11.156
205 62.9537 6.7245
206 77.6187 8.1293
207 75.359 8.6289
208 0 0
209 0 0
210 64.2889 6.7838
211 63.7564 7.6473
212 78.38 6.1948
213 70.774 5.9857
214 64.5214 5.7526
215 81.3729 6.4204
216 71.3221 7.2031
217 71.8849 7.8621
218 68.9462 5.1729
219 74.6138 6.2767
220 62.9728 6.6127
221 70.8807 6.4615
222 68.2148 7.2798
223 61.9298 12.232
224 73.443 7.2716
225 66.4548 7.8838
226 80.9679 7.5576
227 81.1903 7.8998
228 73.7632 6.1433
229 0 0
230 0 0
231 54.375 10.506
232 56.5096 7.7474
233 65.6334 6.8221
234 61.6707 11.2643
235 48.3327 17.1556
236 57.832 9.8677
237 61.843 8.1914
238 71.3156 6.2443
239 83.832 6.5719
240 75.3102 9.0522
241 65.3808 6.6271
242 85.3761 5.538
243 77.1483 10.1543
244 65.019 8.3818
245 78.3322 7.3829
246 79.6916 6.8208
247 70.0866 7.2432
248 82.3068 6.6694
249 66.9614 6.1356
250 0 0
251 0 0
