0 73.4271 14.4903
1 78.4536 10.8206
2 72.4111 12.2476
3 69.7371 15.0164
4 54.9888 13.1551
5 65.5115 19.8289
6 70.4202 18.6547
7 69.207 17.0805
8 74.5362 18.8249
9 59.7416 18.3363
10 78.6424 13.4088
11 74.9149 12.5602
12 69.9745 16.0989
13 73.7564 20.0814
14 65.08 13.1973
15 69.7898 14.964
16 67.2678 14.846
17 73.4822 16.2812
18 73.4491 12.4823
19 73.186 11.6191
20 72.1822 14.6781
21 76.0674 10.7775
22 72.9697 13.9536
23 60.9479 10.9071
24 77.6804 9.7358
25 76.9769 14.3768
26 81.6028 15.6603
27 87.4217 15.7076
28 75.7339 13.2663
29 55.3301 20.3336
30 60.2923 16.2881
31 75.1339 13.2376
32 69.1065 7.8813
33 61.4208 15.3398
34 77.1925 13.291
35 65.8493 19.5522
36 66.3274 14.0365
37 69.7935 12.5557
38 67.1266 14.1108
39 69.2182 13.6296
40 66.068 13.0133
41 66.8423 11.7595
42 67.5173 9.2345
43 84.7694 7.5921
44 72.5541 9.6207
45 75.5807 12.266
46 71.3463 10.4658
47 59.5524 9.0857
48 79.8698 11.3303
49 65.8143 11.3139
50 69.197 7.258
51 78.0288 11.9508
52 73.7167 13.1094
53 75.2427 8.7732
54 65.4125 19.4358
55 56.9635 21.3243
56 84.6559 6.7813
57 56.6666 20.9169
58 71.7582 11.2877
59 66.9577 16.0988
60 74.0213 12.8713
61 75.9599 6.9651
62 59.3491 12.6432
63 74.8129 12.3614
64 64.7933 13.7426
65 66.2939 18.3325
66 75.2137 19.7259
67 77.0939 20.2961
68 90.5747 19.3156
69 71.4724 20.68
70 75.5114 15.3174
71 70.6974 18.3425
72 69.8627 20.9213
73 69.3123 18.8919
74 57.3417 16.388
75 51.9902 18.5414
76 43.4949 19.447
77 63.6907 14.0654
78 70.6738 15.0559
79 54.0656 15.0915
80 59.3282 18.7005
81 49.6354 20.1598
82 0 0
83 0 0
84 80.7944 12.3156
85 79.276 13.4063
86 87.4636 12.2277
87 86.0456 13.4639
88 73.3401 11.0275
89 98.692 13.3331
90 74.4106 16.1233
91 87.4253 12.0895
92 85.8316 11.0234
93 82.9102 16.8929
94 93.1888 12.4636
95 81.8666 12.3907
96 94.6504 12.0869
97 81.2023 15.1573
98 91.4106 0.8864
99 76.438 12.2849
100 66.7999 17.7963
101 57.7491 18.7195
102 86.0205 14.9422
103 0 0
104 0 0
105 59.6269 6.3573
106 67.9456 9.7392
107 72.8739 7.1852
108 61.0768 8.8738
109 80.5591 5.5914
110 74.1065 10.0164
111 81.0754 7.9209
112 75.5891 7.5593
113 76.7312 6.9483
114 92.8652 11.764
115 73.6595 6.6426
116 81.9226 6.7756
117 88.9984 12.0427
118 79.528 15.641
119 72.9181 11.225
120 97.6853 8.2585
121 78.5727 9.4246
122 97.4369 12.3449
123 87.8263 13.9139
124 0 0
125 0 0
126 86.9007 8.2464
127 82.4162 10.0382
128 83.1177 10.2249
129 66.7665 11.4804
130 75.9716 8.6344
131 73.0774 14.7268
132 74.3422 14.3282
133 72.5238 17.9048
134 62.3564 22.2573
135 62.7188 19.2735
136 71.0632 11.9877
137 70.416 19.8893
138 58.5264 27.1619
139 70.5209 17.539
140 70.3382 20.519
141 72.969 12.9649
142 69.4112 15.5676
143 58.7767 21.5742
144 65.6607 14.5443
145 59.3134 17.6565
146 66.1482 16.2389
147 70.9311 15.1236
148 67.8847 12.8031
149 73.9156 11.5388
150 71.2728 10.0161
151 79.2523 10.9197
152 66.2 11.1155
153 76.8235 13.7153
154 69.0952 15.2597
155 60.1083 13.5939
156 83.0928 9.4782
157 82.4529 12.2163
158 71.1107 13.8887
159 78.8085 13.6637
160 88.936 12.6906
161 86.5195 14.4636
162 87.866 11.6814
163 53.0883 16.7545
164 66.8889 20.649
165 50.0444 23.4785
166 54.8009 12.964
167 56.4349 29.3426
168 69.8962 6.8104
169 57.1894 7.6191
170 73.3499 5.9872
171 56.4468 13.0931
172 74.6194 5.5832
173 92.3706 11.9225
174 81.2758 7.5482
175 80.0127 6.263
176 78.792 6.9072
177 86.2224 6.8591
178 76.5259 6.4196
179 86.3132 5.8125
180 59.7205 19.1249
181 69.5525 10.7657
182 56.6509 15.4051
183 78.3545 1.0898
184 65.2071 9.594
185 57.0781 22.3284
186 51.7524 13.2208
187 72.6822 26.2029
188 53.6066 16.0114
189 79.7555 9.402
190 59.2202 15.3164
191 74.3515 13.2404
192 76.6574 17.2129
193 70.6271 18.1341
194 71.9876 17.7259
195 75.716 13.2194
196 68.2121 14.9014
197 88.818 15.8048
198 69.8165 17.2496
199 78.7483 15.2781
200 60.6514 17.3407
201 57.9277 19.5842
202 71.4539 12.3734
203 79.4956 16.0368
204 58.6933 22.3321
205 60.5476 13.7183
206 75.621 17.4951
207 71.8462 19.7495
208 0 0
209 0 0
210 62.08 14.1823
211 60.3617 16.1023
212 77.9968 11.7797
213 69.6355 12.1854
214 63.3483 11.8797
215 81.0067 11.9621
216 70.2549 14.4184
217 70.2703 15.8165
218 68.7889 10.4086
219 74.1608 12.2985
220 60.9742 13.6334
221 69.7787 13.232
222 66.4512 15.2459
223 54.9974 23.6917
224 72.435 15.3958
225 63.4342 16.8644
226 80.4072 14.7458
227 80.304 15.9503
228 73.1214 12.9027
229 0 0
230 0 0
231 51.8058 16.1882
232 55.0701 11.246
233 64.8122 10.2786
234 59.6036 17.1183
235 47.6646 20.9308
236 56.1512 14.9987
237 60.5971 12.3742
238 71.0999 9.2633
239 83.7141 9.5129
240 74.6602 14.1942
241 64.708 10.2274
242 85.2914 7.9133
243 76.1561 16.4988
244 63.3554 13.5064
245 77.999 11.0679
246 79.7668 10.0605
247 69.6117 11.1189
248 82.1488 9.6853
249 66.6056 9.1025
250 0 0
251 0 0
