0 75.5455 7.4052
1 79.0137 6.001
2 73.7403 6.3463
3 71.5984 7.4116
4 58.7622 6.6571
5 69.812 9.7903
6 74.0343 9.1614
7 72.2026 8.5964
8 77.4334 9.5823
9 65.0312 9.1094
10 80.1482 7.1853
11 76.3579 6.7253
12 72.8515 7.9306
13 77.5159 9.728
14 67.6836 6.5318
15 72.5159 7.1977
16 70.1612 7.2389
17 76.2943 8.0095
18 74.9631 6.3705
19 74.6505 6.1652
20 74.3271 7.0737
21 76.916 5.8119
22 74.3968 7.4349
23 62.9367 5.5885
24 77.9502 5.3839
25 78.4708 7.4817
26 82.93 8.7978
27 88.4996 9.1254
28 76.8602 7.7244
29 61.0315 10.6941
30 64.5024 8.0869
31 76.6047 6.8828
32 69.7009 4.6166
33 64.9216 7.726
34 78.1947 6.7975
35 69.8759 11.602
36 69.0312 6.7897
37 71.5467 6.4113
38 69.6113 6.9371
39 71.3273 6.5755
40 68.4407 6.3335
41 68.5565 5.8965
42 68.3893 6.0092
43 84.9134 5.1955
44 73.3158 6.287
45 75.95 7.6421
46 71.9998 6.9898
47 60.7353 6.1
48 80.6999 7.558
49 67.0618 7.3177
50 69.7074 5.0576
51 78.9389 7.8816
52 74.6669 8.2047
53 75.8992 5.976
54 69.1202 12.7128
55 62.2783 13.3433
56 85.6902 4.7509
57 63.6404 11.5289
58 73.0467 7.2671
59 69.7167 9.4783
60 75.6677 7.5221
61 76.7329 4.9122
62 62.8514 7.048
63 76.2506 6.4438
64 66.7169 6.9983
65 69.3225 10.648
66 78.0433 11.5541
67 79.5359 15.6569
68 92.2389 11.6239
69 74.83 11.5073
70 77.2636 7.7843
71 73.7486 9.6785
72 73.5054 11.4381
73 72.6048 9.5719
74 60.8311 10.2555
75 56.4332 13.12
76 49.0693 12.4611
77 66.3225 7.1329
78 72.9693 7.7517
79 58.9071 7.5744
80 64.8305 9.0905
81 57.7914 9.8529
82 0 0
83 0 0
84 81.1526 6.942
85 79.5467 7.2116
86 87.6176 7.1212
87 85.9632 7.6316
88 74.1606 6.1034
89 98.9974 7.7465
90 75.9837 8.4837
91 87.4941 6.8968
92 86.1335 6.3101
93 84.3116 8.6675
94 93.714 7.0402
95 82.5525 6.8407
96 94.9643 6.7549
97 82.0603 7.9293
98 91.4414 0.9571
99 77.2328 6.3869
100 70.1533 8.3571
101 62.2566 8.9049
102 86.7054 7.813
103 0 0
104 0 0
105 57.1133 4.5829
106 65.5319 6.5707
107 70.1675 5.1999
108 58.3611 6.1742
109 77.7162 4.0516
110 71.6165 6.7043
111 78.2584 5.5657
112 72.6081 5.3517
113 73.5809 4.8681
114 89.6326 7.9336
115 69.5027 4.739
116 77.2527 4.8149
117 84.1804 8.2748
118 75.0158 9.98
119 68.1936 7.376
120 90.6338 6.6149
121 97.9782 2.0878
122 90.4858 8.6943
123 80.9257 9.0516
124 0 0
125 0 0
126 86.7964 4.8903
127 82.5387 6.0127
128 83.1907 6.0574
129 67.7372 5.9316
130 76.0003 5.2212
131 74.092 8.0989
132 75.4492 8.0211
133 74.3475 11.4234
134 65.9301 14.2002
135 66.4187 9.6111
136 71.7838 6.3258
137 73.4783 9.5146
138 65.9794 14.7883
139 73.1262 8.2972
140 74.1582 9.8344
141 74.0085 6.7293
142 71.5897 7.2726
143 65.6649 9.7085
144 68.1036 6.7509
145 64.7662 7.9261
146 69.1652 7.2561
147 72.1938 7.6918
148 68.6898 6.4837
149 74.1582 6.0211
150 71.4584 5.2264
151 79.0808 5.9954
152 66.7396 5.7799
153 77.2437 7.2671
154 70.7067 7.6401
155 61.7917 7.072
156 82.8652 5.504
157 82.3113 6.8399
158 72.0376 7.3835
159 78.9704 7.4987
160 88.6395 7.4971
161 86.4797 8.1519
162 87.8959 7.0893
163 58.0152 8.453
164 71.6249 9.5495
165 58.8099 11.3376
166 58.052 6.696
167 69.8784 11.9444
168 69.5353 5.0128
169 57.2423 5.3891
170 73.1351 4.3742
171 58.1502 8.4357
172 74.5943 4.1184
173 92.1111 8.2405
174 81.1435 5.5605
175 79.5691 4.6078
176 78.7412 4.9948
177 86.035 4.9389
178 76.4331 4.7081
179 86.0152 4.2474
180 63.805 11.3776
181 70.3464 7.1098
182 60.0351 9.3588
183 78.3686 1.1986
184 66.1767 6.3296
185 62.2044 13.0771
186 55.0665 8.0519
187 78.3736 14.0927
188 58.0957 9.645
189 79.8238 6.7317
190 61.3345 8.3489
191 74.8709 6.7795
192 77.5203 9.2394
193 71.8626 10.9174
194 73.1479 10.3925
195 75.9105 7.047
196 69.1918 7.9035
197 89.1701 9.2528
198 71.2352 9.3694
199 79.215 8.1361
200 63.9062 8.6328
201 61.0922 12.9813
202 72.4497 6.3179
203 80.1567 8.943
204 64.3893 11.2849
205 62.9601 6.8725
206 78.085 8.4317
207 75.1877 8.816
208 0 0
209 0 0
210 64.2536 7.2996
211 63.2456 8.334
212 78.598 6.5856
213 70.4163 6.491
214 64.7704 6.1265
215 81.2905 6.7465
216 71.6593 7.6347
217 71.8282 8.4634
218 69.2447 5.3354
219 74.6806 6.3224
220 63.0983 6.6136
221 70.7083 6.5673
222 68.5673 7.3808
223 61.803 12.3488
224 73.646 7.2903
225 66.3764 7.8557
226 80.9378 7.7227
227 80.9825 8.3828
228 73.5478 6.6034
229 0 0
230 0 0
231 54.4279 10.6571
232 56.3103 7.7712
233 65.4941 6.9632
234 61.6838 11.4588
235 48.86 16.6271
236 57.7119 9.9752
237 61.7078 8.3048
238 71.2036 6.405
239 83.6549 6.6842
240 75.4226 9.3056
241 65.4187 6.7839
242 85.4974 5.6035
243 76.8999 10.4669
244 64.9795 8.4839
245 78.2244 7.4007
246 79.2095 6.739
247 69.8632 7.0601
248 81.8632 6.6484
249 66.4608 5.9924
250 0 0
251 0 0
