0 73.9321 7.5467
1 78.1343 5.9704
2 72.5054 6.327
3 70.6261 7.5528
4 56.5566 6.9054
5 68.2293 10.2203
6 72.5601 9.2087
7 71.0643 8.7702
8 76.4041 9.3114
9 63.4353 8.9664
10 78.9493 6.924
11 75.2181 6.4602
12 71.8144 7.6534
13 76.4379 9.6312
14 66.7141 6.3748
15 71.4128 7.0901
16 69.3531 7.0834
17 75.2174 7.7178
18 74.0977 6.1746
19 73.6749 5.8047
20 73.4901 6.9137
21 76.5016 5.72
22 73.6682 7.4719
23 62.4277 5.5603
24 77.2314 5.3753
25 78.0135 7.4915
26 82.5225 8.7738
27 87.9349 9.1403
28 76.1673 7.6224
29 60.1606 10.4029
30 63.6879 7.8476
31 75.759 6.7577
32 68.9279 4.5383
33 64.2274 7.3579
34 77.6645 6.6224
35 69.5443 11.0774
36 68.518 6.4629
37 71.0728 5.8962
38 69.322 6.4335
39 70.8792 6.2211
40 68.2242 5.8498
41 68.1772 5.427
42 67.6705 5.8755
43 84.3283 5.1782
44 72.7177 6.2152
45 75.4276 7.6279
46 71.3263 6.9112
47 60.1959 5.99
48 80.1187 7.4512
49 66.3715 7.1408
50 68.9979 4.8734
51 78.2589 7.6285
52 74.046 8.0069
53 75.1456 5.8144
54 67.9173 12.744
55 60.6696 13.7037
56 84.7979 4.7567
57 62.2933 11.8624
58 72.3486 7.261
59 68.7786 9.5643
60 74.819 7.6566
61 75.9737 4.9292
62 61.4631 7.0313
63 75.3955 6.226
64 66.0473 6.8334
65 68.4645 10.4343
66 76.852 11.3442
67 77.9673 15.7497
68 90.9686 11.4725
69 73.2186 11.336
70 76.361 7.6329
71 72.6957 9.5156
72 72.4313 11.1654
73 71.2543 9.3282
74 60.3107 9.6496
75 55.7411 12.7224
76 48.939 11.8537
77 65.8701 6.698
78 72.3408 7.2636
79 58.4136 7.1563
80 64.3695 8.6086
81 57.2348 9.5674
82 0 0
83 0 0
84 80.2751 6.783
85 79.0444 7.0903
86 87.0806 6.78
87 85.6408 7.3994
88 73.2029 5.9756
89 98.4125 7.5904
90 75.1885 8.2281
91 86.8633 6.7459
92 85.1936 6.1242
93 83.394 8.3592
94 92.973 6.8134
95 81.868 6.6235
96 94.1998 6.6141
97 81.3604 7.8188
98 90.757 0.9255
99 76.5544 6.2575
100 69.3029 8.1678
101 61.5007 8.8642
102 86.1105 7.5261
103 0 0
104 0 0
105 59.8913 4.279
106 68.2332 6.2902
107 72.8074 5.0098
108 61.2389 5.7772
109 80.3654 3.8839
110 74.1788 6.4517
111 80.946 5.3795
112 75.6635 5.2593
113 76.7015 4.7192
114 92.9209 7.6443
115 73.6178 4.5567
116 82.0269 4.5418
117 88.8633 7.8313
118 80.2807 9.2794
119 73.41 6.7646
120 97.6782 5.5636
121 82.4311 0.4781
122 97.5384 7.9087
123 87.7379 8.2678
124 0 0
125 0 0
126 86.7331 4.7707
127 82.449 5.8966
128 83.1813 5.8681
129 67.7433 5.6268
130 76.0273 4.9649
131 74.2596 7.7371
132 75.4525 7.8033
133 74.1713 11.334
134 66.3273 13.7658
135 66.5578 9.156
136 71.9265 5.9879
137 73.5561 9.2229
138 66.2749 14.133
139 73.2738 7.9098
140 74.4083 9.5428
141 74.0431 6.4253
142 71.4879 7.0396
143 65.6017 9.3944
144 67.9993 6.5753
145 64.6635 7.6467
146 69.0476 7.117
147 72.3589 7.4969
148 68.9065 6.2412
149 74.1853 5.8723
150 71.5581 5.1454
151 79.0172 5.9016
152 66.91 5.5806
153 77.2594 7.0263
154 70.9581 7.3169
155 62.0786 6.7415
156 82.9077 5.3188
157 82.2849 6.5636
158 72.1 6.9647
159 78.9163 7.2223
160 88.738 7.1228
161 86.2957 7.8971
162 87.759 6.7734
163 58.013 8.3228
164 71.7035 9.3775
165 58.7941 11.3583
166 58.0124 6.6751
167 69.9541 11.9106
168 69.549 4.8288
169 57.2828 5.2272
170 73.1243 4.2818
171 58.1762 8.288
172 74.4963 4.1139
173 92.0757 8.4198
174 80.9828 5.49
175 79.4184 4.6184
176 78.5281 5.0309
177 85.8365 4.9224
178 76.298 4.6983
179 85.8574 4.2819
180 63.391 11.1539
181 70.0981 6.8941
182 59.894 9.1279
183 78.0261 1.1553
184 65.8375 6.1779
185 62.2437 12.7923
186 54.8794 7.7996
187 78.0638 13.7858
188 57.5782 9.7823
189 79.7171 6.5667
190 61.4185 8.2518
191 75.0279 6.6536
192 77.6276 9.0912
193 71.8897 10.7164
194 73.0505 10.1344
195 75.8214 6.7808
196 69.1566 7.684
197 89.2279 8.9979
198 71.3361 9.085
199 79.1711 7.964
200 64.1398 8.5117
201 61.2607 13.01
202 72.568 6.1485
203 80.3847 8.6533
204 64.3016 11.0698
205 63.2072 6.7119
206 78.0134 8.1736
207 75.4084 8.638
208 0 0
209 0 0
210 64.2527 6.8941
211 63.8395 7.8216
212 78.5826 6.2793
213 70.7589 5.9961
214 64.5056 5.8033
215 81.4149 6.4954
216 71.3092 7.1958
217 71.999 7.8243
218 69.1507 5.2743
219 74.7584 6.3301
220 62.9812 6.5449
221 70.6896 6.4665
222 68.5269 7.3568
223 61.8409 12.1083
224 73.4717 7.1076
225 66.4615 7.6637
226 80.9009 7.311
227 81.062 7.7617
228 73.5855 6.1873
229 0 0
230 0 0
231 54.2039 10.7735
232 56.2577 7.812
233 65.5143 7.0335
234 61.6139 11.536
235 49.5509 16.5587
236 57.497 9.9066
237 61.8676 8.1513
238 71.2734 6.3184
239 83.6965 6.5916
240 75.4497 9.1611
241 65.3661 6.6964
242 85.4725 5.5551
243 77.0861 10.3803
244 65.1268 8.4697
245 78.3595 7.4094
246 79.7213 6.7642
247 70.2945 7.0911
248 82.4481 6.6959
249 67.0551 6.0626
250 0 0
251 0 0
