0 75.555 7.3149
1 78.9966 5.9744
2 73.5717 6.2535
3 71.5214 7.1337
4 58.6926 6.6725
5 69.9544 9.5374
6 74.0584 9.0088
7 72.1164 8.4095
8 77.362 9.4384
9 65.0607 8.77
10 80.2823 7.2231
11 76.1774 6.8559
12 73.0215 7.7558
13 77.6754 9.916
14 67.9168 6.709
15 72.4991 7.4516
16 69.9277 7.2565
17 76.0367 8.0534
18 74.8672 6.5663
19 74.5511 6.4888
20 74.2188 7.4071
21 77.1378 6.0306
22 74.5978 7.4933
23 62.9851 5.6941
24 78.0194 5.5234
25 78.539 7.4165
26 83.19 8.9323
27 88.6319 9.4012
28 77.0899 7.657
29 60.9497 10.3351
30 64.64 7.5223
31 76.5351 6.9004
32 69.8856 4.5585
33 64.9249 7.5856
34 78.2207 6.9242
35 70.22 11.2903
36 69.1304 6.5857
37 71.5483 6.1539
38 69.9234 6.773
39 71.3803 6.5322
40 68.5453 6.0939
41 68.8798 5.6687
42 68.3256 6.0378
43 85.1808 5.2591
44 73.4355 6.4705
45 76.3058 7.8585
46 71.9745 6.7709
47 60.8692 5.8759
48 80.855 7.3749
49 67.3076 7.2507
50 69.9139 4.9134
51 79.2437 7.8178
52 74.8325 8.1311
53 75.9637 6.0282
54 69.297 12.7613
55 61.8783 13.9238
56 85.7143 4.9274
57 63.4666 11.7505
58 72.651 7.4519
59 69.9292 9.9369
60 75.804 7.9885
61 76.7018 5.1741
62 63.0751 6.9313
63 76.1833 6.367
64 66.4193 6.9134
65 68.3113 11.1252
66 77.849 11.3818
67 79.5185 15.4571
68 92.2426 11.7275
69 74.3164 11.6026
70 77.4335 7.7157
71 73.6449 9.5881
72 73.4891 11.2447
73 72.1216 9.4401
74 61.0846 10.0173
75 56.5806 12.4335
76 50.7818 11.3722
77 66.2891 6.9351
78 72.9613 7.4943
79 58.5284 7.3993
80 64.598 8.8082
81 58.0145 9.391
82 0 0
83 0 0
84 81.2987 7.0121
85 79.9295 7.3421
86 87.7374 7.0567
87 86.605 7.7903
88 74.3554 6.2125
89 99.1789 7.7608
90 75.8533 8.26
91 87.8925 6.75
92 86.2413 6.2949
93 84.2316 8.7348
94 93.9728 7.3106
95 82.6219 6.8924
96 94.9885 6.9707
97 82.4878 8.3242
98 91.6278 0.9875
99 77.068 6.7241
100 70.4527 8.5028
101 62.7313 9.0402
102 87.0122 8.0598
103 0 0
104 0 0
105 57.2893 4.5265
106 65.6865 6.6457
107 70.0731 5.1265
108 58.2669 6.1402
109 77.7511 4.0621
110 71.4643 6.5352
111 78.459 5.4824
112 72.6705 5.2878
113 73.6395 4.8195
114 89.466 8.1132
115 69.5447 4.6523
116 77.5031 4.8869
117 84.3285 8.2144
118 75.0997 9.8107
119 68.2931 7.118
120 90.8028 6.435
121 97.7375 2.1311
122 90.6253 8.6723
123 81.0683 8.9256
124 0 0
125 0 0
126 86.609 4.9258
127 82.2835 6.0418
128 82.8816 6.1792
129 67.5658 5.8673
130 75.7408 5.1856
131 73.944 8.2165
132 75.2839 8.084
133 73.7235 11.828
134 66.4182 13.7871
135 66.41 9.3857
136 71.736 6.2664
137 73.9972 9.5485
138 66.6499 13.8736
139 73.2147 7.9611
140 74.3992 9.6632
141 74.0032 6.708
142 71.6579 7.1669
143 65.7257 9.5557
144 68.6746 6.6575
145 64.8074 7.9903
146 69.0232 7.1145
147 72.2623 7.6705
148 68.9517 6.3582
149 74.3209 6.1853
150 71.7003 5.3916
151 79.3452 5.9623
152 66.8058 5.7079
153 77.1857 7.2489
154 71.0279 7.4313
155 61.8123 6.8473
156 82.9139 5.58
157 82.4305 6.7323
158 72.3353 7.2688
159 78.6796 7.3667
160 88.4685 7.487
161 86.0692 8.0446
162 88.0357 7.16
163 57.6616 8.373
164 71.4391 9.0791
165 59.4293 10.8725
166 58.2983 6.4632
167 69.6959 11.7227
168 69.7155 5.0174
169 57.5527 5.2577
170 73.2141 4.4144
171 58.4709 8.1581
172 74.5148 4.0773
173 92.0383 8.4486
174 81.1765 5.434
175 79.6211 4.6106
176 78.7799 5.0294
177 86.1288 4.9784
178 76.3259 4.777
179 86.1704 4.2014
180 63.4548 11.2466
181 69.8816 6.8727
182 60.1531 8.7311
183 78.0272 1.0875
184 65.4801 6.2603
185 62.2669 12.6416
186 54.5283 8.1823
187 77.7714 13.9044
188 58.3236 9.5781
189 79.6077 6.7638
190 61.1522 8.3628
191 75.182 6.7306
192 77.6773 8.7979
193 72.0894 10.6265
194 73.5676 10.0856
195 76.1718 6.9806
196 69.3792 7.7817
197 89.4384 9.0923
198 71.4774 9.3188
199 79.4938 8.2944
200 63.5662 8.5057
201 61.0619 13.0382
202 72.2007 6.4235
203 79.9402 9.0548
204 63.8952 11.7076
205 62.634 6.8791
206 77.3186 8.734
207 75.0768 8.8769
208 0 0
209 0 0
210 64.5799 6.8645
211 63.5289 7.6542
212 78.529 6.3167
213 70.6478 6.1451
214 65.3224 5.7675
215 81.9216 6.7139
216 71.8098 7.0778
217 72.02 7.6338
218 69.5439 5.4512
219 74.6153 6.4284
220 63.3006 6.6591
221 70.9005 6.5913
222 69.0231 7.3574
223 62.3678 11.7825
224 73.8107 7.2663
225 66.6868 7.7272
226 81.186 7.6367
227 81.2824 8.2597
228 73.946 6.6278
229 0 0
230 0 0
231 54.4741 10.3628
232 55.4598 8.0545
233 65.694 6.9794
234 61.705 11.2833
235 52.0775 15.1259
236 58.4036 9.3705
237 61.6811 8.2702
238 70.976 6.409
239 83.7302 6.5867
240 75.5012 8.856
241 65.4537 6.7624
242 85.401 5.6878
243 76.9824 10.1974
244 64.9169 8.3793
245 78.2801 7.3111
246 79.5513 6.9342
247 70.2392 7.0965
248 82.1767 6.7656
249 66.9207 6.0647
250 0 0
251 0 0
