0 74.4429 7.6436
1 78.1452 6.0595
2 72.8758 6.365
3 70.6659 7.594
4 57.6037 6.8293
5 68.7418 10.1522
6 73.0831 9.4018
7 71.0771 8.6984
8 76.4435 9.5872
9 63.6527 9.328
10 79.0864 7.1987
11 75.3572 6.8513
12 71.8668 7.9475
13 76.5829 10.1452
14 66.8375 6.6946
15 71.6525 7.3743
16 69.2627 7.4881
17 75.4797 8.102
18 74.3001 6.5253
19 73.8691 6.0805
20 73.4996 7.316
21 76.3671 5.9341
22 73.8652 7.6938
23 62.3942 5.7032
24 77.5939 5.4623
25 77.8218 7.6575
26 82.3777 8.9587
27 87.7105 9.2716
28 76.3088 7.783
29 60.2999 10.7177
30 63.7074 8.0381
31 75.7018 6.9851
32 69.0381 4.5256
33 64.1517 7.6212
34 77.6298 6.8032
35 69.2524 11.6255
36 68.6475 6.7883
37 71.0636 6.2626
38 69.0747 6.8273
39 70.732 6.4861
40 67.9718 6.2622
41 68.2079 5.9037
42 67.4131 6.2848
43 84.3879 5.4614
44 72.4889 6.591
45 75.568 8.0645
46 71.4583 7.1624
47 60.1834 6.1656
48 80.1168 7.6402
49 68.3576 6.8638
50 69.1104 5.1161
51 78.2253 8.0506
52 74.0146 8.3592
53 75.2663 6.0868
54 68.1062 12.9338
55 61.2077 13.7139
56 84.6051 4.9416
57 62.5775 11.9352
58 72.201 7.3657
59 68.8974 9.7115
60 74.9913 7.8077
61 76.0646 5.0232
62 61.4697 7.467
63 75.4157 6.4844
64 66.0048 7.1557
65 68.3248 10.909
66 77.0308 11.9671
67 78.6171 15.8082
68 91.4238 12.0506
69 73.873 11.7509
70 76.3103 8.0434
71 72.7098 10.023
72 72.3166 11.739
73 71.4872 9.8076
74 59.8205 10.1773
75 55.6807 12.8392
76 47.1191 12.6616
77 65.5499 7.1482
78 72.1872 7.6736
79 57.8531 7.6253
80 63.9378 9.1325
81 56.5458 10.3264
82 0 0
83 0 0
84 80.5151 7.0138
85 79.1223 7.4804
86 86.9743 7.2693
87 85.5029 7.6734
88 73.3294 6.1966
89 98.4178 7.9395
90 75.3727 8.5927
91 86.857 7.1182
92 85.6085 6.323
93 83.5131 8.717
94 93.063 7.2105
95 81.8554 6.8326
96 94.6408 6.9939
97 81.5644 8.1019
98 91.1635 0.961
99 76.5843 6.5615
100 69.1595 8.849
101 61.6903 9.4659
102 86.3215 8.1388
103 0 0
104 0 0
105 59.7013 4.5962
106 67.9281 6.7078
107 72.8584 5.3393
108 61.3031 6.1859
109 80.6212 4.1893
110 74.3572 6.9108
111 81.0224 5.7406
112 75.5973 5.5637
113 76.7307 5.0051
114 92.9308 8.0739
115 73.6803 4.8614
116 82.1661 4.9032
117 88.9042 8.5357
118 80.2885 10.0875
119 73.1897 7.3265
120 97.8083 6.15
121 82.7217 0.502
122 97.8516 8.5152
123 88.1757 8.9824
124 0 0
125 0 0
126 86.8354 4.9911
127 82.4183 6.1022
128 83.1625 6.1595
129 67.7114 5.919
130 75.9694 5.3601
131 73.9826 8.1834
132 75.3677 8.2382
133 74.376 11.4531
134 65.8968 14.3596
135 66.4747 9.6104
136 71.8619 6.3643
137 73.4822 9.8003
138 66.0527 14.7531
139 73.3677 8.4004
140 74.2351 10.075
141 73.9136 6.7659
142 71.3032 7.7948
143 65.6181 10.177
144 67.9207 7.1652
145 64.3442 8.3496
146 69.0607 7.6722
147 72.097 7.7932
148 68.7109 6.526
149 74.0555 6.1074
150 71.6301 5.3407
151 79.1149 6.0484
152 66.8037 5.8955
153 77.3131 7.3087
154 70.8187 7.7263
155 62.0026 7.0454
156 82.9256 5.5656
157 82.3237 6.9323
158 72.1721 7.3625
159 79.1036 7.4385
160 88.7949 7.5234
161 86.5117 8.1509
162 87.8871 7.0516
163 57.9459 8.6883
164 71.5493 9.8662
165 58.5784 11.8245
166 57.9712 6.9485
167 69.8387 12.3273
168 69.4641 4.9741
169 57.3513 5.4396
170 73.1346 4.4673
171 58.0496 8.5752
172 74.5885 4.1881
173 92.3105 8.467
174 81.1318 5.6533
175 79.7222 4.6957
176 78.6688 5.1281
177 86.0472 5.0575
178 76.4179 4.7479
179 86.0555 4.3589
180 63.2505 11.843
181 70.3298 7.3784
182 59.4035 9.7699
183 78.5018 1.1447
184 65.7214 6.6265
185 61.591 13.8722
186 54.3029 8.5709
187 78.0896 15.1244
188 57.9362 9.7456
189 79.7681 7.1102
190 61.2055 8.788
191 75.1436 7.13
192 77.7288 9.2788
193 72.0511 11.0569
194 73.1587 10.4639
195 76.0132 7.036
196 69.3248 7.9447
197 89.2818 9.3211
198 71.378 9.522
199 79.2443 8.2873
200 63.762 8.8631
201 61.4931 12.8404
202 72.4195 6.471
203 80.3802 9.3348
204 63.6542 11.9199
205 62.8396 7.0702
206 77.5983 8.6121
207 75.2442 9.0869
208 0 0
209 0 0
210 64.6218 6.9125
211 63.4546 7.8852
212 78.385 6.3733
213 70.4447 6.1668
214 65.1928 5.8495
215 81.631 6.4946
216 71.6172 7.2565
217 71.8606 7.9881
218 69.2334 5.4984
219 74.6382 6.5362
220 63.0781 6.8049
221 70.8104 6.6854
222 68.4459 7.4927
223 61.9093 12.5672
224 73.5285 7.5391
225 66.2432 8.2073
226 81.0661 7.9968
227 80.9525 8.3922
228 73.6496 6.5875
229 0 0
230 0 0
231 54.217 10.9535
232 56.0531 8.0767
233 65.5598 7.1838
234 61.4884 11.6891
235 49.7088 16.1948
236 57.7214 10.1125
237 61.8027 8.2626
238 71.2183 6.4806
239 83.9535 6.7764
240 75.5251 9.503
241 65.8242 6.9206
242 85.2871 5.8125
243 77.1659 10.6879
244 64.892 8.7724
245 78.5383 7.6114
246 79.2985 6.9464
247 69.8201 7.3932
248 81.8595 6.8937
249 66.5847 6.268
250 0 0
251 0 0
