0 75.2867 7.5286
1 79.252 6.0188
2 73.6808 6.4103
3 71.858 7.5502
4 58.1318 6.7387
5 69.7243 10.0484
6 73.7529 9.3142
7 72.1435 8.652
8 77.5336 9.6112
9 64.8615 9.1518
10 80.1166 7.2037
11 76.1866 6.8199
12 73.0191 8.0092
13 77.4606 9.9661
14 67.7538 6.5941
15 72.3175 7.3667
16 69.9311 7.5281
17 75.9516 8.3709
18 74.8285 6.5718
19 74.2762 6.2673
20 74.1753 7.4593
21 76.9197 5.8865
22 74.4271 7.665
23 63.0193 5.7699
24 78.2052 5.4181
25 78.3945 7.6691
26 83.1447 8.9473
27 88.3647 9.3313
28 77.0571 7.6945
29 60.9785 11.1059
30 64.3737 8.3171
31 76.6968 7.1086
32 69.8258 4.7492
33 64.7908 7.8909
34 78.3729 6.9974
35 69.9343 11.9087
36 69.0838 6.9944
37 71.6818 6.1217
38 69.8505 6.6973
39 71.6671 6.4096
40 68.7673 6.0453
41 68.7749 5.8084
42 68.132 6.151
43 84.8958 5.4225
44 73.0366 6.533
45 75.9955 8.0419
46 72.0271 7.1924
47 60.7552 6.2442
48 80.651 7.6919
49 67.1845 7.4561
50 69.9177 5.0836
51 79.0375 7.9439
52 74.8837 8.2736
53 75.8376 6.1576
54 68.9879 12.9509
55 62.2164 13.6077
56 85.5843 4.8391
57 63.5003 11.8056
58 75.1627 0.5717
59 69.7245 9.5554
60 75.547 7.6948
61 76.7591 5.0504
62 62.7413 7.2588
63 75.9932 6.6091
64 66.4155 7.3374
65 68.8144 11.102
66 77.756 11.7369
67 79.1511 15.7516
68 92.0962 11.9432
69 74.5018 11.5694
70 77.4255 7.9501
71 73.6582 9.9228
72 73.4398 11.6061
73 72.2011 9.7685
74 61.0467 10.209
75 56.6855 13.1419
76 48.6739 12.7362
77 66.5066 7.3073
78 73.1507 7.8447
79 58.9483 7.6581
80 64.7489 9.2805
81 57.377 10.2927
82 0 0
83 0 0
84 80.9832 6.9533
85 79.8263 7.4439
86 87.7035 7.1719
87 86.4574 7.71
88 73.9085 6.2182
89 99.0297 7.9401
90 75.7337 8.5882
91 87.6983 7.0788
92 86.1911 6.4653
93 83.9456 8.9142
94 93.6542 7.3322
95 82.3758 6.8606
96 95.1114 6.9277
97 82.1006 8.2285
98 91.6895 0.9889
99 76.9724 6.5992
100 69.8545 8.6499
101 62.4658 9.2962
102 86.7696 7.9609
103 0 0
104 0 0
105 57.1134 4.5771
106 65.5177 6.6219
107 70.1463 5.2573
108 58.5993 6.2739
109 77.8589 4.1323
110 71.7252 6.8185
111 78.2743 5.6604
112 72.6583 5.5375
113 73.619 4.9686
114 89.6962 8.131
115 69.5222 4.8791
116 77.5261 4.8877
117 84.2951 8.4627
118 75.2784 10.1441
119 68.1481 7.6299
120 90.3306 6.7998
121 98.4567 2.4034
122 90.4383 8.9488
123 80.7749 9.3618
124 0 0
125 0 0
126 86.7051 5.0308
127 82.3485 6.1681
128 83.1058 6.153
129 67.6745 5.9792
130 75.9389 5.297
131 74.0045 8.1509
132 75.5813 8.0943
133 74.1888 11.8102
134 66.0852 14.1607
135 66.5616 9.4303
136 71.8584 6.3617
137 73.4889 9.6061
138 66.2364 14.486
139 73.2001 8.2533
140 74.3013 9.8812
141 73.949 6.7744
142 71.5988 7.2863
143 65.6631 9.5666
144 68.1184 6.7569
145 64.7001 7.9109
146 69.0929 7.3224
147 72.3353 7.7339
148 68.7589 6.4711
149 74.0975 6.0456
150 71.583 5.3683
151 79.0677 6.0391
152 66.9062 5.8417
153 77.3443 7.2741
154 70.8102 7.6672
155 62.0571 7.0013
156 82.9603 5.5458
157 82.3307 6.8531
158 72.174 7.3338
159 79.0982 7.4044
160 88.752 7.5087
161 86.3562 8.067
162 87.8194 6.8744
163 57.8068 8.7023
164 71.5651 9.8537
165 58.7288 11.684
166 58.0159 6.8734
167 69.8529 12.2726
168 69.2685 5.0933
169 56.9768 5.5239
170 73.0182 4.5245
171 57.9065 8.634
172 74.4585 4.1416
173 92.1401 8.3389
174 81.1008 5.6104
175 79.6328 4.6265
176 78.5317 5.0658
177 85.9575 5.0006
178 76.2769 4.708
179 85.904 4.3402
180 63.3969 11.3644
181 70.3533 7.0846
182 59.8201 9.4476
183 78.1431 1.466
184 65.7221 6.3048
185 62.2137 13.0479
186 54.4529 8.1715
187 78.3311 14.1723
188 57.8961 9.8581
189 79.8008 6.6218
190 61.3538 8.3864
191 74.9621 6.791
192 77.4405 9.391
193 71.9612 11.0795
194 72.9363 10.6184
195 75.905 7.11
196 69.2395 7.9636
197 89.161 9.4378
198 71.1699 9.5013
199 79.0707 8.274
200 63.9068 8.7798
201 61.1914 13.158
202 72.5611 6.3368
203 80.4665 9.1479
204 63.914 11.7568
205 62.8867 7.0588
206 77.6012 8.6601
207 75.1817 9.1219
208 0 0
209 0 0
210 64.442 7.2675
211 63.5035 8.2524
212 78.5189 6.6554
213 70.5463 6.4266
214 64.8547 6.186
215 81.5025 6.7919
216 71.65 7.7008
217 71.8723 8.3928
218 69.1876 5.4742
219 74.7645 6.5591
220 62.9985 6.7074
221 70.7984 6.6612
222 68.4408 7.542
223 62.0542 12.3318
224 73.6966 7.237
225 66.3114 7.9976
226 80.9506 7.9555
227 81.0094 8.3756
228 73.5073 6.7449
229 0 0
230 0 0
231 54.2822 10.8651
232 56.3973 7.8369
233 65.5529 7.0372
234 61.8231 11.4893
235 49.7215 16.2002
236 57.8882 10.0389
237 61.6703 8.3011
238 71.2089 6.4686
239 83.6376 6.7849
240 75.3363 9.33
241 65.3604 6.8504
242 85.4415 5.7207
243 76.9828 10.5685
244 64.9794 8.6751
245 78.2034 7.5708
246 79.2522 6.909
247 69.6729 7.2531
248 81.7061 6.7555
249 66.3055 6.2297
250 0 0
251 0 0
