0 75.2295 7.458
1 79.2498 6.141
2 73.737 6.3227
3 71.9167 7.5004
4 58.248 6.7283
5 69.7414 9.9292
6 73.7294 9.169
7 72.2652 8.5754
8 77.6313 9.393
9 65.0227 8.9968
10 80.0834 7.1013
11 76.1909 6.6483
12 73.0523 7.9145
13 77.5459 9.8509
14 67.7912 6.4542
15 72.3077 7.2278
16 70.1839 7.2586
17 76.0359 7.9244
18 74.8866 6.3436
19 74.4518 6.0377
20 74.3616 7.151
21 77.0468 5.9486
22 74.222 7.7754
23 62.8742 5.8058
24 77.9869 5.5679
25 78.3979 7.6603
26 82.9725 9.0088
27 88.4756 9.5357
28 76.8842 7.8337
29 60.8425 11.0615
30 64.3404 8.185
31 76.6439 7.1274
32 69.7971 4.6841
33 64.9425 7.8673
34 78.3644 7.0284
35 69.918 11.8898
36 69.1601 6.9096
37 71.9311 6.4465
38 69.7471 6.9471
39 71.6003 6.6483
40 68.6419 6.4489
41 68.7812 5.9509
42 68.0377 6.1867
43 84.8992 5.4473
44 73.0912 6.5599
45 76.1954 7.9816
46 72.0341 7.1161
47 60.8362 6.0602
48 80.6994 7.6209
49 67.2365 7.3494
50 69.7796 5.1329
51 79.0812 7.9875
52 74.9316 8.1933
53 75.8639 6.1185
54 69.0115 12.8181
55 62.3651 13.2574
56 85.6177 4.8826
57 63.4317 11.7882
58 75.1821 0.5425
59 69.6843 9.4995
60 75.5727 7.6935
61 76.695 4.9712
62 62.7433 7.3338
63 76.0205 6.4404
64 66.7162 7.1
65 68.9527 10.821
66 77.857 12.0305
67 78.9585 16.1386
68 92.0786 12.2095
69 74.3317 11.8682
70 77.3265 8.0746
71 73.4903 10.0881
72 73.2051 11.7798
73 72.3439 9.8985
74 60.7686 9.9738
75 56.5688 12.7407
76 48.8527 12.21
77 66.3548 6.8898
78 73.0932 7.4832
79 58.8552 7.3555
80 64.7188 8.8912
81 57.4463 9.9501
82 0 0
83 0 0
84 81.1699 6.9172
85 79.8869 7.3172
86 87.8354 7.1184
87 86.396 7.5037
88 73.8662 6.0826
89 99.1095 7.752
90 75.7888 8.3388
91 87.6538 6.9217
92 86.1473 6.4767
93 83.9069 8.8677
94 93.7369 7.3625
95 82.3454 6.921
96 95.2315 7.0893
97 82.0277 8.2253
98 91.687 0.9779
99 76.884 6.6061
100 69.8161 8.6833
101 62.5262 9.3418
102 86.9319 7.9972
103 0 0
104 0 0
105 57.0689 4.6421
106 65.3644 6.6432
107 70.0914 5.2445
108 58.3927 6.1848
109 77.8035 4.1641
110 71.5009 6.8588
111 78.2252 5.6968
112 72.6923 5.4372
113 73.6819 4.9149
114 89.6263 8.0474
115 69.5714 4.8473
116 77.3849 4.9487
117 84.287 8.3549
118 75.1344 10.128
119 68.2482 7.5853
120 90.5508 6.6441
121 98.2353 2.2019
122 90.4342 8.8135
123 80.77 9.136
124 0 0
125 0 0
126 86.6291 4.9683
127 82.4004 6.1016
128 82.9538 6.1352
129 67.6121 5.9452
130 75.9045 5.2792
131 73.994 8.1236
132 75.4834 8.0112
133 74.0494 11.7072
134 66.11 14.1782
135 66.5474 9.4149
136 71.8765 6.2696
137 73.4301 9.445
138 65.9353 14.5116
139 73.2551 8.1405
140 74.3695 9.8622
141 74.0429 6.6839
142 71.5548 7.2961
143 65.7259 9.669
144 68.0297 6.7053
145 64.5651 7.9554
146 69.2029 7.3253
147 72.2129 7.8896
148 68.6755 6.6342
149 74.1137 6.1753
150 71.516 5.4096
151 78.8567 6.067
152 66.7305 5.9332
153 77.0319 7.3895
154 70.6968 7.7465
155 61.7987 7.1178
156 82.8196 5.5506
157 82.2463 6.8364
158 71.9992 7.5106
159 79.0531 7.5143
160 88.4342 7.5353
161 86.2375 8.2864
162 87.6532 7.2429
163 58.3465 8.2999
164 71.7228 9.487
165 58.9567 11.4246
166 58.1911 6.69
167 69.9175 11.9809
168 69.5619 4.9578
169 57.2879 5.3811
170 72.9882 4.449
171 58.1421 8.3554
172 74.4236 4.0811
173 92.2325 8.2792
174 81.0384 5.5282
175 79.6749 4.6341
176 78.4103 5.0986
177 86.016 4.9825
178 76.2669 4.7185
179 85.9997 4.3253
180 63.5326 11.3325
181 70.2718 7.0691
182 59.8712 9.4155
183 78.0553 1.4497
184 65.8442 6.2918
185 62.351 12.8783
186 54.8375 8.0708
187 78.1606 14.0983
188 57.7318 9.9743
189 79.7666 6.7486
190 61.3048 8.4589
191 75.031 6.8117
192 77.5593 9.1965
193 71.9728 10.9132
194 73.1994 10.3514
195 75.9793 6.9151
196 69.2071 7.7514
197 89.1723 9.144
198 71.4184 9.363
199 79.2262 8.1006
200 64.0809 8.6431
201 61.2049 12.9105
202 72.656 6.0086
203 80.3183 8.9899
204 64.2467 11.4678
205 63.1035 6.8894
206 77.8382 8.4236
207 75.3195 8.9061
208 0 0
209 0 0
210 64.4096 7.0716
211 63.9169 7.9523
212 78.6065 6.4444
213 70.8709 6.3311
214 64.5177 5.9335
215 81.4977 6.6092
216 71.439 7.4462
217 72.0334 8.1086
218 69.1751 5.2942
219 74.8674 6.4621
220 63.0461 6.6282
221 70.8668 6.5686
222 68.3775 7.3593
223 61.7666 12.4173
224 73.5454 7.2825
225 66.3619 7.7784
226 80.8505 7.8044
227 81.146 8.2517
228 73.6137 6.5716
229 0 0
230 0 0
231 54.3572 10.8481
232 56.2422 7.9993
233 65.4981 7.1538
234 61.6335 11.6527
235 48.1844 17.158
236 57.5913 10.2074
237 61.752 8.4819
238 71.2035 6.4173
239 83.7911 6.6537
240 75.4849 9.3464
241 65.3918 6.812
242 85.5442 5.6567
243 77.0829 10.4172
244 64.9998 8.5895
245 78.2532 7.5015
246 79.7286 6.8419
247 70.3059 7.189
248 82.151 6.8336
249 66.8899 6.1839
250 0 0
251 0 0
