0 75.5623 7.3371
1 78.9284 5.9739
2 73.7652 6.3071
3 71.6525 7.3418
4 58.7146 6.5647
5 69.8627 9.745
6 74.0298 9.0422
7 72.1033 8.5081
8 77.4358 9.4803
9 64.794 9.1138
10 80.1657 7.1819
11 76.1779 6.6224
12 72.9781 7.9366
13 77.4901 9.7747
14 67.8253 6.5177
15 72.314 7.2163
16 70.3016 7.2648
17 76.1943 7.8974
18 75.0027 6.3195
19 74.666 5.9486
20 74.5095 7.0884
21 77.0804 5.9674
22 74.3177 7.7178
23 62.9271 5.7052
24 78.0954 5.5459
25 78.6683 7.6751
26 82.9578 8.9958
27 88.64 9.3056
28 76.87 7.9493
29 61.0273 11.0433
30 64.4702 8.1605
31 76.7475 7.0444
32 69.7744 4.6849
33 64.8596 7.7407
34 78.3684 7.0646
35 70.0104 11.6864
36 68.9943 6.8514
37 71.6586 6.1247
38 70.7199 6.841
39 71.5295 6.3318
40 68.5718 6.0883
41 68.6655 5.7789
42 68.2321 6.1222
43 84.9474 5.3782
44 73.1018 6.501
45 76.0751 7.9082
46 72.1223 6.9702
47 60.8291 6.0644
48 80.6796 7.5243
49 67.2216 7.1733
50 69.9197 5.0325
51 79.1014 7.8941
52 74.7892 8.1421
53 75.8951 5.9843
54 68.9934 12.4965
55 62.3264 13.3393
56 85.5806 4.7996
57 63.4865 11.525
58 73.3517 7.2168
59 69.6684 9.4681
60 75.8335 7.4118
61 76.6961 4.9357
62 62.7285 7.2567
63 76.2571 6.3024
64 67.0645 6.9426
65 69.3517 10.5443
66 77.9787 11.4668
67 79.0023 15.6861
68 92.2182 11.6697
69 74.4504 11.3642
70 77.7464 7.7517
71 73.8729 9.5841
72 73.6524 11.3727
73 72.4518 9.5422
74 60.8437 10.0244
75 56.3948 12.8584
76 49.7184 12.0005
77 66.4006 7.0443
78 72.8879 7.5254
79 58.834 7.3661
80 64.6479 8.9259
81 57.667 9.7044
82 0 0
83 0 0
84 81.0006 6.9538
85 79.6934 7.2481
86 87.6285 7.1474
87 86.3962 7.5866
88 73.77 6.1013
89 99.0055 7.7535
90 75.8098 8.4796
91 87.6904 7.015
92 86.39 6.2991
93 84.1492 8.7461
94 93.7264 7.0951
95 82.5011 6.7675
96 95.3577 6.7609
97 82.1497 7.9832
98 91.8176 0.9789
99 77.1747 6.4553
100 70.1147 8.5842
101 62.4876 9.1807
102 86.8692 8.1143
103 0 0
104 0 0
105 56.7958 4.6855
106 65.2153 6.7372
107 70.1009 5.2803
108 58.4195 6.2853
109 77.7875 4.1277
110 71.5531 6.8382
111 78.2041 5.6927
112 72.6191 5.368
113 73.4624 4.8242
114 89.6181 7.9191
115 69.4583 4.75
116 77.5336 4.7878
117 84.3167 8.2392
118 75.3328 9.93
119 68.0574 7.3884
120 90.5218 6.5994
121 98.0209 1.9164
122 90.6144 8.8234
123 81.1183 9.0054
124 0 0
125 0 0
126 86.781 4.8935
127 82.4136 5.963
128 83.0854 5.9713
129 67.5895 5.8364
130 75.9852 5.1508
131 74.0484 7.9825
132 75.2619 8.0671
133 74.3453 11.4517
134 66.2783 14.0707
135 66.4089 9.4538
136 71.7506 6.3731
137 73.4501 9.5981
138 65.9244 14.6829
139 73.2656 8.1664
140 74.2346 9.7389
141 73.9486 6.6499
142 71.5128 7.2979
143 65.7669 9.51
144 68.1112 6.7091
145 64.8 7.837
146 69.1297 7.3104
147 72.2283 7.667
148 68.6882 6.4688
149 74.1825 5.981
150 71.5699 5.258
151 79.0516 5.956
152 66.8145 5.7491
153 77.2848 7.0956
154 70.7418 7.5612
155 62.0047 6.941
156 82.9067 5.5445
157 82.3695 6.7925
158 72.2478 7.2274
159 79.1011 7.3968
160 88.7688 7.4178
161 86.3931 8.1986
162 87.8345 6.8824
163 57.9464 8.5813
164 71.5062 9.7426
165 58.5926 11.6068
166 57.8681 6.8895
167 69.6578 11.9984
168 69.733 4.9351
169 57.3946 5.3353
170 73.273 4.3499
171 58.2409 8.3948
172 3 0
173 92.4571 8.2805
174 3 0
175 80.0178 4.5671
176 3 0
177 89.6672 0.2378
178 3 0
179 84.3645 32.9912
180 62.9882 11.7287
181 69.8508 7.2166
182 59.5815 9.4573
183 78.105 1.1003
184 65.7047 6.4715
185 61.8667 13.3747
186 54.3334 8.3883
187 77.7739 14.4873
188 58.0289 9.5229
189 79.7034 6.7118
190 61.1865 8.4008
191 75.0109 6.722
192 77.5593 9.1542
193 71.9155 10.8401
194 73.1293 10.2165
195 75.8891 6.8414
196 69.213 7.8306
197 89.3233 9.0627
198 71.3844 9.1602
199 79.252 8.0089
200 63.8613 8.6124
201 61.1419 13.1003
202 72.4799 6.4044
203 80.2698 9.0213
204 63.942 11.5375
205 62.9711 6.9149
206 77.6889 8.4249
207 75.224 8.8716
208 0 0
209 0 0
210 64.8437 6.9575
211 63.7716 7.8447
212 78.5872 6.3317
213 70.7117 6.1737
214 65.1834 5.8328
215 81.6921 6.4052
216 71.7724 7.2253
217 71.9087 7.9141
218 69.2043 5.5034
219 74.7271 6.5804
220 63.0233 6.7893
221 70.8384 6.7534
222 68.3655 7.5691
223 62.156 12.1895
224 73.5169 7.3874
225 66.4315 8.0197
226 80.9284 7.5868
227 80.9401 8.2486
228 73.6913 6.3408
229 0 0
230 0 0
231 54.5429 10.5228
232 56.2974 7.7064
233 65.4679 6.8537
234 61.7431 11.3316
235 50.0927 15.9698
236 58.1717 9.7804
237 61.7057 8.217
238 71.2642 6.3581
239 83.8439 6.5528
240 75.4669 9.175
241 65.4117 6.7561
242 85.4663 5.5811
243 77.0605 10.4149
244 65.0633 8.3923
245 78.2834 7.3856
246 79.7194 6.7967
247 70.1361 7.1527
248 82.2754 6.7166
249 66.9092 6.1639
250 0 0
251 0 0
