0 74.4465 7.1012
1 78.5185 5.7723
2 72.8945 6.0872
3 71.0816 7.1988
4 57.1092 6.514
5 68.7821 9.5621
6 72.8041 8.7804
7 71.3518 8.3006
8 76.4176 9.0282
9 63.7639 8.6735
10 79.0227 6.7988
11 75.3945 6.3723
12 71.8672 7.6001
13 76.5234 9.4003
14 66.7378 6.1948
15 71.5469 6.8018
16 69.3414 6.8377
17 75.3685 7.5441
18 74.243 6.0412
19 73.8423 5.7353
20 73.5662 6.7629
21 76.2468 5.7761
22 73.6845 7.5434
23 62.2456 5.5792
24 77.5444 5.3874
25 77.6427 7.4142
26 82.2877 8.5924
27 87.794 9.1615
28 76.2038 7.6173
29 60.1107 10.3385
30 63.728 7.6995
31 75.6794 6.5517
32 68.9418 4.3638
33 64.2279 7.2216
34 77.6585 6.4343
35 69.4399 10.7736
36 68.5286 6.4517
37 71.0185 5.7571
38 69.2001 6.2527
39 70.89 6.1317
40 67.9985 5.7726
41 68.1373 5.4135
42 67.4525 5.9578
43 84.3807 5.2332
44 72.4244 6.2031
45 75.6005 7.6333
46 71.6142 6.6226
47 60.0855 5.8037
48 80.0076 7.1613
49 66.4907 6.9792
50 69.0419 4.7407
51 78.1986 7.5332
52 74.0454 7.7383
53 75.2412 5.6324
54 68.2268 12.1065
55 61.5734 12.7744
56 84.7835 4.6214
57 62.7029 11.0868
58 72.2238 6.7361
59 69.0358 9.0728
60 75.0011 7.0898
61 76.0503 4.7055
62 61.4556 6.9423
63 75.4485 6.1268
64 66.216 6.734
65 68.3966 10.082
66 77.0391 11.2945
67 78.1339 15.4576
68 91.2216 11.2758
69 73.4497 11.1767
70 76.3777 7.5614
71 72.7126 9.2467
72 72.2972 11.1178
73 71.3633 9.2518
74 60.1379 9.3983
75 55.6152 12.2424
76 48.1746 11.7935
77 65.6826 6.6151
78 72.2893 7.0409
79 58.1046 7.0166
80 64.1128 8.26
81 57.2335 9.1015
82 0 0
83 0 0
84 80.3321 6.7037
85 79.2119 7.081
86 87.0267 6.9042
87 85.792 7.2573
88 73.2666 5.8123
89 98.4307 7.4695
90 75.3008 8.1838
91 86.9435 6.6743
92 85.5491 6.0356
93 83.5359 8.2902
94 93.0628 6.8201
95 81.8687 6.4849
96 94.5556 6.5144
97 81.5797 7.6199
98 91.1319 0.9366
99 76.6088 6.122
100 69.1395 8.2783
101 61.7752 8.8214
102 86.1233 7.6264
103 0 0
104 0 0
105 59.7577 4.2376
106 68.0273 6.1501
107 72.781 4.9335
108 61.4345 5.6688
109 80.4478 3.8495
110 74.1439 6.3757
111 80.9157 5.3519
112 75.6022 5.0761
113 76.5797 4.5327
114 92.8309 7.4271
115 73.6518 4.4571
116 81.9627 4.4714
117 88.886 7.7466
118 80.1729 9.0891
119 73.3412 6.6311
120 97.8572 5.5304
121 78.5545 6.0861
122 97.757 7.7361
123 88.2132 8.1386
124 0 0
125 0 0
126 86.8617 4.7673
127 82.5282 5.813
128 83.1071 5.8121
129 67.7765 5.6017
130 75.9941 4.955
131 74.0697 7.667
132 75.4874 7.6518
133 74.2594 11.2138
134 65.8845 13.8059
135 66.4578 9.1062
136 71.8912 6.0295
137 73.4269 9.2056
138 65.8848 14.1909
139 73.1627 7.8877
140 74.2205 9.4079
141 74.0227 6.4237
142 71.5775 7.0395
143 65.8333 9.2492
144 68.1564 6.4089
145 64.6393 7.707
146 69.1283 6.9779
147 72.0994 7.4246
148 68.7174 6.203
149 74.1809 5.8326
150 71.5272 5.0295
151 79.1567 5.7116
152 66.7904 5.4486
153 77.2967 6.9403
154 70.8115 7.2748
155 62.1511 6.6353
156 83.0562 5.3029
157 82.3745 6.4975
158 72.1221 6.8022
159 79.0776 7.0046
160 88.7216 6.9946
161 86.5213 7.652
162 87.843 6.5069
163 57.9649 8.3871
164 71.6565 9.2144
165 58.775 11.1827
166 57.9382 6.5118
167 70.0408 11.5259
168 69.467 4.7527
169 57.3308 5.1208
170 73.1523 4.1722
171 58.149 8.0216
172 74.5877 4.0187
173 92.2581 8.1532
174 81.1337 5.3803
175 79.6932 4.4554
176 78.6705 4.9584
177 85.9787 4.8182
178 76.285 4.5612
179 85.901 4.2118
180 63.7946 11.0316
181 70.1526 6.8101
182 59.7911 9.1948
183 78.1833 1.1655
184 66.0177 6.2036
185 62.1813 12.9057
186 54.7112 8.0311
187 78.4547 13.8214
188 58.3063 9.1047
189 79.812 6.4679
190 61.2458 8.2831
191 74.9762 6.6523
192 77.67 8.8004
193 72.1051 10.568
194 73.2435 9.8598
195 75.941 6.6655
196 69.2953 7.4613
197 89.1875 8.831
198 71.4157 8.9344
199 79.284 7.7609
200 63.8008 8.4396
201 61.4154 13.0914
202 72.4552 6.2211
203 80.3707 8.6136
204 64.0624 11.0452
205 62.9308 6.6137
206 77.5194 8.0881
207 75.3596 8.4551
208 0 0
209 0 0
210 64.4182 6.8654
211 63.5441 7.7106
212 78.4345 6.1937
213 70.5588 6.0105
214 64.9623 5.7607
215 81.5619 6.2498
216 71.6067 7.0752
217 71.8756 7.7288
218 69.2031 5.2692
219 74.6764 6.2713
220 63.0644 6.4922
221 70.887 6.3414
222 68.4605 7.1652
223 61.9314 12.148
224 73.5585 7.065
225 66.5421 7.6069
226 80.9524 7.2819
227 81.0715 7.6911
228 73.802 5.9449
229 0 0
230 0 0
231 54.6223 10.1732
232 56.4008 7.4682
233 65.6209 6.5942
234 61.7664 10.9478
235 49.4303 16.5187
236 58.0443 9.5406
237 61.902 7.8304
238 71.277 6.0831
239 83.9761 6.3647
240 75.6099 8.8511
241 65.6792 6.3971
242 85.4315 5.3608
243 77.0255 9.9558
244 65.0631 8.0909
245 78.3711 7.0148
246 79.4417 6.4398
247 70.2067 6.6055
248 81.9146 6.2046
249 66.7202 5.7015
250 0 0
251 0 0
