0 74.2368 7.7494
1 77.9797 6.2751
2 72.617 6.4677
3 70.6372 7.695
4 57.452 6.8186
5 68.5569 10.3715
6 72.8513 9.4061
7 71.048 8.9727
8 76.0778 10.2303
9 63.1284 9.6475
10 78.6923 7.6225
11 74.8502 6.9561
12 71.4692 8.5862
13 76.0071 10.641
14 66.477 7.0299
15 71.1452 7.8917
16 68.7824 7.8918
17 75.134 8.358
18 73.818 6.8741
19 73.6471 6.5485
20 73.1245 7.7762
21 76.0334 6.1017
22 73.6809 7.9597
23 62.1232 5.9037
24 77.4838 5.669
25 77.3798 7.8906
26 82.1946 9.1231
27 87.4192 9.5879
28 76.4257 7.9991
29 60.1082 11.0004
30 63.6843 8.1918
31 75.8549 7.064
32 68.9291 4.6621
33 64.0174 7.8554
34 77.7053 7.0318
35 69.256 12.0651
36 68.4849 7.0358
37 71.2538 6.5451
38 69.0424 7.0232
39 70.8971 6.8824
40 68.0044 6.4922
41 68.2707 6.1285
42 67.4958 6.4715
43 84.3003 5.6463
44 72.3969 6.7875
45 75.5697 8.3705
46 71.4201 7.3401
47 60.1569 6.3074
48 80.0263 7.8947
49 66.4046 7.699
50 69.0265 5.2569
51 78.3901 8.1865
52 74.1721 8.4373
53 75.3215 6.1908
54 67.7591 13.2786
55 61.2727 13.8214
56 84.8138 4.9836
57 62.438 12.2065
58 72.219 7.5808
59 68.8407 10.0694
60 74.6584 8.0774
61 75.9988 5.169
62 61.2079 7.7162
63 75.672 6.6698
64 66.1053 7.346
65 68.4758 11.133
66 76.8927 12.2639
67 78.188 16.3449
68 91.2156 12.4234
69 73.7072 12.0325
70 76.31 8.0633
71 72.6133 10.4577
72 72.0338 11.9974
73 71.2702 10.1018
74 60.4252 10.0793
75 55.7753 13.0683
76 49.1992 12.361
77 65.8128 7.2194
78 72.5061 7.8254
79 58.0063 7.8404
80 64.0098 9.3347
81 56.7028 10.6464
82 0 0
83 0 0
84 80.5817 7.0191
85 79.2548 7.396
86 87.0687 7.0301
87 85.7217 7.6018
88 73.2239 6.1152
89 98.5179 7.7533
90 75.0782 8.5306
91 86.907 7.079
92 85.3337 6.493
93 83.1336 8.9759
94 92.9741 7.3871
95 81.5876 7.0633
96 94.2135 7.1729
97 81.4061 8.4777
98 90.8536 6.9806
99 76.3767 6.7216
100 68.9359 9.1604
101 61.6195 9.7762
102 86.0596 8.4662
103 0 0
104 0 0
105 59.5781 4.6463
106 67.9536 6.629
107 72.7427 5.2961
108 61.4595 6.1931
109 80.3458 4.1762
110 74.2738 6.8354
111 80.8161 5.7515
112 75.5005 5.6209
113 76.4516 5.0287
114 92.7176 8.2175
115 73.4241 4.9438
116 81.9093 4.934
117 88.7981 8.7586
118 80.1421 10.2393
119 73.1766 7.4485
120 97.4775 6.3641
121 78.1858 5.8228
122 97.4191 8.9215
123 87.8815 9.3835
124 0 0
125 0 0
126 86.6121 5.0421
127 82.4203 6.2489
128 82.9392 6.1609
129 67.6136 5.9712
130 75.8048 5.4014
131 73.9254 8.1496
132 75.2705 8.1443
133 74.1409 11.5314
134 66.0278 14.3778
135 66.236 9.7854
136 71.7904 6.5317
137 73.2912 10.0428
138 65.9181 15.1896
139 73.1253 8.4894
140 74.2129 10.3807
141 73.934 6.85
142 71.4982 7.6228
143 65.646 9.898
144 67.9724 7.1705
145 64.5449 8.3206
146 69.1169 7.6753
147 72.53 7.8391
148 68.8839 6.5521
149 74.2073 6.1723
150 71.6878 5.3491
151 79.0481 6.0822
152 66.9755 5.9663
153 77.2849 7.4086
154 70.7921 7.8437
155 61.8503 7.1746
156 82.8773 5.6508
157 82.1885 7.0224
158 72.0398 7.5615
159 69.9658 7.2696
160 88.5826 7.6286
161 86.2858 8.3363
162 87.9037 7.3403
163 58.0715 8.5225
164 71.8332 9.7619
165 58.9759 11.6489
166 58.3349 6.7816
167 69.945 12.22
168 69.3606 5.1319
169 57.1545 5.5792
170 73.1441 4.579
171 57.9222 8.7376
172 74.4259 4.3359
173 92.1938 8.7848
174 81.2257 5.7925
175 79.6793 4.7893
176 78.5394 5.2325
177 86.0819 5.1788
178 76.422 4.8225
179 86.0088 4.4457
180 63.4954 11.6935
181 70.3549 7.2746
182 59.8109 9.769
183 77.8001 2.0675
184 65.9197 6.6459
185 62.1063 13.6693
186 54.8883 8.2046
187 77.8873 15.1067
188 57.8118 10.1726
189 79.6846 6.9952
190 61.2932 8.6843
191 74.9984 6.8797
192 77.5577 9.3955
193 71.9857 11.0573
194 73.168 10.44
195 75.9549 7.0206
196 69.2616 7.8742
197 89.0253 9.2383
198 71.2822 9.402
199 79.1389 8.2689
200 64.3398 8.6987
201 61.3984 12.8157
202 72.7084 6.4328
203 80.235 9.1548
204 64.5575 11.6277
205 63.1264 7.0005
206 78.0843 8.6295
207 75.2516 5.462
208 0 0
209 0 0
210 64.9252 6.9222
211 63.7521 7.9343
212 78.6801 6.4078
213 70.5831 6.2765
214 65.4941 5.8625
215 81.9713 6.5761
216 72.0761 7.3177
217 71.9991 8.0564
218 69.3531 5.4448
219 74.7062 6.6641
220 62.9185 6.9839
221 70.7619 6.8974
222 68.4713 7.657
223 61.6228 12.9685
224 73.5694 7.7249
225 66.1099 8.3185
226 80.8233 8.2478
227 81.0137 8.7418
228 74.0796 6.9068
229 0 0
230 0 0
231 54.3921 11.2268
232 56.4325 8.0448
233 65.5816 7.2615
234 61.9521 11.7855
235 49.6551 16.1378
236 58.1874 10.1704
237 61.8028 8.4994
238 71.2353 6.6278
239 83.9005 6.9581
240 75.3644 9.7065
241 65.3737 7.0236
242 85.6489 5.884
243 77.1524 10.9532
244 64.8594 8.921
245 78.282 7.7914
246 79.6233 7.4793
247 69.9003 7.8573
248 82.267 7.2957
249 66.8274 6.7174
250 0 0
251 0 0
