0 74.0536 8.2686
1 78.2591 6.6359
2 72.6355 6.8912
3 70.8829 8.1564
4 56.7864 7.2604
5 68.398 11.0039
6 72.5525 10.1663
7 71.096 9.5282
8 76.0718 10.4592
9 63.4079 9.8802
10 78.6318 7.713
11 74.9195 7.2805
12 71.607 8.7086
13 76.2351 10.9392
14 66.5641 7.195
15 71.1857 8.0879
16 68.779 8.1024
17 74.9892 8.8222
18 73.9721 6.9591
19 73.4008 6.5735
20 73.2101 8.0131
21 76.1202 6.3352
22 73.635 8.2807
23 62.0991 6.0847
24 77.6187 5.7903
25 77.3218 8.2535
26 82.2537 9.5322
27 87.3799 10.1249
28 76.3977 8.5041
29 59.6929 11.6088
30 63.4476 8.7477
31 75.7675 7.541
32 69.0069 5.0503
33 63.7916 8.2841
34 77.6316 7.4216
35 69.1696 11.5889
36 68.3844 7.3844
37 71.114 6.8146
38 69.003 7.3241
39 70.8294 7.2381
40 67.8322 6.7327
41 68.1036 6.5332
42 67.4266 6.8363
43 84.3123 5.9125
44 72.3506 7.2018
45 75.4282 8.8164
46 71.487 7.7775
47 60.0163 6.6349
48 80.1593 8.0903
49 66.2024 8.0332
50 69.0481 5.5225
51 78.2199 8.725
52 73.9645 9.0034
53 75.2451 6.5286
54 67.936 13.4223
55 60.8443 14.4096
56 84.6538 5.2324
57 61.9719 12.7506
58 72.363 7.9513
59 68.7942 10.4136
60 74.8025 8.3887
61 75.8673 5.3727
62 61.2555 8.0001
63 75.5339 6.8913
64 66.0891 7.6088
65 68.3859 11.4833
66 76.811 12.6498
67 78.1628 14.8234
68 91.0174 13.0741
69 73.2347 12.4539
70 76.3656 8.4255
71 72.6163 10.893
72 72.1506 12.5344
73 71.1374 10.4991
74 60.1706 10.7523
75 56.2206 12.7651
76 48.7383 13.2143
77 65.7234 7.7544
78 72.1996 8.3825
79 57.8859 8.1439
80 63.9033 9.769
81 56.5489 10.9662
82 0 0
83 0 0
84 80.5072 7.3511
85 78.9052 7.7159
86 86.9906 7.5224
87 85.4206 7.9972
88 73.2155 6.4547
89 98.3433 8.2539
90 75.1642 9.0068
91 86.8265 7.3048
92 85.4593 6.7416
93 83.2337 9.3732
94 92.8667 7.6679
95 81.666 7.2794
96 94.4677 7.4477
97 81.4363 8.7017
98 91.0026 7.0776
99 76.4523 6.9561
100 69.0623 9.4035
101 61.5565 10.0182
102 86.0832 8.8179
103 0 0
104 0 0
105 59.6401 4.83
106 68.0448 7.0385
107 72.5827 5.6124
108 61.2108 6.5598
109 80.3007 4.3933
110 74.278 7.2416
111 80.7169 6.0417
112 75.4419 5.8578
113 76.5299 5.2933
114 92.5898 8.6032
115 73.4308 5.1529
116 81.832 5.1443
117 88.7148 9.0064
118 79.8818 10.6946
119 73.0471 7.7817
120 97.5094 6.4815
121 78.2318 5.9799
122 97.5178 9.1286
123 87.6623 9.5732
124 0 0
125 0 0
126 86.6099 5.3439
127 82.3407 6.6538
128 82.9542 6.5254
129 67.5653 6.3172
130 75.8799 5.7464
131 73.8369 8.7415
132 75.2637 8.8042
133 74.364 11.2348
134 65.7363 14.9143
135 66.0929 10.4295
136 71.7907 6.992
137 73.3142 10.6166
138 65.8345 15.7511
139 73.058 9.1414
140 74.1086 10.8538
141 73.9231 7.3431
142 71.4255 8.0763
143 65.4956 10.415
144 67.9315 7.5059
145 64.4694 8.8277
146 69.0109 8.1357
147 72.3362 8.2336
148 68.6975 6.9293
149 74.1134 6.4144
150 71.6096 5.6056
151 79.0388 6.3711
152 66.9102 6.26
153 77.2403 7.7659
154 70.7053 8.2236
155 61.4254 7.7382
156 82.8072 6.1023
157 82.1535 7.5135
158 71.8046 8.1918
159 69.6713 7.7988
160 88.2555 8.2557
161 86.1264 8.9794
162 87.7757 7.7919
163 57.8005 9.0574
164 71.6299 10.364
165 58.532 12.3996
166 57.9503 7.1584
167 69.6973 12.9997
168 69.3301 5.3509
169 57.2122 5.7955
170 73.1455 4.7794
171 57.8425 9.1234
172 74.3322 4.4399
173 92.1315 9.1346
174 81.0463 5.9771
175 79.6056 4.921
176 78.3961 5.4278
177 85.9492 5.3669
178 76.2262 5.0402
179 85.9391 4.6234
180 63.0772 12.4306
181 70.3665 7.6019
182 59.6971 10.1149
183 78.3009 1.2725
184 65.6911 7.0085
185 61.8749 14.2315
186 54.4568 8.6099
187 78.0591 15.7839
188 57.8672 10.3149
189 79.6945 7.2741
190 61.3542 8.9047
191 74.9468 7.2854
192 77.422 9.913
193 71.9709 11.6559
194 73.0728 10.9652
195 75.7966 7.2992
196 69.1615 8.2913
197 89.1353 9.6839
198 71.2949 9.8664
199 79.083 8.663
200 63.8934 9.1658
201 61.337 12.6221
202 72.4396 6.7118
203 80.1248 9.748
204 64.151 12.2393
205 62.9516 7.4039
206 77.7766 9.1722
207 75.2223 5.6866
208 0 0
209 0 0
210 64.6083 7.398
211 63.4789 8.3482
212 78.5125 6.7942
213 70.4268 6.5989
214 65.1555 6.2868
215 81.7486 6.98
216 71.9514 7.8527
217 71.88 8.6434
218 69.1622 5.8646
219 74.6251 7.035
220 62.7516 7.4611
221 70.7398 7.3196
222 68.1851 8.1299
223 61.1725 13.7485
224 73.2477 8.2305
225 66.093 8.7866
226 80.7192 8.4369
227 80.7923 8.8279
228 74.0724 7.0551
229 0 0
230 0 0
231 54.1636 11.604
232 56.2032 8.3647
233 65.2781 7.6527
234 61.5518 12.6203
235 51.0287 15.1083
236 57.978 10.595
237 61.4188 8.9625
238 71.1722 7.0145
239 83.7856 7.3163
240 75.3437 10.2134
241 65.2694 7.4802
242 85.44 6.2145
243 76.9216 11.626
244 64.8939 9.4053
245 78.147 8.1709
246 79.1949 7.4236
247 69.5863 7.7703
248 81.472 7.2154
249 66.106 6.718
250 0 0
251 0 0
