0 74.2749 8.0211
1 78.252 6.2976
2 72.6204 6.7062
3 70.6628 7.8596
4 57.1537 7.0259
5 68.4911 10.6614
6 72.7608 9.8934
7 70.997 9.1443
8 76.4223 9.9128
9 63.5576 9.534
10 78.9693 7.4448
11 75.2683 7.062
12 71.8157 8.3863
13 76.4747 10.476
14 66.7508 6.8988
15 71.537 7.6721
16 69.1472 7.706
17 75.3119 8.3746
18 74.049 6.7162
19 73.7436 6.3319
20 73.4553 7.5592
21 76.2692 6.1601
22 73.932 8.012
23 62.3201 5.91
24 77.6216 5.6694
25 77.6417 7.9302
26 82.393 9.2586
27 87.6716 9.776
28 76.5038 8.0834
29 59.7517 11.2741
30 63.4475 8.5953
31 75.7647 7.1819
32 69.0209 4.7548
33 64.075 7.9626
34 77.7683 7.1666
35 69.2608 11.8659
36 68.4761 7.1058
37 70.9945 6.7078
38 69.1095 7.2393
39 70.7939 6.9975
40 67.8843 6.6487
41 67.8941 6.4304
42 67.4557 6.4269
43 84.3395 5.5633
44 72.5982 6.7924
45 75.5216 8.333
46 71.3312 7.3935
47 60.0485 6.4242
48 80.0103 7.8304
49 66.4038 7.5949
50 69.0684 5.3032
51 78.1816 8.3357
52 74.2304 8.5873
53 75.3001 6.1814
54 67.9084 13.3136
55 61.6025 13.878
56 84.7638 5.0255
57 62.4281 12.2265
58 72.1969 7.69
59 68.8951 10.0743
60 74.879 8.0305
61 76.098 5.1751
62 61.3524 7.6351
63 75.2847 6.7471
64 65.8274 7.3511
65 68.2981 11.3032
66 76.9107 12.4241
67 78.2427 15.6492
68 91.0518 12.6655
69 73.3894 12.3229
70 76.2702 8.2797
71 72.4312 10.5432
72 72.2203 12.2364
73 71.1553 10.3243
74 60.1673 10.5917
75 56.0423 13.0911
76 48.8224 12.7293
77 65.688 7.5636
78 72.448 8.2356
79 58.2386 8.0073
80 64.0857 9.6911
81 56.7386 10.7159
82 0 0
83 0 0
84 80.3909 7.2354
85 79.0844 7.6959
86 86.9933 7.5037
87 85.7243 7.8981
88 73.127 6.3898
89 98.3725 8.1604
90 75.0521 8.8321
91 86.8753 7.4122
92 85.47 6.4846
93 83.1452 9.174
94 92.993 7.379
95 81.6359 7.0879
96 94.6605 7.248
97 81.6004 8.378
98 91.2747 0.9643
99 76.4568 6.7968
100 69.1825 8.971
101 61.6094 9.7162
102 86.1933 8.3587
103 0 0
104 0 0
105 59.8022 4.6612
106 68.0235 6.6996
107 72.779 5.3865
108 61.2548 6.2201
109 80.418 4.1865
110 74.2668 6.9979
111 80.9171 5.772
112 75.6318 5.5579
113 76.6428 4.9674
114 92.8201 8.1407
115 73.6407 4.9259
116 81.9227 4.8605
117 88.9518 8.5579
118 80.077 10.0919
119 73.3111 7.308
120 97.6338 6.1261
121 82.5397 0.4799
122 97.6374 8.596
123 87.8255 8.9607
124 0 0
125 0 0
126 86.9142 5.1526
127 82.6996 6.408
128 83.4262 6.313
129 67.9738 6.0974
130 76.2332 5.4467
131 74.2383 8.3442
132 75.528 8.4103
133 74.5039 11.2974
134 66.3633 14.6558
135 66.8063 9.9052
136 72.131 6.6702
137 73.8306 10.1265
138 66.2133 15.2051
139 73.5063 8.6729
140 74.4989 10.3964
141 74.1474 6.8022
142 71.6663 7.9412
143 65.7764 10.4239
144 68.2494 7.3568
145 64.6732 8.7233
146 69.4617 7.9665
147 72.4763 8.0744
148 68.9934 6.7816
149 74.3391 6.3137
150 71.9587 5.4429
151 79.4952 6.2596
152 67.1451 6.1461
153 77.5251 7.5763
154 71.1593 8.0923
155 62.1877 7.3126
156 83.2832 5.7482
157 82.6083 7.1725
158 72.4893 7.6242
159 79.295 7.7845
160 88.8235 7.7822
161 86.7316 8.5403
162 88.0353 7.4266
163 58.3754 8.6099
164 71.8224 9.9751
165 58.8233 11.7528
166 58.6117 6.83
167 70.3062 12.2401
168 69.7775 5.1209
169 57.5637 5.578
170 73.4226 4.5578
171 58.4168 8.7419
172 74.746 4.3988
173 92.4555 8.9526
174 81.2737 5.9082
175 79.7736 4.9144
176 78.9604 5.4027
177 86.2117 5.3662
178 76.617 4.9588
179 86.2132 4.5853
180 63.7598 11.8399
181 70.6641 7.2929
182 60.1957 9.6868
183 78.2049 1.0901
184 66.3016 6.6039
185 62.6398 13.5106
186 55.0974 8.2626
187 78.4684 14.8305
188 58.367 9.9595
189 78.3776 7.1664
190 59.7665 9.0878
191 73.793 7.3596
192 76.1488 9.6442
193 70.4149 11.4255
194 71.7504 10.8362
195 74.3348 7.2256
196 67.6784 8.1704
197 87.7639 9.5046
198 69.3289 9.8013
199 77.0673 8.4819
200 61.6737 9.1512
201 58.8239 13.0366
202 70.3762 6.6339
203 77.8332 9.6575
204 60.8999 12.246
205 60.0109 7.5916
206 74.6987 9.1735
207 72.0517 5.9082
208 0 0
209 0 0
210 64.9961 7.2891
211 63.698 8.1526
212 78.7957 6.629
213 70.7524 6.5649
214 65.6311 6.0794
215 81.976 6.7797
216 72.1621 7.64
217 72.0499 8.3966
218 69.4337 5.7925
219 74.8317 6.8238
220 63.1713 7.1236
221 71.0685 6.9679
222 68.7188 7.8177
223 62.2076 12.8797
224 73.8294 7.7218
225 66.6365 8.35
226 81.22 8.0425
227 81.368 8.4963
228 73.9863 6.7339
229 0 0
230 0 0
231 54.7277 11.1256
232 56.6258 8.0675
233 65.7668 7.2645
234 62.3752 11.9345
235 50.6256 15.8399
236 58.4555 10.1876
237 62.0532 8.6027
238 71.6982 6.7239
239 84.1544 7.0247
240 75.7547 9.7552
241 65.7675 7.1262
242 85.8791 5.9875
243 77.3549 10.9915
244 65.2612 8.9824
245 78.5723 7.8669
246 80.209 7.0761
247 70.6295 7.4558
248 82.4978 6.9588
249 67.1365 6.3786
250 0 0
251 0 0
