0 74.4092 7.557
1 78.4177 6.1901
2 72.8476 6.4605
3 71.0225 7.6845
4 57.0141 6.957
5 68.526 10.267
6 72.8143 9.4262
7 71.2799 8.8179
8 76.3315 9.9251
9 63.3533 9.5975
10 78.911 7.4014
11 75.074 6.9264
12 71.7617 8.3211
13 76.2729 10.3617
14 66.6544 6.9028
15 71.3338 7.6177
16 69.2124 7.6233
17 75.3543 8.1628
18 74.0735 6.6562
19 73.662 6.4112
20 73.3735 7.4622
21 76.4394 6.0024
22 73.5982 7.9154
23 62.2981 5.891
24 77.1841 5.5896
25 77.9531 7.8397
26 82.392 9.2447
27 87.7825 9.7338
28 76.1513 8.0234
29 60.1719 10.8345
30 63.5474 8.2398
31 75.5987 7.0708
32 68.8199 4.737
33 64.2018 7.8028
34 77.5543 6.9206
35 69.3951 11.7409
36 68.4171 6.9971
37 71.0417 6.3225
38 69.1968 6.8337
39 71.1065 6.6704
40 68.1737 6.2546
41 68.1414 5.971
42 67.3093 6.5539
43 84.3144 5.7527
44 72.1739 6.9467
45 75.4411 8.4864
46 71.3839 7.4118
47 60.0373 6.3884
48 80.1543 7.8852
49 66.4209 7.6377
50 69.0772 5.2146
51 78.2812 8.1603
52 74.1814 8.5263
53 75.3464 6.224
54 67.8675 13.2594
55 60.7347 14.0164
56 84.6968 5.0146
57 62.319 12.1469
58 72.4436 7.5591
59 68.8478 9.9499
60 74.9854 7.9506
61 75.9659 5.153
62 61.1854 7.5809
63 75.4352 6.5948
64 65.8373 7.2925
65 68.2612 11.0908
66 76.7382 12.4815
67 77.9606 15.9336
68 91.0749 12.6209
69 73.1584 12.1847
70 75.9573 8.3113
71 72.3094 10.4841
72 71.837 12.0994
73 71.0654 10.1695
74 59.9868 10.3041
75 55.8257 12.9265
76 48.2938 12.4379
77 65.4511 7.3026
78 72.0695 7.7544
79 57.893 7.6454
80 63.7725 9.2958
81 56.516 10.4429
82 0 0
83 0 0
84 80.0309 7.4025
85 78.9316 7.7173
86 86.7685 7.5359
87 85.8062 7.9757
88 72.9993 6.3818
89 98.4722 8.3758
90 75.0082 8.969
91 86.9589 7.3219
92 85.3332 6.4165
93 83.1497 9.0376
94 92.932 7.2589
95 81.7628 6.9098
96 94.5475 7.0935
97 81.6127 8.2587
98 90.949 6.8009
99 76.3789 6.6051
100 69.0631 9.023
101 61.5151 9.7992
102 86.2667 8.3311
103 0 0
104 0 0
105 59.7233 4.5862
106 67.9622 6.6978
107 72.6772 5.3553
108 61.476 6.2139
109 80.4583 4.1848
110 74.3517 6.9482
111 80.6899 5.7908
112 75.5991 5.6762
113 76.564 5.0009
114 92.8814 8.2575
115 73.6598 4.9116
116 82.0651 4.9272
117 88.9674 8.5675
118 80.2999 10.1327
119 73.3274 7.4248
120 97.5053 6.1248
121 82.5309 0.5045
122 97.528 8.5574
123 87.9209 8.9351
124 0 0
125 0 0
126 86.6226 5.0086
127 82.3454 6.1479
128 83.0638 6.2217
129 67.6491 5.968
130 75.9926 5.3633
131 73.8523 8.1535
132 75.267 8.267
133 74.3126 11.4574
134 66.0451 14.4
135 66.657 9.6031
136 71.9678 6.4526
137 73.5484 9.7991
138 66.0395 14.8891
139 73.1871 8.4215
140 74.1745 9.9356
141 73.9726 6.6473
142 71.517 7.535
143 65.6613 9.8767
144 67.9753 7.0923
145 64.629 8.3054
146 69.1842 7.5651
147 72.2559 7.9556
148 68.6685 6.7128
149 74.0556 6.2883
150 71.5446 5.4487
151 79.1005 6.2165
152 66.8493 6.0452
153 77.1898 7.4249
154 70.714 7.8658
155 61.7659 7.2758
156 82.8878 5.563
157 82.3266 7.0783
158 72.1151 7.5676
159 78.9834 7.6402
160 88.5463 7.7269
161 86.2201 8.4281
162 87.7601 7.23
163 58.2163 8.4634
164 71.8795 9.6761
165 58.7412 11.6845
166 58.4435 6.6868
167 70.0206 11.8556
168 69.3373 5.1449
169 57.1521 5.5563
170 72.9948 4.5859
171 57.6784 8.9726
172 74.3213 4.2969
173 92.0783 8.7334
174 81.0447 5.7341
175 79.6193 4.7505
176 78.4782 5.2144
177 86.0158 5.1582
178 76.27 4.7931
179 85.9536 4.4357
180 63.3476 11.8712
181 70.3099 7.3663
182 59.5468 9.7479
183 78.345 1.0986
184 65.8165 6.5361
185 62.0889 13.501
186 54.7279 8.2181
187 78.2139 14.8382
188 57.6594 10.1489
189 79.5847 7.0725
190 61.2214 8.6969
191 74.9691 7.0319
192 77.4287 9.5507
193 71.8136 11.2302
194 73.0509 10.6422
195 75.6963 6.9732
196 69.0765 7.9488
197 89.1145 9.3391
198 71.2503 9.5203
199 79.0023 8.3273
200 63.8957 8.7899
201 61.2847 12.9635
202 72.4635 6.4582
203 80.2865 9.3425
204 63.9499 11.7633
205 62.8816 7.0974
206 77.5281 8.709
207 75.3432 5.4632
208 0 0
209 0 0
210 64.7665 6.9514
211 63.7688 8.0024
212 78.637 6.5281
213 70.687 6.2716
214 65.1199 5.9025
215 81.6931 6.5706
216 71.7165 7.4293
217 71.9989 8.2051
218 69.1267 5.4449
219 74.8059 6.4945
220 63.0698 6.7745
221 71.058 6.702
222 68.5987 7.4119
223 62.2497 12.351
224 73.6505 7.3263
225 66.4989 7.9464
226 80.9728 7.9569
227 81.116 8.3507
228 73.6532 6.6999
229 0 0
230 0 0
231 54.0592 11.3707
232 56.2329 8.157
233 65.4983 7.3727
234 61.5377 12.1218
235 49.4342 16.4017
236 57.9549 10.3524
237 61.6691 8.6816
238 71.1666 6.8297
239 83.8258 7.0617
240 75.3566 9.997
241 65.1386 7.2265
242 85.5275 6.0172
243 76.8927 11.3069
244 64.8147 9.1924
245 78.1623 7.9813
246 79.5485 7.0052
247 70.1224 7.4666
248 82.0026 6.8928
249 66.6527 6.3578
250 0 0
251 0 0
