0 74.1268 8.4539
1 78.2676 6.6055
2 72.6648 7.0059
3 70.9548 8.2355
4 56.6861 7.4256
5 68.5228 11.012
6 72.4232 10.2951
7 71.0576 9.6327
8 76.0893 10.6178
9 63.1177 10.1503
10 78.739 7.9324
11 74.9784 7.4288
12 71.6342 8.8286
13 76.3442 11.0884
14 66.5906 7.3979
15 71.2399 8.2086
16 68.6147 8.3741
17 74.7492 9.2558
18 73.7646 7.2322
19 73.2753 6.983
20 73.1176 8.3034
21 76.1617 6.3747
22 73.6996 8.3626
23 62.1293 6.1293
24 77.3995 5.9065
25 77.4335 8.3612
26 82.1316 9.584
27 87.4751 10.1788
28 76.2702 8.5953
29 59.8154 11.9615
30 63.3217 9.1881
31 75.7289 7.8446
32 68.9375 5.3015
33 63.8084 8.6031
34 77.6228 7.6132
35 69.1267 11.9735
36 68.3158 7.7472
37 71.117 6.9071
38 69.0855 7.4519
39 70.8789 7.2616
40 67.9467 6.8673
41 68.0611 6.6762
42 67.3993 6.8373
43 84.2201 5.9087
44 72.497 7.1432
45 75.484 8.8529
46 71.3931 7.7191
47 60.1688 6.6534
48 80.1462 8.2827
49 66.3811 8.0832
50 69.1358 5.5776
51 78.1926 8.6486
52 74.1264 9.0416
53 75.2364 6.5692
54 67.7087 13.7886
55 61.1165 14.7571
56 84.7575 5.4764
57 62.1402 13.2972
58 72.0065 8.4018
59 68.54 10.8909
60 74.812 8.8777
61 76.0149 5.6656
62 61.197 8.0732
63 75.4931 7.223
64 65.7991 7.9575
65 68.147 11.9239
66 76.9673 12.7695
67 78.276 14.7314
68 91.0414 13.2167
69 73.3407 12.5517
70 76.4042 8.4608
71 72.5475 10.9918
72 72.2845 12.5034
73 71.1247 10.5192
74 60.4155 10.6858
75 55.8218 12.7759
76 49.1977 12.9273
77 65.7621 7.6553
78 72.4358 8.3095
79 58.1598 7.9398
80 64.1709 9.6076
81 56.9696 10.7658
82 0 0
83 0 0
84 80.4342 7.354
85 79.1163 7.7673
86 86.9995 7.611
87 85.7524 8.1091
88 73.0547 6.5289
89 98.349 8.2013
90 75.1709 9.0728
91 86.8546 7.3837
92 85.4199 6.8431
93 83.0716 9.376
94 93.0452 7.7128
95 81.6825 7.2695
96 94.5982 7.5276
97 81.5346 8.7861
98 91.1128 7.2175
99 76.3058 7.0434
100 69.1604 9.4051
101 61.6117 9.8659
102 86.211 8.7127
103 0 0
104 0 0
105 59.6199 4.8903
106 68.0136 7.1654
107 72.6683 5.696
108 61.3214 6.5403
109 80.3766 4.4609
110 74.1759 7.3596
111 80.7645 6.0737
112 75.4075 6.0464
113 76.6652 5.4011
114 92.7136 8.8307
115 73.536 5.2654
116 81.9274 5.2863
117 88.6066 9.2667
118 80.051 10.9798
119 73.0595 8.0874
120 97.6117 6.6122
121 78.0923 6.1399
122 97.411 9.3047
123 87.7677 9.6083
124 0 0
125 0 0
126 86.7098 5.3602
127 82.3774 6.7315
128 82.9566 6.5831
129 67.6055 6.4277
130 75.8699 5.8064
131 74.095 8.8073
132 75.3487 8.8079
133 74.4536 11.1258
134 66.0888 14.6827
135 66.3596 10.4373
136 71.8677 6.9647
137 73.4946 10.6132
138 66.1444 15.6893
139 73.2166 9.1545
140 74.1409 10.8621
141 73.8808 7.2993
142 71.465 8.2095
143 65.4605 10.5565
144 68.0172 7.5429
145 64.4948 8.8327
146 69.0825 8.1841
147 72.2313 8.5261
148 68.8514 7.0535
149 74.25 6.504
150 71.6052 5.7172
151 79.0031 6.4659
152 66.8454 6.4004
153 77.1143 7.801
154 70.833 8.4093
155 61.6165 7.625
156 82.8044 5.9919
157 82.2603 7.3031
158 71.8522 8.146
159 69.9113 7.7889
160 88.3986 8.1642
161 86.1768 8.9026
162 87.6769 7.8812
163 57.9357 8.9964
164 71.753 10.4902
165 58.7842 12.4197
166 58.1397 7.2438
167 69.7512 12.9088
168 69.3574 5.4566
169 57.0996 5.9291
170 73.2448 4.8847
171 57.93 9.3181
172 74.4452 4.5332
173 92.1171 9.151
174 81.1652 6.01
175 79.6454 4.998
176 78.5266 5.5503
177 86.1098 5.4687
178 76.3547 5.0743
179 85.9354 4.6917
180 63.2863 12.4854
181 70.0081 7.7918
182 59.4206 10.2568
183 78.1211 1.1476
184 65.8209 7.087
185 62.1539 13.9884
186 54.2826 8.8374
187 77.8406 15.9598
188 57.7264 10.519
189 79.6568 7.2928
190 61.346 8.9823
191 75.0306 7.218
192 77.6248 9.953
193 71.9349 11.7381
194 73.172 10.9474
195 75.9757 7.3862
196 69.3049 8.4694
197 89.0353 9.7633
198 71.3809 10.0518
199 79.1291 8.7679
200 64.1085 9.2168
201 61.7057 12.3929
202 72.5145 6.8974
203 80.1664 9.7297
204 64.0864 12.1678
205 62.9538 7.4339
206 77.7287 9.1404
207 75.3636 5.5457
208 0 0
209 0 0
210 64.4183 7.6746
211 63.8241 8.5809
212 78.7197 6.8526
213 70.8203 6.8499
214 64.6713 6.47
215 81.5073 7.1912
216 71.4303 8.1338
217 71.9721 8.9678
218 69.1896 5.984
219 74.5083 7.0232
220 62.9443 7.308
221 70.6729 7.1791
222 68.4664 8.0658
223 61.8057 13.3049
224 73.5275 8.0956
225 66.1349 8.6849
226 80.8057 8.7127
227 80.7976 9.195
228 74.0974 7.2084
229 0 0
230 0 0
231 53.8236 12.1093
232 56.1379 8.5792
233 65.5137 7.7018
234 61.8071 12.5818
235 50.7564 15.3081
236 57.6919 10.8507
237 61.6527 9.0354
238 71.234 7.1168
239 83.7646 7.424
240 75.3792 10.3408
241 65.4118 7.4987
242 85.4977 6.168
243 76.896 11.741
244 64.9456 9.4291
245 78.2654 8.2078
246 79.6995 7.5801
247 69.993 7.9841
248 82.2493 7.3889
249 66.844 6.8371
250 0 0
251 0 0
