0 73.7263 8.6767
1 71.1775 7.2367
2 72.3724 7.1787
3 70.4152 8.4449
4 56.6158 7.5544
5 68.2347 11.3979
6 72.4618 10.5866
7 70.6969 9.9079
8 76.295 10.7226
9 63.1838 10.265
10 78.735 8.016
11 74.9127 7.4327
12 71.5598 9.0208
13 76.1907 11.3302
14 66.4392 7.5471
15 71.244 8.378
16 68.8774 8.5265
17 74.6916 9.4807
18 73.7939 7.2093
19 73.38 6.995
20 73.0914 8.5139
21 76.3328 6.3229
22 73.5809 8.3907
23 62.2015 6.1036
24 77.2478 5.8911
25 77.6151 8.3572
26 82.15 9.6528
27 87.5928 10.1629
28 76.234 8.5838
29 59.6397 12.0495
30 63.5469 9.044
31 75.7788 7.7889
32 68.9182 4.953
33 63.9456 8.5263
34 77.5847 7.5516
35 69.4174 11.6234
36 68.2962 7.7511
37 71.2197 7.2479
38 69.1466 7.722
39 70.9468 7.6444
40 67.9425 7.206
41 68.0369 6.8443
42 67.4572 6.9709
43 84.1791 6.046
44 72.3378 7.3197
45 75.5096 9.0437
46 71.4532 8.0185
47 60.0064 6.9378
48 80.0844 8.4902
49 66.2498 8.339
50 68.9531 5.7848
51 78.3934 9.0235
52 74.1059 9.3193
53 75.389 6.7669
54 67.6415 13.9418
55 60.8337 14.8178
56 84.7322 5.3967
57 62.023 13.2903
58 72.1599 8.4568
59 68.5734 11.091
60 74.9028 8.8708
61 75.9767 5.588
62 61.2462 8.1836
63 75.4593 7.1569
64 65.889 7.7957
65 68.0176 11.8926
66 76.9933 12.6912
67 78.148 14.8187
68 91.0476 13.4134
69 73.5058 12.4307
70 76.465 8.4435
71 72.4529 11.0278
72 72.5657 12.3206
73 70.9064 10.4917
74 60.2169 10.5202
75 56.2003 12.4953
76 49.0759 12.9035
77 65.9272 7.486
78 72.5535 8.161
79 58.185 8.0294
80 64.3502 9.6149
81 57.0325 10.5891
82 0 0
83 0 0
84 80.2549 7.5729
85 78.9879 7.9701
86 87.0042 7.8006
87 85.7141 8.2242
88 73.0856 6.6803
89 98.4195 8.4939
90 75.0263 9.4352
91 86.8268 7.6785
92 85.0292 7.0844
93 82.9499 9.832
94 92.9376 7.9697
95 81.6815 7.5176
96 94.2818 7.7055
97 81.1272 9.0213
98 90.6972 7.3956
99 76.1653 7.1479
100 68.7661 9.6801
101 61.1966 10.5
102 86.2103 8.7152
103 0 0
104 0 0
105 59.6495 4.9604
106 67.9658 7.2184
107 72.7627 5.7668
108 61.2641 6.7489
109 80.3915 4.4696
110 74.3736 7.491
111 80.6827 6.249
112 75.6981 5.9569
113 76.7087 5.3883
114 92.811 8.641
115 73.6502 5.2279
116 82.1362 5.26
117 88.9987 9.2625
118 80.3025 10.9291
119 73.1857 7.9392
120 97.4431 6.6088
121 78.0509 6.0816
122 97.4016 9.235
123 87.7198 9.61
124 0 0
125 0 0
126 86.5444 5.3473
127 82.414 6.8608
128 82.9531 6.6767
129 67.505 6.4582
130 75.9035 5.9046
131 73.8516 8.8261
132 75.2785 8.8736
133 74.188 11.2571
134 66.3403 14.6503
135 66.2324 10.4676
136 71.8694 7.0448
137 73.3967 10.9039
138 66.2149 15.5365
139 72.9923 9.2664
140 74.2885 11.0059
141 73.911 7.3926
142 71.466 8.175
143 65.5471 10.606
144 67.9861 7.678
145 64.5384 8.8818
146 68.9749 8.2308
147 72.3798 8.6281
148 68.9534 7.0316
149 74.413 6.518
150 71.6808 5.683
151 79.0474 6.4656
152 67.0712 6.4547
153 77.2057 7.9145
154 70.7773 8.4228
155 61.6684 7.6962
156 82.7883 5.9963
157 82.2554 7.4306
158 71.8202 8.2251
159 69.88 7.8572
160 88.4078 8.3285
161 86.2188 8.9949
162 87.6782 8.0541
163 58.0912 8.9242
164 71.5495 10.4585
165 58.9388 12.1647
166 58.1351 7.2849
167 69.6054 13.2184
168 69.1153 5.5099
169 56.9767 5.8927
170 73.0606 4.8837
171 57.674 9.454
172 74.5531 4.5256
173 92.1485 9.3472
174 81.147 6.09
175 79.5414 4.9985
176 78.6722 5.5744
177 86.1725 5.489
178 76.4184 5.121
179 85.9849 4.7857
180 63.2457 12.6384
181 70.1405 7.8824
182 59.5844 10.2884
183 78.2124 1.2848
184 65.7603 7.1101
185 61.9665 14.3666
186 54.7073 8.8351
187 77.8271 16.0576
188 57.9933 10.5671
189 79.7191 7.309
190 61.2911 9.0445
191 74.9929 7.2716
192 77.4348 10.0728
193 71.7924 11.8941
194 73.0319 11.081
195 75.9212 7.4377
196 69.1527 8.5408
197 89.0602 9.8992
198 71.293 10.1316
199 79.1693 8.831
200 63.8965 9.3526
201 61.8844 12.3349
202 72.5943 6.321
203 80.5243 9.7939
204 63.9852 12.5047
205 62.8554 7.4893
206 77.5566 9.2481
207 75.3489 5.9885
208 0 0
209 0 0
210 64.7269 7.5914
211 63.7142 8.5173
212 78.5116 6.8705
213 70.6366 6.7837
214 65.1399 6.3835
215 81.7627 7.1628
216 71.6877 8.0709
217 71.8924 8.9134
218 69.2827 5.9135
219 74.643 7.0299
220 63.0934 7.3153
221 70.6084 7.2356
222 68.5643 8.0936
223 62.0312 13.2933
224 73.7672 7.9617
225 66.1056 8.7332
226 80.7831 8.5014
227 80.9056 9.1738
228 74.1129 7.1954
229 0 0
230 0 0
231 54.1635 11.7979
232 56.0546 8.5781
233 65.2285 7.7638
234 61.811 12.8618
235 50.2335 15.5
236 58.2204 10.8104
237 61.6524 9.2166
238 71.1754 7.1765
239 83.6925 7.4477
240 75.2146 10.5895
241 65.1551 7.6011
242 85.4525 6.3465
243 76.9928 11.8078
244 64.8096 9.5696
245 78.1706 8.2262
246 79.7646 7.5822
247 70.0648 7.9862
248 82.0615 7.3414
249 66.837 6.8545
250 0 0
251 0 0
