0 73.7849 8.7196
1 71.0257 7.319
2 72.3017 7.2555
3 70.082 8.5251
4 56.9634 7.5092
5 68.1408 11.5423
6 72.5264 10.6578
7 70.4485 10.151
8 76.0692 11.1196
9 62.9304 10.4712
10 78.701 8.2123
11 74.7912 7.6448
12 71.48 9.3488
13 76.1189 11.5186
14 66.3963 7.6523
15 71.1864 8.6152
16 68.9095 8.34
17 74.8426 9.2579
18 73.9645 7.2823
19 73.4681 6.9023
20 72.9897 8.3712
21 76.3417 6.547
22 73.3921 8.6887
23 61.9154 6.3401
24 77.0749 6.1302
25 77.6427 8.68
26 82.1878 9.9907
27 87.5517 10.4663
28 76.0031 8.9589
29 59.7742 11.8846
30 63.4012 9.0868
31 75.6454 7.7809
32 68.8176 5.2541
33 63.8782 8.4992
34 77.5315 7.7191
35 69.3979 11.5184
36 68.1752 7.6137
37 71.1031 6.9525
38 69.2799 7.4796
39 70.9162 7.4122
40 68.1962 6.8197
41 68.1463 6.698
42 67.386 6.9855
43 84.2135 6.0703
44 72.4262 7.3087
45 75.4094 8.9711
46 71.5403 7.9215
47 60.2456 6.8028
48 80.2354 8.469
49 66.4261 8.2708
50 69.2128 5.716
51 78.2557 8.8973
52 74.1672 9.2547
53 75.2978 6.6501
54 68.1495 13.2739
55 61.2245 14.2661
56 84.5131 5.4371
57 62.421 13.1871
58 72.0802 8.352
59 68.7442 10.8504
60 74.6268 8.773
61 76.1168 5.5589
62 61.0517 8.29
63 75.4782 7.1247
64 65.8782 7.7814
65 68.2682 11.7477
66 76.7588 13.0441
67 78.2039 14.7512
68 90.97 13.9354
69 73.2375 13.1176
70 76.1302 8.7039
71 72.1588 11.6122
72 72.0368 12.991
73 70.9445 10.9444
74 60.404 10.6804
75 56.5405 11.9333
76 48.9087 12.9052
77 65.8362 7.7879
78 72.5654 8.3954
79 58.1347 8.1953
80 64.2181 9.8115
81 57.1225 10.904
82 0 0
83 0 0
84 80.2017 7.6626
85 78.8504 8.0651
86 86.8323 7.9402
87 85.5479 8.3341
88 73.0297 6.7506
89 98.2857 8.5637
90 75.0036 9.4014
91 86.8139 7.6683
92 85.018 6.853
93 83.237 9.6469
94 92.9017 7.8725
95 81.6684 7.51
96 94.0395 7.5933
97 81.2461 8.8382
98 90.4747 7.167
99 76.3263 7.061
100 68.9238 9.614
101 61.4231 10.1258
102 86.1471 8.9028
103 0 0
104 0 0
105 59.8231 4.9367
106 67.9272 7.3018
107 72.7763 5.7368
108 61.156 6.6382
109 80.2391 4.5094
110 74.1705 7.5307
111 80.7916 6.2366
112 75.5265 6.0199
113 76.8276 5.3911
114 92.8016 8.8807
115 73.6103 5.3068
116 81.8331 5.264
117 88.9926 9.258
118 80.1896 10.9783
119 73.3045 7.9592
120 97.3974 6.6239
121 77.9094 6.0533
122 97.1984 9.2753
123 87.4527 9.7657
124 0 0
125 0 0
126 86.3314 5.5028
127 82.144 7.0374
128 82.8804 6.8423
129 67.349 6.679
130 75.5521 6.0619
131 73.6133 9.2207
132 75.222 9.2392
133 74.1895 11.3685
134 66.0813 14.7409
135 66.2296 10.6277
136 71.6668 7.2231
137 73.257 10.9942
138 65.8788 16.1559
139 73.0565 9.4196
140 73.9737 11.0871
141 73.8084 7.5761
142 71.4887 8.3542
143 65.6158 10.7501
144 67.938 7.864
145 64.3164 9.079
146 68.9469 8.3981
147 72.4482 8.5417
148 68.9254 7.0127
149 74.4447 6.5361
150 71.7836 5.6487
151 79.0668 6.5218
152 66.9546 6.4512
153 77.2141 7.8947
154 70.7518 8.4097
155 61.8778 7.5293
156 82.815 5.9643
157 82.3064 7.3403
158 71.9076 8.1238
159 70.148 7.7435
160 88.6402 8.1853
161 86.2223 8.7553
162 87.6772 7.8471
163 57.883 9.4311
164 71.3161 11.011
165 58.6289 12.7279
166 57.7319 7.5802
167 69.3394 13.8826
168 69.1544 5.5636
169 57.0962 5.9101
170 73.0396 4.9188
171 57.7084 9.3887
172 74.2734 4.6064
173 92.2291 9.4095
174 81.0383 6.2225
175 79.517 5.0729
176 78.2858 5.6402
177 86.0511 5.5659
178 76.2633 5.1877
179 85.8918 4.8036
180 63.0416 13.105
181 69.9794 8.2764
182 59.3692 10.6844
183 78.2105 1.1342
184 65.6703 7.4023
185 61.4846 14.8991
186 54.5772 9.0651
187 77.6842 16.5417
188 57.5402 10.7933
189 79.6307 7.2218
190 61.1706 9.0288
191 75.031 7.417
192 77.4081 10.0508
193 71.8495 11.8624
194 73.1366 11.0365
195 75.787 7.5234
196 69.2342 8.6669
197 89.0737 10.0645
198 71.266 10.2091
199 79.0528 8.8658
200 63.8912 9.3649
201 61.9795 12.3481
202 73.2985 0.6006
203 80.3383 10.1024
204 63.5867 12.6744
205 62.8725 7.6704
206 77.4816 9.416
207 75.4497 5.932
208 0 0
209 0 0
210 64.3447 7.8897
211 63.8382 8.7548
212 78.738 7.0976
213 70.6818 7.0465
214 64.6426 6.6261
215 81.6186 7.4085
216 71.4139 8.3011
217 71.8531 9.156
218 69.0856 6.2202
219 74.5946 7.2427
220 62.743 7.7094
221 70.6739 7.5544
222 68.0407 8.4698
223 61.6909 13.8403
224 73.3183 8.3291
225 66.1187 8.9116
226 80.5042 8.5591
227 80.8411 9.1966
228 73.9311 7.2234
229 0 0
230 0 0
231 53.9052 12.0369
232 55.8865 8.8966
233 65.4552 7.8929
234 61.7426 12.9285
235 50.7014 15.0693
236 57.9932 10.9083
237 61.7095 9.2314
238 71.0731 7.286
239 83.5887 7.5553
240 75.0552 10.5448
241 65.1161 7.7478
242 85.3526 6.42
243 76.9701 11.9438
244 64.6279 9.6848
245 78.1624 8.41
246 79.4518 7.8746
247 69.9417 8.2409
248 81.9626 7.7181
249 66.8311 7.1061
250 0 0
251 0 0
