0 74.1274 8.4422
1 71.7595 7.0635
2 72.7185 6.9517
3 71.0257 8.2432
4 56.645 7.4465
5 68.4756 11.1558
6 72.5181 10.3112
7 71.0366 9.7466
8 76.3442 10.5581
9 63.3694 10.0172
10 78.8525 7.9079
11 75.1772 7.4146
12 71.7277 8.8823
13 76.5223 11.0083
14 66.7115 7.2914
15 71.3908 8.1895
16 68.8067 8.3358
17 75.1695 9.2288
18 74.0525 7.2109
19 73.8213 6.8601
20 73.0339 8.3391
21 76.3074 6.5056
22 73.7149 8.5478
23 62.2151 6.2186
24 77.3965 5.9957
25 77.7319 8.6137
26 82.2251 9.9156
27 87.8236 10.4125
28 76.2689 8.86
29 60.0172 12.0036
30 63.5076 9.1064
31 75.8658 7.9108
32 69.0802 5.1518
33 63.7423 8.7127
34 77.5978 7.6757
35 69.2784 11.9049
36 68.3902 7.8281
37 71.3068 7.1077
38 69.0131 7.7611
39 70.9954 7.5711
40 67.8467 7.1233
41 68.116 6.8302
42 67.7136 6.894
43 84.5556 6.0061
44 72.6878 7.2053
45 75.7715 8.99
46 71.5138 7.8089
47 60.2109 6.8106
48 80.2448 8.3467
49 66.4361 8.2192
50 69.2919 5.6914
51 78.3923 8.7732
52 74.1464 9.2012
53 75.488 6.64
54 67.9776 13.316
55 60.876 14.3904
56 84.6392 5.3484
57 61.9984 12.9608
58 72.3588 8.2088
59 68.7172 10.7131
60 74.9184 8.5469
61 76.0472 5.45
62 61.3906 8.1225
63 75.5179 7.0939
64 65.84 7.7628
65 68.4297 11.7558
66 76.8805 12.697
67 78.4444 14.6931
68 91.1979 13.3927
69 73.7596 12.4449
70 76.0987 8.3936
71 72.4918 11.0791
72 72.0905 12.3038
73 71.1149 10.4139
74 60.3083 10.9653
75 56.4091 12.848
76 48.5442 13.5824
77 66.0028 7.8984
78 72.3853 8.5495
79 58.2227 8.2783
80 64.0951 9.9743
81 56.8254 11.191
82 0 0
83 0 0
84 80.5127 7.6459
85 79.2844 8.013
86 87.1265 7.8203
87 85.9911 8.3189
88 73.155 6.6137
89 98.7449 8.4562
90 75.2248 9.3675
91 87.191 7.6371
92 85.3294 6.8683
93 83.1988 9.461
94 93.0437 7.7351
95 81.7245 7.2919
96 94.4722 7.4
97 81.4211 8.8573
98 90.8908 7.1108
99 76.5152 6.9944
100 69.3063 9.5243
101 61.875 10.2148
102 86.5641 8.725
103 0 0
104 0 0
105 59.7091 4.9124
106 68.0454 7.2036
107 72.7663 5.696
108 61.3172 6.6688
109 80.4342 4.4544
110 74.3616 7.4
111 80.9816 6.1396
112 75.6785 6.0793
113 76.9326 5.4425
114 92.9443 8.8943
115 73.7605 5.3709
116 82.24 5.2911
117 89.0257 9.374
118 80.4952 11.0435
119 73.205 8.0148
120 97.5544 6.6886
121 78.0779 6.1415
122 97.6015 9.3541
123 87.9409 9.7648
124 0 0
125 0 0
126 86.5368 5.3233
127 82.2438 6.8559
128 82.941 6.5982
129 67.4349 6.4831
130 75.832 5.8292
131 73.6974 8.8455
132 75.1929 8.907
133 74.347 11.2627
134 66.2014 14.7596
135 66.4784 10.4439
136 71.9381 7.072
137 73.4648 10.7926
138 65.9614 15.7352
139 73.1597 9.1796
140 74.2735 10.865
141 73.9666 7.4426
142 71.4788 8.2437
143 65.6788 10.6705
144 68.1151 7.784
145 64.5056 8.9503
146 69.2506 8.37
147 72.7166 8.3581
148 69.0491 6.9494
149 74.4775 6.3915
150 71.9847 5.5181
151 79.2877 6.359
152 67.1983 6.3485
153 77.5349 7.6481
154 70.9426 8.2671
155 61.6204 7.4998
156 82.7801 5.9877
157 82.2797 7.3909
158 71.9435 8.0828
159 69.8134 7.7184
160 88.5083 8.1699
161 86.2122 8.8393
162 87.8894 7.6933
163 58.0975 8.976
164 71.5982 10.5346
165 58.4899 12.5596
166 57.9465 7.3768
167 69.6006 13.3989
168 69.7486 5.5017
169 57.4659 5.8801
170 73.5326 4.8478
171 58.0918 9.3332
172 74.6031 4.6192
173 92.1471 9.4598
174 81.077 6.2634
175 79.4711 5.1349
176 78.6305 5.7289
177 86.044 5.606
178 76.3531 5.27
179 85.8736 4.85
180 63.1558 12.6071
181 70.1552 7.8669
182 59.6429 10.1279
183 78.2878 1.3091
184 65.5523 7.1104
185 62.058 14.2247
186 54.6062 8.675
187 77.7492 16.0782
188 57.4782 10.7299
189 79.8604 7.3287
190 61.5004 8.9796
191 75.2298 7.3317
192 77.6512 9.9791
193 72.0012 12.0036
194 73.2018 11.0278
195 76.1367 7.3707
196 69.35 8.6069
197 89.1663 9.9102
198 71.4138 10.0707
199 79.3256 8.8999
200 63.9972 9.2945
201 61.3691 12.5226
202 72.6305 6.9412
203 80.1429 9.7271
204 64.0007 12.4347
205 62.9526 7.3934
206 77.7351 9.1814
207 75.1859 5.7437
208 0 0
209 0 0
210 64.6887 7.7048
211 63.8861 8.6463
212 78.8506 6.9355
213 70.841 6.8226
214 65.0049 6.5385
215 81.7795 7.2462
216 71.5654 8.1827
217 72.003 9.0034
218 69.0668 6.0776
219 74.7121 7.1188
220 62.7756 7.5706
221 70.8066 7.4138
222 68.2139 8.3112
223 61.8894 13.544
224 73.4115 8.2798
225 66.2708 8.879
226 80.991 8.5354
227 81.0904 9.0848
228 74.3737 7.1807
229 0 0
230 0 0
231 54.4235 11.8529
232 56.1072 8.6056
233 65.6892 7.7948
234 61.4729 12.7749
235 51.483 15.024
236 57.8703 10.8041
237 61.9377 9.0431
238 71.285 7.135
239 83.7166 7.4306
240 75.413 10.5335
241 65.3833 7.5183
242 85.447 6.3011
243 76.9406 11.7587
244 64.9859 9.4
245 78.2821 8.2822
246 79.1494 7.6437
247 69.824 8.0251
248 81.6556 7.4668
249 66.3345 6.7841
250 0 0
251 0 0
