0 74.1041 8.3721
1 78.1028 6.5696
2 72.5965 6.9478
3 70.5793 8.276
4 56.9498 7.4072
5 68.4574 10.9784
6 72.5419 10.1627
7 70.9381 9.4712
8 76.192 10.6198
9 63.4478 9.9295
10 78.7814 7.839
11 75.1899 7.392
12 71.6127 8.8055
13 76.531 10.8636
14 66.5776 7.3196
15 71.3987 8.1512
16 68.8601 8.1586
17 75.1494 9.0474
18 74.0888 6.987
19 73.7932 6.7138
20 73.1287 8.1521
21 76.2301 6.536
22 73.3776 8.4684
23 62.0416 6.2683
24 77.0416 5.9397
25 77.6489 8.3846
26 82.1423 9.8365
27 87.3907 10.3072
28 76.0596 8.793
29 59.7788 11.8549
30 63.2765 8.9633
31 75.6411 7.6659
32 68.8058 5.0797
33 63.9117 8.4107
34 77.4649 7.5502
35 69.417 11.4602
36 68.3481 7.5428
37 70.9637 6.8437
38 69.039 7.287
39 70.7655 7.2765
40 68.0799 6.8236
41 67.9015 6.4963
42 67.3187 6.6813
43 84.2874 5.8054
44 72.6249 7.047
45 75.6127 8.6702
46 71.4308 7.796
47 60.174 6.6954
48 80.051 8.3372
49 66.3562 8.1493
50 69.1782 5.4944
51 78.2277 8.8032
52 74.1812 9.0369
53 75.3172 6.5677
54 67.8873 13.3353
55 61.1202 14.4715
56 84.7092 5.3063
57 62.4664 12.8405
58 72.1505 8.1272
59 68.7574 10.5482
60 74.8155 8.5754
61 76.0981 5.4626
62 61.0795 8.0923
63 75.6394 7.1109
64 66.1438 7.6727
65 68.4646 11.6917
66 77.0614 12.7655
67 78.6036 14.775
68 91.1463 13.3304
69 73.863 12.5531
70 76.0938 8.5097
71 72.7078 10.9604
72 72.2064 12.3864
73 71.2332 10.3794
74 60.5336 10.5026
75 56.0978 12.4198
76 48.3742 13.1932
77 65.7908 7.6515
78 72.3082 8.2505
79 58.1536 7.8916
80 64.1307 9.5385
81 56.8808 10.6621
82 0 0
83 0 0
84 80.2468 7.5655
85 78.9737 7.978
86 87.0571 7.7698
87 85.812 8.2258
88 73.1749 6.6904
89 98.4981 8.4487
90 75.2094 9.2499
91 86.9113 7.563
92 85.4473 6.823
93 83.1172 9.4054
94 92.9982 7.6575
95 81.5466 7.3252
96 94.6672 7.4046
97 81.5499 8.7202
98 91.1332 7.2158
99 76.28 7.0303
100 69.3041 9.1996
101 61.8531 9.8067
102 86.2323 8.5068
103 0 0
104 0 0
105 59.502 4.9007
106 67.9144 7.1391
107 72.6731 5.6915
108 61.4618 6.625
109 80.3937 4.4181
110 74.3155 7.3211
111 80.8468 6.0887
112 75.4804 5.9341
113 76.5597 5.3332
114 92.8376 8.7137
115 73.4555 5.169
116 81.9471 5.2002
117 88.8487 9.0889
118 80.2689 10.8791
119 73.1847 7.8466
120 97.4523 6.4577
121 78.059 5.9818
122 97.3971 9.1718
123 87.8215 9.5037
124 0 0
125 0 0
126 86.5848 5.3697
127 82.4019 6.7545
128 82.9599 6.6708
129 67.6213 6.4729
130 75.822 5.891
131 73.9255 8.7779
132 75.2627 8.8344
133 74.2734 11.2253
134 65.9961 14.8573
135 66.331 10.3268
136 71.8534 6.9189
137 73.308 10.6839
138 66.0321 15.7646
139 73.128 9.1984
140 74.0808 11.0218
141 73.9056 7.3705
142 71.5646 8.1005
143 65.6018 10.445
144 68.1594 7.6118
145 64.5421 8.6358
146 69.1212 8.148
147 72.3947 8.398
148 68.9353 6.9209
149 74.3147 6.4228
150 71.652 5.6169
151 79.1267 6.4062
152 66.9989 6.2482
153 77.387 7.7285
154 70.9865 8.3042
155 61.6667 7.6163
156 82.9552 5.9596
157 82.2648 7.4173
158 71.9394 8.1265
159 69.8482 7.702
160 88.5492 8.1983
161 86.1802 8.8823
162 87.7944 7.8335
163 57.7927 9.1315
164 71.4952 10.5909
165 58.6815 12.4379
166 58.0331 7.3212
167 69.5372 13.2754
168 69.4251 5.4103
169 57.1324 5.8189
170 73.1847 4.7933
171 57.8981 9.2212
172 74.3137 4.4712
173 92.1608 9.1441
174 81.0894 6.0282
175 79.587 5.0034
176 78.4327 5.5375
177 86.0618 5.3895
178 76.2878 5.0761
179 86.0536 4.6727
180 63.2551 12.7877
181 69.9995 8.1012
182 59.2035 10.6333
183 78.3184 1.1545
184 65.8734 7.2706
185 61.7055 14.5005
186 54.5364 8.8771
187 77.6486 16.3516
188 57.8026 10.5171
189 79.6708 7.3952
190 61.3392 8.9325
191 75.0309 7.1715
192 77.5314 10.1606
193 71.7804 11.9794
194 72.968 11.1377
195 75.9444 7.5392
196 69.2656 8.6424
197 89.1298 9.9542
198 71.1801 10.1313
199 79.1256 8.8841
200 64.1514 9.2144
201 61.7768 12.5342
202 72.5393 6.8978
203 80.2043 9.776
204 64.0748 12.2969
205 63.0019 7.4259
206 77.7294 9.0929
207 75.3255 5.6861
208 0 0
209 0 0
210 64.7355 7.5694
211 63.8175 8.3743
212 78.585 6.8669
213 70.6076 6.7513
214 65.0765 6.342
215 81.7004 7.077
216 71.8061 8.0734
217 71.9026 8.8064
218 69.0929 5.8465
219 74.7447 7.0183
220 63.0088 7.2194
221 70.9339 7.0369
222 68.2341 8.0062
223 61.8228 13.2143
224 73.3349 7.8942
225 66.1228 8.6172
226 80.7114 8.5624
227 80.8811 8.9909
228 74.1954 7.1026
229 0 0
230 0 0
231 53.9203 11.9066
232 56.1798 8.5632
233 65.6124 7.717
234 61.4609 12.7958
235 49.5356 15.8648
236 57.9598 10.6692
237 61.5943 9.0633
238 71.2026 7.0973
239 83.7244 7.4319
240 75.4081 10.3271
241 65.3729 7.4683
242 85.4848 6.2175
243 76.9769 11.7236
244 65.0202 9.3945
245 78.205 8.1405
246 79.7087 7.5235
247 70.1604 7.9204
248 82.1984 7.3381
249 66.9536 6.79
250 0 0
251 0 0
