0 73.9612 8.8358
1 71.3631 7.3092
2 72.536 7.2445
3 70.7395 8.5803
4 56.8435 7.6384
5 68.1008 11.4646
6 72.4914 10.7124
7 70.8363 10.0695
8 76.1339 11.2467
9 63.0769 10.572
10 78.7451 8.2947
11 74.8635 7.7916
12 71.5081 9.4704
13 76.1224 11.6709
14 66.3623 7.8062
15 71.2464 8.752
16 68.8403 8.567
17 75.0384 9.514
18 73.9905 7.4561
19 73.5927 7.062
20 73.1958 8.5869
21 76.1189 6.5738
22 73.6419 8.684
23 62.0829 6.3158
24 77.3521 6.0957
25 77.6505 8.6372
26 82.1657 10.0078
27 87.5134 10.3872
28 76.2297 8.7084
29 59.659 11.9543
30 63.4125 9.164
31 75.5865 7.8177
32 69.0272 5.1475
33 63.7535 8.7252
34 77.5567 7.7011
35 69.5883 11.3981
36 68.3449 7.7612
37 70.9987 7.0924
38 69.1231 7.642
39 70.9918 7.5853
40 67.9668 7.0434
41 68.1772 6.9596
42 67.3484 7.2202
43 84.2875 6.2444
44 72.3652 7.5512
45 75.5253 9.3102
46 71.5386 8.0934
47 60.2852 6.9263
48 80.1919 8.629
49 66.4846 8.3975
50 69.2175 5.8539
51 78.3112 9.1215
52 74.111 9.448
53 75.3827 6.8441
54 68.1657 13.1899
55 61.0084 14.2931
56 84.5467 5.5942
57 61.988 13.2993
58 72.3799 8.4015
59 68.5607 11.0479
60 74.8565 8.8459
61 75.9821 5.5488
62 61.1137 8.4777
63 75.3657 7.2812
64 65.8596 7.9353
65 68.3634 11.8612
66 76.8172 13.1402
67 78.3314 14.7316
68 91.156 14.1585
69 73.1669 13.3968
70 75.9101 8.9371
71 72.2148 11.8523
72 71.9507 13.3812
73 71.0662 11.1209
74 60.2503 10.8026
75 56.1761 12.1424
76 49.1033 12.6083
77 65.7827 7.9823
78 72.3807 8.5293
79 57.9785 8.4065
80 64.0779 9.951
81 56.8858 11.1305
82 0 0
83 0 0
84 79.95 7.9807
85 78.7656 8.4192
86 86.7541 8.2045
87 85.625 8.644
88 72.8583 6.9897
89 98.4802 8.9199
90 74.9885 9.9144
91 86.886 8.0052
92 85.2202 7.0167
93 83.2287 9.7618
94 92.8923 8.0084
95 81.7183 7.5937
96 94.4534 7.7096
97 81.4828 9.1668
98 90.8849 7.2741
99 76.3675 7.2204
100 68.7886 9.87
101 61.4528 10.4289
102 86.2505 8.974
103 0 0
104 0 0
105 59.6426 5.1099
106 67.8961 7.4177
107 72.7175 5.9258
108 61.321 6.835
109 80.4062 4.5909
110 74.4315 7.6775
111 80.788 6.3162
112 75.5616 6.0977
113 76.6622 5.5301
114 92.8759 9.0779
115 73.6213 5.3949
116 82.1349 5.3674
117 89.0807 9.3903
118 80.2958 11.0607
119 73.197 8.2409
120 97.362 6.7498
121 77.9997 6.2761
122 97.4494 9.604
123 87.7992 9.7855
124 0 0
125 0 0
126 86.6422 5.4692
127 82.2671 7.0333
128 83.0016 6.7353
129 67.4054 6.6701
130 75.9014 6.0652
131 73.8441 9.0481
132 75.2744 9.0389
133 74.2449 10.9598
134 66.2624 14.5035
135 66.3681 10.7784
136 71.7995 7.2749
137 73.2854 11.1025
138 65.7669 16.0977
139 73.1792 9.6002
140 74.1533 11.2877
141 73.9308 7.6385
142 71.171 8.8382
143 65.2235 11.2983
144 67.8344 8.2094
145 63.9074 9.6476
146 69.0449 8.862
147 72.4981 8.6133
148 68.9477 7.1803
149 74.4105 6.6583
150 71.7095 5.7733
151 79.0386 6.6218
152 67.0341 6.599
153 77.3414 7.9605
154 70.8133 8.49
155 61.9074 7.6712
156 82.7385 6.1292
157 82.3479 7.5051
158 71.9783 8.3244
159 70.043 7.8538
160 88.5678 8.3582
161 86.2492 9.0728
162 87.9059 7.9535
163 57.7077 9.4783
164 71.4347 11.0956
165 58.5045 12.9705
166 57.8749 7.6965
167 69.4235 14.0115
168 69.2841 5.7289
169 57.1381 6.0854
170 73.1805 5.0343
171 57.9298 9.6459
172 74.5515 4.7049
173 92.1686 9.5931
174 81.1341 6.3274
175 79.5554 5.1588
176 78.6924 5.6929
177 86.1235 5.6432
178 76.483 5.3029
179 85.9311 4.9057
180 63.2378 12.7305
181 70.0945 8.0561
182 59.6575 10.4525
183 78.2123 1.1123
184 65.5576 7.4026
185 61.7772 14.697
186 54.5921 8.9835
187 77.8225 15.7702
188 57.7554 10.8268
189 79.6603 7.4153
190 61.1657 9.5172
191 75.0052 7.6771
192 77.4838 10.2618
193 71.8609 11.9793
194 73.1383 11.3279
195 75.7562 7.6727
196 69.0902 8.7382
197 89.0916 10.0904
198 71.1316 10.3809
199 79.0562 9.0601
200 64.1121 9.3378
201 61.7415 12.1916
202 72.5699 6.7717
203 80.1925 10.117
204 64.3991 12.5974
205 63.0273 7.6633
206 77.9727 9.4438
207 75.2632 5.7916
208 0 0
209 0 0
210 64.6237 7.9458
211 63.5228 8.8859
212 78.5733 7.109
213 70.4281 7.1388
214 65.1871 6.6738
215 81.7274 7.45
216 71.6892 8.3685
217 71.8209 9.2978
218 69.2224 6.178
219 74.7127 7.2757
220 63.0265 7.5721
221 70.6793 7.4631
222 68.4584 8.3105
223 61.9562 13.5428
224 73.6355 8.2389
225 66.1193 8.8304
226 80.8066 8.7731
227 80.8385 9.4087
228 74.1099 7.478
229 0 0
230 0 0
231 54.3642 11.7372
232 55.8618 8.9637
233 65.4779 7.9644
234 61.4474 13.1973
235 50.6517 15.0696
236 57.902 11.0744
237 61.7301 9.3714
238 71.1147 7.2632
239 83.6584 7.5674
240 75.2682 10.502
241 65.4646 7.7234
242 85.3866 6.4306
243 76.9243 11.881
244 64.7285 9.7031
245 78.2773 8.2415
246 79.0635 7.9692
247 69.5067 8.4184
248 81.7039 7.7826
249 66.3465 7.2396
250 0 0
251 0 0
