0 74.1918 8.7246
1 71.3394 7.2703
2 72.6111 7.1399
3 70.4088 8.5222
4 57.2358 7.5406
5 68.4873 11.4944
6 72.6703 10.5297
7 70.7936 9.9711
8 76.0021 11.1673
9 63.1358 10.6453
10 78.8055 8.4213
11 74.8455 7.9286
12 71.4186 9.5209
13 76.0928 11.8056
14 66.5014 7.8842
15 71.2114 8.9118
16 68.8772 8.5679
17 74.9404 9.4786
18 73.9981 7.3927
19 73.4883 7.0696
20 73.1335 8.581
21 76.1346 6.581
22 73.5523 8.7587
23 61.9993 6.3093
24 77.3513 6.1978
25 77.5548 8.7375
26 82.1084 10.0413
27 87.4857 10.3533
28 76.0892 8.7611
29 59.6607 12.1732
30 63.3454 9.2
31 75.6315 7.9831
32 68.9541 5.3327
33 63.7912 8.8602
34 77.5375 7.8649
35 69.4933 11.2733
36 68.3106 7.8399
37 70.9993 7.1529
38 69.0784 7.7293
39 70.7996 7.6611
40 68.0176 7.2027
41 68.1614 6.976
42 67.5113 7.135
43 84.311 6.0991
44 72.4937 7.4398
45 75.446 9.1982
46 71.5111 8.0684
47 60.2516 6.9267
48 80.2324 8.6094
49 66.3463 8.513
50 69.2207 5.9275
51 78.3441 9.1534
52 74.2293 9.4636
53 75.2552 6.8984
54 67.8002 13.6619
55 61.1956 14.77
56 84.6489 5.7757
57 62.145 13.6639
58 72.0059 8.7127
59 68.3256 11.4355
60 74.5484 9.1762
61 76.0338 5.8654
62 60.9179 8.7746
63 75.4662 7.2881
64 65.8888 7.9412
65 68.3427 11.853
66 76.8305 13.3234
67 78.4099 14.7616
68 91.0359 14.3104
69 73.1215 13.4403
70 75.9948 9.0513
71 72.2063 12.1647
72 71.8586 13.4215
73 71.0965 11.2576
74 60.4736 10.7219
75 56.3428 12.0286
76 49.7844 12.3221
77 65.8491 8.0608
78 72.3982 8.694
79 58.111 8.4221
80 64.0908 10.0059
81 56.8249 11.1879
82 0 0
83 0 0
84 80.2448 7.9077
85 78.8719 8.3442
86 86.8947 8.1499
87 85.6002 8.6384
88 72.9685 6.9264
89 98.4385 8.8149
90 74.8139 9.7557
91 86.9894 7.8917
92 85.208 7.1096
93 83.3593 9.871
94 92.9941 8.0114
95 81.8378 7.6314
96 94.2032 7.7537
97 81.2935 9.1276
98 90.6773 7.4529
99 76.5513 7.1999
100 69.0275 9.7739
101 61.4172 10.355
102 86.3013 8.9837
103 0 0
104 0 0
105 59.481 5.2638
106 67.712 7.7181
107 72.7098 6.0993
108 61.2156 7.1196
109 80.4322 4.7271
110 74.3336 7.9273
111 80.7093 6.5726
112 75.5278 6.2195
113 76.6417 5.6117
114 92.7589 9.0822
115 73.5274 5.4388
116 81.9612 5.4411
117 89.0097 9.476
118 80.262 11.1025
119 73.2745 8.252
120 97.4512 6.797
121 77.9505 6.3296
122 97.5478 9.6484
123 87.8136 9.9345
124 0 0
125 0 0
126 86.6215 5.5948
127 82.2452 7.1211
128 83.0146 6.8764
129 67.4743 6.669
130 75.8598 6.1557
131 73.7923 9.2195
132 75.3976 9.2836
133 74.2575 11.1085
134 66.329 14.4039
135 66.265 10.8917
136 71.7361 7.3381
137 73.2151 11.2348
138 66.0339 15.9501
139 73.0167 9.6146
140 74.1729 11.3727
141 73.8183 7.7074
142 71.2951 8.7345
143 65.3014 11.2387
144 67.8849 8.1292
145 64.1637 9.5406
146 68.7586 8.7517
147 72.3927 8.9312
148 68.6271 7.4495
149 74.1093 6.8389
150 71.5977 5.948
151 78.9713 6.8692
152 66.9279 6.8741
153 77.2197 8.3575
154 70.66 8.8596
155 61.2253 8.0864
156 82.6988 6.4285
157 82.1226 7.8228
158 71.7959 8.7096
159 69.5032 8.3074
160 88.3105 8.746
161 86.0856 9.2959
162 87.731 8.266
163 57.6926 9.5706
164 71.2694 11.1964
165 58.314 13.0825
166 57.8192 7.7517
167 69.2294 14.0329
168 69.1311 5.8545
169 56.9528 6.2691
170 73.1032 5.1681
171 57.7707 9.731
172 74.3043 4.7108
173 92.105 9.6599
174 81.1754 6.4413
175 79.5361 5.268
176 78.4925 5.8488
177 86.0064 5.7543
178 76.319 5.3787
179 85.9173 4.9284
180 63.0699 13.3247
181 69.9369 8.3308
182 59.1527 10.9258
183 78.255 1.1202
184 65.6512 7.7155
185 61.2557 15.3438
186 53.9902 9.5467
187 77.4815 16.2834
188 57.5654 10.9974
189 79.6683 7.2196
190 61.3264 9.2899
191 74.9477 7.6217
192 77.5874 10.3392
193 71.8328 11.8249
194 73.1193 11.376
195 75.7109 7.6023
196 69.2692 8.8096
197 89.3386 10.2032
198 71.2898 10.4526
199 79.1109 8.964
200 64.07 9.5532
201 61.7146 12.2655
202 72.5276 6.887
203 80.2744 10.1261
204 63.9997 12.8779
205 62.8591 7.7648
206 77.7713 9.4752
207 75.2569 5.9149
208 0 0
209 0 0
210 64.2216 8.4039
211 63.2333 9.2937
212 78.4946 7.4011
213 70.3808 7.4488
214 64.6772 7.0251
215 81.4213 7.711
216 71.4579 8.7065
217 71.6839 9.739
218 69.0769 6.2272
219 74.8385 7.34
220 62.9468 7.5357
221 70.8278 7.4973
222 68.2266 8.3073
223 61.6199 13.5182
224 73.4118 8.2854
225 66.2143 8.8719
226 80.6755 8.8762
227 80.8258 9.5933
228 73.9443 7.5791
229 0 0
230 0 0
231 54.1178 11.7697
232 56.0014 8.9112
233 65.1667 8.001
234 61.7381 12.9535
235 49.9056 14.9523
236 57.9836 11.0357
237 61.6551 9.3668
238 71.0943 7.3273
239 83.5557 7.6687
240 75.0883 10.4938
241 65.2455 7.7663
242 85.3527 6.4405
243 76.9229 11.9249
244 64.5584 9.8244
245 78.043 8.4363
246 79.0312 7.8896
247 69.7822 8.2123
248 81.5747 7.6878
249 66.2902 7.1486
250 0 0
251 0 0
