0 75.0511 8.7798
1 72.2536 7.3532
2 73.613 7.2385
3 71.454 8.4762
4 58.3851 7.5588
5 69.5813 11.4274
6 73.7032 10.6902
7 71.8521 10.0022
8 77.354 11.212
9 64.7248 10.3973
10 80.1601 8.3424
11 76.2609 7.7605
12 72.7843 9.2701
13 77.3514 11.6156
14 67.6265 7.6827
15 72.1909 8.6235
16 69.7894 9.0203
17 75.6991 9.9044
18 74.7735 7.7332
19 74.207 7.429
20 74.1043 8.975
21 76.7382 6.7504
22 74.1677 8.9871
23 62.6387 6.4868
24 78.0781 6.2534
25 77.9781 8.9703
26 82.7842 10.1788
27 87.9795 10.419
28 76.8346 8.6997
29 60.5836 12.1785
30 64.1857 9.3913
31 76.3811 8.1398
32 69.8502 5.2127
33 64.5327 8.83
34 78.0757 7.949
35 70.1666 11.1651
36 68.8849 7.924
37 71.5873 7.5289
38 69.5109 8.1693
39 71.3947 8.0439
40 68.488 7.4971
41 68.4783 7.3178
42 68.0867 7.3489
43 85.0549 6.2494
44 73.0073 7.5006
45 76.1495 9.1542
46 72.084 8.2621
47 60.7338 7.107
48 80.7034 8.8344
49 66.994 8.7019
50 69.8193 6.0795
51 78.9047 9.4321
52 74.8559 9.5337
53 75.7516 7.0673
54 68.8547 13.5431
55 62.0654 14.5799
56 85.5075 5.8341
57 62.9816 13.691
58 72.762 8.9519
59 69.0596 11.7218
60 75.3919 9.316
61 76.6019 5.9978
62 62.8544 8.596
63 76.28 7.5767
64 66.5927 8.2122
65 69.0978 12.1471
66 77.9852 12.5597
67 79.3557 13.8871
68 92.0612 13.6395
69 74.5126 12.9744
70 77.6135 8.7972
71 73.6744 11.6904
72 73.5842 12.8616
73 72.2141 10.9133
74 61.0291 10.6511
75 57.6736 11.5227
76 50.3522 12.0938
77 66.4529 8.0725
78 73.0378 8.8382
79 58.7333 8.4684
80 64.7445 10.163
81 57.5517 11.4637
82 0 0
83 0 0
84 80.6906 8.0903
85 79.4957 8.6804
86 87.4749 8.4527
87 86.3037 8.8944
88 73.5856 7.1649
89 99.1538 9.1843
90 75.7166 10.2152
91 87.5784 8.1865
92 86.2709 7.0271
93 84.0758 9.8434
94 93.8952 8.1485
95 82.4959 7.666
96 95.1455 7.837
97 82.2185 9.1629
98 91.5583 7.428
99 77.0999 7.3293
100 69.6712 10.0529
101 62.2262 10.4416
102 86.8465 9.2745
103 0 0
104 0 0
105 54.8692 5.9561
106 63.3477 8.252
107 68.1362 6.6564
108 55.8431 7.8087
109 75.6853 5.4369
110 69.1885 8.8048
111 733.428 134.358
112 70.514 6.5808
113 72.1291 5.8318
114 88.4503 9.2948
115 70.2204 5.6157
116 78.3299 5.5825
117 85.6997 9.6391
118 76.9507 11.1856
119 70.2519 8.5388
120 93.8866 6.9656
121 74.4039 6.3764
122 93.8662 9.7433
123 84.0405 10.2169
124 0 0
125 0 0
126 86.5904 5.6971
127 82.2008 7.2766
128 82.8502 7.0415
129 67.2635 6.8285
130 75.7992 6.3538
131 73.5973 9.3871
132 75.3808 9.4214
133 74.1976 11.2635
134 65.8674 14.6252
135 65.8934 11.0535
136 71.7074 7.4337
137 73.1003 11.5451
138 66.0081 16.1983
139 73.0547 9.7574
140 74.173 11.706
141 73.7388 7.9304
142 71.4973 8.5031
143 65.5748 10.9532
144 68.0199 8.0396
145 64.4161 9.2423
146 68.9618 8.6321
147 72.5894 8.7753
148 68.8733 7.2302
149 74.2111 6.6507
150 71.6036 5.7716
151 79.195 6.6225
152 67.0311 6.6756
153 77.41 8.0309
154 70.8734 8.531
155 61.5411 7.9584
156 82.8271 6.4122
157 82.2893 7.825
158 72.0224 8.4693
159 69.6117 8.2749
160 88.5763 8.7053
161 86.2992 9.4019
162 87.7886 8.2043
163 57.9251 9.3856
164 71.2122 10.9471
165 58.5871 12.8697
166 57.9893 7.6053
167 69.6221 13.752
168 69.2926 5.7687
169 57.2122 6.1421
170 73.1742 5.0959
171 57.8135 9.6595
172 74.5209 4.7122
173 92.3536 9.7748
174 81.1358 6.4652
175 79.5379 5.282
176 78.5651 5.7848
177 86.0303 5.7694
178 76.2878 5.3871
179 86.0405 4.9351
180 63.244 13.0831
181 70.386 8.2433
182 59.4821 10.7642
183 78.3246 1.1409
184 65.5251 7.5138
185 62.0604 14.9886
186 54.6437 9.1286
187 77.987 15.7442
188 57.7325 11.0829
189 79.6837 6.9975
190 61.2884 9.1895
191 74.8848 7.4917
192 77.5629 10.3997
193 71.676 11.8536
194 72.9676 11.5582
195 75.7136 7.7703
196 69.1787 8.8895
197 89.0755 10.2738
198 71.2907 10.5136
199 78.9807 9.139
200 63.8274 9.7267
201 61.8878 12.15
202 69.9289 8.2208
203 80.4097 10.1762
204 63.6605 12.6843
205 62.7021 7.7749
206 77.5424 9.6296
207 75.3473 6.0849
208 0 0
209 0 0
210 64.4927 7.9423
211 63.3793 8.9414
212 78.4858 7.202
213 70.3809 7.2686
214 65.1874 6.7224
215 81.5799 7.5134
216 71.7742 8.4236
217 71.7374 9.4807
218 69.0457 6.152
219 74.8368 7.2532
220 63.0175 7.6115
221 70.9196 7.5096
222 68.1242 8.2966
223 62.2673 13.2827
224 73.5281 8.3006
225 66.4364 8.8584
226 80.7367 8.8929
227 80.8551 9.5459
228 74.0511 7.5254
229 0 0
230 0 0
231 53.6354 11.9543
232 55.9683 8.8744
233 65.2361 8.1856
234 61.7414 13.086
235 50.5751 14.7354
236 57.7324 11.179
237 61.5983 9.6287
238 71.0852 7.4649
239 83.5594 7.6886
240 75.1976 10.5029
241 65.2122 7.8428
242 85.3833 6.5075
243 76.886 11.8372
244 64.6156 9.7705
245 78.11 8.572
246 79.1748 7.8352
247 69.6713 8.2458
248 81.5197 7.6588
249 66.193 7.1455
250 0 0
251 0 0
