0 74.6469 7.8518
1 71.699 6.6674
2 72.9616 6.566
3 70.7211 7.7065
4 58.0235 6.5324
5 68.9961 10.1159
6 72.9313 9.5844
7 71.1496 8.9604
8 76.0855 9.7743
9 63.5912 9.4654
10 78.8569 7.3961
11 75.4654 6.973
12 71.8917 8.3835
13 76.6242 10.3864
14 66.8755 6.8163
15 71.196 7.939
16 69.0818 8.1136
17 75.352 8.8033
18 74.1612 7.1113
19 73.8498 6.555
20 72.9562 8.0934
21 76.3044 6.1833
22 73.879 8.124
23 62.3279 5.9455
24 77.6415 5.629
25 77.777 7.9617
26 82.356 9.2865
27 87.7956 9.8478
28 76.3485 8.2063
29 60.1377 10.7778
30 63.8001 8.3375
31 75.8847 7.0243
32 69.3424 5.0938
33 64.0149 7.9781
34 77.7337 7.4107
35 69.4677 11.6974
36 68.4733 7.2242
37 70.903 6.9177
38 69.2232 7.2655
39 71.1425 7.2778
40 67.9456 6.7728
41 68.0636 6.6651
42 67.7516 6.4062
43 84.3744 5.7253
44 72.5175 6.8693
45 75.4763 8.4824
46 71.4415 7.6326
47 60.1174 6.6899
48 79.974 8.2277
49 66.4436 8.0426
50 69.0993 5.4137
51 78.4305 8.4665
52 74.8079 8.7473
53 75.3626 6.5083
54 68.3667 13.6432
55 60.9441 14.6317
56 84.7185 5.3424
57 62.1893 13.1716
58 72.374 8.0419
59 68.3499 10.6467
60 74.7284 8.4967
61 75.9903 5.5471
62 60.9283 8.4413
63 75.6612 6.9671
64 66.3164 7.3925
65 68.671 11.1339
66 77.3056 11.3842
67 78.6399 15.382
68 91.7994 12.2793
69 73.5987 11.4656
70 76.3687 7.8206
71 72.613 10.1334
72 72.7897 11.4853
73 71.4562 9.524
74 60.2465 10.5477
75 57.766 12.2926
76 50.2069 12.6266
77 66.0731 7.4294
78 72.7054 8.1136
79 58.5458 7.8955
80 64.253 9.6167
81 56.217 11.2091
82 0 0
83 0 0
84 80.5679 7.1885
85 79.1303 7.5111
86 87.0934 7.4751
87 85.8839 7.8922
88 72.9079 6.2659
89 98.6163 8.0267
90 74.995 8.7798
91 86.9691 7.2666
92 85.3419 6.6513
93 82.8621 9.3338
94 93.2186 7.738
95 81.7719 7.4879
96 94.4598 7.6448
97 81.2071 8.9964
98 90.737 7.1851
99 76.5103 7.1201
100 69.1338 9.3071
101 61.3786 9.8748
102 86.217 8.6445
103 0 0
104 0 0
105 59.715 4.7467
106 68.2704 6.9996
107 72.943 5.5365
108 61.5957 6.3997
109 80.4835 4.3738
110 74.4521 7.1481
111 81.0722 5.9878
112 75.7464 5.6715
113 76.9929 5.1655
114 92.9221 8.552
115 73.7631 5.2184
116 82.1009 5.2042
117 88.9168 9.133
118 80.6521 10.5008
119 73.2818 7.759
120 97.7229 6.4574
121 78.2043 5.9892
122 97.4034 9.0582
123 87.9468 9.9291
124 0 0
125 0 0
126 86.7402 5.1207
127 82.5411 6.5295
128 83.3028 6.4154
129 67.6876 6.0489
130 76.1807 5.6308
131 74.0088 8.0871
132 75.6034 8.1306
133 74.2142 11.298
134 66.7974 13.5246
135 66.7648 9.6246
136 72.0797 6.5665
137 73.6938 9.9673
138 66.0631 15.1494
139 73.1415 8.7955
140 74.3173 10.2541
141 73.9546 7.1688
142 71.5178 7.685
143 65.4986 10.1484
144 67.9561 7.2014
145 64.5131 8.6938
146 68.9904 7.8102
147 72.8928 7.7268
148 68.7556 6.6685
149 74.4546 6.2725
150 71.8465 5.406
151 79.2537 6.1602
152 67.0062 6.0478
153 77.2087 7.4483
154 71.0327 7.8952
155 62.0409 7.2517
156 83.0451 5.7852
157 82.2915 7.1286
158 72.4453 7.6186
159 69.8025 7.362
160 88.5697 8.0373
161 86.3131 8.4608
162 88.1819 7.7819
163 57.9712 8.5694
164 71.4885 10.2196
165 58.595 12.0628
166 58.2428 7.1165
167 70.5257 12.6024
168 69.4066 5.1396
169 57.2807 5.6191
170 73.4309 4.6563
171 58.233 9.0026
172 74.5729 4.3854
173 92.2885 8.9323
174 81.2678 5.8474
175 79.6202 4.879
176 78.6757 5.5288
177 86.1169 5.2374
178 76.4761 5.0117
179 86.1351 4.6404
180 63.5035 11.5907
181 70.5172 7.5992
182 59.5931 10.0336
183 78.3144 1.0968
184 65.5499 7.0411
185 61.7484 14.2101
186 54.8363 8.4868
187 78.0726 15.6886
188 57.2149 10.9042
189 79.7082 7.5101
190 61.6875 8.4066
191 75.062 7.0253
192 77.8931 9.0911
193 72.6166 10.7451
194 73.6322 10.0903
195 76.0754 6.9911
196 69.5778 7.8907
197 89.2284 9.3307
198 71.796 9.3357
199 79.243 8.4431
200 64.1581 8.7799
201 61.824 12.6977
202 70.3718 6.9171
203 80.6527 9.4062
204 64.1617 11.724
205 62.9435 6.9381
206 77.6645 8.8275
207 75.3559 5.9227
208 0 0
209 0 0
210 65.1477 7.1358
211 64.193 7.763
212 78.6589 6.6198
213 70.5834 6.3085
214 65.491 6.0261
215 81.9943 6.6021
216 72.1123 7.3006
217 72.2308 8.0462
218 69.132 5.6023
219 74.6183 6.8701
220 63.0743 6.8784
221 70.7199 6.8685
222 68.4611 7.8823
223 61.7808 12.896
224 73.6777 7.7327
225 66.435 8.1484
226 80.9618 8.1013
227 80.8347 8.9431
228 74.1712 7.267
229 0 0
230 0 0
231 54.0701 11.8767
232 56.6855 8.2368
233 65.7771 7.6003
234 61.785 12.5287
235 49.7542 16.0014
236 57.8161 10.4776
237 61.9832 8.6689
238 71.4067 6.791
239 83.987 7.2938
240 75.4893 9.9472
241 65.6018 7.3435
242 85.6062 6.0475
243 76.7815 11.1985
244 64.9125 9.5184
245 78.1882 8.2052
246 79.6265 7.3886
247 70.1915 7.7347
248 82.2431 7.3568
249 66.7873 6.5229
250 0 0
251 0 0
