0 74.2214 8.6221
1 71.2977 7.206
2 72.5667 7.0942
3 70.4116 8.4691
4 57.4056 7.3996
5 68.4806 11.3998
6 72.6752 10.541
7 70.7211 9.8266
8 76.0612 10.9521
9 63.3382 10.3472
10 78.8723 8.0032
11 75.1814 7.5491
12 71.5225 9.3097
13 76.2314 11.5136
14 66.664 7.6552
15 71.3898 8.459
16 68.8186 8.5458
17 75.1055 9.5485
18 74.0659 7.3737
19 73.6522 7.0325
20 73.0119 8.5721
21 76.1299 6.7681
22 73.4051 8.9531
23 61.8438 6.5767
24 77.006 6.3183
25 77.6714 8.909
26 82.3328 10.3427
27 87.6047 10.6993
28 75.898 9.0234
29 59.8392 11.988
30 63.3248 9.1426
31 75.5976 7.8593
32 68.8283 5.3849
33 63.7842 8.698
34 77.478 7.7131
35 69.394 11.3231
36 68.3185 7.8114
37 70.9531 7.0464
38 69.1671 7.5998
39 70.8623 7.4888
40 68.0408 7.0331
41 68.1061 6.876
42 67.3608 7.1725
43 84.2892 6.1496
44 72.3165 7.4667
45 75.5161 9.2445
46 71.4441 8.0484
47 60.1785 6.9615
48 80.1729 8.6318
49 66.4777 8.4123
50 69.1299 5.8933
51 78.3385 9.1412
52 74.1225 9.4767
53 75.3191 6.917
54 68.0253 13.3429
55 61.1506 14.2273
56 84.6088 5.5648
57 62.0228 13.3271
58 72.3818 8.3534
59 68.7441 10.9644
60 74.9234 8.8037
61 75.9718 5.5876
62 61.0965 8.355
63 75.4411 7.2889
64 65.8687 7.86
65 68.2172 11.959
66 76.9532 12.8724
67 78.3458 14.4596
68 91.0177 13.911
69 73.4472 12.9995
70 76.023 8.7177
71 72.3765 11.6948
72 72.0146 13.0087
73 71.017 10.8767
74 60.3263 11.1249
75 56.7207 12.1043
76 49.2125 12.9243
77 65.9303 8.1795
78 72.5061 8.8129
79 58.3648 8.4235
80 64.3044 10.1573
81 56.7571 11.4616
82 0 0
83 0 0
84 80.2113 7.7687
85 78.9095 8.2652
86 86.9439 8.0631
87 85.7066 8.4596
88 72.951 6.8495
89 98.4168 8.759
90 75.02 9.7013
91 86.885 7.8291
92 85.3663 7.0616
93 83.2352 9.714
94 92.9737 7.9605
95 81.6734 7.597
96 94.4862 7.5767
97 81.4672 9.0336
98 90.8944 7.273
99 76.4208 7.2485
100 68.9375 9.9208
101 61.4333 10.3859
102 86.212 8.9645
103 0 0
104 0 0
105 59.707 5.0517
106 67.9987 7.4345
107 72.741 5.8638
108 61.1609 6.8062
109 80.3578 4.564
110 74.2164 7.566
111 80.7839 6.3147
112 75.5962 6.1486
113 76.6704 5.4516
114 92.8303 8.9074
115 73.648 5.3442
116 81.7983 5.3675
117 88.9775 9.3251
118 80.0993 10.9972
119 73.198 8.09
120 97.4435 6.6592
121 77.8984 6.1132
122 97.3319 9.3795
123 87.5333 9.7745
124 0 0
125 0 0
126 86.5721 5.5491
127 82.3498 7.0401
128 82.9983 6.7503
129 67.4111 6.6148
130 75.9832 6.0566
131 73.8437 9.046
132 75.1673 9.0726
133 74.4075 11.0516
134 66.1985 14.5572
135 66.25 10.9242
136 71.7623 7.3374
137 73.3106 11.2321
138 65.9423 15.9622
139 73.1169 9.5799
140 74.1447 11.3648
141 73.9049 7.6726
142 71.5185 8.57
143 65.6083 10.8007
144 68.0014 8.0244
145 64.351 9.3256
146 69.071 8.6097
147 72.5281 8.7578
148 68.7999 7.2852
149 74.2447 6.7119
150 71.6025 5.8786
151 79.0661 6.6802
152 67.0346 6.6961
153 77.3367 8.1028
154 70.7486 8.6917
155 61.6003 7.775
156 82.8952 6.2166
157 82.2316 7.613
158 71.9647 8.4268
159 69.7198 7.982
160 88.5369 8.5569
161 86.1568 8.9843
162 87.9525 7.9992
163 57.8409 9.2973
164 71.5374 10.8826
165 58.5239 12.6451
166 58.1181 7.5147
167 69.6565 13.7753
168 69.0999 5.7506
169 57.0262 6.1979
170 73.1972 5.0919
171 57.4746 9.8623
172 74.4288 4.6806
173 92.2367 9.5847
174 81.0793 6.2787
175 79.632 5.2106
176 78.4992 5.7786
177 86.0397 5.6606
178 76.32 5.2723
179 85.9894 4.888
180 63.2952 12.7839
181 69.9141 7.9055
182 59.7029 10.385
183 77.8769 1.0757
184 65.8267 7.275
185 62.0966 14.3686
186 54.5652 8.9458
187 77.59 15.5629
188 57.6135 10.9941
189 79.6445 7.1101
190 61.3806 9.1388
191 75.0335 7.3898
192 77.473 10.2865
193 71.7658 11.9419
194 72.9067 11.3665
195 75.7468 7.6384
196 69.0515 8.8124
197 89.0743 10.0266
198 71.156 10.3774
199 79.0459 9.0067
200 63.8728 9.7504
201 61.5135 12.7034
202 72.4673 6.9909
203 80.2058 10.4274
204 63.7847 13.0496
205 62.7139 8.0066
206 77.4376 9.7894
207 75.3876 6.1936
208 0 0
209 0 0
210 64.3388 8.1737
211 63.3909 9.1435
212 78.6263 7.3692
213 70.5111 7.3354
214 64.6954 6.8687
215 81.4529 7.6765
216 71.5735 8.739
217 71.8837 9.5724
218 69.1509 6.1607
219 74.6799 7.23
220 62.9547 7.59
221 70.7338 7.4535
222 68.4118 8.3391
223 62.111 13.4007
224 73.5661 8.2454
225 66.2297 8.9219
226 80.7632 8.7719
227 80.8873 9.6146
228 73.9522 7.5751
229 0 0
230 0 0
231 54.0386 11.8587
232 55.9954 8.8465
233 65.3323 7.9987
234 61.6505 13.3053
235 50.0879 15.2088
236 57.9443 11.1204
237 61.6288 9.3922
238 71.1221 7.3575
239 83.6503 7.666
240 75.3233 10.647
241 65.2497 7.7452
242 85.3429 6.4635
243 76.8459 11.9592
244 64.7317 9.7706
245 78.1865 8.4569
246 79.0341 7.8071
247 69.4565 8.2001
248 81.5436 7.5059
249 66.1097 6.997
250 0 0
251 0 0
