0 74.6561 7.6765
1 71.8739 6.3414
2 73.0951 6.6125
3 70.8797 7.4064
4 57.7734 6.7802
5 68.8897 9.8394
6 73.0162 9.3087
7 71.5365 8.757
8 76.7369 9.7535
9 63.6107 9.5024
10 79.1192 7.3251
11 75.5126 7.0366
12 72.0158 7.8916
13 76.6385 10.1835
14 66.8831 6.767
15 71.5381 7.5949
16 69.5834 7.8169
17 75.189 8.6582
18 74.1738 7.0076
19 73.7108 6.4978
20 73.3399 7.8869
21 76.498 6.2775
22 73.8646 8.1216
23 62.4278 6.0214
24 77.5243 5.762
25 77.9225 8.0172
26 82.605 9.1992
27 87.8463 9.6968
28 76.4375 8.2164
29 59.9816 11.4672
30 63.8472 8.5944
31 75.8339 7.2668
32 69.4031 5.3581
33 64.1442 8.2474
34 77.7051 7.334
35 69.4082 11.8138
36 68.4787 7.2078
37 71.5112 6.4072
38 69.7328 6.8755
39 71.2914 6.7544
40 68.3667 6.3889
41 68.4041 6.086
42 67.8712 6.2433
43 84.5897 5.5295
44 72.9728 6.6522
45 75.9876 8.2951
46 71.8887 7.4165
47 60.694 6.4124
48 80.4366 8.0846
49 66.7316 7.7154
50 69.6319 5.2849
51 78.5305 8.2436
52 74.5906 8.4453
53 75.654 6.2059
54 68.5825 13.0986
55 61.7458 13.7298
56 84.758 5.244
57 63.3852 11.8098
58 72.3772 7.697
59 68.6792 9.9002
60 75.106 8.0082
61 76.3216 5.3033
62 61.7566 7.8302
63 75.7279 6.7202
64 66.742 7.2627
65 68.7698 11.0435
66 77.1399 11.4282
67 78.7183 15.7462
68 91.6832 12.1505
69 74.3792 11.0974
70 76.8521 7.6746
71 73.0449 10.086
72 72.7796 11.6013
73 71.7823 9.6915
74 60.9211 9.7308
75 55.9787 13.1806
76 48.3454 12.7096
77 66.2486 7.1969
78 72.7304 7.5247
79 58.6915 8.0104
80 64.3177 9.3118
81 57.0445 10.8165
82 0 0
83 0 0
84 80.7522 7.2775
85 79.4333 7.569
86 87.1713 7.4075
87 86.1404 7.7367
88 73.3825 6.3737
89 98.549 8.0681
90 75.3154 8.4693
91 87.2317 7.2373
92 85.8478 6.5078
93 83.3913 9.2974
94 93.5179 7.4151
95 81.8761 7.1176
96 94.9422 7.4675
97 81.4855 8.3527
98 91.1867 6.9665
99 76.3293 6.7646
100 69.3992 8.9354
101 61.9464 9.5019
102 86.3912 8.3646
103 0 0
104 0 0
105 60.0371 4.6396
106 68.2846 6.7939
107 73.3514 5.353
108 61.5761 6.4028
109 80.4705 4.2852
110 74.5114 7.0205
111 81.1255 5.7497
112 75.7831 5.6757
113 77.0259 4.9453
114 93.1316 8.3038
115 74.0234 4.8738
116 82.2185 4.9518
117 89.2677 8.8043
118 80.0207 10.1564
119 73.5549 7.4954
120 97.8226 6.2349
121 78.478 5.756
122 97.7351 8.8658
123 87.5415 9.3001
124 0 0
125 0 0
126 86.9857 5.0447
127 82.6386 6.2482
128 83.1436 5.9815
129 67.6931 5.8868
130 76.4053 5.5234
131 74.0921 7.7726
132 75.6555 7.7586
133 74.5458 11.1513
134 66.5709 13.7824
135 66.8566 9.1839
136 72.3145 6.4619
137 73.4289 9.9336
138 66.5694 13.9266
139 73.4741 8.2613
140 74.5861 10.1704
141 73.8461 6.8149
142 71.9001 7.7421
143 66.0072 9.904
144 68.265 7.0656
145 64.8383 8.0789
146 69.1415 7.6974
147 72.9148 7.7059
148 69.3996 6.4671
149 74.5517 6.0859
150 72.0803 5.2917
151 79.6653 5.7864
152 67.1949 5.8861
153 77.5051 7.3512
154 71.2581 7.6484
155 62.1718 7.0334
156 83.1287 5.5762
157 82.4314 6.7604
158 72.4588 7.532
159 69.9374 7.0943
160 88.8106 7.6173
161 86.4405 8.5617
162 87.9912 7.4132
163 58.2108 8.7691
164 71.9543 9.999
165 58.7149 11.9521
166 58.195 6.8526
167 69.9446 12.283
168 69.6892 5.3251
169 57.7322 5.573
170 73.34 4.6767
171 57.8504 8.9431
172 74.7196 4.438
173 92.3723 8.7182
174 81.571 5.8134
175 79.8778 4.8219
176 78.9384 5.2156
177 86.3523 5.195
178 76.7769 4.8684
179 86.2398 4.4941
180 63.8569 12.1696
181 70.5336 7.491
182 59.9171 10.2034
183 78.1839 1.1086
184 66.155 7.0122
185 62.0179 13.4912
186 55.1094 8.6098
187 78.4596 15.8509
188 58.2288 9.8872
189 79.8146 7.2389
190 61.5615 8.5777
191 75.4001 7.1222
192 77.9982 9.1447
193 72.1856 10.6763
194 73.6988 9.8873
195 76.4559 6.7756
196 69.9057 7.6813
197 89.3046 9.1174
198 71.9674 9.1735
199 79.3287 8.2786
200 64.1884 8.5019
201 62.0397 12.3428
202 70.6695 6.8333
203 80.7256 9.1562
204 64.6174 11.3549
205 63.2521 6.902
206 77.9577 8.711
207 75.4879 5.5621
208 0 0
209 0 0
210 65.247 7.0245
211 63.7498 8.1539
212 78.6368 6.6088
213 70.8339 6.329
214 65.5981 5.993
215 82.0472 6.6855
216 72.2459 7.4914
217 72.236 7.9976
218 69.6362 5.4729
219 74.8677 6.5786
220 63.269 6.7594
221 70.9569 6.749
222 68.867 7.6699
223 62.5741 12.5
224 74.1236 7.477
225 66.8121 7.8575
226 81.0844 8.1758
227 81.0353 8.7891
228 74.1875 7.076
229 0 0
230 0 0
231 55.9923 10.6887
232 57.2995 7.7387
233 66.0881 7.1445
234 61.6413 12.0242
235 48.2258 16.4852
236 58.7375 9.8889
237 62.443 8.3359
238 71.7078 6.7273
239 83.9997 6.91
240 75.8135 9.8244
241 66.0581 6.9004
242 85.7171 5.9637
243 77.2641 11.0233
244 65.3909 9.174
245 78.6236 8.0667
246 79.3128 7.4203
247 70.1669 7.8149
248 81.8436 7.4113
249 66.6637 6.6022
250 0 0
251 0 0
