0 74.1334 8.5741
1 71.6485 7.1598
2 72.6748 7.0396
3 70.8982 8.4121
4 56.8765 7.3928
5 68.3749 11.2076
6 72.6592 10.4217
7 71.0445 9.801
8 76.2 10.7342
9 63.4545 10.0772
10 78.9763 8.0538
11 75.1337 7.4476
12 71.7296 9.1153
13 76.3973 11.3068
14 66.6398 7.5151
15 71.3081 8.3264
16 68.7447 8.7463
17 74.9218 9.7123
18 73.8366 7.5741
19 73.3955 7.1365
20 73.1003 8.7664
21 76.1999 6.4678
22 73.6849 8.6783
23 62.0313 6.3398
24 77.5346 6.1661
25 77.4342 8.656
26 82.1104 10.0052
27 87.2951 10.2745
28 76.3579 8.8304
29 59.5462 12.1505
30 63.3497 9.2299
31 75.7302 7.8064
32 69.0262 5.1289
33 63.7552 8.7159
34 77.5311 7.6964
35 69.4924 11.4251
36 68.3669 7.7233
37 71.1623 7.1457
38 69.1441 7.765
39 71.0403 7.5844
40 67.9151 7.1514
41 68.3126 6.8586
42 67.5018 7.0948
43 84.2825 6.0887
44 72.538 7.4761
45 75.3385 9.1897
46 71.1915 8.3123
47 59.8974 7.1293
48 79.9144 8.7654
49 66.2491 8.6293
50 69.0439 5.9415
51 78.1384 9.2564
52 74.1279 9.6447
53 75.2726 6.9018
54 67.8361 13.434
55 61.0117 14.4966
56 84.573 5.5327
57 61.9989 13.4617
58 72.2284 8.5337
59 68.5156 11.1736
60 74.7804 8.9593
61 75.9672 5.6332
62 61.1926 8.4332
63 75.3821 7.3602
64 65.7386 8.026
65 68.0569 12.1741
66 76.9326 12.8212
67 78.3776 14.4708
68 91.099 13.7888
69 73.454 12.8128
70 76.378 8.6084
71 72.519 11.4385
72 72.3875 12.7465
73 71.0117 10.7548
74 60.5407 10.997
75 56.5801 12.2386
76 48.2357 13.285
77 65.8574 7.9779
78 72.4663 8.7038
79 58.1556 8.5249
80 63.9439 10.3325
81 56.2037 11.7146
82 0 0
83 0 0
84 80.3058 7.697
85 79.0148 8.1324
86 86.915 8.047
87 85.7341 8.4686
88 73.0569 6.8087
89 98.4084 8.7395
90 74.991 9.6961
91 86.8297 7.8629
92 85.1911 7.0605
93 83.3339 9.661
94 93.0475 7.9743
95 81.7606 7.4985
96 94.2713 7.7823
97 81.3313 9.0304
98 90.689 7.259
99 76.4073 7.2182
100 68.9734 9.754
101 61.4917 10.4409
102 86.0981 9.013
103 0 0
104 0 0
105 59.5989 5.1195
106 67.9815 7.5178
107 72.7559 5.9241
108 61.1665 6.9371
109 80.3921 4.6871
110 74.2334 7.726
111 80.74 6.4882
112 75.6165 6.1106
113 76.7444 5.5308
114 92.8587 8.9624
115 73.6037 5.4072
116 81.84 5.3187
117 88.8251 9.3372
118 80.1668 11.0588
119 73.1895 8.0395
120 97.4138 6.649
121 77.9242 6.1692
122 97.4777 9.3766
123 87.7255 9.8967
124 0 0
125 0 0
126 83.8466 5.498
127 79.4771 7.0014
128 80.237 6.7798
129 64.6413 6.7404
130 72.8901 6.2147
131 123.012 11.6107
132 72.8421 9.2128
133 71.7567 11.2191
134 62.9961 14.8657
135 63.5428 10.7472
136 69.4731 7.2552
137 71.3541 11.1603
138 63.6448 16.253
139 71.357 9.4579
140 72.4917 11.2849
141 72.5004 7.6006
142 69.4665 8.5454
143 63.4276 11.1038
144 66.2511 7.9811
145 62.355 9.3486
146 67.0805 8.7436
147 72.8567 8.5261
148 69.4056 6.9987
149 74.8307 6.5839
150 72.2098 5.6865
151 79.7009 6.4578
152 67.5251 6.4432
153 78.0184 7.8808
154 71.4429 8.2694
155 62.636 7.4672
156 83.6208 6.0242
157 83.0124 7.4096
158 72.6194 8.0839
159 70.6187 7.6771
160 89.2692 8.1921
161 86.9074 8.911
162 88.3783 7.833
163 58.6045 9.1941
164 72.0229 10.8808
165 59.0113 12.813
166 58.4488 7.5209
167 70.1245 13.7449
168 69.7707 5.5692
169 57.6233 5.9107
170 73.6155 4.9351
171 58.3244 9.4058
172 74.7799 4.6542
173 92.7124 9.4943
174 81.5809 6.2256
175 80.1042 5.1094
176 78.9748 5.6738
177 86.5997 5.5757
178 76.8666 5.1909
179 86.6294 4.8235
180 65.0726 13.0777
181 71.7338 8.2402
182 61.1317 10.7534
183 79.2704 1.2142
184 67.4158 7.4485
185 63.3995 15.0056
186 56.4513 8.9972
187 79.2364 16.2588
188 58.5368 10.7678
189 80.3753 7.28
190 62.13 9.1222
191 75.6136 7.4188
192 78.2254 10.2408
193 72.6009 11.8772
194 73.6446 11.2295
195 76.4946 7.5522
196 69.9553 8.7065
197 89.9292 10.1291
198 72.0067 10.2404
199 80.0067 8.9392
200 64.5028 9.2879
201 62.2885 12.2828
202 70.5009 7.7739
203 80.9253 9.8454
204 64.7237 12.1916
205 63.3867 7.4569
206 78.0936 9.3618
207 75.6544 5.825
208 0 0
209 0 0
210 65.0726 7.779
211 63.8421 8.7271
212 78.9648 7.0979
213 70.9544 7.0596
214 65.742 6.6373
215 82.1599 7.4368
216 72.3307 8.3025
217 72.2771 9.3178
218 69.4852 6.2598
219 75.1478 7.372
220 63.3564 7.6364
221 71.1691 7.5787
222 68.6751 8.4231
223 62.2088 13.7616
224 73.7036 8.3711
225 66.6507 8.961
226 81.1886 8.6251
227 81.3385 9.2179
228 74.6728 7.4267
229 0 0
230 0 0
231 54.9093 11.8311
232 56.8501 8.7379
233 66.2436 7.9923
234 62.3522 12.983
235 51.3838 14.8487
236 58.5405 11.081
237 62.3097 9.2556
238 71.94 7.3951
239 84.3987 7.7296
240 75.9481 10.7834
241 65.9615 7.8901
242 86.1084 6.5809
243 77.5473 12.1521
244 65.329 9.9855
245 78.736 8.508
246 79.6931 7.8092
247 70.2979 8.1081
248 82.2074 7.5773
249 66.7961 6.9781
250 0 0
251 0 0
