0 74.2489 8.5738
1 71.2078 7.2318
2 72.5117 7.084
3 70.4249 8.3885
4 57.3007 7.3522
5 68.3968 11.2666
6 72.6292 10.4349
7 70.6726 9.9661
8 76.0433 10.9577
9 63.1179 10.3993
10 78.8029 8.1459
11 74.933 7.6069
12 71.4997 9.3111
13 76.2985 11.4567
14 66.4921 7.6242
15 71.3259 8.5283
16 68.7021 8.7489
17 74.7799 9.6128
18 73.6836 7.4575
19 73.3166 7.126
20 72.9898 8.7909
21 76.267 6.5531
22 73.5659 8.6932
23 62.0264 6.3241
24 77.3641 6.1205
25 77.6876 8.6387
26 82.1353 10.0618
27 87.4537 10.3374
28 76.1622 8.7322
29 59.8266 12.3455
30 63.1777 9.4379
31 75.8157 8.1457
32 68.98 5.3696
33 63.6403 8.9913
34 77.4519 7.9885
35 69.379 11.7298
36 68.3628 7.9651
37 71.2352 7.2856
38 69.0158 7.8955
39 70.9021 7.7654
40 67.948 7.335
41 68.2331 7.1065
42 67.2529 7.038
43 84.2203 6.1396
44 72.3679 7.3674
45 75.4893 9.1984
46 71.4685 8.1066
47 60.3193 6.918
48 80.0491 8.5816
49 66.4482 8.4253
50 69.0596 5.7959
51 78.2716 9.1725
52 74.2685 9.559
53 75.3542 6.8391
54 68.1397 13.4005
55 60.777 14.5888
56 84.5247 5.6287
57 61.8293 13.5149
58 72.2192 8.529
59 68.4892 11.1049
60 74.7288 8.9474
61 75.9439 5.6622
62 61.0835 8.3717
63 75.3761 7.3889
64 65.7224 8.1405
65 67.9989 12.214
66 76.7131 12.7675
67 78.2392 14.4914
68 90.9041 13.7866
69 73.2144 12.908
70 76.1295 8.6384
71 72.2958 11.5526
72 72.3076 12.8065
73 70.7404 10.7633
74 60.3113 10.9465
75 56.5916 12.096
76 49.2298 12.6418
77 65.9318 7.9158
78 72.5427 8.5754
79 58.2352 8.3494
80 64.1522 9.9924
81 56.9093 11.1225
82 0 0
83 0 0
84 80.3589 7.7018
85 78.9584 8.0748
86 86.9422 7.8486
87 85.593 8.3573
88 72.9966 6.718
89 98.31 8.5469
90 74.9485 9.5171
91 86.878 7.7131
92 85.2153 7.0221
93 83.0154 9.7638
94 92.9085 8.093
95 81.535 7.5472
96 94.3538 7.7004
97 81.3133 9.1319
98 90.872 7.2851
99 76.177 7.2657
100 68.855 9.6988
101 61.6615 10.327
102 86.3088 8.91
103 0 0
104 0 0
105 59.6731 5.0768
106 67.9817 7.4263
107 72.5934 5.8576
108 61.061 6.8341
109 80.2463 4.6186
110 74.185 7.5645
111 80.7317 6.3443
112 75.5717 6.098
113 76.7221 5.4624
114 92.8538 8.9593
115 73.6304 5.338
116 81.7477 5.2974
117 88.9586 9.3883
118 80.0211 11.0057
119 73.0739 8.0967
120 97.3931 6.6507
121 77.9116 6.0869
122 97.1701 9.3902
123 87.6828 9.8452
124 0 0
125 0 0
126 86.6296 5.5091
127 82.3109 7.0973
128 82.9765 6.8435
129 67.5789 6.5964
130 75.7613 6.15
131 73.8492 9.2062
132 75.0229 9.1007
133 74.2334 11.081
134 65.8885 14.7877
135 65.8467 11.0395
136 71.6431 7.3469
137 73.1119 11.3259
138 65.843 16.1841
139 72.8519 9.674
140 74.3286 11.5038
141 73.8371 7.7482
142 71.5683 8.4121
143 65.5503 10.8704
144 67.895 7.8675
145 64.356 9.1431
146 68.8729 8.5095
147 72.5957 8.719
148 68.8937 7.0867
149 74.3284 6.6547
150 71.634 5.7479
151 79.1078 6.5444
152 66.9403 6.5625
153 77.3032 7.9612
154 70.8127 8.4003
155 61.7965 7.587
156 82.7817 6.1728
157 82.3677 7.4561
158 71.8828 8.3151
159 69.8082 7.9091
160 88.5694 8.3894
161 86.1879 9.0839
162 87.8022 7.9524
163 58.0634 9.1734
164 71.3662 10.8952
165 59.0952 12.4367
166 57.9418 7.5333
167 69.5356 13.805
168 69.3171 5.6659
169 57.0477 6.0063
170 73.1609 4.9819
171 58.0126 9.4082
172 74.2858 4.6432
173 92.1574 9.5274
174 81.1128 6.2582
175 79.4791 5.2104
176 78.4522 5.641
177 86.144 5.6472
178 76.3202 5.2802
179 85.8833 4.8621
180 63.2509 13.2189
181 70.102 8.2802
182 59.3351 10.9326
183 78.2546 1.101
184 65.5874 7.5478
185 61.8764 15.1349
186 54.311 9.3078
187 77.78 16.4004
188 57.7753 10.8481
189 79.503 7.0799
190 61.1884 9.0951
191 74.8931 7.3925
192 77.252 10.4876
193 71.7755 12.0746
194 72.7422 11.4372
195 75.5844 7.7502
196 69.189 8.9525
197 89.0197 10.3681
198 71.2399 10.6449
199 78.9716 9.1863
200 64.2754 9.285
201 61.9631 11.9715
202 70.2158 7.8435
203 80.371 9.8413
204 64.3245 12.5067
205 63.1512 7.5446
206 78.0611 9.4124
207 75.2216 5.9069
208 0 0
209 0 0
210 64.6908 7.9198
211 63.6158 8.8139
212 78.7945 7.1061
213 70.6229 7.1109
214 65.2077 6.5758
215 81.8643 7.4037
216 71.8794 8.285
217 71.9992 9.2178
218 69.1386 6.0977
219 74.8525 7.205
220 62.9944 7.4621
221 70.7534 7.3867
222 68.3136 8.2337
223 62.0747 13.3879
224 73.3253 8.2474
225 66.2913 8.7324
226 80.6423 8.6461
227 80.7641 9.2642
228 74.041 7.3084
229 0 0
230 0 0
231 53.8412 11.9556
232 55.9098 8.8735
233 65.4471 8.009
234 61.706 13.1823
235 50.914 14.7569
236 58.0853 10.9586
237 61.8189 9.3788
238 71.1921 7.2884
239 83.559 7.5303
240 75.1917 10.5525
241 65.2225 7.7498
242 85.3866 6.3836
243 76.93 11.9391
244 64.8241 9.6886
245 78.2035 8.4316
246 79.5825 8.108
247 69.7949 8.4608
248 82.1127 7.8004
249 66.7078 7.2995
250 0 0
251 0 0
