0 73.9017 8.8251
1 71.3394 7.3554
2 72.5802 7.2184
3 70.6188 8.5208
4 56.6775 7.5549
5 68.2911 11.4493
6 72.3836 10.677
7 71.0017 9.9898
8 76.1723 10.8877
9 63.4282 10.2776
10 78.8851 8.1719
11 75.2825 7.5093
12 71.5862 9.1095
13 76.3383 11.3937
14 66.5263 7.5397
15 71.3729 8.4333
16 68.4882 8.8116
17 74.9074 9.6868
18 73.7112 7.6321
19 73.6392 7.2979
20 72.6279 8.9085
21 76.2338 6.5568
22 73.5803 8.6669
23 62.1457 6.2679
24 77.3595 6.1078
25 77.6218 8.6672
26 82.0917 10.0549
27 87.5521 10.3083
28 76.2322 8.725
29 59.6614 12.3899
30 63.323 9.3554
31 75.92 8.1099
32 69.0238 5.2128
33 63.9161 8.8094
34 77.4554 8.0328
35 69.3174 11.6142
36 68.2029 7.9805
37 71.2328 7.3448
38 69.1011 7.8848
39 70.8874 7.8962
40 67.9284 7.2733
41 68.1996 7.1603
42 67.3617 7.195
43 84.2585 6.1857
44 72.3608 7.4594
45 75.4389 9.2609
46 71.4544 8.0646
47 60.2876 6.9275
48 80.1776 8.7123
49 66.35 8.4344
50 69.2038 5.8526
51 78.3763 9.0497
52 74.1212 9.4498
53 75.2519 6.8289
54 68.0354 13.3223
55 60.9559 14.6265
56 84.5729 5.5553
57 62.0347 13.4696
58 72.2192 8.5405
59 68.5456 11.1155
60 74.7356 8.9209
61 75.8606 5.7282
62 61.1102 8.3841
63 75.4035 7.4375
64 65.4521 8.0807
65 68.1226 12.2149
66 76.8526 13.0217
67 78.572 14.4002
68 90.9911 13.9637
69 73.3872 13.0296
70 76.0149 8.7339
71 72.3077 11.6997
72 72.0746 13.0516
73 71.1479 10.8697
74 60.4288 10.8646
75 56.4052 12.233
76 49.4307 12.705
77 65.8603 7.8467
78 72.4471 8.5397
79 58.2709 8.2714
80 64.0504 10.0483
81 56.9925 11.1133
82 0 0
83 0 0
84 80.3254 7.7426
85 78.9489 8.1604
86 86.9205 8.05
87 85.6411 8.3565
88 72.9639 6.7896
89 98.3718 8.6479
90 74.9932 9.5791
91 86.7633 7.6621
92 85.2686 6.9717
93 83.1899 9.7439
94 93.0561 7.9825
95 81.6872 7.4642
96 94.3065 7.6996
97 81.5259 8.9261
98 90.8169 7.2619
99 76.4635 7.099
100 68.8275 9.8623
101 61.4363 10.5581
102 86.2528 8.9243
103 0 0
104 0 0
105 59.7083 5.0299
106 67.9576 7.3528
107 72.6578 5.8294
108 61.137 6.8983
109 80.2948 4.5677
110 74.2625 7.5977
111 80.8155 6.3413
112 75.668 6.0593
113 76.7518 5.4032
114 92.8594 8.8672
115 73.6541 5.3549
116 81.938 5.2943
117 88.9778 9.2531
118 80.2149 10.937
119 73.2956 8.0598
120 97.5293 6.6421
121 78.0341 6.1142
122 97.2371 9.2323
123 87.5842 9.7039
124 0 0
125 0 0
126 86.5554 5.5459
127 82.3246 7.0594
128 82.9984 6.8086
129 67.4423 6.6354
130 75.8058 6.1327
131 73.7609 9.1518
132 75.1037 9.1688
133 74.1484 11.0873
134 66.0935 14.5065
135 66.1947 10.731
136 71.6955 7.2749
137 73.4187 11.151
138 65.8793 15.9506
139 72.9952 9.4396
140 74.1775 11.3165
141 73.8798 7.6506
142 71.5269 8.5096
143 65.2867 10.8891
144 67.9632 7.9466
145 64.3277 9.2574
146 68.9305 8.5775
147 72.4551 8.6121
148 68.9234 7.1018
149 74.3546 6.652
150 71.7035 5.7087
151 79.1402 6.5899
152 66.9856 6.5664
153 77.458 7.9881
154 70.8329 8.4396
155 61.8475 7.6652
156 82.9286 6.1307
157 82.3776 7.484
158 71.8982 8.2571
159 69.828 7.8838
160 88.7348 8.3439
161 86.3073 8.9892
162 87.8242 7.9302
163 57.7442 9.5843
164 71.3235 11.1998
165 58.4654 13.1927
166 57.8898 7.7306
167 69.5714 14.1879
168 69.5188 5.5954
169 57.2024 5.993
170 73.1603 4.8737
171 58.1869 9.2185
172 74.379 4.6168
173 92.2274 9.4587
174 81.1312 6.2757
175 79.5445 5.1513
176 78.4217 5.7316
177 86.0853 5.6274
178 76.2872 5.2984
179 86.0574 4.8799
180 63.5433 12.6864
181 70.2502 8.0268
182 59.7309 10.5055
183 78.1891 1.1334
184 65.9187 7.3611
185 62.0959 14.5641
186 54.8424 8.9266
187 78.0087 15.7492
188 57.6597 10.9564
189 79.5623 7.2245
190 61.2491 9.109
191 74.9128 7.4254
192 77.5463 10.2439
193 71.868 11.7836
194 72.8933 11.2794
195 75.743 7.5566
196 69.1344 8.7097
197 89.078 10.0831
198 71.3438 10.2915
199 78.9654 8.9826
200 64.2447 9.4689
201 62.0258 12.0618
202 70.068 7.9434
203 80.3755 9.9315
204 64.2713 12.6091
205 62.9695 7.5639
206 77.9376 9.3509
207 75.289 5.9079
208 0 0
209 0 0
210 64.6755 7.8437
211 63.7636 8.7302
212 78.655 7.0345
213 70.6317 6.9857
214 65.0217 6.5773
215 81.7552 7.3967
216 71.6919 8.2728
217 72.0228 9.1856
218 69.1712 6.1269
219 74.5836 7.2626
220 62.9358 7.6275
221 70.6674 7.5546
222 68.1946 8.4556
223 61.8476 13.7241
224 73.5027 8.4305
225 66.1981 8.9895
226 80.6006 8.4558
227 81.0099 9.0681
228 74.243 7.1152
229 0 0
230 0 0
231 54.2147 11.8373
232 56.119 8.8169
233 65.3446 7.8894
234 61.967 12.9456
235 50.1971 15.1021
236 58.1729 10.9311
237 61.6681 9.307
238 71.2241 7.3083
239 83.5849 7.5697
240 75.3449 10.6677
241 65.2847 7.6944
242 85.5939 6.4252
243 76.947 11.9349
244 64.9283 9.6051
245 78.2013 8.4301
246 79.9072 7.6915
247 70.3898 7.9668
248 82.325 7.425
249 67.0905 6.8629
250 0 0
251 0 0
