0 75.1421 8.9492
1 72.3844 7.5332
2 73.6257 7.3424
3 71.4318 8.6809
4 58.4652 7.5767
5 69.726 11.565
6 73.7478 10.8207
7 71.9182 10.168
8 77.2654 11.375
9 64.6313 10.6197
10 80.1208 8.4594
11 76.1366 7.8298
12 72.782 9.6108
13 77.3118 11.8408
14 67.5219 7.9166
15 72.3105 8.8513
16 69.8552 8.932
17 75.8599 9.8704
18 74.7735 7.796
19 74.4306 7.5265
20 74.1766 8.9239
21 76.8145 6.8419
22 74.0834 9.112
23 62.7318 6.5223
24 77.8805 6.3143
25 78.2767 8.9823
26 82.9476 10.1509
27 88.1317 10.3013
28 76.8654 8.6315
29 60.4926 12.8047
30 64.0764 9.7722
31 76.6253 8.5766
32 69.7557 5.464
33 64.6645 9.2802
34 78.1816 8.3515
35 69.9976 11.6004
36 68.8128 8.3413
37 71.7096 7.6938
38 69.6586 8.2656
39 71.3847 8.2243
40 68.4402 7.6042
41 68.567 7.4626
42 68.038 7.5248
43 84.8925 6.555
44 72.9254 7.816
45 75.9395 9.2951
46 71.8217 8.5448
47 60.6349 7.3054
48 80.6879 9.1671
49 67.0349 8.9116
50 69.8391 6.2422
51 78.8487 9.6049
52 74.7535 9.495
53 75.7795 7.1958
54 68.9758 12.9294
55 62.5642 13.7336
56 85.3809 5.8547
57 63.1984 13.2016
58 73.0361 8.8457
59 69.1944 11.6206
60 75.4547 9.5374
61 76.6112 5.972
62 62.6607 8.9003
63 76.3307 7.5393
64 66.7452 8.2057
65 69.1158 11.8676
66 77.9575 12.5365
67 79.1376 13.6553
68 92.0535 13.4416
69 74.2281 13.147
70 77.7102 8.8464
71 73.6178 12.0314
72 73.62 12.9361
73 72.1674 11.0294
74 60.7795 10.9335
75 57.212 11.8829
76 50.5298 12.3362
77 66.1645 8.5826
78 72.9338 9.3499
79 58.4884 8.9674
80 64.3608 10.7987
81 57.2217 12.1011
82 0 0
83 0 0
84 81.0434 7.9618
85 79.5982 8.4221
86 87.5571 8.29
87 86.3436 8.839
88 73.7439 7.0566
89 99.2702 8.9852
90 75.7406 10.0851
91 87.4146 7.9759
92 86.1084 7.3802
93 84.0767 10.1519
94 93.7062 8.3904
95 82.4722 7.9497
96 94.9391 8.1122
97 82.0445 9.4761
98 91.2878 7.6487
99 77.0533 7.6796
100 69.6571 10.1209
101 62.3132 10.7711
102 86.7977 9.6203
103 0 0
104 0 0
105 54.8945 5.9353
106 63.3394 8.2085
107 68.0964 6.7632
108 56.0097 7.9747
109 75.6822 5.561
110 69.4155 8.9149
111 712.249 121.051
112 70.4873 6.6824
113 71.8899 5.9812
114 88.2361 9.3285
115 70.1646 5.793
116 78.4925 5.7195
117 85.7687 9.7417
118 77.1824 11.1479
119 70.2562 8.7879
120 93.7761 7.2054
121 74.3725 6.6369
122 93.788 10.1206
123 84.323 10.6427
124 0 0
125 0 0
126 86.622 5.6969
127 82.4075 7.3712
128 82.9485 7.1504
129 67.4123 6.905
130 75.8293 6.4286
131 73.7734 9.4804
132 75.3724 9.2373
133 74.3153 10.9505
134 66.1293 14.0989
135 66.2714 11.0579
136 71.8386 7.6403
137 73.2521 11.5807
138 65.8819 15.8363
139 72.9576 9.8911
140 73.9632 11.7197
141 73.7882 7.9111
142 71.2235 8.9676
143 65.3205 11.3745
144 67.8068 8.4367
145 64.2042 9.8619
146 68.8461 9.0588
147 72.357 8.9807
148 68.6413 7.5255
149 74.1743 7.0191
150 71.4624 6.0721
151 78.9539 6.9911
152 66.8861 7.0887
153 77.2285 8.5912
154 70.6825 9.0194
155 61.8964 8.0107
156 82.8799 6.4866
157 82.2476 7.9523
158 72.0483 8.6302
159 69.8837 8.3022
160 88.7787 8.7339
161 86.2996 9.4148
162 87.922 8.2015
163 57.9559 9.5092
164 71.2768 11.1978
165 58.8528 13.0278
166 57.9941 7.8099
167 69.5825 13.944
168 69.319 5.9463
169 57.0907 6.3348
170 73.1295 5.2701
171 57.8219 9.7647
172 74.5596 4.99
173 92.1036 10.0967
174 81.0317 6.661
175 79.3919 5.5145
176 78.4787 6.0815
177 85.9948 6.0532
178 76.3435 5.639
179 85.8526 5.1489
180 63.0464 13.3264
181 70.0242 8.4232
182 59.4478 10.8846
183 78.1423 1.073
184 65.466 7.624
185 61.901 15.186
186 54.6621 9.2422
187 77.8832 15.6555
188 57.4586 11.3251
189 79.6098 7.0225
190 61.2941 9.4751
191 74.9231 7.8012
192 77.4068 10.6604
193 71.9305 11.7555
194 73.1629 11.6126
195 75.8439 7.8697
196 68.9332 9.0722
197 89.1789 10.5259
198 71.305 10.724
199 79.1224 9.4863
200 63.7921 9.84
201 62.1017 11.9895
202 69.8977 8.346
203 80.3651 10.3498
204 63.5361 13.1232
205 62.7326 7.9499
206 77.6065 9.9182
207 75.2355 6.2545
208 0 0
209 0 0
210 64.7082 8.0411
211 63.4999 8.9626
212 78.5014 7.325
213 70.5103 7.2342
214 65.2172 6.7441
215 81.8863 7.5694
216 71.9015 8.4333
217 71.7597 9.3569
218 69.1836 6.4009
219 74.6247 7.5341
220 62.8312 7.9894
221 70.6644 7.9493
222 68.1102 8.7716
223 61.7754 13.7238
224 73.3558 8.8324
225 66.2689 9.3732
226 80.7075 9.0072
227 80.8695 9.7449
228 74.0619 7.7697
229 0 0
230 0 0
231 54.0216 11.7096
232 55.7272 9.1955
233 65.0394 8.3943
234 61.4382 13.087
235 50.8517 14.2301
236 57.4236 11.6239
237 61.5837 9.6512
238 70.9273 7.6496
239 83.3989 7.9251
240 75.2197 10.3577
241 65.129 8.0681
242 85.2658 6.7217
243 76.8286 11.6801
244 64.5197 10.0355
245 77.9433 8.893
246 79.6376 8.3242
247 69.9053 8.6682
248 81.9018 8.0918
249 66.6184 7.5604
250 0 0
251 0 0
