0 74.4265 8.9882
1 71.4724 7.7216
2 72.8405 7.3936
3 70.497 8.721
4 57.4768 7.6424
5 68.5565 11.7152
6 72.8762 10.9428
7 70.7093 10.25
8 76.1615 11.4667
9 63.3625 10.7554
10 79.0186 8.5422
11 75.184 7.9633
12 71.6625 9.6444
13 76.3498 12.0873
14 66.479 7.9719
15 71.2926 8.9609
16 69.0321 8.995
17 74.9128 9.9991
18 73.9573 7.888
19 73.6279 7.5847
20 73.1488 9.137
21 76.0935 6.8226
22 73.4937 9.1913
23 62.0087 6.6877
24 77.4029 6.4525
25 77.5235 9.1489
26 82.1149 10.1049
27 87.5171 10.4087
28 76.2178 8.6499
29 59.5932 12.4196
30 63.4111 9.4878
31 75.6854 8.2505
32 69.0242 5.5975
33 63.8867 9.0028
34 77.5731 8.2101
35 69.5228 11.2002
36 68.3208 8.2158
37 70.9827 7.5987
38 69.0145 8.1148
39 70.7972 8.1251
40 68.0374 7.5176
41 68.1091 7.3472
42 67.4058 7.5551
43 84.2571 6.5795
44 72.2764 7.9374
45 75.3187 9.2462
46 71.3945 8.6327
47 60.0774 7.4235
48 80.1914 9.2324
49 66.4017 9.0253
50 69.1903 6.2487
51 78.36 9.6433
52 74.2637 9.511
53 75.2401 7.2551
54 68.3468 12.7225
55 61.3608 13.6793
56 84.5221 5.8515
57 62.3381 13.1136
58 72.3678 8.904
59 68.4648 11.6859
60 74.767 9.2993
61 76.0089 6.0324
62 61.118 8.9964
63 75.5787 7.5221
64 66.0305 8.0573
65 68.2363 11.9291
66 77.0269 12.6137
67 78.2918 13.8428
68 91.2389 13.5505
69 73.3593 13.3009
70 76.2567 8.9361
71 72.4619 12.1127
72 72.5099 12.9658
73 71.1159 11.2809
74 60.4214 10.3688
75 57.1079 11.2845
76 49.5127 12.0576
77 65.7611 8.2555
78 72.4678 9.0138
79 57.9927 8.7038
80 63.8244 10.6414
81 56.2379 11.9636
82 0 0
83 0 0
84 80.5457 8.0367
85 78.7887 8.5558
86 86.9402 8.3685
87 85.3725 8.8003
88 73.3587 7.1685
89 98.4916 9.107
90 75.1608 10.1289
91 86.6895 8.1748
92 85.1788 7.5389
93 83.1508 10.6187
94 93.0144 8.7733
95 81.6519 8.2801
96 94.39 8.5038
97 81.2269 10.0056
98 90.7883 7.8658
99 76.2109 7.9438
100 68.9688 10.3391
101 61.6123 10.7645
102 86.1238 9.5975
103 0 0
104 0 0
105 59.6233 5.3756
106 67.9343 7.7278
107 72.729 6.3306
108 61.2988 7.2944
109 80.3325 4.9596
110 74.2799 8.2147
111 81.0091 0.446
112 75.5359 6.5811
113 76.593 5.9854
114 92.6852 9.2709
115 73.5644 5.8857
116 81.9707 5.8665
117 88.9436 9.8455
118 80.1065 11.0811
119 73.1283 8.785
120 97.36 7.3583
121 77.7749 6.704
122 97.2638 10.3211
123 87.4751 10.7856
124 0 0
125 0 0
126 86.7605 5.682
127 82.5316 7.3241
128 83.1106 7.0068
129 67.5135 6.7636
130 75.948 6.3999
131 73.9936 9.3593
132 75.2979 9.1886
133 74.5894 10.7209
134 66.6851 13.7868
135 66.5033 10.9193
136 72.1285 7.6017
137 73.4914 11.5994
138 66.0975 15.7691
139 73.2187 9.8681
140 74.2023 11.7651
141 73.9755 7.9564
142 71.5023 8.9947
143 65.2727 11.326
144 67.7669 8.5349
145 64.3363 9.7151
146 68.9193 9.131
147 72.646 8.9201
148 68.9297 7.3777
149 74.385 6.8735
150 71.6171 6.0111
151 79.1659 6.9278
152 67.0309 7.1591
153 77.4826 8.383
154 70.8888 8.8997
155 62.0157 7.9781
156 82.8572 6.4681
157 82.241 7.9108
158 72.0473 8.7016
159 70.1724 8.3603
160 88.78 8.7433
161 86.35 9.5589
162 87.9454 8.3099
163 57.9983 9.8823
164 71.3196 11.6749
165 58.2649 13.5691
166 57.6757 8.0584
167 69.1649 14.6968
168 69.3543 6.0441
169 56.9923 6.3999
170 73.1158 5.21
171 57.9966 9.6494
172 74.4643 5.0337
173 91.9906 9.9246
174 81.0867 6.7473
175 79.3768 5.5803
176 78.3982 6.1384
177 86.1013 6.0346
178 76.3621 5.6357
179 85.9072 5.2207
180 63.1527 13.2925
181 70.1697 8.7864
182 59.5849 11.281
183 78.24 1.6348
184 65.3934 8.0068
185 61.894 15.6853
186 54.275 9.6126
187 78.2061 15.5418
188 57.4862 11.537
189 79.7014 6.9796
190 62.1696 9.1097
191 74.9536 7.9128
192 77.5328 10.8045
193 71.7334 11.7242
194 73.0688 11.6016
195 75.9015 7.9698
196 69.1298 9.0692
197 89.1386 10.5628
198 71.2716 10.8463
199 79.0835 9.5262
200 64.1657 9.755
201 62.142 11.7328
202 70.1829 8.2909
203 80.5134 10.3721
204 64.2111 13.0253
205 63.0073 7.9886
206 77.8165 10.0352
207 75.3506 6.441
208 0 0
209 0 0
210 64.7451 7.9854
211 63.7773 8.9681
212 78.6375 7.4453
213 70.793 7.3393
214 64.8964 6.851
215 81.7427 7.6614
216 71.6259 8.4776
217 71.9981 9.4709
218 69.1511 6.367
219 74.6701 7.5125
220 62.9189 7.8853
221 70.5578 7.881
222 68.1508 8.8458
223 62.2676 13.1932
224 73.3743 8.8197
225 66.2841 9.4609
226 80.5891 9.1591
227 80.9555 10.0196
228 74.0737 8.0236
229 0 0
230 0 0
231 54.3166 11.6802
232 55.9556 9.2521
233 65.2958 8.5275
234 61.7521 12.998
235 51.5081 14.1168
236 57.7256 11.7088
237 61.6693 9.9658
238 70.8898 7.8774
239 83.7192 8.1732
240 75.1636 10.3387
241 65.2844 8.3863
242 85.0551 6.9302
243 76.8548 11.7345
244 64.2597 10.3696
245 78.0848 9.1376
246 79.5989 8.497
247 70.016 8.8555
248 82.0183 8.3423
249 66.7221 7.6645
250 0 0
251 0 0
