0 74.0653 9.6475
1 71.2349 8.1653
2 72.4436 7.7751
3 70.2594 9.3136
4 57.2842 7.9869
5 68.3936 12.227
6 72.7106 11.4706
7 70.5118 10.7429
8 75.9915 12.039
9 63.196 11.2235
10 78.6209 9.0829
11 75.1147 8.468
12 71.2956 10.3969
13 76.1479 12.6385
14 66.2988 8.5057
15 71.1671 9.4963
16 68.7114 9.4767
17 74.6082 10.4946
18 73.7538 8.4026
19 73.429 8.0338
20 72.8881 9.5228
21 76.2359 7.2344
22 73.311 9.1764
23 61.8935 6.9932
24 77.0442 6.7863
25 77.7684 9.7088
26 82.225 9.9889
27 87.5427 10.3041
28 76.179 8.7254
29 59.9346 11.7061
30 63.2047 9.9887
31 75.4796 8.8224
32 68.6937 5.6278
33 63.6154 9.6008
34 77.443 8.7501
35 69.4171 11.0696
36 68.1643 8.6958
37 70.9494 7.9301
38 69.1261 8.6631
39 70.8102 8.5426
40 68.1694 7.9699
41 68.053 7.8637
42 67.2861 7.9489
43 84.1477 6.7728
44 72.2645 8.2035
45 75.1999 9.2262
46 71.395 8.8161
47 60.0879 7.7524
48 80.2001 9.3071
49 66.422 9.0545
50 69.2394 6.6017
51 78.4092 9.4895
52 74.4663 9.4972
53 75.3666 7.5066
54 68.043 12.3058
55 61.1652 13.3893
56 84.3437 6.1343
57 62.5209 12.8775
58 71.7976 9.4673
59 68.2315 12.4194
60 74.3804 9.4734
61 75.9237 6.3529
62 60.8821 9.2985
63 75.4099 8.0165
64 65.6143 8.6614
65 68.3605 11.6749
66 76.5759 12.7537
67 78.1866 13.3634
68 90.7829 12.9868
69 72.9514 13.0933
70 75.8335 9.3761
71 72.1818 12.136
72 71.9356 13.0165
73 70.586 11.8067
74 60.8644 10.1752
75 57.3323 11.082
76 51.023 11.3847
77 66.0618 9.0592
78 72.8057 9.8351
79 58.4785 9.2643
80 64.2552 10.9199
81 57.4536 11.6548
82 0 0
83 0 0
84 80.4442 8.4058
85 78.6714 8.9395
86 86.7363 8.7272
87 85.118 9.1829
88 73.2025 7.5304
89 98.4043 9.3869
90 75.0874 10.5105
91 86.4748 8.4974
92 85.1336 7.6517
93 82.6888 10.7406
94 92.6908 8.8894
95 81.3237 8.3261
96 94.2074 8.5586
97 81.3601 10.1476
98 90.6879 8.1097
99 76.1658 8.0839
100 68.768 10.7415
101 61.6052 11.0654
102 86.2088 9.9536
103 0 0
104 0 0
105 59.6585 5.5825
106 68.006 7.6125
107 72.5174 6.5483
108 61.2519 7.6043
109 80.3054 5.1357
110 74.4433 8.3761
111 81.0106 0.4531
112 76.1182 6.9304
113 77.1542 6.3215
114 93.2866 9.3528
115 73.8776 6.15
116 82.5283 6.2125
117 89.413 9.9065
118 81.0867 10.9263
119 73.7834 9.461
120 97.0797 7.5161
121 77.5829 6.9742
122 97.167 10.5549
123 87.4937 10.9084
124 0 0
125 0 0
126 86.5838 6.1003
127 82.2475 7.9893
128 82.8579 7.414
129 67.4617 7.2095
130 75.6405 6.8444
131 73.7156 9.3563
132 75.2066 9.1034
133 74.1483 10.8289
134 66.8286 12.8678
135 66.1119 11.7509
136 71.8863 8.0654
137 73.2031 12.3088
138 66.2504 15.0295
139 72.7772 10.481
140 74.2143 11.8488
141 73.7966 8.5969
142 71.3658 9.3821
143 64.8413 12.0172
144 67.6511 8.955
145 64.3952 10.1224
146 68.6731 9.3521
147 72.7654 9.5024
148 68.8535 7.7032
149 74.3256 7.2393
150 71.6185 6.3895
151 78.9974 7.3451
152 67.0123 7.5574
153 77.3196 8.9185
154 70.8177 9.4365
155 61.7375 8.4348
156 82.6473 6.9318
157 82.3877 8.3937
158 71.7166 9.3107
159 69.9098 8.8504
160 88.7892 9.1911
161 86.2772 9.9493
162 87.6506 8.7447
163 57.8788 10.3164
164 70.9772 12.4558
165 58.6294 14.0043
166 57.6327 8.5714
167 69.3332 14.8967
168 69.1062 6.4042
169 56.9892 6.7086
170 73.0982 5.6075
171 57.745 9.7362
172 74.1863 5.2522
173 92.018 9.5549
174 80.8624 7.0787
175 79.3112 5.8672
176 78.1346 6.4455
177 86.0385 6.3092
178 76.0872 5.9125
179 85.7576 5.4271
180 63.1494 12.943
181 69.6241 9.1943
182 59.3333 11.5897
183 78.0876 1.0501
184 65.3298 8.3793
185 61.4598 15.9143
186 54.4404 9.9117
187 77.5997 15.3807
188 57.1798 12.1481
189 79.3033 6.6174
190 61.9693 8.9199
191 74.7802 8.2173
192 77.2354 11.3968
193 71.5769 11.7652
194 72.619 11.5268
195 75.4378 8.4784
196 68.6989 9.684
197 89.0657 10.7045
198 71.1031 10.9326
199 78.7314 10.1459
200 64.3518 10.2903
201 62.2874 11.5852
202 70.3054 8.7646
203 80.4622 10.2976
204 64.5004 12.9134
205 63.2119 8.2844
206 78.1266 10.4724
207 75.4358 6.6061
208 0 0
209 0 0
210 64.9168 8.4356
211 63.5854 9.4475
212 78.856 7.7238
213 70.7286 7.6911
214 65.4465 7.1613
215 82.1911 7.9607
216 72.2718 8.7829
217 72.1061 9.8082
218 69.0606 6.6882
219 74.759 7.9595
220 62.8588 8.3792
221 70.5178 8.3676
222 67.9804 9.2813
223 62.0064 13.541
224 73.3015 9.3647
225 66.2413 9.8706
226 80.5225 9.5812
227 80.8001 10.4263
228 73.8422 8.2375
229 0 0
230 0 0
231 54.1936 11.6622
232 56.0537 9.6634
233 65.0033 8.9584
234 62.0188 12.4807
235 51.5233 13.7983
236 58.0139 11.2092
237 61.4469 10.5056
238 70.7543 8.232
239 83.4533 8.467
240 74.9119 10.3973
241 64.8929 8.7263
242 84.9771 7.2021
243 76.848 11.6367
244 64.1955 10.719
245 77.9177 9.6283
246 79.3559 8.9743
247 69.5486 9.3842
248 81.8662 8.8373
249 66.3745 8.1569
250 0 0
251 0 0
