0 74.0989 9.1934
1 71.246 7.8818
2 72.5594 7.5398
3 70.1912 8.944
4 57.2847 7.7372
5 68.3488 11.8944
6 72.95 11.1408
7 70.5889 10.5253
8 76.4061 11.5343
9 63.3027 10.7706
10 79.0433 8.6347
11 75.1315 8.0349
12 71.4092 10.0465
13 76.1474 12.3775
14 66.2169 8.3661
15 71.1118 9.0397
16 68.4623 9.3988
17 74.9812 10.6543
18 73.6786 8.1296
19 73.4985 8.0965
20 72.7849 9.5373
21 76.0621 6.9675
22 73.6523 9.0521
23 61.883 6.7828
24 77.2602 6.5954
25 77.4701 9.2774
26 82.0332 10.0303
27 87.6449 10.3358
28 76.5726 8.3763
29 59.5285 12.24
30 63.1014 9.7541
31 75.617 8.4938
32 68.8973 5.7175
33 63.8775 8.9973
34 77.4148 8.6107
35 69.4273 11.1194
36 68.1964 8.6231
37 71.0355 7.732
38 69.0176 8.4921
39 71.1557 8.215
40 67.9122 7.7766
41 68.2477 7.4655
42 67.1398 7.7856
43 84.1438 6.6222
44 72.4721 7.9984
45 75.1489 9.1576
46 71.4211 8.4485
47 60.3849 7.4108
48 80.4381 9.2079
49 66.1856 8.9894
50 69.2714 6.1866
51 78.4683 9.3868
52 74.2739 9.2423
53 75.3006 7.0255
54 68.201 12.8443
55 61.6774 13.1626
56 84.3507 6.0968
57 62.1021 12.9717
58 72.0934 9.3492
59 68.4528 11.7029
60 74.4152 9.3414
61 75.9057 6.4129
62 60.6137 9.1784
63 75.1828 7.8301
64 65.1911 8.599
65 67.9305 12.0716
66 76.493 12.7483
67 77.7324 13.426
68 91.0412 13.6627
69 72.8331 13.5035
70 75.7892 9.1995
71 72.1459 12.1729
72 71.275 13.4244
73 70.3812 11.7604
74 60.6351 10.2273
75 56.6493 11.2888
76 51.1794 11.0514
77 65.9919 8.4955
78 72.7255 9.1789
79 58.241 8.9122
80 64.213 10.5675
81 56.9912 11.4907
82 0 0
83 0 0
84 80.0477 8.1976
85 78.7786 8.6894
86 86.7304 8.5543
87 85.6261 9.1411
88 72.6987 7.2715
89 98.5336 9.1985
90 74.9067 10.3506
91 86.6258 8.2188
92 85.0522 7.3297
93 83.117 10.4854
94 92.9661 8.5876
95 81.5348 8.1545
96 93.8658 8.279
97 81.0688 9.7266
98 90.4194 7.9729
99 76.3755 7.936
100 68.8643 10.5362
101 61.5855 10.9495
102 85.7668 9.7137
103 0 0
104 0 0
105 59.6495 5.3789
106 67.9719 7.5877
107 72.7737 6.3334
108 61.0245 7.1223
109 80.2583 5.0477
110 74.2524 8.2777
111 81.0013 0.4573
112 76.2161 6.65
113 76.9589 5.9472
114 93.1986 9.5155
115 73.9393 6.0576
116 82.4141 6.024
117 89.5269 9.8599
118 80.8831 11.2152
119 73.6759 9.225
120 97.1819 7.3402
121 77.529 6.729
122 96.8985 10.4982
123 87.3594 11.0079
124 0 0
125 0 0
126 86.3766 6.1329
127 81.9709 7.7846
128 82.8089 7.3156
129 67.3859 7.2326
130 75.8237 6.9171
131 73.6041 9.45
132 75.277 9.1682
133 74.1234 11.1323
134 66.2487 13.147
135 65.9043 11.5199
136 72.0235 8.0845
137 73.254 12.2116
138 66.3497 15.2819
139 72.6171 10.292
140 73.8381 11.9172
141 73.8817 8.2195
142 70.9238 9.4629
143 65.0582 11.7859
144 67.5708 8.6883
145 63.9527 10.1879
146 68.7439 9.3795
147 72.7166 9.2533
148 68.9937 7.4044
149 74.2587 6.8863
150 71.6602 6.2707
151 79.0552 7.0408
152 66.8516 7.3499
153 77.2565 8.5519
154 70.6273 9.0493
155 61.7836 8.1491
156 82.6332 6.7482
157 82.3847 8.1458
158 71.7759 8.9409
159 70.064 8.6566
160 88.7625 9.0393
161 85.9868 9.9226
162 87.6256 8.3729
163 58.1813 10.0735
164 70.9926 11.817
165 58.389 13.769
166 57.5999 8.3899
167 68.7134 15.1863
168 69.3447 6.2712
169 57.0908 6.6175
170 73.1983 5.4479
171 57.8941 9.5315
172 74.3019 5.0937
173 91.7373 9.6611
174 81.0085 6.9935
175 79.4734 5.6661
176 78.3523 6.2023
177 86.0169 5.9824
178 76.1526 5.8304
179 85.7799 5.3013
180 62.4822 13.8595
181 69.5668 9.2629
182 59.5202 11.5027
183 78.1358 1.1374
184 65.3824 8.4234
185 61.1965 16.1937
186 53.8893 10.1033
187 77.9705 15.7935
188 57.1411 11.8949
189 79.5271 6.7992
190 61.8563 8.9432
191 74.8632 8.2366
192 77.3167 10.8656
193 71.5492 11.814
194 72.9693 11.6217
195 75.6614 8.1288
196 68.7869 9.4378
197 89.1299 10.5074
198 70.961 10.9095
199 78.8743 9.6469
200 64.0584 9.9896
201 62.6291 11.3962
202 70.0414 8.3636
203 80.6385 10.3081
204 64.2426 12.9127
205 62.858 8.0891
206 77.7405 9.9437
207 75.4246 6.4417
208 0 0
209 0 0
210 64.71 8.2772
211 63.5563 9.0489
212 78.7329 7.622
213 70.6154 7.4155
214 65.3148 6.8726
215 81.872 7.8483
216 72.0672 8.6735
217 71.8865 9.6513
218 69.0561 6.4856
219 74.6417 7.6597
220 62.9648 8.4092
221 70.6631 8.1519
222 68.1949 8.9523
223 62.3707 13.0693
224 73.2656 9.0223
225 66.1824 9.4315
226 80.495 9.4219
227 80.7063 10.0878
228 74.0495 8.079
229 0 0
230 0 0
231 54.5225 11.476
232 55.6084 9.6003
233 65.5207 8.653
234 62.0793 12.2935
235 51.4692 13.6583
236 57.5951 11.7244
237 61.6089 10.0923
238 70.7978 7.8921
239 83.5905 8.108
240 75.2966 10.1856
241 65.1036 8.2069
242 85.0495 6.9351
243 76.6986 11.8125
244 64.3988 10.2858
245 78.1041 9.2385
246 78.9443 8.554
247 69.3127 8.7625
248 81.4472 8.4361
249 65.9227 7.6426
250 0 0
251 0 0
