0 75.9115 9.2554
1 73.2777 7.8707
2 74.5363 7.6462
3 72.4908 8.9598
4 59.4718 7.7524
5 70.5862 11.931
6 74.735 11.1689
7 72.7832 10.3854
8 78.3922 11.7236
9 65.7351 11.0811
10 81.3771 8.7941
11 77.3748 8.2005
12 73.8739 9.9467
13 78.3103 12.4013
14 68.418 8.1838
15 73.211 9.2199
16 70.8844 8.9871
17 76.9337 9.9148
18 75.8017 7.892
19 75.5774 7.5161
20 74.8042 9.0882
21 77.4273 6.9444
22 74.7694 9.1699
23 63.3269 6.7134
24 78.6077 6.4885
25 79.0039 9.1569
26 83.5164 10.1346
27 88.9042 10.3784
28 77.5536 8.6618
29 61.734 12.3931
30 64.8844 9.7519
31 77.455 8.4867
32 70.5063 5.4015
33 65.5228 9.2464
34 78.9095 8.3742
35 70.9121 11.3214
36 69.5356 8.3517
37 72.2217 7.8699
38 70.2598 8.4737
39 71.9633 8.3669
40 69.0556 7.7722
41 69.142 7.6114
42 63.3005 7.884
43 80.4716 6.6675
44 68.5218 8.1527
45 71.4732 9.4331
46 67.8233 8.84
47 56.1661 7.6516
48 76.4543 9.2787
49 62.0967 9.3497
50 77.2119 0.7721
51 74.3986 9.6117
52 71.5688 9.5412
53 72.772 7.4685
54 65.2659 12.7898
55 58.317 13.8084
56 82.0879 5.9546
57 59.6133 13.1022
58 69.878 9.2477
59 65.9208 12.0242
60 72.5753 9.5693
61 73.7047 6.0982
62 58.9212 9.336
63 77.2815 7.6411
64 67.6539 8.1641
65 70.1596 11.8427
66 78.9037 12.7002
67 80.5576 13.7714
68 93.2471 13.4399
69 75.6582 13.3174
70 78.5533 9.0623
71 74.725 12.0643
72 74.6394 13.0402
73 73.4698 11.4036
74 62.1122 10.2075
75 58.4419 11.2943
76 51.8504 11.5919
77 67.178 8.3951
78 73.7714 9.1756
79 59.3197 8.8162
80 65.3729 10.5831
81 58.4199 11.5196
82 0 0
83 0 0
84 81.7912 8.1172
85 80.3618 8.5254
86 88.4654 8.3051
87 87.0938 8.8661
88 74.7166 7.2066
89 99.9416 9.1156
90 76.5965 10.1341
91 88.2131 8.1123
92 87.1736 7.4162
93 84.8753 10.3669
94 94.5303 8.6052
95 83.1093 8.0741
96 95.7628 8.2935
97 82.6996 9.6889
98 91.9763 7.8515
99 77.5913 7.749
100 70.6272 10.4342
101 63.3448 10.9272
102 87.9663 9.7421
103 0 0
104 0 0
105 55.4708 5.7595
106 63.7975 8.0683
107 68.5381 6.62
108 56.4119 7.8484
109 76.0242 5.2226
110 69.8684 8.7551
111 81.0684 0.4569
112 71.1829 6.7701
113 72.8254 6.0242
114 89.2007 9.2558
115 70.9997 5.8815
116 79.1267 5.7851
117 86.5024 9.842
118 77.6687 11.2285
119 70.9375 8.8654
120 94.4898 7.3106
121 75.0598 6.6922
122 94.584 10.275
123 84.8272 10.684
124 0 0
125 0 0
126 87.1431 5.8314
127 82.9813 7.6055
128 83.5531 7.1821
129 68.1091 7.0032
130 76.3857 6.6953
131 74.3799 9.3539
132 75.8493 9.164
133 75.0229 10.9773
134 67.371 13.4344
135 67.146 11.1416
136 72.6403 7.7247
137 74.056 11.8946
138 66.7148 15.6416
139 73.7156 10.0873
140 74.8919 11.9892
141 74.5101 8.1329
142 72.531 9.2573
143 66.506 11.6177
144 68.8294 8.7368
145 65.4229 9.895
146 69.9124 9.3414
147 73.3741 9.1394
148 69.5456 7.5404
149 75.1971 6.8656
150 72.4562 6.1425
151 79.9672 7.1124
152 67.781 7.2235
153 78.1555 8.5576
154 71.6774 9.0956
155 62.926 8.1244
156 83.9512 6.7674
157 83.2852 8.1848
158 72.9937 8.9205
159 70.8969 8.5328
160 89.6282 9.0392
161 87.2167 9.7543
162 88.8103 8.5108
163 58.9667 9.795
164 72.2202 11.5718
165 59.6208 13.3212
166 58.7678 7.9668
167 70.1468 14.5095
168 70.1775 5.9825
169 57.9162 6.3609
170 73.9102 5.2382
171 58.8646 9.4882
172 75.1394 5.0188
173 92.8549 10.0014
174 81.8704 6.8388
175 80.2451 5.5571
176 79.3391 6.1719
177 86.9183 6.0356
178 77.1539 5.6875
179 86.7921 5.2424
180 64.3862 13.1586
181 70.9591 8.708
182 60.4074 11.2434
183 78.1964 0.9975
184 66.6579 7.9624
185 62.5718 15.6776
186 55.6606 9.3734
187 78.8873 15.3777
188 58.4316 11.6704
189 72.8891 7.3058
190 71.0559 3.6627
191 68.6567 8.598
192 70.3516 11.4142
193 65.1163 12.0591
194 67.1205 11.8811
195 70.2868 8.3337
196 63.7489 9.5482
197 84.6887 10.7562
198 67.6753 11.1466
199 75.6409 9.7312
200 60.27 10.3959
201 57.7419 12.7254
202 66.6341 8.951
203 76.9985 10.9888
204 59.816 14.0282
205 59.3256 8.6743
206 74.4141 10.6783
207 72.5989 6.6197
208 0 0
209 0 0
210 65.507 8.1072
211 64.1861 9.1154
212 79.2047 7.5016
213 71.2543 7.4527
214 66.1361 6.9715
215 82.6498 7.8098
216 72.6671 8.565
217 72.69 9.4701
218 69.9659 6.4526
219 75.4481 7.6712
220 63.7869 7.9512
221 71.3557 7.9431
222 69.1 8.8418
223 63.035 13.1871
224 74.2401 8.9589
225 66.8981 9.4118
226 81.3311 9.1532
227 81.7512 9.8578
228 74.9678 7.8603
229 0 0
230 0 0
231 55.2976 11.6223
232 56.9308 9.3875
233 66.0147 8.6465
234 62.7675 13.1185
235 52.2915 14.0855
236 58.8551 11.7553
237 62.5504 10.1055
238 72.1197 7.7802
239 84.6245 8.0875
240 76.2175 10.4123
241 66.0051 8.2966
242 86.3834 6.8996
243 77.7311 11.6944
244 65.27 10.3669
245 78.8365 9.1429
246 80.6093 8.2972
247 70.8986 8.6956
248 82.8566 8.1363
249 67.4968 7.5075
250 0 0
251 0 0
