0 75.2539 8.8979
1 72.3942 7.5334
2 73.6831 7.3208
3 71.3806 8.6265
4 58.5789 7.5601
5 69.6079 11.5312
6 73.8022 10.7176
7 71.9143 10.0891
8 77.3881 11.3046
9 64.654 10.6205
10 80.1594 8.5321
11 76.1589 7.8089
12 72.9916 9.5634
13 77.4481 11.6533
14 67.6907 7.7974
15 72.2813 8.7999
16 69.8444 8.8279
17 75.9399 9.7907
18 74.9435 7.7311
19 74.4399 7.4477
20 74.2667 9.0057
21 76.7911 6.737
22 74.1541 9.0344
23 62.6271 6.4886
24 78.054 6.3534
25 78.2629 8.935
26 82.8218 9.9181
27 88.1366 10.3383
28 76.9259 8.5636
29 60.4725 12.4237
30 64.0775 9.5337
31 76.5384 8.1555
32 69.7609 5.4061
33 64.6395 9.1115
34 78.1926 8.2028
35 70.121 11.3483
36 69.0536 8.127
37 71.6703 7.4659
38 69.7194 8.0302
39 71.2951 7.9369
40 68.6497 7.3593
41 68.6909 7.2525
42 68.1103 7.4253
43 84.8972 6.4589
44 73.0316 7.7857
45 76.0176 9.175
46 72.003 8.4881
47 60.8147 7.2723
48 80.747 9.1063
49 67.0878 8.7923
50 69.7999 6.1834
51 78.9582 9.5137
52 74.7348 9.4588
53 75.6742 7.166
54 68.6977 13.3347
55 62.0757 14.4441
56 85.521 5.9738
57 63.1465 13.4908
58 72.8829 9.1274
59 68.9077 12.0235
60 75.3899 9.5808
61 76.5404 6.0571
62 62.7997 8.7447
63 76.4983 7.5605
64 66.8707 8.1418
65 69.2344 11.7753
66 78.0299 12.5884
67 79.2348 13.7208
68 91.9895 13.5246
69 74.4856 13.1161
70 77.7034 8.7827
71 73.7845 11.9519
72 73.7596 12.8427
73 72.2682 11.1133
74 61.0121 10.4689
75 57.3845 11.4618
76 50.4302 11.9206
77 66.3357 8.2943
78 72.9958 8.9511
79 58.7099 8.6241
80 64.6156 10.3816
81 57.6085 11.5096
82 0 0
83 0 0
84 81.0938 7.8779
85 79.8511 8.3864
86 87.8714 8.1837
87 86.5131 8.6226
88 73.8137 6.9646
89 99.1131 8.7977
90 75.7813 9.8652
91 87.7978 7.9203
92 86.2044 7.3146
93 84.17 10.2949
94 93.9395 8.3986
95 82.6554 7.9756
96 95.0717 8.1494
97 82.1729 9.3901
98 91.2994 7.5426
99 77.0913 7.6579
100 69.9889 10.0251
101 62.2717 10.5232
102 86.9303 9.2859
103 0 0
104 0 0
105 54.5099 5.7594
106 63.0493 8.0147
107 67.7215 6.5469
108 55.5871 7.8412
109 75.4671 5.1514
110 69.0846 8.7088
111 81.0506 0.458
112 70.2297 6.7324
113 71.7139 5.9866
114 88.1929 9.3457
115 69.8832 5.8773
116 78.3499 5.7633
117 85.7435 9.8767
118 76.9176 11.242
119 70.0546 8.8508
120 93.5913 7.281
121 74.1383 6.6588
122 93.7152 10.2232
123 84.203 10.6249
124 0 0
125 0 0
126 86.5446 5.6922
127 82.3797 7.2965
128 83.0087 6.987
129 67.4417 6.7764
130 75.9269 6.3368
131 73.887 9.3633
132 75.3587 9.115
133 74.2791 10.8982
134 66.3595 13.8983
135 66.2488 11.005
136 71.8723 7.5216
137 73.2412 11.5577
138 65.9895 15.8591
139 73.0674 10.0184
140 74.104 11.8414
141 73.9729 7.9775
142 71.5298 8.8802
143 65.255 11.2709
144 67.8766 8.3712
145 64.3773 9.623
146 69.0426 8.8964
147 72.559 8.9924
148 68.8532 7.4816
149 74.2837 6.9188
150 71.4807 6.1025
151 78.8994 6.9469
152 66.882 7.0531
153 77.1472 8.4911
154 70.7187 9.0243
155 61.9233 8.0959
156 82.8905 6.4514
157 82.3304 7.8075
158 72.0707 8.6447
159 70.064 8.2721
160 88.755 8.7158
161 86.3745 9.5085
162 87.9287 8.2551
163 58.0473 9.4207
164 71.4982 11.2505
165 58.8652 12.952
166 57.9077 7.7433
167 69.7476 13.8794
168 69.3789 6.0188
169 57.1867 6.349
170 73.1746 5.2444
171 57.8255 9.7705
172 74.5077 5.0271
173 92.0535 10.116
174 81.0802 6.7589
175 79.434 5.5268
176 78.4335 6.1284
177 85.9643 6.0019
178 76.2405 5.6767
179 85.8271 5.242
180 63.1752 13.4223
181 70.0129 8.488
182 59.5157 11.0384
183 78.1725 1.0372
184 65.5082 7.8592
185 61.6092 15.5564
186 54.4174 9.548
187 77.6049 15.9332
188 57.7356 11.341
189 79.558 6.9374
190 61.2362 9.3229
191 75.0315 7.7547
192 77.4531 10.6346
193 71.9031 11.6971
194 73.1313 11.585
195 75.8365 7.8604
196 69.1683 9.0944
197 89.0695 10.5459
198 71.2594 10.772
199 79.2087 9.3238
200 63.7096 9.9069
201 62.1625 11.9813
202 69.9769 8.1969
203 80.4229 10.4845
204 63.5804 13.0494
205 62.5487 8.0294
206 77.4307 10.0527
207 75.3848 6.2204
208 0 0
209 0 0
210 64.6637 7.9537
211 63.6342 8.8389
212 78.5869 7.2496
213 70.5227 7.1975
214 65.2784 6.6907
215 81.8302 7.4822
216 71.9586 8.3608
217 71.8652 9.2299
218 69.1006 6.3784
219 74.7441 7.4783
220 62.9316 7.9824
221 70.7037 7.9308
222 67.9651 8.8202
223 62.034 13.4998
224 73.3874 8.8144
225 66.1909 9.3678
226 80.7022 8.9772
227 80.9139 9.7557
228 74.0489 7.7085
229 0 0
230 0 0
231 54.4738 11.544
232 55.5864 9.3863
233 65.0574 8.4886
234 61.6659 13.132
235 50.2 14.6231
236 57.5465 11.687
237 61.4751 9.9218
238 71.0761 7.6366
239 83.4593 7.9209
240 75.2447 10.378
241 65.012 8.158
242 85.2761 6.746
243 76.6418 11.795
244 64.5743 10.157
245 78.0577 8.8794
246 79.1741 8.2338
247 69.5112 8.6002
248 81.5518 7.9721
249 66.027 7.3703
250 0 0
251 0 0
