0 74.2646 9.3188
1 71.303 7.97
2 72.5496 7.5859
3 70.3712 8.9163
4 57.3199 7.9208
5 68.5948 11.9345
6 72.6486 11.1892
7 70.66 10.5295
8 76.0184 11.8713
9 63.2683 11.0939
10 78.6893 8.7905
11 74.9408 8.1999
12 71.506 10.0132
13 76.2259 12.3564
14 66.3492 8.2677
15 71.2035 9.227
16 68.4663 9.4436
17 74.4081 10.4593
18 73.5951 8.3275
19 73.1684 8.0291
20 72.9318 9.5521
21 76.208 7.0973
22 73.4634 9.3502
23 61.8896 6.9878
24 77.2171 6.6938
25 77.5797 9.5911
26 82.1902 10.3134
27 87.6085 10.6194
28 76.0921 8.8374
29 59.9078 12.1942
30 63.0421 9.8918
31 75.6729 8.6792
32 68.8083 5.8138
33 63.7821 9.3992
34 77.4923 8.422
35 69.4197 11.3511
36 68.2674 8.6003
37 71.0484 7.9844
38 69.0269 8.729
39 70.9024 8.6241
40 67.9871 8.1149
41 67.9406 7.8431
42 67.3698 7.742
43 84.1685 6.6708
44 72.4098 8.0799
45 75.2924 9.2523
46 71.4843 8.6325
47 60.1883 7.5011
48 80.3086 9.2047
49 66.4416 8.9436
50 69.2938 6.3791
51 78.3234 9.5101
52 74.259 9.3914
53 75.2709 7.3218
54 67.9549 12.6472
55 61.375 13.4953
56 84.3886 6.0344
57 62.0964 13.1216
58 72.1586 9.2677
59 68.1627 12.1013
60 74.6372 9.5013
61 75.8525 6.1936
62 61.0097 9.1087
63 75.2808 7.9493
64 65.4999 8.4996
65 67.9791 12.143
66 76.7422 12.6986
67 78.2105 13.4727
68 90.9539 13.0848
69 73.0746 13.2831
70 76.0738 9.1475
71 72.321 11.9752
72 72.1625 12.8721
73 70.6449 11.5514
74 60.668 9.918
75 57.0161 11.0252
76 50.2628 11.4697
77 65.8574 8.4475
78 72.6041 9.1174
79 58.1411 8.8153
80 64.1349 10.5803
81 56.8598 11.6444
82 0 0
83 0 0
84 80.3331 8.2519
85 78.7628 8.7656
86 86.9348 8.4924
87 85.5748 9.123
88 72.9349 7.3568
89 98.4241 9.3386
90 74.9483 10.3642
91 86.7808 8.3577
92 85.1226 7.509
93 83.2086 10.4149
94 92.9462 8.6737
95 81.6893 8.1409
96 93.9502 8.465
97 81.3203 9.8253
98 90.4855 7.8492
99 76.309 7.8904
100 68.7525 10.5607
101 61.5315 11.0086
102 86.1909 9.8424
103 0 0
104 0 0
105 59.7546 5.4973
106 67.8741 7.6265
107 72.535 6.4054
108 61.0592 7.4038
109 80.1797 5.054
110 74.1606 8.2661
111 80.9979 0.4574
112 76.0829 6.8855
113 77.1447 6.2033
114 93.1841 9.3375
115 73.8828 6.0331
116 82.4215 6.1314
117 89.4174 9.8669
118 80.8739 11.036
119 73.8056 9.248
120 97.3322 7.3369
121 77.7111 6.7602
122 97.2608 10.2269
123 87.4892 10.6621
124 0 0
125 0 0
126 86.6645 5.8949
127 82.3885 7.6272
128 82.9009 7.1641
129 67.5355 6.9763
130 75.7434 6.649
131 73.8199 9.3139
132 75.2374 9.0961
133 74.2702 10.7722
134 66.6256 13.4395
135 66.0611 11.5517
136 71.9293 7.8765
137 73.1349 12.0753
138 66.014 15.402
139 72.9841 10.2965
140 73.9685 12.0676
141 73.8427 8.3977
142 71.3849 9.2012
143 65.0871 11.6696
144 67.7208 8.6985
145 64.2711 9.9542
146 68.729 9.2084
147 72.5869 9.1779
148 68.8925 7.6121
149 74.4522 7.0479
150 71.5927 6.2217
151 79.0844 7.1188
152 66.9817 7.3516
153 77.3257 8.6982
154 70.7219 9.1715
155 61.8241 8.2523
156 82.7556 6.6962
157 82.2312 8.1987
158 71.6776 8.9972
159 69.8898 8.6815
160 88.7869 9.0543
161 86.1498 9.7901
162 87.7027 8.6022
163 57.8376 10.0026
164 71.2972 11.9628
165 58.5369 13.6966
166 57.922 8.1433
167 69.3051 14.8633
168 69.094 6.2838
169 56.999 6.6314
170 73.1133 5.4586
171 57.6945 9.7142
172 74.1608 5.1444
173 92.0444 9.7381
174 80.9927 6.9592
175 79.4755 5.6846
176 78.1379 6.2473
177 86.0988 6.1881
178 76.1765 5.7848
179 85.8921 5.3442
180 63.1549 13.0754
181 69.9359 8.9566
182 59.4333 11.5003
183 78.2388 1.1392
184 65.2683 8.1864
185 61.0622 16.1927
186 54.6179 9.5773
187 78.031 15.3879
188 57.5516 11.8444
189 79.547 6.7554
190 61.8362 8.9595
191 74.8837 7.9539
192 77.5337 10.869
193 71.6424 11.693
194 72.8778 11.4355
195 75.5273 8.1428
196 69.0099 9.2367
197 89.1079 10.6566
198 71.2838 10.8302
199 78.9277 9.713
200 64.4543 9.9373
201 62.0336 11.792
202 70.2574 8.6684
203 80.4121 10.3991
204 64.5648 13.0359
205 63.1638 8.1333
206 78.0334 10.2973
207 75.4524 6.4428
208 0 0
209 0 0
210 64.786 8.275
211 63.491 9.2814
212 78.7692 7.6209
213 70.6081 7.5176
214 65.4062 7.0652
215 82.1112 7.8469
216 72.1583 8.7336
217 71.9639 9.6909
218 69.0258 6.6174
219 74.844 7.7492
220 62.9561 8.1888
221 70.6952 8.1889
222 68.1754 9.042
223 62.1975 13.4016
224 73.3734 9.1636
225 66.2526 9.6886
226 80.5755 9.4124
227 80.7702 10.2394
228 73.861 8.0103
229 0 0
230 0 0
231 54.273 11.6094
232 55.8953 9.5782
233 65.1474 8.7528
234 61.7396 12.8857
235 50.7141 14.0847
236 58.0818 11.368
237 61.6344 10.1903
238 70.8128 7.909
239 83.4582 8.2664
240 75.0234 10.2501
241 64.9256 8.5632
242 84.9571 7.0236
243 76.8308 11.7286
244 64.3283 10.4627
245 78.0001 9.326
246 79.4364 8.8173
247 69.7383 9.1737
248 81.9902 8.6505
249 66.5077 8.0068
250 0 0
251 0 0
