0 74.2964 9.4821
1 71.3429 8.1897
2 72.5556 7.7047
3 70.3808 9.061
4 57.3183 7.9903
5 68.5785 12.1332
6 72.7472 11.2912
7 70.7086 10.7623
8 76.0563 11.8259
9 63.302 11.2005
10 78.839 8.8822
11 75.1983 8.3544
12 71.3986 10.1915
13 76.2425 12.462
14 66.6376 8.3669
15 71.3368 9.2939
16 68.7099 9.6269
17 74.7751 10.5565
18 73.8582 8.4137
19 73.7011 8.1251
20 72.8689 9.7337
21 76.2178 7.1929
22 73.412 9.2424
23 61.9267 6.9914
24 77.0755 6.7652
25 77.7111 9.6009
26 82.0901 10.0908
27 87.4882 10.4391
28 76.0066 8.6862
29 60.0846 11.6901
30 63.3522 9.883
31 75.6095 8.697
32 68.8341 5.5274
33 63.7589 9.5114
34 77.3986 8.6805
35 69.5326 11.2088
36 68.1253 8.713
37 70.9241 7.9711
38 69.1253 8.4868
39 70.7954 8.5421
40 67.9625 7.9618
41 67.9746 7.7329
42 67.4659 7.7069
43 84.2582 6.6845
44 72.4855 8.061
45 75.288 9.1664
46 71.4461 8.925
47 60.2711 7.6954
48 80.2624 9.2343
49 66.5499 8.9969
50 69.3028 6.5887
51 78.4129 9.6348
52 74.3456 9.4434
53 75.2957 7.4501
54 68.2113 12.7239
55 61.3136 13.8995
56 84.6916 6.2962
57 62.1625 13.5038
58 72.0628 9.5258
59 68.1556 12.5795
60 74.6041 9.7705
61 75.8018 6.4315
62 60.935 9.3305
63 75.3268 7.9879
64 65.6398 8.5851
65 68.2597 11.7842
66 76.9075 12.4342
67 78.0661 13.185
68 90.9707 12.8771
69 73.0733 13.1689
70 76.3964 9.1047
71 72.4015 12.0948
72 72.257 12.8511
73 70.855 11.4892
74 60.7321 10.2765
75 57.3498 11.2089
76 50.6286 11.5315
77 65.8201 8.8957
78 72.5068 9.7108
79 58.2139 9.3493
80 64.0815 10.9516
81 57.1535 11.7856
82 0 0
83 0 0
84 80.4402 8.2591
85 78.9719 8.5799
86 86.9898 8.6487
87 85.7156 8.879
88 73.1135 7.2781
89 98.5003 9.1399
90 75.0895 10.2294
91 86.9663 8.1412
92 85.3949 7.4294
93 83.3073 10.5461
94 92.9807 8.6559
95 81.7391 8.1029
96 94.1384 8.3746
97 81.3218 9.8567
98 90.6599 7.9555
99 76.4408 7.8342
100 69.2684 10.3825
101 61.5845 10.8917
102 86.1394 9.7623
103 0 0
104 0 0
105 59.7187 5.5857
106 68.0089 7.6804
107 72.7168 6.5134
108 61.2186 7.5198
109 80.3286 5.1112
110 74.3056 8.4439
111 81.0299 0.4533
112 75.7284 6.694
113 76.7834 6.0375
114 92.904 9.0576
115 73.6401 5.925
116 81.8716 5.8795
117 89.0012 9.7639
118 80.2106 10.8261
119 73.1932 8.9944
120 97.3417 7.4368
121 77.8347 6.8416
122 97.296 10.4761
123 87.5042 10.9121
124 0 0
125 0 0
126 86.4457 6.098
127 82.3005 7.9861
128 82.8982 7.492
129 67.5089 7.2486
130 75.6684 7.009
131 73.8095 9.4834
132 75.2252 9.2905
133 74.1635 11.1023
134 66.7869 12.9561
135 66.238 11.6344
136 71.8372 8.0566
137 73.1674 12.3013
138 66.4857 14.8704
139 73.0228 10.484
140 73.9176 11.9
141 73.9815 8.4828
142 71.05 9.7108
143 65.0316 12.1894
144 67.5505 9.4162
145 63.9822 10.5404
146 68.6564 9.767
147 72.6715 9.5692
148 68.7644 7.8257
149 74.3821 7.304
150 71.7022 6.4265
151 79.0866 7.4228
152 66.9518 7.6563
153 77.3242 8.9951
154 70.8371 9.5858
155 61.7103 8.5074
156 82.8632 6.8963
157 82.3708 8.4082
158 71.9085 9.2034
159 69.8379 8.9164
160 88.8195 9.2347
161 86.2705 10.0793
162 87.8664 8.7819
163 57.9701 10.0522
164 71.3233 11.9852
165 58.3371 13.8579
166 58.1046 8.1166
167 69.3934 14.6991
168 69.3112 6.365
169 57.1026 6.69
170 73.0859 5.5347
171 57.9887 9.5465
172 74.2952 5.2011
173 92.1633 9.5778
174 81.0181 6.9979
175 79.4494 5.7667
176 78.265 6.3272
177 86.1445 6.2
178 76.2574 5.9155
179 85.9889 5.3883
180 63.004 13.6047
181 69.6901 9.4688
182 59.0371 11.9351
183 78.2026 0.9728
184 65.4333 8.5746
185 60.917 16.6379
186 53.715 10.4283
187 77.6068 16.1026
188 57.1351 12.1356
189 79.6386 6.854
190 62.0289 9.2998
191 74.9152 8.3189
192 77.4475 11.0128
193 71.8079 11.5666
194 73.1605 11.3702
195 75.6938 8.161
196 69.1223 9.3842
197 89.2911 10.5503
198 71.4343 10.7474
199 79.1431 9.8293
200 64.3658 10.155
201 62.2782 11.592
202 70.1729 8.6476
203 80.332 10.3318
204 64.6182 13.0831
205 63.0245 8.2327
206 78.1939 10.2761
207 75.3733 6.5578
208 0 0
209 0 0
210 64.5471 8.6064
211 63.3894 9.6038
212 78.7469 7.8321
213 70.5316 7.8001
214 65.3545 7.2091
215 81.9031 8.0955
216 72.0736 8.9999
217 72.0145 9.9565
218 68.9466 6.5871
219 74.95 7.7367
220 63.1238 8.0882
221 70.8069 8.0159
222 68.2897 8.9604
223 62.0223 13.2195
224 73.3973 9.0246
225 66.1653 9.6496
226 80.6734 9.5037
227 80.7874 10.373
228 74.139 8.2182
229 0 0
230 0 0
231 54.4214 11.691
232 55.7015 9.7418
233 65.2266 8.9063
234 61.6766 12.7182
235 51.202 13.7754
236 57.8598 11.3612
237 61.5139 10.3548
238 71.0252 8.134
239 83.5615 8.4015
240 75.2374 10.3694
241 65.082 8.6772
242 85.2014 7.1424
243 76.7623 11.6909
244 64.5879 10.6826
245 78.0973 9.4876
246 79.0401 8.8687
247 69.3938 9.0894
248 81.4314 8.4864
249 65.9735 8.0054
250 0 0
251 0 0
