0 73.7268 9.9898
1 70.9586 8.6404
2 72.4095 8.1145
3 70.2014 9.6339
4 56.2815 8.4494
5 67.8922 12.7895
6 72.5149 12.0437
7 70.5215 11.2613
8 76.0757 12.0382
9 63.234 11.25
10 78.7842 8.964
11 75.1286 8.485
12 71.4046 10.2598
13 76.3506 12.7607
14 66.4515 8.5158
15 71.1726 9.6039
16 68.7923 9.5945
17 74.6333 10.5265
18 73.6691 8.4016
19 73.4427 8.0858
20 73.1126 9.7184
21 76.1511 7.1491
22 73.5514 9.0048
23 61.8993 6.9066
24 77.4484 6.6509
25 77.6895 9.4667
26 82.1805 9.8271
27 87.4983 10.0664
28 76.2842 8.4854
29 59.938 11.6137
30 63.2837 10.0663
31 75.6486 8.8418
32 69.0181 5.6548
33 63.7993 9.5328
34 77.4272 8.8027
35 69.6527 11.0412
36 68.1328 8.7523
37 71.0299 8.0486
38 69.0819 8.5669
39 70.8968 8.6402
40 68.026 7.9361
41 68.1208 7.81
42 67.0976 8.144
43 84.2967 7.0672
44 71.991 8.5493
45 75.2888 9.4347
46 71.3784 8.9305
47 60.0324 7.8498
48 80.1909 9.4129
49 66.5936 9.0979
50 69.1943 6.7172
51 78.2658 9.5108
52 74.2543 9.4592
53 75.2544 7.6678
54 68.1989 12.3086
55 61.61 13.0756
56 84.474 6.2651
57 62.3869 12.999
58 72.0474 9.4614
59 68.4031 12.4211
60 74.6951 9.5505
61 75.9357 6.4016
62 60.8113 9.7448
63 75.3392 8.0061
64 65.7458 8.6273
65 68.216 11.8104
66 76.7607 12.5398
67 78.0914 13.0811
68 90.9245 12.8554
69 73.2064 13.12
70 76.2777 9.202
71 72.3963 12.0683
72 72.3168 12.9969
73 70.7888 11.8991
74 60.6303 9.9078
75 57.2616 10.8708
76 50.3303 11.2724
77 65.7812 8.8201
78 72.3883 9.6924
79 58.2033 9.1259
80 64.0574 10.7164
81 57.4128 11.5185
82 0 0
83 0 0
84 80.3257 8.4255
85 78.7731 8.8672
86 87.0149 8.7871
87 85.6488 9.1725
88 73.0459 7.3817
89 98.4231 9.3161
90 74.9826 10.3849
91 86.7689 8.3423
92 85.3258 7.665
93 83.034 10.6637
94 92.8289 8.9194
95 81.5484 8.3505
96 94.4174 8.5338
97 81.4187 10.2446
98 90.867 8.0962
99 76.3206 7.9789
100 68.6599 10.9473
101 61.506 11.5726
102 86.3335 10.304
103 0 0
104 0 0
105 59.4437 5.7734
106 67.7211 7.8326
107 72.6074 6.8331
108 61.1074 7.8667
109 80.4009 5.3636
110 74.3216 8.6806
111 81.0127 0.4511
112 75.6892 6.9155
113 76.6221 6.2484
114 92.8006 9.1822
115 73.5623 6.1243
116 81.9741 6.065
117 89.0401 9.7594
118 80.2428 10.7617
119 73.1086 9.2507
120 97.411 7.6656
121 77.8287 7.0864
122 97.2081 10.8345
123 87.6171 11.2885
124 0 0
125 0 0
126 86.5724 6.0155
127 82.3344 7.9124
128 82.955 7.3174
129 67.4387 7.1567
130 75.7363 6.9205
131 73.8978 9.2619
132 75.3543 9.0203
133 74.4345 10.749
134 66.7029 13.003
135 66.1919 11.6017
136 71.7596 8.0356
137 73.165 12.2845
138 66.4384 14.9224
139 72.9844 10.4978
140 74.0989 11.924
141 73.9429 8.5346
142 71.4306 9.4961
143 65.0176 12.0222
144 67.6414 9.0684
145 64.1728 10.2608
146 68.7205 9.5931
147 72.582 9.6562
148 68.8148 7.9305
149 74.3202 7.3762
150 71.6712 6.4177
151 79.1408 7.3797
152 66.9983 7.6847
153 77.2256 8.9636
154 70.7206 9.6627
155 61.6803 8.5319
156 82.8309 6.9698
157 82.383 8.4345
158 71.9008 9.3236
159 69.802 8.9482
160 88.5664 9.3563
161 86.1747 10.137
162 87.929 8.957
163 58.2315 9.907
164 71.3757 12.1523
165 58.0948 14.0464
166 57.877 8.3119
167 69.4691 14.5888
168 69.2201 6.4189
169 57.1893 6.7536
170 73.0204 5.6013
171 58.0013 9.5423
172 74.2091 5.2652
173 92.0027 9.5097
174 80.9079 7.0302
175 79.4977 5.7613
176 78.3205 6.3968
177 86.046 6.3672
178 76.1485 5.8844
179 85.9586 5.4551
180 63.2271 12.9865
181 70.0524 9.1716
182 59.2894 11.7368
183 78.3317 0.9973
184 65.2863 8.5288
185 61.534 16.0209
186 54.1535 10.0288
187 78.158 15.3614
188 57.2557 12.1576
189 79.6028 6.6907
190 62.1622 8.9442
191 74.8388 8.1523
192 77.2738 11.0853
193 71.6745 11.6138
194 72.8686 11.4247
195 75.4006 8.1826
196 68.9976 9.4474
197 89.1474 10.6167
198 71.4762 10.7428
199 79.0315 9.9522
200 64.2046 10.242
201 62.1279 11.7453
202 70.1705 8.6927
203 80.3632 10.2085
204 64.3576 13.033
205 62.9916 8.3979
206 78.0873 10.4747
207 75.397 6.5327
208 0 0
209 0 0
210 64.5443 8.713
211 63.3625 9.7625
212 78.6529 7.9137
213 70.5412 7.9094
214 65.3297 7.2731
215 81.9369 8.179
216 71.9675 9.1784
217 71.8555 10.1502
218 68.9837 6.7218
219 74.8782 7.9439
220 63.0114 8.2287
221 70.6155 8.2548
222 68.2556 9.1131
223 62.583 12.8283
224 73.4556 9.1275
225 66.2418 9.6075
226 80.5518 9.5973
227 80.7146 10.3072
228 74.0164 8.1107
229 0 0
230 0 0
231 54.1973 11.7954
232 55.6531 9.8009
233 65.129 9.0404
234 61.8047 12.6829
235 51.1635 13.9018
236 57.9147 11.4517
237 61.4309 10.4365
238 70.9871 8.3508
239 83.522 8.7424
240 75.0303 10.6159
241 64.995 8.9204
242 85.249 7.2763
243 76.8728 11.9885
244 64.3511 11.0095
245 77.9557 9.7515
246 79.5429 8.8691
247 69.9584 9.1545
248 82.0282 8.5387
249 66.5685 7.9558
250 0 0
251 0 0
