0 74.2438 9.6505
1 71.2798 8.2897
2 72.701 7.9165
3 70.3419 9.3229
4 57.4518 8.0547
5 68.5157 12.3073
6 72.7562 11.4941
7 70.6214 10.926
8 76.0931 12.037
9 63.377 11.3318
10 78.8731 8.9868
11 75.186 8.4534
12 71.4503 10.3566
13 76.2206 12.6719
14 66.6372 8.4431
15 71.2207 9.4814
16 68.5175 9.9775
17 74.6318 10.9254
18 73.6251 8.7619
19 73.4072 8.4081
20 72.5602 10.0297
21 76.2726 7.3353
22 73.4833 9.1781
23 61.7755 7.0858
24 77.2016 6.8455
25 77.563 9.7581
26 82.1125 9.8831
27 87.3841 10.1758
28 76.1525 8.5532
29 59.8357 11.8875
30 63.231 10.1551
31 75.7309 8.9001
32 68.7841 6.0244
33 63.8012 9.6297
34 77.5312 8.8383
35 69.385 11.2008
36 68.128 8.861
37 70.9771 8.3104
38 68.9 9.0274
39 70.6483 8.9014
40 67.7681 8.2986
41 67.7431 8.1612
42 67.2111 8.1812
43 84.1696 7.0783
44 72.2193 8.552
45 75.3145 9.16
46 71.2278 8.9707
47 60.0458 7.832
48 80.0877 9.287
49 66.4315 9.0325
50 69.1236 6.6344
51 78.0608 9.4911
52 74.1515 9.4114
53 75.2666 7.6945
54 68.0316 12.2576
55 61.378 13.051
56 84.3406 6.2945
57 62.1025 13.0293
58 72.0402 9.7249
59 68.0902 12.5544
60 74.6669 9.6658
61 75.7639 6.5123
62 61.1419 9.3642
63 75.1532 8.253
64 65.2556 8.9418
65 68.2138 12.0097
66 76.7896 12.8616
67 78.2606 13.3052
68 91.0789 12.9758
69 73.2617 13.4312
70 76.0902 9.545
71 72.3698 12.3328
72 72.062 13.0419
73 70.9494 12.1172
74 60.5536 9.7862
75 56.8036 10.9004
76 50.2876 11.1456
77 65.6792 8.8269
78 72.3524 9.6114
79 57.864 9.3635
80 63.9425 10.598
81 57.2029 11.3548
82 0 0
83 0 0
84 80.3624 8.5453
85 78.6509 9.0594
86 86.9866 8.9617
87 85.2299 9.3218
88 73.345 7.5814
89 98.523 9.5421
90 75.1052 10.508
91 86.6145 8.5349
92 85.1333 7.9173
93 83.0343 11.1741
94 92.9899 9.2856
95 81.6619 8.702
96 94.12 8.9804
97 81.2408 10.546
98 90.7161 8.5008
99 76.3086 8.4914
100 68.6399 10.9474
101 61.6023 11.4846
102 86.1625 10.2764
103 0 0
104 0 0
105 59.6759 5.6752
106 68.0226 7.6399
107 72.6604 6.6762
108 61.0034 7.7255
109 80.2374 5.2469
110 74.1889 8.3862
111 81.0073 0.4527
112 75.5037 6.9268
113 76.6623 6.2854
114 92.6517 9.2268
115 73.4171 6.1931
116 81.6282 6.18
117 88.764 9.7599
118 79.9685 10.6028
119 73.0842 9.0718
120 97.4579 7.7996
121 77.8404 7.0464
122 97.2466 10.8854
123 87.6097 11.3287
124 0 0
125 0 0
126 86.614 6.1628
127 82.3452 8.0346
128 83.0937 7.5533
129 67.54 7.2895
130 75.6379 7.0311
131 73.883 9.2281
132 75.3007 9.067
133 74.3557 10.7545
134 66.77 12.8232
135 65.9594 11.9317
136 71.8704 8.1299
137 73.2624 12.4378
138 66.4835 14.5664
139 72.9244 10.6172
140 74.0068 11.8347
141 73.6972 8.6821
142 71.4211 9.5887
143 65.0636 12.0277
144 67.7097 9.1334
145 64.3861 10.2712
146 68.8096 9.518
147 72.7256 9.5886
148 68.8156 7.9067
149 74.3228 7.3062
150 71.542 6.4755
151 78.9508 7.4231
152 66.8866 7.7343
153 77.0972 9.077
154 70.6878 9.7381
155 61.7623 8.5371
156 82.8162 7.0458
157 82.3851 8.5348
158 71.9274 9.4183
159 69.8089 9.0396
160 88.7678 9.3605
161 86.2533 10.1967
162 87.8023 9.0087
163 58.0491 10.1382
164 71.2298 12.0723
165 58.7159 13.7929
166 57.9012 8.2628
167 69.5761 14.358
168 69.3311 6.4393
169 56.9927 6.838
170 73.1078 5.605
171 57.9344 9.5145
172 74.3721 5.3872
173 91.9789 9.3543
174 80.9291 7.2481
175 79.3497 5.9103
176 78.3458 6.5355
177 86.0308 6.4108
178 76.3147 6.0283
179 85.7459 5.5168
180 62.8641 13.0421
181 69.7136 9.2906
182 59.1542 11.871
183 78.1469 0.9862
184 65.0821 8.6132
185 61.3233 15.9713
186 54.0389 10.1205
187 77.7869 15.3948
188 56.5591 12.6435
189 79.5824 6.6818
190 62.1138 9.0052
191 74.8892 8.2955
192 77.3084 11.2422
193 71.7297 11.573
194 72.9932 11.356
195 75.5515 8.3951
196 68.9275 9.6679
197 89.1687 10.6186
198 71.2322 10.8322
199 78.9494 10.0165
200 64.151 10.386
201 61.9795 11.7631
202 70.0289 8.9608
203 80.3521 10.3225
204 64.1502 13.1145
205 62.836 8.5835
206 77.5715 10.6117
207 75.2537 6.8082
208 0 0
209 0 0
210 64.6294 8.5416
211 63.5057 9.5003
212 78.638 7.7474
213 70.5804 7.7385
214 65.2406 7.1638
215 81.8716 7.9235
216 71.9102 8.8976
217 71.9426 9.8562
218 69.2606 6.6291
219 74.6799 7.7336
220 62.95 8.297
221 70.5494 8.1933
222 68.2609 9.274
223 62.3624 12.8959
224 73.5001 9.1917
225 66.2055 9.7887
226 80.5743 9.7338
227 80.9777 10.5745
228 73.94 8.3568
229 0 0
230 0 0
231 53.8379 11.9458
232 55.5471 10.179
233 65.0072 9.2694
234 61.7076 12.5913
235 50.8611 14.0163
236 57.6199 11.4787
237 61.4107 10.7398
238 70.822 8.4618
239 83.551 8.7985
240 75.0167 10.4669
241 64.8746 8.9866
242 85.2091 7.4202
243 76.5722 11.9466
244 64.3903 10.8371
245 77.9682 9.9605
246 79.4428 9.1898
247 69.5895 9.5292
248 81.9978 8.8886
249 66.3775 8.3532
250 0 0
251 0 0
