0 73.9649 9.7933
1 71.6343 8.3807
2 72.7159 7.9879
3 70.8066 9.3818
4 56.5838 8.2748
5 68.3278 12.4951
6 72.4799 11.6563
7 70.7219 10.9361
8 76.0702 12.2641
9 63.1522 11.5526
10 78.6628 9.2297
11 74.8572 8.6778
12 71.3467 10.5586
13 76.1114 13.0341
14 66.3434 8.699
15 71.0014 9.7071
16 68.7731 9.6477
17 74.7999 10.6224
18 73.7306 8.5384
19 73.5331 8.1864
20 73.1068 9.7045
21 76.1871 7.1705
22 73.4712 9.0021
23 61.9458 6.9594
24 77.2006 6.7859
25 77.7085 9.6
26 82.0574 9.7754
27 87.4326 10.0531
28 76.2635 8.4976
29 59.8984 11.8864
30 63.2422 10.1195
31 75.726 8.9864
32 68.9693 5.4208
33 63.8874 9.7361
34 77.5696 8.9311
35 69.429 11.2514
36 68.0032 8.9403
37 70.8588 8.3434
38 68.8332 9.0611
39 70.6246 8.9285
40 67.808 8.3542
41 67.704 8.2316
42 67.5357 7.935
43 84.2472 6.7885
44 72.6007 8.2303
45 75.0187 8.8782
46 71.3579 8.8661
47 60.0564 7.8382
48 80.3376 9.1878
49 66.5685 8.9731
50 69.236 6.5751
51 78.1472 9.4531
52 74.1265 9.3086
53 75.2569 7.6642
54 68.1848 12.1964
55 61.3665 13.0865
56 84.3491 6.295
57 62.1782 12.8905
58 72.1299 9.7002
59 68.0749 12.6302
60 74.6005 9.6039
61 75.773 6.4711
62 60.905 9.5664
63 75.4007 8.0365
64 65.6367 8.6871
65 68.3709 11.793
66 76.7783 12.8488
67 78.2845 13.2559
68 91.0024 13.1175
69 73.1212 13.2876
70 75.9704 9.5621
71 72.1713 12.4283
72 71.8834 13.3637
73 70.856 12.1366
74 60.5758 9.8246
75 57.1273 10.8442
76 50.7991 11.0223
77 65.7319 8.9936
78 72.409 9.6751
79 57.9646 9.4384
80 64.0559 10.6216
81 57.1638 11.5581
82 0 0
83 0 0
84 80.3012 8.5325
85 78.8314 9.0985
86 86.9113 8.9434
87 85.7195 9.4137
88 73.0148 7.6338
89 98.3971 9.6574
90 75.0029 10.5345
91 86.7041 8.6122
92 85.2641 7.6385
93 83.1146 10.8141
94 93.0014 8.9013
95 81.6881 8.3642
96 94.0651 8.6606
97 81.3771 10.2348
98 90.5995 8.1373
99 76.3723 8.1582
100 69.1422 10.6922
101 61.4251 11.2189
102 85.9933 9.9865
103 0 0
104 0 0
105 59.6663 5.7186
106 67.8633 7.6474
107 72.6104 6.6732
108 61.2555 7.8207
109 80.3844 5.2858
110 74.2866 8.4179
111 81.034 0.4508
112 75.484 7.0114
113 76.6207 6.3432
114 92.6847 9.1343
115 73.47 6.2476
116 81.874 6.2069
117 89.0008 9.7401
118 80.0797 10.5673
119 73.1297 9.1714
120 97.2397 7.7327
121 77.74 7.1108
122 97.1767 10.8133
123 87.5521 11.4254
124 0 0
125 0 0
126 86.641 6.0974
127 82.3977 8.1274
128 82.9179 7.5062
129 67.5539 7.3075
130 75.6481 6.9987
131 73.8956 9.2882
132 75.3276 9.094
133 74.2597 10.7056
134 66.6544 12.8101
135 65.9795 11.8019
136 71.727 8.1478
137 73.1102 12.4712
138 66.5233 14.645
139 72.7966 10.6508
140 73.9229 11.8401
141 73.776 8.676
142 71.3733 9.5336
143 64.9884 12.1753
144 67.6961 9.1798
145 64.3077 10.3418
146 68.812 9.5826
147 72.703 9.4781
148 68.889 7.8344
149 74.3507 7.3276
150 71.6435 6.4076
151 79.063 7.3631
152 66.9931 7.669
153 77.3085 8.9598
154 70.8553 9.4517
155 62.0897 8.4361
156 82.8128 6.9091
157 82.3647 8.4376
158 71.821 9.3091
159 70.0235 8.9244
160 88.8684 9.208
161 86.3175 10.1075
162 87.6981 8.8159
163 57.9372 10.3131
164 70.9727 12.6386
165 58.618 14.1316
166 57.5678 8.6142
167 69.2058 15.063
168 69.2228 6.4807
169 56.9436 6.7742
170 73.044 5.6521
171 57.9384 9.5803
172 74.3234 5.3734
173 92.0012 9.5669
174 80.9394 7.2292
175 79.3649 5.8836
176 78.3681 6.5582
177 85.9473 6.4381
178 76.2158 6.0554
179 85.7836 5.5661
180 62.899 13.4956
181 69.4208 9.5995
182 58.7652 12.3208
183 78.1335 0.9632
184 65.2459 8.8716
185 61.0884 16.5923
186 53.8708 10.5658
187 77.658 15.7523
188 57.0705 12.2714
189 79.4768 6.5773
190 61.9103 8.969
191 74.8809 8.2373
192 77.4029 11.0896
193 71.6211 11.4786
194 72.942 11.2917
195 75.4218 8.3738
196 68.8995 9.5492
197 89.2259 10.5792
198 71.4869 10.7225
199 79.0355 10.0372
200 63.9683 10.4754
201 62.3427 11.6954
202 70.0274 8.9609
203 80.5539 10.339
204 63.7489 13.4369
205 62.7401 8.5795
206 77.499 10.779
207 75.4086 6.9433
208 0 0
209 0 0
210 64.7885 8.4149
211 63.4388 9.4843
212 78.6663 7.6972
213 70.5217 7.6856
214 65.4976 7.1761
215 81.9354 7.889
216 71.9151 8.8105
217 71.9077 9.8214
218 69.2265 6.5981
219 74.7442 7.8529
220 63.0067 8.2561
221 70.6818 8.2883
222 68.2303 9.2887
223 62.5486 12.9188
224 73.4026 9.2698
225 66.1714 9.8991
226 80.639 9.819
227 80.7733 10.531
228 73.9742 8.3833
229 0 0
230 0 0
231 54.3419 11.5028
232 56.1061 9.7414
233 65.0374 9.0799
234 61.597 12.5335
235 51.5527 13.6449
236 57.8728 11.2052
237 61.3523 10.5973
238 70.8293 8.2644
239 83.5975 8.5514
240 75.0735 10.2596
241 65.0727 8.8818
242 85.0138 7.3298
243 76.8829 11.6341
244 64.296 10.6956
245 77.9151 9.7839
246 78.9677 8.9148
247 69.4425 9.2643
248 81.4049 8.662
249 66.0278 8.0902
250 0 0
251 0 0
