0 73.704 9.9344
1 71.0821 8.6265
2 72.5228 8.0679
3 70.2144 9.503
4 56.6495 8.2908
5 68.1381 12.6877
6 72.4902 11.8835
7 70.3665 11.2699
8 76.2565 12.051
9 63.2956 11.26
10 78.8706 8.9864
11 75.0506 8.3867
12 71.5919 10.3404
13 76.381 12.734
14 66.5226 8.4991
15 71.2315 9.5243
16 68.8798 9.615
17 74.6579 10.6309
18 73.8136 8.4954
19 73.3299 8.2032
20 73.1717 9.7501
21 76.0478 7.1572
22 73.7041 9.0414
23 62.015 7.0001
24 77.4204 6.8879
25 77.3875 9.6729
26 82.0437 9.8023
27 87.3463 10.0186
28 76.2458 8.4949
29 59.8946 11.6565
30 63.0942 10.1846
31 75.6268 8.9264
32 69.1033 5.452
33 63.7285 9.5395
34 77.4006 8.8414
35 69.4218 11.1062
36 68.2695 8.7546
37 71.0426 8.0508
38 69.0272 8.6112
39 70.7861 8.6223
40 67.9982 7.9742
41 68.1689 7.8335
42 67.3223 8.1039
43 84.3275 6.9707
44 72.2537 8.4665
45 75.2418 9.1728
46 71.4207 8.8607
47 60.0883 7.831
48 80.369 9.2655
49 66.4359 9.0152
50 69.3436 6.6676
51 78.3787 9.3808
52 74.257 9.4545
53 75.2585 7.6095
54 68.1092 12.1985
55 61.6673 12.9742
56 84.5064 6.2101
57 62.5039 12.9152
58 72.1538 9.5641
59 68.3896 12.3012
60 74.6227 9.4654
61 75.9952 6.463
62 61.0715 9.3673
63 75.2681 8.1316
64 65.7727 8.7574
65 68.2642 11.7496
66 76.8403 12.5148
67 78.0334 12.9377
68 90.7703 12.6864
69 73.0821 13.0446
70 76.2404 9.2482
71 72.3932 12.0531
72 72.324 12.9116
73 70.7149 11.8463
74 60.7538 9.7942
75 57.1454 10.7484
76 50.1955 11.2299
77 65.7881 8.9078
78 72.4172 9.5995
79 57.9861 9.3815
80 64.3246 10.5232
81 57.5116 11.335
82 0 0
83 0 0
84 80.275 8.6093
85 78.7239 9.1354
86 86.9543 9.0328
87 85.5078 9.4555
88 73.0988 7.578
89 98.4537 9.6562
90 75.0735 10.5307
91 86.683 8.594
92 85.2915 7.7291
93 82.8537 10.8651
94 92.8548 9.1127
95 81.4233 8.383
96 94.3845 8.6108
97 81.3534 10.3553
98 90.8661 8.2629
99 76.1613 8.1976
100 68.762 10.9776
101 61.2438 11.7914
102 86.0202 10.3663
103 0 0
104 0 0
105 59.6865 5.7068
106 67.9784 7.6248
107 72.577 6.6552
108 60.9321 7.7372
109 80.1616 5.2286
110 74.208 8.4303
111 81.0105 0.4534
112 75.6054 6.9647
113 76.658 6.3071
114 92.8249 9.1871
115 73.5789 6.1309
116 81.7407 6.1727
117 88.9652 9.8104
118 80.0884 10.5838
119 73.1732 9.0985
120 97.3334 7.6647
121 77.7982 7.0422
122 97.2179 10.8641
123 87.3305 11.2883
124 0 0
125 0 0
126 86.5093 6.1438
127 82.2658 8.1951
128 82.9495 7.534
129 67.465 7.3751
130 75.6081 7.0914
131 73.7735 9.4946
132 75.2541 9.3241
133 74.2227 11.0242
134 66.7422 13.0382
135 66.0265 11.8914
136 71.6904 8.1854
137 73.0755 12.4785
138 66.677 14.8128
139 72.9323 10.7554
140 74.1823 12.0157
141 73.7745 8.7408
142 71.204 9.6536
143 64.8768 12.1906
144 67.5902 9.3575
145 64.1148 10.4638
146 68.4675 9.756
147 72.557 9.5499
148 68.8383 7.8371
149 74.3818 7.3293
150 71.7803 6.4013
151 79.1236 7.3676
152 67.0752 7.6156
153 77.3651 8.8901
154 70.7978 9.3963
155 61.8891 8.3954
156 82.9376 6.8518
157 82.2671 8.3423
158 71.8779 9.3012
159 69.754 9.0066
160 88.7086 9.2586
161 86.163 10.2327
162 87.7125 8.9171
163 57.9614 10.1848
164 71.1916 12.2023
165 58.4951 13.913
166 57.8536 8.3468
167 69.6078 14.6988
168 69.1884 6.4951
169 57.0549 6.7916
170 73.0662 5.6169
171 57.8009 9.6035
172 74.2526 5.2764
173 91.9497 9.4867
174 80.8898 7.1261
175 79.4313 5.8047
176 78.3098 6.4231
177 86.1377 6.3304
178 76.2744 5.8653
179 85.9627 5.4651
180 62.9895 13.0255
181 69.9338 9.2455
182 59.3953 11.6846
183 78.3659 0.9907
184 65.2348 8.5276
185 61.4574 15.925
186 54.1651 10.0502
187 77.9366 15.3926
188 57.427 12.1607
189 79.5038 6.7718
190 61.8782 9.176
191 74.8549 8.3414
192 77.3735 11.2475
193 71.7571 11.5839
194 72.8644 11.3275
195 75.4197 8.3903
196 68.9598 9.5962
197 89.0268 10.6061
198 71.3183 10.9251
199 78.9872 10.1553
200 64.2222 10.3524
201 62.1272 11.572
202 70.2091 8.9002
203 80.5176 10.3135
204 64.0244 13.1391
205 63.0014 8.4007
206 77.8388 10.5844
207 75.4509 6.784
208 0 0
209 0 0
210 64.6247 8.5478
211 63.4471 9.5022
212 78.7258 7.8555
213 70.5644 7.7797
214 65.2752 7.2308
215 82.01 8.106
216 72.0597 9.0924
217 71.9746 10.0552
218 69.0793 6.9283
219 74.6142 8.1356
220 62.7543 8.5212
221 70.4389 8.5034
222 68.0333 9.4543
223 62.195 13.2043
224 73.341 9.433
225 66.3014 10.0232
226 80.5017 9.9548
227 80.7357 10.6124
228 73.8983 8.4104
229 0 0
230 0 0
231 54.6211 11.4295
232 55.9721 9.765
233 65.0794 9.012
234 62.037 12.4326
235 51.5311 13.6596
236 57.9955 11.1794
237 61.7055 10.2982
238 70.9463 8.2476
239 83.5303 8.5325
240 75.2175 10.3019
241 64.9789 8.7477
242 85.2463 7.197
243 76.8614 11.6892
244 64.3618 10.7372
245 77.7835 9.6544
246 78.941 9.11
247 69.1348 9.4239
248 81.4624 8.7801
249 65.8046 8.284
250 0 0
251 0 0
