0 74.3415 9.5555
1 71.1812 8.4257
2 72.6797 7.8633
3 70.4001 9.0096
4 57.3256 8.1073
5 68.8201 12.2506
6 72.6392 11.4627
7 70.9332 11.105
8 75.9759 12.0598
9 63.1948 11.3836
10 78.5579 9.0145
11 75.2015 8.5483
12 71.6406 10.4278
13 76.1301 13.0294
14 66.58 8.6538
15 71.2614 9.4631
16 68.8724 9.4113
17 74.5049 10.6952
18 73.9413 8.5168
19 73.1822 8.23
20 73.1926 9.9504
21 76.2556 7.3202
22 73.5271 8.9012
23 61.9513 7.0388
24 77.4489 6.7936
25 77.4355 9.479
26 82.1977 9.7555
27 87.1914 9.976
28 76.4969 8.5424
29 59.8101 11.8776
30 63.1125 10.1638
31 75.8758 9.0881
32 68.9329 5.8674
33 63.7999 9.6669
34 77.5441 8.9121
35 69.2465 11.4586
36 67.9735 9.1034
37 71.0403 8.0202
38 69.1086 8.4642
39 70.8094 8.7023
40 68.0392 8.3149
41 68.218 7.9455
42 67.0806 8.1041
43 84.1349 6.9401
44 72.2013 8.3429
45 75.2398 9.0043
46 71.3872 8.8301
47 60.167 7.7899
48 80.2489 9.1911
49 66.6378 9.1483
50 69.2851 6.6814
51 78.5553 9.182
52 74.185 9.2314
53 75.4286 7.6639
54 68.3606 11.9543
55 61.1435 12.9898
56 84.4195 6.2648
57 62.5271 12.6734
58 72.3688 9.4785
59 68.3364 12.6442
60 74.537 9.3654
61 75.8424 6.4276
62 60.6925 9.8255
63 75.5975 8.1824
64 65.7049 8.8243
65 68.2269 11.6622
66 76.729 12.3344
67 77.921 12.8707
68 90.9202 12.6817
69 73.0267 12.5574
70 76.2858 8.9918
71 72.3516 11.8859
72 72.3563 12.7596
73 70.8737 11.9012
74 60.8681 9.6729
75 57.7245 10.2876
76 51.2263 10.9378
77 65.9656 8.7595
78 72.5216 9.3458
79 57.7401 9.4708
80 64.0211 10.2355
81 57.204 11.341
82 0 0
83 0 0
84 80.3022 8.8583
85 78.5187 9.1387
86 86.5945 9.1258
87 85.6422 9.5228
88 72.9006 7.8026
89 98.6187 10.1151
90 75.1788 10.9056
91 86.7168 8.6412
92 85.2023 7.6308
93 82.8254 10.7931
94 92.788 8.8614
95 81.5064 8.4268
96 94.4792 8.857
97 81.1847 10.2471
98 90.8453 8.1374
99 76.4685 8.2964
100 68.784 11.1167
101 61.8494 11.1396
102 86.1289 10.5083
103 0 0
104 0 0
105 59.4703 5.8726
106 67.8523 7.8681
107 72.5717 6.7984
108 61.1866 7.9115
109 80.5042 5.3187
110 74.3371 8.4682
111 81.0297 0.4449
112 75.4691 7.0606
113 76.7426 6.1827
114 92.7958 9.578
115 73.7036 6.2515
116 81.8318 6.2826
117 88.9248 10.0368
118 80.0648 10.6355
119 72.8541 9.3647
120 97.3355 7.8232
121 77.82 7.3906
122 97.1493 11.0951
123 87.6788 11.4316
124 0 0
125 0 0
126 86.3562 6.2648
127 82.1944 8.1609
128 82.8568 7.5639
129 67.2821 7.4201
130 75.6019 7.0618
131 73.8408 9.3713
132 75.556 9.2995
133 74.0339 10.6595
134 66.9309 12.7596
135 65.8792 11.894
136 71.9149 8.3626
137 73.1486 12.2483
138 66.5969 14.4664
139 73.1078 10.9081
140 73.7066 12.1404
141 73.649 8.9512
142 71.45 9.3962
143 65.4112 11.6273
144 67.6136 9.1882
145 64.5848 10.1095
146 68.3758 9.7901
147 72.9229 9.2925
148 69.0184 7.7449
149 74.5186 7.2178
150 71.8284 6.5194
151 79.2904 7.3832
152 66.9325 7.8089
153 77.1898 8.674
154 71.0479 9.5546
155 62.2076 8.363
156 82.8175 6.9139
157 82.2992 8.3546
158 71.7194 9.2813
159 70.1128 9.1169
160 88.7132 9.4197
161 86.3931 10.2077
162 87.6292 8.6763
163 57.8631 10.4621
164 71.2797 12.4581
165 58.3591 14.3698
166 57.7386 8.5241
167 69.2662 14.4178
168 69.1517 6.4747
169 57.0094 6.7319
170 73.1175 5.6275
171 57.7942 9.4214
172 74.2462 5.4303
173 92.0381 9.4541
174 80.9797 7.1726
175 79.1879 6.0203
176 78.2086 6.5114
177 86.0726 6.4052
178 76.0998 6.077
179 85.8223 5.6157
180 63.256 13.32
181 69.5744 9.5497
182 59.0252 11.7538
183 78.5518 1.0075
184 65.0396 8.9191
185 60.4697 16.8007
186 53.863 10.4838
187 77.8325 15.7636
188 57.3631 12.1609
189 79.4031 6.572
190 61.8956 8.7474
191 74.8453 8.2295
192 77.2161 11.191
193 71.7047 11.4068
194 72.864 11.3246
195 75.481 8.28
196 69.0069 9.7885
197 89.3634 10.7761
198 71.0878 10.5971
199 79.0053 9.8913
200 64.2884 10.2598
201 62.4677 11.6452
202 69.9754 8.7944
203 80.4521 10.1961
204 64.486 12.8145
205 62.6867 8.7171
206 77.4622 10.4418
207 75.4889 6.8339
208 0 0
209 0 0
210 64.4941 8.4353
211 63.7719 9.5488
212 78.7271 7.9303
213 70.6018 7.7067
214 64.8877 7.1087
215 81.9286 8.2045
216 71.5722 9.025
217 71.9895 10.0399
218 69.1504 6.7825
219 74.7946 7.9628
220 62.7351 8.4373
221 70.6554 8.287
222 68.1354 9.0801
223 62.2191 12.7785
224 73.3531 9.1143
225 66.157 9.6737
226 80.5553 9.9044
227 80.8669 10.7291
228 73.9523 8.4063
229 0 0
230 0 0
231 54.8895 11.1752
232 55.785 9.909
233 65.2517 8.8771
234 62.2142 12.2463
235 51.2899 13.686
236 57.7248 11.0917
237 61.5996 10.6161
238 70.87 8.3507
239 83.522 8.5852
240 75.211 10.1715
241 65.1472 8.831
242 85.0821 7.2599
243 77.1297 11.7462
244 64.5535 10.6299
245 77.8752 9.5922
246 78.8832 8.9975
247 69.1844 9.2855
248 81.4653 8.7127
249 66.0161 8.2358
250 0 0
251 0 0
