0 74.2811 9.473
1 71.2687 8.1555
2 72.6646 7.7637
3 70.3756 9.2236
4 57.376 8.0208
5 68.4718 12.1171
6 72.7128 11.353
7 70.7624 10.6735
8 76.1106 11.941
9 63.4891 11.1427
10 78.7668 8.8964
11 75.1544 8.3016
12 71.3937 10.1976
13 76.4311 12.5694
14 66.5614 8.4234
15 71.2722 9.4406
16 68.8589 9.4051
17 74.7523 10.454
18 73.8477 8.2834
19 73.4206 8.0037
20 73.1014 9.5028
21 76.3205 7.1001
22 73.5505 9.0168
23 62.0622 6.8013
24 77.3582 6.6096
25 77.6955 9.4184
26 82.237 9.9089
27 87.5551 10.2438
28 76.3965 8.5216
29 59.891 11.8884
30 63.2965 9.8228
31 75.6187 8.6925
32 68.8843 5.5457
33 63.7612 9.4068
34 77.4434 8.6343
35 69.4994 11.0126
36 68.201 8.6163
37 71.0155 7.9235
38 68.9793 8.6214
39 70.8095 8.466
40 68.0003 7.8649
41 68.0127 7.7997
42 67.3395 7.9906
43 84.2784 6.8473
44 72.221 8.2788
45 75.5005 9.3469
46 71.455 8.926
47 60.0471 7.7547
48 80.2398 9.3311
49 66.529 9.1276
50 69.135 6.5818
51 78.2748 9.5616
52 74.2892 9.5041
53 75.3227 7.5151
54 68.2474 12.182
55 61.4504 13.2805
56 84.4573 6.0985
57 62.5862 12.7704
58 71.9115 9.4282
59 68.1552 12.2653
60 74.5725 9.3536
61 75.9797 6.2761
62 60.9869 9.3365
63 75.4544 8.0447
64 65.7582 8.6619
65 68.3637 11.7706
66 76.8378 12.6833
67 78.1726 13.3147
68 91.0185 13.065
69 73.2744 13.2765
70 76.2199 9.2636
71 72.4455 12.0549
72 72.2113 12.9976
73 70.9111 11.7463
74 60.7431 10.1347
75 57.1928 11.1535
76 49.9942 11.693
77 65.8872 9.0197
78 72.4946 9.8558
79 57.8479 9.5507
80 64.1339 10.9365
81 56.8468 11.7823
82 0 0
83 0 0
84 80.4788 8.3332
85 79.0692 8.8166
86 87.0628 8.6318
87 85.7759 8.9987
88 72.9591 7.3435
89 98.6395 9.3372
90 74.9827 10.2989
91 86.8483 8.3217
92 85.382 7.6012
93 83.1635 10.7601
94 92.9736 8.8783
95 81.6341 8.3835
96 94.3726 8.5288
97 81.4893 9.994
98 90.9273 8.0261
99 76.3237 8.0498
100 68.8552 10.9413
101 61.4828 11.3082
102 86.2001 10.2298
103 0 0
104 0 0
105 59.7767 5.5405
106 68.1105 7.6334
107 72.6897 6.5054
108 61.3561 7.5428
109 80.4646 5.1269
110 74.5289 8.3741
111 81.0523 0.4539
112 76.1916 6.9127
113 77.0191 6.3425
114 93.2388 9.3288
115 73.9409 6.0617
116 82.6544 6.1678
117 89.4401 9.8882
118 80.9078 10.9157
119 73.8265 9.5772
120 97.2963 7.6516
121 77.8817 7.0208
122 97.2111 10.8236
123 87.7611 11.2511
124 0 0
125 0 0
126 86.547 6.0478
127 82.4672 7.8965
128 82.9377 7.3598
129 67.537 7.1812
130 75.7687 6.8138
131 73.8691 9.3556
132 75.2147 9.1056
133 74.2326 10.9324
134 66.6206 13.1127
135 66.0235 11.6925
136 71.9491 8.0396
137 73.2784 12.1953
138 66.2898 14.9968
139 72.9272 10.5513
140 74.002 11.8842
141 73.871 8.574
142 71.3702 9.4436
143 65.185 11.8852
144 67.7052 9.0518
145 64.2881 10.2016
146 68.8046 9.3849
147 72.5716 9.5056
148 68.8733 7.7577
149 74.3361 7.1891
150 71.7159 6.3098
151 79.131 7.2835
152 67.0526 7.4805
153 77.3586 8.7744
154 70.8086 9.3166
155 61.902 8.3903
156 82.7936 6.7988
157 82.3949 8.3111
158 72.0226 9.0262
159 70.1018 8.7015
160 88.8647 9.0054
161 86.3284 9.908
162 87.8651 8.6634
163 57.6131 10.3907
164 71.2502 12.4351
165 58.0491 14.1902
166 57.5411 8.5412
167 69.2397 15.1063
168 69.3566 6.3618
169 57.2152 6.7027
170 73.2111 5.4837
171 58.0627 9.535
172 74.348 5.2103
173 92.117 9.628
174 81.0639 7.0756
175 79.578 5.7699
176 78.3382 6.324
177 86.0783 6.2672
178 76.2469 5.7991
179 85.9322 5.4293
180 63.2217 13.0868
181 69.6361 9.141
182 59.0388 11.9136
183 78.068 1.0253
184 65.2031 8.4648
185 61.8276 15.7384
186 53.7741 10.3025
187 77.8693 15.43
188 57.3975 12.0925
189 79.5266 6.7632
190 61.9043 9.0734
191 74.9585 8.127
192 77.461 11.1497
193 71.8248 11.7964
194 72.9609 11.4512
195 75.7684 8.2124
196 68.9607 9.4767
197 89.2061 10.5775
198 71.276 10.9321
199 79.0348 9.836
200 64.0087 10.2516
201 62.1545 11.6987
202 69.8949 8.8587
203 80.6063 10.3924
204 63.8657 13.228
205 62.8333 8.3861
206 77.6881 10.5907
207 75.4527 6.6664
208 0 0
209 0 0
210 64.6745 8.6221
211 63.3787 9.6351
212 78.6547 7.8173
213 70.4935 7.7317
214 65.2757 7.2137
215 81.812 8.1042
216 71.8431 8.9712
217 71.9998 9.8684
218 69.1285 6.7152
219 74.6144 7.8955
220 62.9144 8.2827
221 70.6954 8.2351
222 68.0791 9.2184
223 61.9271 13.4949
224 73.2715 9.3762
225 66.2163 9.9404
226 80.5971 9.677
227 80.8437 10.4179
228 73.9966 8.2765
229 0 0
230 0 0
231 54.5247 11.5024
232 55.5166 9.7974
233 65.0465 8.8765
234 61.8751 12.6064
235 51.134 13.7496
236 57.5861 11.5432
237 61.5316 10.1789
238 70.9686 8.1381
239 83.5559 8.3259
240 75.1289 10.2969
241 65.1974 8.5782
242 85.3546 7.0867
243 76.9489 11.5621
244 64.4753 10.4815
245 78.0222 9.4579
246 79.6016 8.8862
247 69.6033 9.2273
248 82.0369 8.5764
249 66.443 8.0232
250 0 0
251 0 0
