0 74.0846 9.6582
1 71.5271 8.2861
2 72.7513 7.8335
3 70.8046 9.2996
4 56.8845 8.1836
5 68.4875 12.3434
6 72.4608 11.6191
7 70.9194 10.9099
8 76.0953 12.1269
9 63.2214 11.4513
10 78.8381 8.943
11 75.2082 8.5113
12 71.6333 10.4465
13 76.3312 12.6988
14 66.4737 8.5696
15 71.2124 9.6361
16 68.7485 9.6037
17 74.8543 10.6388
18 73.7165 8.5152
19 73.4242 8.2435
20 73.0652 9.7291
21 76.2193 7.4184
22 73.3362 9.3088
23 61.6169 7.2455
24 76.9771 6.9275
25 77.6369 9.9693
26 82.1974 10.0399
27 87.539 10.4274
28 75.9924 8.7457
29 59.9026 11.6627
30 63.0822 10.0993
31 75.5727 8.936
32 68.8679 5.5527
33 63.758 9.6119
34 77.3974 9.0111
35 69.5352 11.1226
36 68.1567 8.7904
37 70.8647 8.0193
38 69.0378 8.6461
39 70.6493 8.6743
40 68.0648 8.0095
41 68.1262 7.8655
42 67.2488 7.9624
43 84.2728 6.7512
44 72.401 8.1985
45 75.3258 8.9412
46 71.2857 8.9291
47 60.1441 7.8046
48 80.201 9.4389
49 66.5257 9.084
50 69.276 6.7137
51 78.3262 9.473
52 74.2683 9.418
53 75.3702 7.6787
54 68.2077 12.2332
55 61.6952 12.9835
56 84.467 6.2963
57 62.0836 13.0149
58 72.2867 9.5905
59 68.2999 12.4645
60 74.7246 9.5012
61 75.8422 6.4644
62 60.9442 9.6326
63 75.3761 8.1113
64 65.761 8.6582
65 68.2111 11.6578
66 76.8164 12.6053
67 78.2349 13.1707
68 90.9383 12.9058
69 73.2847 13.0924
70 76.1016 9.3388
71 72.4605 12.1199
72 72.241 12.9939
73 70.6775 11.9175
74 60.7284 9.7923
75 57.2052 10.7845
76 50.2496 11.1998
77 65.7043 8.9644
78 72.3812 9.4669
79 58.0772 9.129
80 64.0884 10.5755
81 57.238 11.5124
82 0 0
83 0 0
84 80.4397 8.3765
85 78.9952 8.929
86 87.125 8.7741
87 85.8178 9.1354
88 73.0553 7.4775
89 98.4795 9.3146
90 75.019 10.2341
91 86.8293 8.3537
92 85.3473 7.6186
93 83.0297 10.8676
94 92.9705 8.9272
95 81.6064 8.4061
96 94.4389 8.5876
97 81.478 10.2005
98 90.8563 8.2041
99 76.3179 8.1086
100 69.2597 10.555
101 61.8234 11.0653
102 86.2416 10.0484
103 0 0
104 0 0
105 59.5327 5.7459
106 67.8602 7.68
107 72.6122 6.7869
108 60.9182 7.8429
109 80.2673 5.2806
110 74.1009 8.5217
111 81.0417 0.4556
112 75.5983 6.8804
113 76.7732 6.2224
114 92.733 9.1746
115 73.5499 6.1042
116 81.7124 6.0387
117 88.7953 9.6697
118 79.9761 10.6544
119 73.146 9.1544
120 97.3868 7.6673
121 77.9239 7.0093
122 97.1551 10.6961
123 87.4955 11.257
124 0 0
125 0 0
126 86.644 6.0583
127 82.2418 7.9327
128 82.8766 7.4743
129 67.5038 7.234
130 75.8418 6.9685
131 73.8769 9.2563
132 75.1388 8.9647
133 74.3514 10.5863
134 66.7679 12.7527
135 66.099 11.874
136 71.8418 8.1296
137 73.1132 12.4078
138 66.5831 14.5833
139 72.8915 10.6679
140 74.0289 11.7732
141 73.7666 8.5751
142 71.1557 9.6474
143 64.8933 12.3053
144 67.694 9.2889
145 64.2205 10.556
146 68.7298 9.753
147 72.6348 9.7055
148 68.8556 8.0409
149 74.4148 7.4364
150 71.595 6.5388
151 78.8131 7.4717
152 66.8279 7.7902
153 77.0467 9.1587
154 70.6068 9.7207
155 61.7855 8.7411
156 82.7749 7.1374
157 82.2529 8.6086
158 71.7129 9.5351
159 69.9294 9.1925
160 88.486 9.5384
161 86.0586 10.422
162 87.7973 9.1005
163 58.1134 10.0787
164 71.1707 12.2083
165 58.6711 13.9058
166 57.7034 8.3599
167 69.3738 14.5368
168 69.2256 6.4859
169 56.9547 6.7845
170 73.0984 5.6277
171 58.0155 9.5465
172 74.245 5.2676
173 92.0996 9.5559
174 80.9062 7.1264
175 79.3916 5.8958
176 78.3589 6.4253
177 86.0313 6.4035
178 76.2784 5.9779
179 85.9393 5.5173
180 63.4346 12.9
181 69.7719 9.2092
182 59.2532 11.8068
183 78.1149 0.9657
184 65.2908 8.5478
185 61.8284 15.6397
186 54.3339 10.0613
187 77.9486 15.2647
188 57.5079 12.0518
189 79.5573 6.6907
190 62.0879 9.0956
191 74.8736 8.2677
192 77.3256 11.1853
193 71.7624 11.6389
194 72.9452 11.212
195 75.5717 8.3614
196 68.9534 9.5716
197 89.0913 10.587
198 71.3972 10.8434
199 78.9946 10.0469
200 64.1634 10.2856
201 62.3325 11.5577
202 70.118 8.8702
203 80.4994 10.1565
204 64.1181 13.0211
205 62.8752 8.4045
206 77.7884 10.5382
207 75.3721 6.6651
208 0 0
209 0 0
210 64.6675 8.6465
211 63.5369 9.6849
212 78.662 7.8518
213 70.6851 7.875
214 65.2886 7.2775
215 81.9063 8.0882
216 71.8736 9.0062
217 72.001 9.9373
218 69.1742 6.6317
219 74.8666 7.8084
220 62.9707 8.2852
221 70.6922 8.2846
222 68.2322 9.1973
223 62.5413 12.9489
224 73.4979 9.2218
225 66.2524 9.8549
226 80.5929 9.7292
227 80.7982 10.5154
228 73.9216 8.288
229 0 0
230 0 0
231 54.1936 11.6167
232 55.8562 9.8072
233 64.9229 8.9916
234 61.8373 12.3934
235 51.6049 13.516
236 58.2694 11.1216
237 61.5108 10.3082
238 70.8246 8.197
239 83.438 8.4968
240 75.1048 10.2908
241 65.1418 8.6738
242 85.1739 7.2094
243 76.8931 11.6106
244 64.3481 10.7647
245 77.9929 9.5945
246 79.5398 8.9256
247 69.6782 9.2489
248 81.977 8.6744
249 66.5169 8.0536
250 0 0
251 0 0
