0 73.9644 9.868
1 71.3686 8.605
2 72.6355 7.9766
3 70.6386 9.4576
4 56.8242 8.2484
5 68.314 12.5911
6 72.5755 11.8525
7 70.6714 11.1781
8 76.1714 12.1548
9 63.2773 11.5577
10 78.7167 9.1746
11 75.1988 8.5073
12 71.5534 10.3659
13 76.3367 12.8819
14 66.5075 8.573
15 71.2304 9.6223
16 68.7695 9.7171
17 74.7582 10.89
18 73.7256 8.6703
19 73.5117 8.28
20 72.9159 9.9646
21 76.3174 7.2325
22 73.3441 8.9626
23 61.8697 6.9494
24 77.1064 6.774
25 77.6265 9.6222
26 82.1527 9.7136
27 87.4309 9.9548
28 76.3182 8.4213
29 60.0508 11.8263
30 63.1394 10.4519
31 75.7725 9.3095
32 68.953 5.6828
33 63.8017 9.8561
34 77.403 9.2463
35 69.3486 11.5885
36 68.0132 9.1903
37 70.8722 8.1278
38 69.048 8.7688
39 70.6299 8.7409
40 67.891 8.1372
41 67.9398 7.9536
42 67.3217 8.0582
43 84.3325 6.9978
44 72.2467 8.4989
45 75.36 9.1227
46 71.3915 8.9046
47 60.0748 7.8482
48 80.3484 9.2568
49 66.5529 8.9624
50 69.2891 6.7394
51 78.3645 9.3365
52 74.2272 9.2185
53 75.2736 7.6895
54 68.3754 12.1001
55 61.6867 12.9005
56 84.4789 6.3422
57 62.0484 13.2388
58 72.3553 9.7215
59 68.2444 12.7273
60 74.7047 9.4826
61 75.8969 6.4243
62 61.0039 9.4893
63 75.3852 8.2056
64 65.583 8.8335
65 68.3606 11.6337
66 76.7579 12.6587
67 78.3879 13.0446
68 90.9077 12.7908
69 73.4193 12.9422
70 75.8875 9.3571
71 72.378 12.2269
72 72.2368 13.033
73 71.0467 12.0915
74 60.7427 9.6486
75 57.1229 10.7393
76 50.4943 11.1478
77 65.8709 8.9452
78 72.3881 9.5407
79 58.1511 9.3224
80 64.1268 10.6262
81 57.3612 11.2811
82 0 0
83 0 0
84 79.9637 8.8365
85 78.7369 9.3336
86 86.9137 9.1696
87 85.7232 9.606
88 72.8722 7.7901
89 98.589 9.8137
90 74.9599 10.7563
91 86.8952 8.7367
92 85.3967 7.6709
93 83.0619 10.8324
94 93.052 8.9101
95 81.6403 8.4137
96 94.3549 8.6358
97 81.4919 10.2815
98 90.8412 8.1454
99 76.3839 8.1302
100 69.0048 10.944
101 61.6053 11.5448
102 86.2949 10.2598
103 0 0
104 0 0
105 59.8446 5.7487
106 67.9684 7.596
107 72.5765 6.7171
108 61.0383 7.7804
109 80.2284 5.2158
110 74.1973 8.3106
111 81.0065 0.4499
112 75.6328 6.9939
113 76.6856 6.2552
114 92.8469 9.182
115 73.5291 6.1772
116 81.8652 6.1507
117 88.9936 9.6971
118 80.1565 10.5244
119 73.171 9.1892
120 97.4219 7.7289
121 77.8252 7.1265
122 97.1451 10.9515
123 87.4026 11.3982
124 0 0
125 0 0
126 86.466 6.2698
127 82.2404 8.2158
128 82.8196 7.606
129 67.3593 7.4675
130 75.5328 7.207
131 73.6115 9.4533
132 75.1713 9.2076
133 74.0927 10.7918
134 66.9812 12.5195
135 66.276 11.7294
136 71.8587 8.1898
137 73.2898 12.4415
138 66.5312 14.5974
139 73.0591 10.5924
140 74.218 11.7765
141 73.819 8.6535
142 71.3245 9.7372
143 64.9206 12.369
144 67.6642 9.3611
145 64.3746 10.5561
146 68.6052 9.7509
147 72.6207 9.6842
148 68.943 7.8805
149 74.3661 7.3355
150 71.7712 6.4417
151 79.1924 7.4326
152 67.0427 7.7363
153 77.3552 9.0334
154 70.9616 9.617
155 61.7029 8.6973
156 82.8226 7.1188
157 82.3961 8.5629
158 71.8528 9.4731
159 69.9402 9.1651
160 88.7388 9.4818
161 86.2387 10.2815
162 87.8398 9.075
163 58.032 10.3077
164 70.9852 12.5455
165 58.7102 14.1195
166 57.6967 8.5778
167 69.5745 14.6237
168 69.1675 6.6223
169 57.1115 6.8332
170 73.1121 5.6956
171 57.9251 9.5898
172 74.3432 5.3538
173 92.0661 9.5534
174 81.0553 7.2852
175 79.501 5.969
176 78.3633 6.5562
177 86.0622 6.5063
178 76.3161 6.0502
179 85.8967 5.6219
180 63.158 13.4384
181 69.605 9.6224
182 58.6674 12.5371
183 78.2335 0.9812
184 65.2198 8.9428
185 61.6203 16.3123
186 54.0256 10.5333
187 77.6827 15.8524
188 57.3577 12.206
189 79.5921 6.5943
190 62.182 9.0389
191 75.0069 8.2998
192 77.3566 11.1896
193 71.7974 11.5198
194 73 11.2477
195 75.6518 8.3975
196 68.9611 9.5336
197 89.2729 10.6321
198 71.2734 10.8167
199 79.02 10.1038
200 63.9213 10.5295
201 62.357 11.6049
202 70.06 8.9619
203 80.5438 10.33
204 63.7271 13.3092
205 62.7027 8.565
206 77.728 10.7723
207 75.4159 6.7581
208 0 0
209 0 0
210 64.4376 8.8941
211 63.4055 9.8887
212 78.7507 8.0744
213 70.5101 8.0553
214 64.9987 7.5175
215 81.7421 8.4693
216 71.6648 9.3743
217 71.8111 10.419
218 69.0896 6.9776
219 74.5518 8.1134
220 62.9357 8.4534
221 70.5978 8.4427
222 68.2952 9.4048
223 62.5307 12.7408
224 73.5943 9.3748
225 66.3153 9.8535
226 80.6189 9.8808
227 80.7093 10.6288
228 74.0626 8.3515
229 0 0
230 0 0
231 54.6215 11.2512
232 55.9059 9.7783
233 64.9965 9.0103
234 62.0522 12.2939
235 50.9254 13.7232
236 57.9993 11.1988
237 61.375 10.5469
238 70.8363 8.4253
239 83.5382 8.6994
240 75.0766 10.391
241 65.0215 8.8642
242 85.1805 7.2896
243 76.8632 11.717
244 64.3927 10.8006
245 77.97 9.838
246 79.4663 9.2749
247 69.6651 9.5217
248 82.002 8.9724
249 66.4998 8.3974
250 0 0
251 0 0
