0 74.3018 9.5597
1 71.4101 8.142
2 72.5643 7.7105
3 70.4612 9.0947
4 57.3022 7.96
5 68.4392 11.7618
6 72.6477 11.6167
7 70.0553 10.6625
8 75.6506 12.3598
9 62.7954 11.3607
10 78.7651 9.3697
11 74.9545 8.6524
12 71.2404 10.7021
13 75.802 13.1439
14 66.1491 8.8362
15 70.9821 9.6036
16 68.943 9.4685
17 74.5517 10.6939
18 73.8134 8.3525
19 73.3446 8.0599
20 72.7827 9.2867
21 76.1835 7.2402
22 73.4653 8.9717
23 59.2327 7.2427
24 77.8705 6.7961
25 77.2349 9.5032
26 82.1603 9.7262
27 86.9768 10.0594
28 76.4028 8.5234
29 60.2708 11.2646
30 63.174 9.7833
31 75.5058 8.7021
32 69.09 5.8316
33 63.2636 9.8075
34 77.2015 8.5321
35 69.3623 10.8573
36 68.5113 8.6097
37 70.8161 8.1808
38 68.7995 8.6369
39 70.7825 8.8142
40 68.0118 8.2962
41 68.1127 8.0538
42 67.3124 7.9905
43 84.2425 6.9998
44 72.2122 8.3777
45 75.3241 9.0687
46 71.1597 8.9078
47 59.9098 7.5744
48 80.2792 9.2718
49 66.4238 8.9255
50 69.2783 6.612
51 78.1079 9.3048
52 74.2688 9.4172
53 75.2264 7.6117
54 67.8854 12.0278
55 61.8125 12.7333
56 84.4504 6.318
57 62.3556 12.9671
58 71.7138 9.6728
59 67.9555 12.4176
60 74.5509 9.509
61 75.8298 6.3821
62 61.1193 9.0747
63 75.4081 7.9312
64 65.365 8.5741
65 68.2521 11.7871
66 77.1255 12.641
67 77.871 13.5085
68 90.4657 13.2483
69 73.1675 13.1754
70 75.9786 9.458
71 72.414 12.3737
72 72.0436 13.1358
73 70.9078 11.9558
74 60.9851 9.3904
75 57.0457 10.7997
76 50.2802 11.0518
77 65.3305 8.9954
78 72.2704 9.5561
79 57.7437 9.448
80 63.8321 10.5973
81 57.03 11.5871
82 0 0
83 0 0
84 79.9368 8.7493
85 78.6555 9.096
86 86.7337 9.1466
87 85.2479 9.6922
88 72.8551 7.6311
89 98.5227 9.6656
90 74.8378 10.5999
91 86.6815 8.6123
92 85.3024 7.6284
93 83.0418 10.6481
94 92.914 8.853
95 81.5322 8.3637
96 94.3387 8.5024
97 81.6026 10.0127
98 90.8614 8.1747
99 76.4039 8.2175
100 68.756 10.8633
101 62.1239 10.7763
102 86.247 10.4642
103 0 0
104 0 0
105 59.7638 5.6369
106 68.026 7.3076
107 72.5485 6.6539
108 61.1873 7.4559
109 80.3265 5.2433
110 73.9861 8.4166
111 81.0687 0.4394
112 75.612 6.7183
113 76.4311 6.305
114 92.6245 9.1598
115 73.5678 6.0174
116 81.6151 6.1232
117 88.9297 9.6982
118 80.0676 10.1776
119 72.9686 9.1063
120 97.296 7.4759
121 77.8107 6.9082
122 97.0229 10.5268
123 87.4404 10.7749
124 0 0
125 0 0
126 86.4117 6.19
127 82.5652 8.2553
128 82.6812 7.3974
129 67.1456 7.3469
130 75.7179 7.1104
131 74.0176 9.3215
132 75.1214 8.8742
133 74.0445 11.1211
134 66.9023 12.6691
135 66.208 11.4652
136 71.9315 8.0421
137 73.2822 11.9261
138 67.0358 14.3612
139 73.2007 10.4114
140 73.9791 11.8074
141 74.0103 8.7688
142 71.3715 9.4892
143 64.7628 11.7777
144 67.9242 9.3393
145 64.2027 10.3799
146 68.6397 9.6399
147 72.7845 9.6666
148 68.8976 7.6743
149 74.294 7.3427
150 71.5253 6.3955
151 78.9447 7.4099
152 67.0497 7.6583
153 77.5247 9.029
154 70.7187 9.2642
155 61.6418 8.6338
156 82.8474 7.099
157 82.1073 8.6193
158 71.3459 9.6515
159 69.5401 9.4532
160 88.2355 9.7077
161 86.0304 10.3834
162 87.4055 9.0038
163 58.2482 9.7724
164 71.7943 12.1651
165 58.001 14.2915
166 57.5911 8.272
167 70.1229 13.9514
168 69.1505 6.2311
169 57.2438 6.6455
170 73.0338 5.7035
171 57.6342 9.6457
172 74.3259 5.2336
173 92.005 9.5548
174 81.2113 7.1095
175 79.4882 5.6781
176 78.1752 6.5276
177 86.0871 6.4873
178 76.1707 5.9004
179 85.7074 5.4893
180 63.4562 12.8772
181 69.3101 9.4117
182 58.851 11.9961
183 78.0528 0.9823
184 65.2363 8.585
185 60.8855 16.2649
186 54.2333 10.1543
187 77.5802 15.6923
188 57.4909 11.9267
189 79.5741 6.7428
190 62.2898 9.0033
191 74.9667 8.2725
192 77.4017 10.8367
193 71.7401 11.6603
194 72.9714 11.2314
195 75.382 8.3357
196 69.0539 9.3786
197 88.7891 10.618
198 71.6172 10.5435
199 78.9526 9.6535
200 63.7524 10.7128
201 62.3029 11.5669
202 70.1604 8.7151
203 80.7284 10.1881
204 63.7088 13.1472
205 62.6808 8.4213
206 77.3269 10.3798
207 75.5388 6.9705
208 0 0
209 0 0
210 64.0935 8.8654
211 62.8829 10.0798
212 78.359 8.1314
213 70.1723 8.1181
214 64.759 7.6354
215 81.497 8.5267
216 71.7266 9.417
217 71.3332 10.6907
218 68.8667 6.7501
219 74.7521 7.7545
220 62.8075 8.3132
221 70.7399 8.2733
222 68.2559 9.1823
223 62.464 12.6859
224 73.1136 9.2123
225 66.3307 9.7294
226 80.4857 9.6414
227 80.7864 10.6919
228 73.8551 8.1617
229 0 0
230 0 0
231 54.9582 10.988
232 55.5056 9.8351
233 64.981 8.815
234 61.4746 12.5047
235 51.7642 13.403
236 58.4882 11.0257
237 61.3664 10.0294
238 70.9643 8.1115
239 83.1756 8.5524
240 75.1692 10.1431
241 65.0674 8.5503
242 84.9911 7.2123
243 76.7052 11.2645
244 64.0393 10.6596
245 77.9493 9.3989
246 79.2444 8.9561
247 69.2419 9.0585
248 81.4445 8.6302
249 65.8916 8.0383
250 0 0
251 0 0
