0 74.1589 9.4911
1 71.2401 8.3659
2 72.7048 7.7476
3 70.4324 9.1339
4 57.3438 7.9316
5 68.391 12.2297
6 72.7572 11.3115
7 70.6754 10.8252
8 76.0648 11.9539
9 63.1863 11.2076
10 78.8576 8.9706
11 75.1318 8.2625
12 71.5699 10.2174
13 76.3044 12.5463
14 66.6073 8.2804
15 71.2942 9.3978
16 68.4827 9.6885
17 74.4169 10.8642
18 73.5692 8.7149
19 73.1837 8.3242
20 72.8798 9.8025
21 76.163 7.0907
22 73.5264 8.8467
23 61.9125 6.845
24 77.2211 6.5769
25 77.6472 9.4596
26 82.0136 9.6675
27 87.3691 10.0001
28 76.3283 8.3373
29 60.0882 11.7372
30 63.3178 10.2223
31 75.8232 9.1114
32 68.835 5.846
33 63.6726 9.7451
34 77.5696 8.8657
35 69.265 11.4865
36 68.1155 8.8885
37 71.0541 8.0669
38 69.0193 8.7316
39 70.7416 8.6913
40 67.8466 8.1559
41 67.9519 7.9857
42 67.6265 7.8247
43 84.3436 6.7089
44 72.5259 8.1165
45 75.1791 8.8295
46 71.2426 8.8118
47 60.1162 7.8352
48 80.1283 9.302
49 66.3715 9.0403
50 69.1458 6.6549
51 78.3855 9.4165
52 74.1657 9.2878
53 75.3273 7.6431
54 68.2136 12.1565
55 61.4733 12.9615
56 84.3865 6.2033
57 62.5535 12.6977
58 72.0224 9.5711
59 68.3947 12.4297
60 74.4741 9.4409
61 75.8761 6.3316
62 60.6827 9.5071
63 75.1891 8.2779
64 65.2611 8.861
65 68.0938 12.0018
66 76.6893 12.4436
67 78.1228 12.9521
68 90.8603 12.7563
69 73.0553 12.9784
70 76.0778 9.1755
71 72.4867 11.9519
72 72.3407 12.8275
73 70.9023 11.858
74 60.7919 9.6848
75 57.1883 10.8293
76 50.8004 10.9624
77 65.9383 8.8462
78 72.3898 9.568
79 57.9749 9.3692
80 64.0515 10.4801
81 57.1824 11.4289
82 0 0
83 0 0
84 80.1518 8.6391
85 78.49 9.1597
86 86.9504 9.0543
87 85.6001 9.4509
88 72.9634 7.6702
89 98.5152 9.6302
90 74.9609 10.7805
91 86.7556 8.575
92 85.2377 7.5236
93 83.1064 10.6842
94 93.0256 8.8144
95 81.6702 8.2932
96 94.0194 8.5283
97 81.4083 10.0837
98 90.6051 8.0854
99 76.344 8.0604
100 69.1167 10.5318
101 61.591 11.0598
102 86.1822 9.8914
103 0 0
104 0 0
105 59.6311 5.749
106 68.0378 7.6249
107 72.528 6.7571
108 61.0159 7.7372
109 80.395 5.2443
110 74.1481 8.3716
111 80.6751 7.1487
112 75.5876 6.8245
113 76.6496 6.2175
114 92.8751 9.0399
115 73.4572 6.0801
116 81.5898 5.9823
117 88.8132 9.6155
118 79.9773 10.432
119 73.0437 9.1023
120 97.1927 7.6703
121 77.7761 7.0593
122 97.1151 10.8264
123 87.2879 11.273
124 0 0
125 0 0
126 86.6993 6.0665
127 82.3109 8.0913
128 82.9774 7.4361
129 67.6133 7.1861
130 75.7067 6.9725
131 73.9453 9.1607
132 75.1761 8.939
133 74.283 10.6219
134 66.8089 12.8578
135 66.1294 11.6602
136 71.8663 8.0672
137 73.2603 12.263
138 66.47 14.5931
139 72.9426 10.485
140 74.1559 11.7398
141 73.7508 8.6179
142 71.3843 9.438
143 64.9271 12.1623
144 67.6788 9.2381
145 64.3902 10.3169
146 68.6834 9.504
147 72.5916 9.5555
148 68.8769 7.7448
149 74.4627 7.2017
150 71.6085 6.4164
151 79.0051 7.3036
152 66.9482 7.6924
153 77.315 8.9093
154 70.9097 9.4351
155 62.0843 8.5125
156 82.6983 6.9164
157 82.3544 8.4161
158 71.8066 9.1715
159 69.8487 8.8872
160 88.7033 9.242
161 86.2653 10.0506
162 87.7159 8.7702
163 57.9256 10.3023
164 70.8311 12.5623
165 58.375 14.2103
166 57.6125 8.5284
167 69.393 14.8102
168 68.8908 6.7217
169 56.8062 6.9228
170 73.0076 5.805
171 57.6768 9.7379
172 74.325 5.2954
173 91.9373 9.5307
174 80.8408 7.1926
175 79.1592 5.9558
176 78.2552 6.4686
177 85.8951 6.3999
178 76.2656 6.0601
179 85.7409 5.5158
180 63.3076 12.8318
181 69.6053 9.1662
182 59.1623 11.7509
183 77.8986 0.9188
184 65.2012 8.5328
185 61.659 15.6772
186 54.1525 10.0896
187 77.5974 15.0789
188 56.9571 12.3411
189 79.4758 6.5486
190 62.0102 9.0326
191 74.7766 8.1909
192 77.413 11.0405
193 71.8959 11.4702
194 72.9618 11.1576
195 75.4574 8.371
196 68.8399 9.5288
197 89.0938 10.6003
198 71.181 10.7431
199 79.1817 10.0876
200 64.3856 10.3421
201 61.8816 11.7249
202 70.1072 8.961
203 80.2761 10.2321
204 64.2457 13.0942
205 62.8815 8.4421
206 77.9899 10.6581
207 75.3752 6.7491
208 0 0
209 0 0
210 64.675 8.5608
211 63.3251 9.5488
212 78.62 7.8365
213 70.292 7.8496
214 65.3766 7.2405
215 81.9125 8.0734
216 71.9988 8.9297
217 71.8448 10.0693
218 69.0506 6.6856
219 74.7149 7.8084
220 62.9245 8.1968
221 70.5431 8.1714
222 68.0778 9.0839
223 62.268 12.8691
224 73.3895 9.0759
225 66.1951 9.6
226 80.5651 9.7146
227 80.6176 10.5349
228 73.8128 8.3734
229 0 0
230 0 0
231 53.8794 11.7171
232 55.9656 9.6532
233 64.8839 9.0417
234 61.7435 12.3706
235 51.0273 13.7137
236 57.6217 11.332
237 61.381 10.3613
238 70.8238 8.2471
239 83.4206 8.5525
240 75.1331 10.2653
241 65.0327 8.7066
242 85.1297 7.1628
243 76.8277 11.5706
244 64.4085 10.6258
245 77.8909 9.5369
246 79.4506 8.9664
247 69.6312 9.2099
248 81.9118 8.6083
249 66.2827 8.0424
250 0 0
251 0 0
