0 74.0045 9.5814
1 71.441 8.3568
2 72.6652 7.7454
3 70.8505 9.1542
4 56.8332 8.0405
5 68.5092 12.1518
6 72.5566 11.4075
7 70.913 10.7149
8 76.18 11.8145
9 63.485 11.0513
10 78.781 8.9899
11 75.1516 8.2251
12 71.6086 10.1273
13 76.2467 12.5137
14 66.6591 8.3077
15 71.3143 9.2953
16 68.9295 9.3591
17 74.9292 10.4022
18 73.8465 8.3194
19 73.3426 7.9989
20 73.209 9.5338
21 76.2539 7.0519
22 73.5581 8.9094
23 62.0666 6.7472
24 77.2919 6.5832
25 77.6216 9.3498
26 82.1258 9.7364
27 87.3447 10.0352
28 76.3295 8.2926
29 60.2037 11.67
30 63.2279 10.0069
31 75.7056 8.8503
32 68.9328 5.5531
33 63.8874 9.4392
34 77.5782 8.7423
35 69.5593 11.2183
36 68.2649 8.6485
37 71.184 8.0485
38 69.184 8.6988
39 70.8805 8.7197
40 67.9117 8.0429
41 68.0312 7.9546
42 67.2847 7.9565
43 84.2923 6.8284
44 72.3451 8.2651
45 75.3404 9.0862
46 71.1115 9.3164
47 59.6345 8.085
48 79.9879 9.5652
49 66.1342 9.2787
50 68.9027 6.898
51 78.1589 9.6905
52 74.1401 9.6623
53 75.289 7.8674
54 67.9062 12.5439
55 61.8309 13.2638
56 84.4397 6.3179
57 62.3464 13.1194
58 71.8855 9.7426
59 68.0729 12.6419
60 74.544 9.7934
61 75.6979 6.5468
62 60.8454 9.6565
63 75.3371 8.0118
64 65.6984 8.579
65 68.2043 11.6941
66 76.8527 12.4111
67 78.1238 13.0194
68 90.9302 12.7585
69 73.0858 12.8777
70 76.2345 9.0734
71 72.3415 12.0517
72 72.3697 12.8071
73 70.6893 11.6054
74 60.7154 9.7823
75 57.3385 10.7541
76 50.4201 11.2945
77 65.7825 8.7704
78 72.5561 9.5634
79 57.8981 9.3702
80 64.0072 10.5235
81 57.2859 11.3835
82 0 0
83 0 0
84 80.398 8.3476
85 78.99 8.8631
86 86.9442 8.7014
87 85.7537 9.1819
88 72.9821 7.3972
89 98.6071 9.3588
90 74.9238 10.3623
91 86.792 8.3737
92 85.2188 7.5921
93 82.9974 10.832
94 92.978 8.8853
95 81.6804 8.2986
96 94.4048 8.6043
97 81.3909 10.2757
98 90.9768 8.1822
99 76.2655 8.1764
100 68.8719 10.9125
101 61.2961 11.6388
102 86.1923 10.2535
103 0 0
104 0 0
105 59.5037 5.7835
106 67.8564 7.8192
107 72.5555 6.7657
108 61.1517 7.9085
109 80.4817 5.3096
110 74.2887 8.5989
111 80.7553 7.2048
112 75.5027 7.0405
113 76.6532 6.3643
114 92.8582 9.3889
115 73.5763 6.229
116 81.9074 6.1374
117 88.7754 9.8141
118 80.0075 10.8186
119 72.9167 9.3611
120 97.2948 7.93
121 77.7838 7.1486
122 97.3003 11.1377
123 87.5875 11.7192
124 0 0
125 0 0
126 86.4899 6.0484
127 82.1519 8.0893
128 82.6415 7.5454
129 67.3498 7.3042
130 75.6337 7.0546
131 73.7195 9.3974
132 75.2065 9.1968
133 74.0722 11.0656
134 66.6861 12.956
135 65.7296 11.8841
136 71.7314 8.2385
137 72.8961 12.5004
138 66.5648 14.9943
139 73.0077 10.733
140 74.0472 12.1132
141 73.7653 8.5922
142 71.4468 9.3247
143 65.2991 11.9017
144 67.9503 9.0452
145 64.3609 10.212
146 68.7515 9.3849
147 72.3492 9.5594
148 68.8728 7.774
149 74.3305 7.1866
150 71.6313 6.3916
151 79.0682 7.3272
152 66.7798 7.7221
153 77.1557 8.9213
154 70.6771 9.4839
155 61.9366 8.4694
156 82.7197 6.8702
157 82.427 8.3394
158 71.8525 9.1601
159 70.0017 8.8505
160 88.7912 9.1282
161 86.3818 9.9005
162 87.8132 8.706
163 57.8307 10.1845
164 71.0737 12.2697
165 58.3284 13.9562
166 57.8302 8.3217
167 69.5576 14.6367
168 69.1959 6.5695
169 57.0282 6.7105
170 73.0229 5.6208
171 57.9183 9.5449
172 74.3489 5.4469
173 91.8309 9.7088
174 80.8768 7.3772
175 79.1214 6.0946
176 78.1954 6.6031
177 85.7824 6.5527
178 76.154 6.1684
179 85.6603 5.6417
180 63.2103 13.4495
181 69.5593 9.5918
182 58.8059 12.2248
183 78.2453 0.9475
184 65.3092 8.8552
185 61.0325 16.3897
186 53.6312 10.5954
187 77.87 15.7785
188 57.1697 12.2802
189 79.5037 6.6551
190 61.9697 9.0534
191 74.8815 8.0168
192 77.0891 11.2292
193 71.7159 11.695
194 72.7043 11.4645
195 75.3929 8.4581
196 68.918 9.5951
197 89.25 10.7085
198 71.2387 10.9547
199 78.9164 10.1473
200 63.9903 10.2936
201 62.2459 11.6226
202 69.956 8.9896
203 80.4203 10.3339
204 63.8595 13.2064
205 62.6861 8.4989
206 77.6105 10.6331
207 75.4516 6.694
208 0 0
209 0 0
210 64.5633 8.4267
211 63.4756 9.5574
212 78.6247 7.748
213 70.5489 7.7616
214 65.2043 7.1693
215 81.9015 8.0057
216 71.744 8.9479
217 72.0123 9.8176
218 68.8912 6.7734
219 74.6416 7.9206
220 62.8825 8.3169
221 70.5576 8.2588
222 67.9896 9.2569
223 62.125 13.353
224 73.3727 9.3084
225 66.0598 9.935
226 80.6231 9.451
227 80.7729 10.2951
228 74.0824 8.1192
229 0 0
230 0 0
231 54.2104 11.4964
232 55.7948 9.6999
233 64.9918 8.8265
234 62.0277 12.3952
235 51.6568 13.3551
236 57.9699 11.076
237 61.4155 10.3325
238 70.8679 8.2673
239 83.4936 8.5644
240 75.0566 10.2756
241 64.9829 8.7604
242 85.0787 7.2119
243 76.7976 11.6209
244 64.3307 10.6292
245 77.8346 9.4874
246 79.4967 8.9157
247 69.7576 9.0689
248 81.9151 8.6641
249 66.3113 7.9805
250 0 0
251 0 0
