0 74.3195 9.2074
1 71.265 8.1059
2 72.7161 7.4098
3 70.5513 8.718
4 57.6789 7.5557
5 68.5927 11.8998
6 72.6946 11.139
7 70.6255 10.4695
8 76.1041 12.0347
9 62.7892 11.2951
10 78.912 9.0135
11 74.9751 8.2045
12 71.4269 10.1987
13 76.0089 12.6336
14 66.317 8.4063
15 71.2776 9.3081
16 68.855 9.2318
17 74.9298 10.3624
18 73.9368 8.113
19 73.3314 7.9913
20 73.3632 9.3839
21 76.3208 7.0841
22 73.4707 8.7594
23 62.1444 6.676
24 77.2884 6.5015
25 78.0176 9.1105
26 82.0251 9.7038
27 87.4931 10.3108
28 76.3787 8.2303
29 59.8476 12.0297
30 63.4992 9.7235
31 75.4544 8.6394
32 68.7192 5.6757
33 64.0737 8.9076
34 77.6255 8.4331
35 69.7422 10.7496
36 68.1928 8.5151
37 70.8527 7.5049
38 69.068 8.285
39 70.527 8.2477
40 68.2053 7.4682
41 68.018 7.5902
42 67.3534 7.964
43 84.1873 6.8218
44 72.3394 8.4397
45 75.2978 9.1213
46 71.338 8.7842
47 60.2148 7.7183
48 80.0517 9.263
49 66.4631 9.0078
50 69.1165 6.6101
51 78.1556 9.5309
52 74.2228 9.3882
53 75.2608 7.7174
54 68.1366 11.973
55 61.4903 13.0616
56 84.3624 6.211
57 62.4739 12.4558
58 72.0235 9.4184
59 68.2689 12.7079
60 74.4727 9.4349
61 75.9867 6.2721
62 60.8435 9.2785
63 75.3707 7.7401
64 65.96 8.461
65 68.3482 11.6019
66 76.7667 12.752
67 78.1572 13.4409
68 91.0656 13.14
69 73.5697 13.3307
70 75.9811 9.0571
71 72.1262 12.0883
72 71.749 13.0743
73 71.054 11.8279
74 60.8418 9.6055
75 57.1935 10.8878
76 49.3573 11.8057
77 66.0522 8.8032
78 72.4102 9.2422
79 58.0646 9.118
80 64.428 10.4491
81 57.5043 11.1765
82 0 0
83 0 0
84 80.5271 8.1135
85 79.1547 8.6627
86 87.1049 8.6639
87 85.5941 8.8537
88 73.1149 7.125
89 98.6819 9.0005
90 75.0112 10.0405
91 86.6201 8.0817
92 85.1938 7.498
93 83.3821 10.6056
94 93.0499 8.7814
95 81.8034 8.2354
96 94.1259 8.4342
97 81.0815 9.8528
98 90.3467 7.9567
99 76.3974 8.0626
100 68.8406 10.7579
101 61.553 11.1984
102 86.4202 10.1701
103 0 0
104 0 0
105 59.7706 5.5413
106 68.0002 7.4642
107 72.76 6.5822
108 60.9973 7.5448
109 80.4144 5.0921
110 74.0758 8.1702
111 80.564 6.9208
112 75.6537 6.8531
113 76.3311 6.2507
114 92.6126 9.0343
115 73.4107 6.1313
116 81.9089 6.0454
117 88.7082 9.887
118 80.0752 10.3647
119 73.283 9.0541
120 97.2146 7.6641
121 77.6953 6.9452
122 96.9582 10.8024
123 87.3336 11.2732
124 0 0
125 0 0
126 86.4545 5.9168
127 82.3626 7.9671
128 83.0411 7.3462
129 67.6152 6.9441
130 75.8287 6.7553
131 73.7471 9.1998
132 75.1129 8.883
133 74.7393 10.7871
134 67.1883 13.0653
135 66.3177 11.2412
136 72.1511 7.7694
137 73.5383 11.787
138 66.8352 14.8209
139 72.8976 9.9395
140 74.3961 11.8765
141 73.7727 8.1548
142 71.3317 9.2219
143 65.3601 11.5414
144 67.9412 8.9079
145 64.6171 9.7666
146 68.5906 9.357
147 72.745 8.9695
148 68.8682 7.4249
149 74.3514 7.0849
150 71.8364 6.2002
151 79.3155 7.0337
152 67.1218 7.4447
153 77.4158 8.7615
154 71.0572 9.0627
155 61.743 8.2596
156 82.7826 6.971
157 82.3911 8.4353
158 72.0056 9.1783
159 69.4898 8.8297
160 88.6199 9.1876
161 86.2874 9.992
162 87.5888 8.9216
163 58.2064 9.7336
164 71.2814 11.9977
165 58.4436 13.7093
166 58.1367 8.211
167 69.4496 14.6641
168 69.2332 6.4312
169 56.9399 6.7926
170 73.1059 5.5863
171 57.7494 9.6556
172 74.4352 5.2339
173 91.9694 9.3372
174 80.8546 7.0739
175 79.1043 5.733
176 78.4311 6.3095
177 86.0168 6.1027
178 76.4205 5.9105
179 85.7948 5.4481
180 62.9928 13.3812
181 69.6241 9.4315
182 59.1316 11.9975
183 78.3739 0.9822
184 65.4128 8.5983
185 62.1631 15.7008
186 53.7533 10.4512
187 77.3211 15.7729
188 57.3167 12.0722
189 79.7349 6.6318
190 61.9433 9.0691
191 75.043 8.064
192 77.4021 10.9679
193 71.5829 11.6711
194 72.9578 11.0681
195 75.7595 8.1378
196 69.0481 9.2222
197 89.1298 10.7035
198 71.1399 10.7386
199 79.0806 9.7266
200 64.581 9.6796
201 62.3364 11.3623
202 70.15 8.4551
203 80.2071 10.2237
204 64.3259 12.9749
205 62.9639 8.2259
206 77.9879 10.319
207 75.5226 6.5207
208 0 0
209 0 0
210 64.8299 8.0178
211 63.3407 9.19
212 78.71 7.5418
213 70.6293 7.5106
214 65.3898 6.9622
215 81.9223 7.7929
216 72.117 8.5416
217 72.0198 9.5908
218 69.2917 6.2848
219 74.8181 7.4392
220 63.0278 7.7739
221 70.6804 7.8037
222 68.65 8.6378
223 62.3201 12.9274
224 73.6916 8.8924
225 66.3101 9.2246
226 80.7975 9.4749
227 80.7456 10.1286
228 74.0366 8.1377
229 0 0
230 0 0
231 54.2318 11.8123
232 55.6537 9.6418
233 65.1899 8.903
234 61.9761 12.1147
235 51.6902 13.5216
236 58.248 10.7125
237 61.4393 10.2737
238 70.782 8.1797
239 83.2664 8.4355
240 75.0155 10.207
241 64.812 8.8142
242 84.9894 7.1936
243 76.9349 11.375
244 64.1265 10.6869
245 78.074 9.6369
246 79.2529 8.7789
247 69.9118 9.0548
248 81.8595 8.6801
249 66.2936 7.9026
250 0 0
251 0 0
