0 73.6039 9.6079
1 71.0413 8.5247
2 72.4544 7.9235
3 70.3268 9.3095
4 56.4395 8.103
5 68.0544 12.4933
6 72.3889 11.7075
7 70.648 11.052
8 76.2216 11.4977
9 63.3858 10.98
10 78.8784 8.706
11 75.2607 8.068
12 71.6321 9.9514
13 76.4316 12.2263
14 66.6422 8.2005
15 71.2513 9.0967
16 68.5353 9.6547
17 74.6998 10.6269
18 73.6663 8.4652
19 73.2087 8.0797
20 72.902 9.7731
21 76.1249 7.1792
22 73.2559 9.0959
23 61.8554 6.8693
24 77.0696 6.7334
25 77.5618 9.4365
26 82.0879 10.1072
27 87.5447 10.3761
28 76.1705 8.6317
29 60.0013 11.8837
30 63.3142 9.9514
31 75.7301 8.7849
32 68.9224 5.5239
33 63.7354 9.4159
34 77.51 8.6249
35 69.3564 11.1751
36 68.2018 8.6277
37 71.0087 8.0106
38 68.972 8.6822
39 70.7262 8.6046
40 67.9225 7.9931
41 67.7349 7.9008
42 67.3706 7.9271
43 84.2692 6.8167
44 72.354 8.2594
45 75.3482 9.2178
46 71.3449 8.9617
47 60.0999 7.7457
48 80.2475 9.2869
49 66.5256 9.0204
50 69.2354 6.5558
51 78.4137 9.5409
52 74.3243 9.5305
53 75.3355 7.4479
54 68.2284 12.3524
55 61.8213 13.0932
56 84.4432 6.1257
57 62.4964 13.0607
58 71.8402 9.3902
59 68.2528 12.147
60 74.4963 9.4403
61 75.979 6.248
62 60.957 9.2563
63 75.155 8.1742
64 65.483 8.7993
65 68.0988 12.0184
66 76.8113 12.3826
67 78.2088 13.178
68 90.8648 12.8503
69 73.3252 12.9275
70 76.1102 8.9692
71 72.3546 12.0374
72 72.3476 12.7119
73 71.079 11.5112
74 60.6175 9.8058
75 57.1308 10.7543
76 50.5272 11.1375
77 66.068 8.5362
78 72.5188 9.3487
79 58.1324 9.0112
80 64.1531 10.4566
81 57.347 11.3178
82 0 0
83 0 0
84 80.2007 8.3392
85 78.896 8.9132
86 86.8968 8.8026
87 85.917 9.1393
88 72.7767 7.4234
89 98.6406 9.3924
90 74.7797 10.4582
91 86.8636 8.3477
92 85.3165 7.359
93 83.0834 10.5717
94 92.999 8.6989
95 81.5521 8.1319
96 94.1889 8.3958
97 81.3717 9.9827
98 90.8638 7.9144
99 76.4047 7.9992
100 68.8321 10.73
101 61.4769 11.2971
102 86.187 10.1893
103 0 0
104 0 0
105 59.8562 5.564
106 68.137 7.6284
107 72.6924 6.5472
108 61.1041 7.5473
109 80.467 5.1268
110 74.1449 8.3826
111 80.7725 6.9923
112 75.7097 6.8006
113 76.7054 6.1292
114 92.8879 9.1432
115 73.5538 5.9802
116 81.7927 5.9578
117 88.9399 9.66
118 79.9804 10.6484
119 73.0998 9.1041
120 97.3512 7.6295
121 77.8797 6.9616
122 97.1545 10.7719
123 87.3473 11.2455
124 0 0
125 0 0
126 86.451 5.9538
127 82.2774 7.9868
128 82.8808 7.4266
129 67.4783 7.1673
130 75.5639 6.9324
131 73.7651 9.3717
132 75.2996 9.1711
133 74.1638 11.0541
134 66.8595 12.9772
135 66.238 11.4959
136 71.9161 7.942
137 73.1435 12.0473
138 66.1681 15.1447
139 73.0127 10.2807
140 74.0789 11.9005
141 73.9722 8.3526
142 71.391 9.2336
143 65.251 11.8014
144 67.8423 8.9838
145 64.3912 10.0939
146 68.8569 9.2726
147 72.7148 9.2971
148 68.8071 7.5454
149 74.5038 7.007
150 71.7338 6.1974
151 79.2325 7.1447
152 67.0991 7.4511
153 77.4141 8.6929
154 70.9571 9.1837
155 62.1564 8.2519
156 82.9112 6.7351
157 82.3909 8.1461
158 71.8325 8.9275
159 70.0946 8.6044
160 88.8542 8.9325
161 86.3302 9.8145
162 87.8079 8.4823
163 57.911 10.2137
164 71.0279 12.1878
165 58.6491 13.7422
166 57.5427 8.4388
167 69.3027 15.077
168 69.3083 6.4827
169 56.8698 6.8488
170 73.2449 5.6197
171 57.7439 9.7807
172 74.2348 5.2308
173 92.1058 9.5688
174 80.9756 7.0132
175 79.2521 5.7579
176 78.3919 6.2858
177 85.9028 6.2771
178 76.2264 5.8613
179 85.9367 5.3833
180 63.1612 12.9192
181 69.5877 9.0276
182 59.0806 11.5849
183 78.0299 0.9239
184 65.2902 8.4544
185 61.293 15.8071
186 54.0925 9.9663
187 77.6424 15.2628
188 57.2309 12.111
189 79.5898 6.6381
190 62.0621 9.038
191 74.8912 8.0357
192 77.3194 11.1126
193 71.8867 11.5327
194 72.9507 11.354
195 75.6501 8.1621
196 68.9568 9.3845
197 89.2131 10.6024
198 71.2248 10.8311
199 79.1141 9.835
200 64.0765 10.0264
201 62.1269 11.7145
202 70.0838 8.8064
203 80.3833 10.3885
204 64.2067 13.0461
205 62.9879 8.3109
206 77.7403 10.4277
207 75.4272 6.5995
208 0 0
209 0 0
210 64.6355 8.5179
211 63.4355 9.5408
212 78.6826 7.8606
213 70.3441 7.7799
214 65.2724 7.1716
215 81.9316 8.0656
216 71.9458 8.9033
217 71.9331 9.8631
218 69.0785 6.5232
219 74.7087 7.6137
220 62.915 7.9668
221 70.6101 8.0208
222 68.3399 8.8423
223 62.6053 12.9365
224 73.5422 8.8922
225 66.1565 9.4615
226 80.6942 9.3497
227 80.6395 10.2105
228 73.9278 8.1452
229 0 0
230 0 0
231 54.2898 11.5966
232 55.8554 9.5873
233 65.0441 8.8629
234 61.8003 12.5413
235 51.1534 13.7571
236 57.9804 11.3743
237 61.3472 10.3949
238 70.9723 8.1288
239 83.5394 8.3391
240 75.2214 10.209
241 65.083 8.5178
242 85.3029 6.9779
243 76.9174 11.5929
244 64.4526 10.5855
245 77.9842 9.4519
246 79.4042 8.7699
247 69.885 9.0218
248 82.0337 8.4206
249 66.4214 7.9036
250 0 0
251 0 0
