0 74.0758 9.5088
1 71.4359 8.2612
2 72.7603 7.7739
3 70.8037 9.1784
4 56.8317 8.0211
5 68.4894 12.1903
6 72.6179 11.4118
7 70.854 10.7891
8 76.1678 11.8353
9 63.2798 11.1636
10 78.7826 8.9606
11 75.1413 8.3029
12 71.6209 10.1747
13 76.4229 12.4213
14 66.5775 8.3314
15 71.2827 9.46
16 68.742 9.4939
17 74.8234 10.4677
18 73.8401 8.3269
19 73.3969 7.9759
20 73.0567 9.565
21 76.2363 7.081
22 73.5851 8.9309
23 62.0541 6.7763
24 77.3742 6.5239
25 77.5438 9.3713
26 82.0925 9.7191
27 87.3014 10.122
28 76.4535 8.4644
29 60.0117 11.6431
30 63.2708 9.9911
31 75.6102 8.7681
32 68.8895 5.5736
33 63.8268 9.3764
34 77.6736 8.5867
35 69.5812 11.0259
36 68.508 8.5837
37 71.3133 8.0755
38 69.089 8.7712
39 70.9374 8.652
40 67.8887 8.1547
41 68.14 8.0152
42 67.3493 7.9315
43 84.2862 6.8152
44 72.326 8.2471
45 75.4114 9.0331
46 71.286 8.954
47 60.0868 7.8117
48 80.1615 9.2965
49 66.5307 8.9741
50 69.1741 6.6632
51 78.3233 9.4739
52 74.3541 9.4488
53 75.2952 7.6013
54 68.2656 12.1268
55 61.679 13.0197
56 84.4371 6.1529
57 62.3322 12.9204
58 72.1019 9.5006
59 68.2922 12.4548
60 74.6664 9.459
61 75.9306 6.3596
62 60.8171 9.5024
63 75.3623 8.0194
64 65.8148 8.5738
65 68.3112 11.687
66 76.7334 12.5465
67 78.3459 13.1772
68 90.9982 12.8529
69 73.3607 13.1441
70 75.9097 9.1966
71 72.2101 12.2347
72 71.8787 12.9829
73 70.8952 11.7655
74 60.7654 9.7178
75 56.9831 10.9762
76 50.6822 11.1464
77 65.9783 8.8459
78 72.4796 9.6788
79 58.1666 9.3364
80 64.0597 10.5742
81 57.2577 11.5188
82 0 0
83 0 0
84 80.3896 8.4383
85 78.9263 8.7765
86 86.9449 8.8221
87 85.8317 9.238
88 73.0826 7.4292
89 98.5633 9.3808
90 75.0044 10.448
91 86.8049 8.4055
92 85.4086 7.5564
93 82.9531 10.7221
94 92.8425 8.9121
95 81.5702 8.3313
96 94.4552 8.6
97 81.4276 10.2005
98 91.0266 8.1267
99 76.2511 8.1349
100 68.9139 10.78
101 61.6138 11.4386
102 86.3074 10.1705
103 0 0
104 0 0
105 59.8181 5.6167
106 68.0238 7.6001
107 72.553 6.6318
108 61.178 7.6914
109 80.3503 5.188
110 74.2241 8.3371
111 80.8606 7.089
112 75.594 6.8608
113 76.6366 6.2309
114 92.7024 9.126
115 73.4463 6.1126
116 81.7137 6.0949
117 88.799 9.7005
118 79.9431 10.6046
119 73.0406 9.1004
120 97.1766 7.7044
121 77.599 7.051
122 97.0802 10.7755
123 87.2875 11.2569
124 0 0
125 0 0
126 86.6141 5.9806
127 82.2263 7.9398
128 82.947 7.3071
129 67.4834 7.0797
130 75.7255 6.9307
131 73.9423 9.1994
132 75.2756 8.9741
133 74.3226 10.7677
134 66.851 12.8994
135 66.0893 11.6846
136 71.8251 8.1034
137 73.187 12.3472
138 66.5589 14.7936
139 73.1567 10.5748
140 74.104 11.8562
141 73.7763 8.5768
142 71.4062 9.3826
143 65.1432 12.0682
144 67.8332 9.1707
145 64.2963 10.3332
146 68.757 9.4674
147 72.5516 9.7128
148 68.7867 7.9299
149 74.4633 7.2923
150 71.7268 6.5205
151 78.9097 7.4819
152 66.8323 7.8394
153 77.0812 9.0833
154 70.6967 9.6551
155 61.8252 8.507
156 82.6687 6.8752
157 82.4286 8.4031
158 71.843 9.235
159 69.9647 8.7754
160 88.6564 9.1838
161 86.3899 10.0563
162 87.7468 8.7588
163 57.9573 10.0027
164 71.2417 12.1523
165 58.326 13.9055
166 57.8841 8.2582
167 69.6021 14.4248
168 69.0517 6.6002
169 56.736 6.8711
170 72.8689 5.6941
171 57.826 9.5402
172 74.3115 5.2873
173 92.0293 9.462
174 80.921 7.2157
175 79.3242 5.9812
176 78.2405 6.5058
177 85.9293 6.4298
178 76.2498 6.0675
179 85.7681 5.5433
180 63.1341 12.8639
181 69.6926 9.2459
182 58.6859 12.0729
183 78.0749 0.9376
184 65.1251 8.6523
185 61.6649 15.7042
186 54.0032 10.1566
187 77.7107 15.3557
188 56.6197 12.729
189 79.4829 6.6427
190 62.0565 8.9731
191 74.9597 8.1296
192 77.3318 11.1349
193 71.76 11.5432
194 72.8551 11.2076
195 75.5238 8.3949
196 68.945 9.4134
197 89.2122 10.5828
198 71.331 10.8032
199 79.0738 9.9051
200 64.294 10.2361
201 62.2647 11.5103
202 70.0394 8.9157
203 80.3472 10.2263
204 64.0797 12.9813
205 63.0073 8.3597
206 77.882 10.5859
207 75.3312 6.6303
208 0 0
209 0 0
210 64.7317 8.4323
211 63.3924 9.4665
212 78.6264 7.7644
213 70.515 7.7641
214 65.3817 7.15
215 81.9332 7.9486
216 72.0486 8.7967
217 71.9553 9.8456
218 69.0679 6.5779
219 74.8102 7.7377
220 62.9711 8.2005
221 70.7081 8.201
222 68.1368 9.0849
223 62.5369 12.9213
224 73.4527 9.1153
225 66.1522 9.6614
226 80.7037 9.6537
227 80.7926 10.3605
228 73.9844 8.231
229 0 0
230 0 0
231 54.5474 11.7345
232 55.7846 10.067
233 65.1686 9.2706
234 61.8279 12.6364
235 51.2401 13.955
236 57.3555 11.6063
237 61.3137 10.958
238 70.8925 8.3456
239 83.5847 8.5885
240 75.0852 10.3803
241 65.0923 8.7847
242 85.1089 7.2199
243 76.9397 11.7213
244 64.3937 10.6832
245 77.9052 9.7118
246 79.4861 8.8121
247 69.9511 9.119
248 81.8618 8.5674
249 66.4938 7.9164
250 0 0
251 0 0
