0 73.7348 9.6425
1 71.124 8.3932
2 72.4547 7.8164
3 70.2843 9.3224
4 56.5041 8.1699
5 68.068 12.4633
6 72.4649 11.5406
7 70.5324 10.9286
8 76.0997 11.5138
9 63.5521 10.8045
10 78.8366 8.7945
11 75.4421 7.8972
12 71.6505 9.9552
13 76.4628 12.1827
14 66.6081 8.1365
15 71.3518 9.0664
16 68.6668 9.4485
17 75.0176 10.3002
18 73.8482 8.2579
19 73.5971 7.8583
20 72.9713 9.5843
21 76.2029 7.1261
22 73.422 9.1521
23 61.9705 6.8159
24 77.2277 6.5847
25 77.6982 9.456
26 82.2132 9.9314
27 87.4028 10.4469
28 76.1528 8.5978
29 60.0848 11.9134
30 63.0511 10.0455
31 75.7586 8.8972
32 69.0098 5.4709
33 63.7355 9.5557
34 77.5892 8.6899
35 69.4574 11.3211
36 68.1826 8.6614
37 71.1572 7.8421
38 69.1774 8.5362
39 70.7772 8.4236
40 67.9704 7.9226
41 68.0176 7.7875
42 67.4638 7.7113
43 84.2833 6.6367
44 72.5705 8.0144
45 75.3919 9.0322
46 71.3837 8.9492
47 60.1437 7.7208
48 80.262 9.2832
49 66.4993 9.0468
50 69.2001 6.5555
51 78.3933 9.6239
52 74.2816 9.5514
53 75.3328 7.507
54 68.1938 12.46
55 61.4805 13.3775
56 84.4575 6.0509
57 62.2714 12.9499
58 72.2626 9.4569
59 68.2682 12.2806
60 74.6279 9.5182
61 75.776 6.2283
62 60.9732 9.2153
63 75.3383 8.008
64 65.666 8.5736
65 68.4598 11.8204
66 76.8978 12.3708
67 78.5588 13.211
68 91.1923 12.7828
69 73.7186 12.8789
70 75.9671 8.9724
71 72.4917 11.9332
72 72.2792 12.6832
73 71.2411 11.4767
74 60.6212 10.1554
75 57.2303 11.1151
76 50.5058 11.5254
77 65.971 8.8607
78 72.5631 9.7195
79 58.2435 9.3844
80 64.1211 10.8558
81 57.1864 11.6499
82 0 0
83 0 0
84 80.4973 8.1743
85 78.6371 8.7415
86 86.8668 8.5963
87 85.3582 8.9748
88 73.3767 7.2408
89 98.5216 9.154
90 75.2097 10.142
91 86.6747 8.1283
92 85.5081 7.395
93 83.0001 10.5027
94 93.1525 8.6174
95 81.6654 8.0077
96 94.6594 8.289
97 81.4417 9.8736
98 91.0089 7.9436
99 76.3202 7.7691
100 69.1614 10.473
101 61.6518 10.9447
102 86.3633 9.7902
103 0 0
104 0 0
105 59.7476 5.5539
106 68.0288 7.6801
107 72.6732 6.5151
108 61.0095 7.516
109 80.5171 5.142
110 74.1293 8.3629
111 80.7908 6.977
112 75.776 6.7519
113 76.6634 6.0879
114 92.8105 9.1136
115 73.5175 5.9544
116 81.7986 5.9457
117 88.836 9.6582
118 80.1265 10.7712
119 73.1631 9.1456
120 97.2308 7.5109
121 77.8786 6.8965
122 97.1144 10.6589
123 87.3995 11.1383
124 0 0
125 0 0
126 86.5926 5.9317
127 82.3296 7.8795
128 83.0337 7.23
129 67.5596 7.0039
130 75.7299 6.8135
131 73.8571 9.2909
132 75.2762 9.0804
133 74.311 10.7374
134 66.8406 13.1426
135 66.1905 11.4233
136 71.8309 7.9403
137 73.3369 12.1665
138 66.7268 14.8051
139 72.9935 10.3466
140 74.0103 11.9542
141 73.8466 8.3616
142 71.4175 9.2727
143 65.105 11.9162
144 67.7099 8.94
145 64.2833 10.0133
146 68.8642 9.3333
147 72.6687 9.2834
148 68.9755 7.4987
149 74.5372 6.9657
150 71.7479 6.1845
151 79.1382 7.1738
152 66.978 7.5066
153 77.3203 8.6933
154 70.8281 9.1447
155 62.1094 8.1746
156 82.891 6.7335
157 82.4165 8.0578
158 71.9139 8.8811
159 70.1288 8.5994
160 88.7975 8.866
161 86.3402 9.6386
162 87.8574 8.5572
163 58.0427 10.0037
164 71.2963 12.143
165 58.657 13.8305
166 57.5976 8.2917
167 69.3699 15.0263
168 69.3319 6.4198
169 57.0471 6.6031
170 73.1288 5.5578
171 57.8055 9.641
172 74.18 5.1408
173 92.0809 9.6189
174 80.9964 6.9838
175 79.3827 5.7505
176 78.3544 6.2969
177 85.9109 6.2044
178 76.2149 5.8703
179 85.9215 5.386
180 63.0666 13.1177
181 69.8227 9.1394
182 59.2301 11.649
183 78.2176 0.9354
184 65.1339 8.3725
185 61.3209 15.955
186 53.9504 9.9225
187 77.7258 15.405
188 57.4327 11.906
189 79.5577 6.7146
190 61.9718 9.0733
191 74.9965 8.0942
192 77.4477 11.0378
193 71.7597 11.486
194 73.0007 11.2572
195 75.5559 8.1293
196 68.9366 9.2431
197 89.1363 10.4662
198 71.462 10.689
199 79.1704 9.7966
200 63.9734 10.1396
201 62.1503 11.6729
202 70.0793 8.8154
203 80.4771 10.3617
204 64.0413 13.1061
205 62.8107 8.3406
206 77.5072 10.5252
207 75.5789 6.6274
208 0 0
209 0 0
210 64.5031 8.3886
211 63.5715 9.4259
212 78.7055 7.6976
213 70.7466 7.7001
214 64.9889 7.0886
215 81.8396 7.9178
216 71.641 8.7737
217 72.1226 9.7878
218 69.0662 6.6034
219 74.6118 7.7386
220 62.9343 8.0757
221 70.6661 8.1246
222 68.2479 8.9655
223 62.3182 13.2643
224 73.4591 8.9711
225 66.3269 9.5651
226 80.5373 9.3137
227 80.6517 10.0287
228 73.9359 8.0228
229 0 0
230 0 0
231 54.483 11.5131
232 55.4946 9.8022
233 65.0309 8.8733
234 61.6601 12.6563
235 51.1277 13.7518
236 57.6476 11.535
237 61.5579 10.1596
238 70.9531 8.0984
239 83.5333 8.2451
240 75.25 10.2679
241 65.0231 8.5017
242 85.2456 7.0317
243 76.8762 11.5865
244 64.5035 10.5664
245 77.9443 9.3633
246 79.4885 8.8508
247 69.7059 9.1612
248 82.0915 8.564
249 66.4672 8.0554
250 0 0
251 0 0
