0 73.9571 9.4558
1 71.33 8.298
2 72.6579 7.683
3 70.6589 9.0848
4 56.829 7.9491
5 68.3007 12.1801
6 72.5794 11.4188
7 70.9208 10.6987
8 76.2598 11.8005
9 63.5605 10.9994
10 78.8682 8.8404
11 75.2756 8.093
12 71.5628 10.0306
13 76.4153 12.3791
14 66.5415 8.2435
15 71.3691 9.2241
16 68.8644 9.3045
17 75.0127 10.2236
18 73.8942 8.2101
19 73.5494 7.8885
20 72.991 9.4985
21 76.2257 7.1374
22 73.5271 9.1603
23 61.9489 6.8919
24 77.2513 6.6197
25 77.6644 9.51
26 82.2103 9.9815
27 87.4817 10.353
28 76.3699 8.5874
29 60.4572 12.0426
30 63.1813 10.1241
31 75.7836 8.8155
32 69.0602 5.423
33 63.8388 9.4499
34 77.624 8.6901
35 69.533 11.3844
36 68.2549 8.6399
37 71.2921 8.011
38 69.2445 8.5119
39 70.8806 8.5301
40 67.951 7.8928
41 68.1432 7.7209
42 67.3569 7.878
43 84.1979 6.8021
44 72.3454 8.1737
45 75.5159 9.1582
46 71.3199 8.9835
47 60.2722 7.7013
48 80.2981 9.4024
49 66.6588 9.0824
50 69.2339 6.5416
51 78.5051 9.6519
52 74.3213 9.547
53 75.4578 7.5824
54 68.0434 12.7764
55 61.6679 13.6942
56 84.5487 6.1829
57 62.0838 13.5474
58 72.1048 9.5957
59 68.1609 12.535
60 74.5652 9.8687
61 75.8591 6.4642
62 60.8399 9.3205
63 75.4592 7.8277
64 65.7899 8.4372
65 68.3798 11.6511
66 76.7376 12.6372
67 78.1657 13.4186
68 90.8866 13.1472
69 73.2291 13.271
70 75.9533 9.1249
71 72.164 12.2792
72 72.0647 12.9447
73 70.9441 11.7076
74 60.895 10.0451
75 57.538 11.0201
76 49.8243 11.8566
77 66.1496 8.7924
78 72.6361 9.6141
79 58.344 9.2455
80 63.9328 10.9302
81 57.2266 11.7763
82 0 0
83 0 0
84 80.3451 8.3171
85 78.9046 8.7426
86 86.9456 8.7233
87 85.7153 9.0708
88 73.0952 7.412
89 98.5803 9.4483
90 74.9211 10.4955
91 86.8139 8.4462
92 85.2877 7.4971
93 83.2281 10.5775
94 92.8614 8.7566
95 81.6516 8.1644
96 94.0944 8.4477
97 81.3889 9.9726
98 90.6907 8.0009
99 76.4018 8.0255
100 68.7426 10.859
101 61.2987 11.6439
102 86.1593 10.2269
103 0 0
104 0 0
105 59.8836 5.4774
106 68.0587 7.5709
107 72.6182 6.4585
108 61.1218 7.621
109 80.353 5.0998
110 74.2763 8.3989
111 80.7722 7.0579
112 75.7096 6.8137
113 76.7318 6.1764
114 92.8166 9.1565
115 73.4944 5.9964
116 81.8323 5.995
117 88.915 9.6714
118 80.1172 10.7257
119 73.1613 9.1999
120 97.2807 7.5458
121 77.7096 7.0097
122 97.1362 10.7057
123 87.5591 11.1875
124 0 0
125 0 0
126 86.702 5.889
127 82.397 7.7949
128 83.1131 7.2272
129 67.7251 7.0377
130 75.8419 6.8177
131 74.0627 9.2392
132 75.2983 9.0943
133 74.19 10.8217
134 66.7034 13.187
135 66.3456 11.4832
136 71.955 7.9255
137 73.3139 12.1802
138 66.2923 15.0125
139 73.0777 10.3622
140 73.9922 11.892
141 73.9561 8.3947
142 71.3388 9.3792
143 65.007 11.9586
144 67.681 9.0366
145 64.2575 10.1942
146 68.8037 9.5497
147 72.7234 9.317
148 69.059 7.53
149 74.5428 7.0709
150 71.7157 6.2285
151 79.0849 7.1727
152 67.0899 7.4786
153 77.2776 8.5764
154 70.8627 9.1926
155 62.0438 8.2066
156 82.8336 6.7415
157 82.3994 8.0772
158 71.8314 8.8212
159 70.1755 8.5682
160 88.8235 8.7956
161 86.3457 9.7672
162 87.7353 8.6058
163 57.7845 10.2089
164 71.1616 12.1766
165 58.2936 14.0032
166 57.5969 8.4725
167 69.3353 15.156
168 69.1573 6.5211
169 56.9335 6.8011
170 73.0669 5.5925
171 57.8564 9.6872
172 74.4377 5.2565
173 91.9822 9.5146
174 80.9585 7.06
175 79.2217 5.7388
176 78.4348 6.3118
177 86.0776 6.2875
178 76.3309 5.8799
179 85.8271 5.3996
180 63.0202 13.5524
181 69.4313 9.5764
182 58.844 12.1107
183 78.1692 0.9327
184 65.2921 8.6583
185 60.9517 16.6201
186 54.2099 10.195
187 77.5935 15.8994
188 57.3565 12.0715
189 79.557 6.7827
190 62.0135 9.1776
191 74.941 8.1479
192 77.4218 11.0498
193 71.7588 11.5219
194 73.0094 11.3827
195 75.5678 8.2137
196 68.9629 9.2667
197 89.1705 10.5138
198 71.3451 10.7805
199 79.0831 9.8622
200 64.2782 10.2991
201 61.951 11.9734
202 69.9248 9.1855
203 80.4815 10.6206
204 63.8849 13.5579
205 62.7839 8.552
206 77.6206 10.8332
207 75.5856 6.8888
208 0 0
209 0 0
210 64.7721 8.3602
211 63.4361 9.4893
212 78.8367 7.7147
213 70.5429 7.6883
214 65.4679 7.0716
215 81.9839 7.9135
216 72.0052 8.8751
217 71.9787 9.7911
218 69.2339 6.5152
219 74.7253 7.6872
220 63.0858 7.9975
221 70.6299 8.014
222 68.33 8.9991
223 62.8286 12.968
224 73.6065 8.9231
225 66.1867 9.6011
226 80.6249 9.5836
227 80.8544 10.2888
228 73.9267 8.2797
229 0 0
230 0 0
231 54.5828 11.6275
232 55.5932 9.8396
233 65.2237 8.9782
234 61.8143 12.4959
235 51.2756 13.8505
236 57.5927 11.4701
237 61.5342 10.4397
238 70.6913 8.2493
239 83.5914 8.5406
240 75.1582 10.3918
241 65.2873 8.6409
242 85.0121 7.205
243 76.8539 11.7228
244 64.3759 10.7557
245 78.0256 9.4607
246 79.6116 8.7174
247 70.1128 9.0982
248 82.0303 8.4449
249 66.7227 7.821
250 0 0
251 0 0
