0 74.0675 9.3867
1 71.2411 8.2023
2 72.7432 7.6353
3 70.4977 8.9979
4 57.2684 7.808
5 68.3264 12.1397
6 72.673 11.2584
7 70.6806 10.609
8 76.1159 11.6035
9 63.2973 11.0439
10 78.8428 8.7484
11 75.2698 8.1073
12 71.6106 9.9727
13 76.4139 12.3131
14 66.5427 8.1957
15 71.3487 9.177
16 68.9807 9.2614
17 74.8818 10.1819
18 73.8407 8.079
19 73.4022 7.773
20 73.2616 9.4099
21 76.1981 7.1862
22 73.4121 9.1126
23 61.9235 6.9468
24 77.1932 6.6936
25 77.5616 9.5006
26 82.0658 10.0772
27 87.4996 10.373
28 76.1847 8.5739
29 59.8833 11.9674
30 63.2721 9.9609
31 75.7974 8.7619
32 68.938 5.524
33 63.842 9.345
34 77.5479 8.6641
35 69.3862 11.2433
36 68.2115 8.6095
37 71.1335 7.9776
38 69.1384 8.6434
39 70.8363 8.5009
40 67.9409 7.9439
41 67.953 7.9046
42 67.2478 7.9715
43 84.265 6.8487
44 72.3682 8.3063
45 75.37 9.0221
46 71.2552 8.9717
47 60.1667 7.7762
48 80.1597 9.3332
49 66.5343 9.0719
50 69.2218 6.5816
51 78.2856 9.4433
52 74.2753 9.4525
53 75.2863 7.5658
54 68.282 12.2571
55 61.6536 13.1049
56 84.486 6.1853
57 62.5377 12.7597
58 72.1156 9.4217
59 68.1585 12.4395
60 74.5858 9.5382
61 75.8781 6.2777
62 60.8598 9.4143
63 75.5139 7.7806
64 66.019 8.4204
65 68.3303 11.5963
66 76.7206 12.4996
67 78.2224 13.183
68 91.0924 12.9094
69 73.3282 13.0576
70 76.1173 8.9803
71 72.3372 12.1509
72 72.2423 12.8118
73 70.9166 11.5685
74 60.5694 10.1999
75 57.0521 11.1359
76 50.3399 11.5119
77 65.8617 8.8085
78 72.6625 9.5702
79 58.1442 9.314
80 63.9665 10.8358
81 56.8643 11.7414
82 0 0
83 0 0
84 80.2949 8.2179
85 78.8716 8.7586
86 86.9686 8.7055
87 85.8209 9.155
88 73.0507 7.3146
89 98.5202 9.3668
90 75.0829 10.3915
91 86.8654 8.3014
92 85.2169 7.6708
93 83.1297 10.8184
94 92.9958 8.9286
95 81.6691 8.387
96 94.3194 8.6492
97 81.3457 10.394
98 90.7245 8.2261
99 76.2579 8.2456
100 68.8555 10.7375
101 61.6744 11.2589
102 86.0834 10.103
103 0 0
104 0 0
105 59.6224 5.5946
106 68.0094 7.6523
107 72.6606 6.625
108 61.2057 7.6999
109 80.4791 5.2539
110 74.2611 8.465
111 80.7803 7.0985
112 75.6604 6.9325
113 76.5066 6.2794
114 92.5167 9.1454
115 73.398 6.0935
116 81.8145 6.1087
117 88.8537 9.7526
118 80.0252 10.6581
119 72.9609 9.1796
120 97.1806 7.6977
121 77.807 7.0286
122 97.1364 10.9702
123 87.5258 11.4002
124 0 0
125 0 0
126 86.6138 5.9495
127 82.145 7.9656
128 82.8871 7.3364
129 67.4987 7.1329
130 75.6645 6.8543
131 73.8018 9.379
132 75.2988 9.2731
133 74.2958 11.0177
134 66.7485 13.1807
135 66.313 11.3258
136 71.8751 7.8044
137 73.2488 11.9485
138 66.6348 14.9106
139 73.1133 10.1931
140 74.2158 11.8444
141 73.8495 8.2351
142 71.395 9.205
143 65.1348 11.8455
144 67.8551 8.8551
145 64.3158 10.0419
146 68.8486 9.3626
147 72.5019 9.2253
148 68.8282 7.6545
149 74.4807 7.1289
150 71.8206 6.2549
151 79.2466 7.2282
152 66.9481 7.5804
153 77.1957 8.804
154 70.8554 9.311
155 61.85 8.3744
156 82.9315 6.8599
157 82.4286 8.1203
158 72.0047 9.0421
159 69.9492 8.7989
160 88.8473 9.1881
161 86.3426 9.8388
162 87.7941 8.7484
163 58.0184 9.9213
164 71.3688 11.9005
165 58.4392 13.633
166 58.025 8.1374
167 69.3807 14.7274
168 69.2321 6.4725
169 56.9244 6.7215
170 73.0628 5.5793
171 57.7813 9.5327
172 74.3642 5.4108
173 91.8593 9.7371
174 80.8833 7.2705
175 79.1396 6.0196
176 78.3475 6.5333
177 85.7207 6.4396
178 76.1429 6.0649
179 85.8029 5.5544
180 63.4193 13.4374
181 69.5745 9.4894
182 58.4927 12.3341
183 78.35 0.9342
184 65.3146 8.6618
185 61.4801 16.3299
186 54.1079 10.3453
187 77.9354 15.6741
188 57.2973 12.026
189 79.4841 6.7279
190 61.9474 9.0851
191 74.8889 8.1363
192 77.3869 11.0114
193 71.6609 11.5948
194 72.9734 11.4709
195 75.6097 8.1452
196 69.067 9.3265
197 89.1679 10.518
198 71.2831 10.8117
199 79.1702 9.8402
200 64.1926 10.0631
201 62.3798 11.5141
202 70.1348 8.6478
203 80.4156 10.1423
204 64.1369 12.995
205 62.9079 8.177
206 77.9034 10.3428
207 75.3643 6.4638
208 0 0
209 0 0
210 64.7397 8.1519
211 63.4654 9.3784
212 78.7257 7.6186
213 70.5822 7.623
214 65.3816 7.0368
215 81.9587 7.8444
216 72.1772 8.7203
217 71.8852 9.6854
218 69.0232 6.5082
219 74.7356 7.6634
220 62.9119 8.1102
221 70.6667 8.0993
222 68.1424 9.0305
223 62.3376 13.3929
224 73.488 9.0161
225 66.2941 9.6
226 80.6155 9.2962
227 80.6919 10.1083
228 74.0427 8.0644
229 0 0
230 0 0
231 54.1339 11.6571
232 55.6186 9.6746
233 64.9268 8.8047
234 61.8156 12.3665
235 51.7859 13.3698
236 57.649 11.3719
237 61.2586 10.4242
238 70.8843 8.1799
239 83.4936 8.4748
240 75.2019 10.3111
241 64.9122 8.66
242 85.2125 7.1082
243 76.9181 11.5941
244 64.3825 10.6525
245 78.0101 9.4309
246 79.4331 8.83
247 69.665 9.11
248 81.8317 8.5949
249 66.19 8.0097
250 0 0
251 0 0
