0 73.8592 9.5388
1 71.1741 8.3685
2 72.535 7.7034
3 70.5108 9.1076
4 56.8972 7.8734
5 68.3076 12.1721
6 72.4055 11.3761
7 70.6512 10.7881
8 76.1324 11.7323
9 63.1755 11.1152
10 78.7291 8.9213
11 74.9911 8.1623
12 71.3789 10.0345
13 76.1913 12.3715
14 66.4168 8.2802
15 71.213 9.3515
16 68.5356 9.566
17 74.4418 10.5413
18 73.5665 8.4505
19 73.0951 8.0224
20 73.0207 9.5826
21 76.0947 6.9367
22 73.5548 8.8843
23 61.9221 6.6912
24 77.2047 6.5346
25 77.6224 9.2326
26 82.1146 9.6651
27 87.4764 9.9731
28 76.3965 8.3117
29 59.9135 12.1203
30 63.0445 10.0946
31 75.8538 8.9595
32 68.8428 5.7536
33 63.6396 9.6084
34 77.6326 8.8304
35 69.1779 11.5061
36 68.2025 8.7213
37 71.0698 7.9597
38 69.1732 8.6441
39 70.8754 8.4417
40 67.949 8.0425
41 67.773 7.8925
42 67.3389 7.8639
43 84.2634 6.7022
44 72.3582 8.2069
45 75.2431 9.1582
46 71.4081 8.7996
47 60.2566 7.6045
48 80.2895 9.1943
49 66.5269 8.9601
50 69.3064 6.4578
51 78.4571 9.5139
52 74.2526 9.3597
53 75.2028 7.4399
54 68.1704 12.3652
55 61.7183 13.1509
56 84.5047 6.0715
57 62.6013 12.8804
58 72.0177 9.2545
59 68.2417 12.1541
60 74.4494 9.4696
61 76.0402 6.1705
62 60.8463 9.5032
63 75.2326 8.074
64 65.5058 8.7203
65 67.9717 12.075
66 76.6738 12.3373
67 78.0819 13.0526
68 90.7979 12.8363
69 73.0455 12.8859
70 76.0965 9.0045
71 72.2606 12.0545
72 72.1182 12.8438
73 70.89 11.5699
74 60.8674 9.6294
75 57.3469 10.7134
76 50.3858 11.3504
77 66.1756 8.6136
78 72.6001 9.3878
79 58.2982 9.1435
80 64.3328 10.3804
81 57.4725 11.3839
82 0 0
83 0 0
84 80.4054 8.2551
85 78.6284 8.7005
86 86.9169 8.583
87 85.4563 8.9953
88 73.1063 7.2045
89 98.4529 9.2372
90 74.9865 10.2122
91 86.6184 8.2397
92 85.1203 7.5029
93 82.9947 10.7349
94 92.8853 8.8229
95 81.5455 8.2967
96 93.8336 8.4688
97 81.1422 10.0655
98 90.6633 7.9791
99 76.1623 8.0006
100 68.7709 10.7448
101 61.3456 11.3045
102 86.0774 10.0689
103 0 0
104 0 0
105 59.304 5.7211
106 67.7601 7.7928
107 72.5712 6.7252
108 61.3187 7.6883
109 80.5582 5.2049
110 74.3475 8.6019
111 80.8134 7.1578
112 75.7074 6.7473
113 76.6317 6.1088
114 92.8381 9.1658
115 73.644 5.9678
116 81.8755 5.8949
117 88.9006 9.6908
118 80.338 10.7245
119 73.1033 9.0915
120 97.1661 7.6224
121 77.7676 6.9762
122 97.1042 10.8455
123 87.4663 11.3309
124 0 0
125 0 0
126 86.6364 5.9653
127 82.2299 7.9177
128 83.0337 7.2472
129 67.5782 7.0444
130 75.656 6.8563
131 73.8788 9.3021
132 75.3183 9.0436
133 74.2769 10.83
134 66.7577 13.0608
135 66.1478 11.487
136 71.8665 7.9237
137 73.2835 11.96
138 66.3042 15.0531
139 72.9839 10.3935
140 74.1174 11.7816
141 73.8842 8.3573
142 71.0664 9.5598
143 64.9459 12.2464
144 67.4408 9.26
145 64.0262 10.475
146 68.6625 9.6578
147 72.7216 9.4936
148 68.809 7.8325
149 74.4456 7.2356
150 71.6007 6.386
151 78.9275 7.3609
152 66.875 7.7523
153 77.0624 8.9215
154 70.735 9.4658
155 61.8621 8.3049
156 82.7483 6.8079
157 82.2601 8.1516
158 71.7026 8.9972
159 69.8723 8.6903
160 88.7611 9.0262
161 86.3969 9.8873
162 87.7284 8.6797
163 58.0824 9.8926
164 71.1725 11.9309
165 58.3948 13.6866
166 57.9539 8.1864
167 69.5698 14.6521
168 69.2945 6.4499
169 56.9922 6.694
170 73.0855 5.5566
171 57.6468 9.729
172 74.1795 5.2721
173 91.9439 9.5424
174 81.0072 7.0871
175 79.2684 5.7919
176 78.2265 6.3894
177 85.8682 6.2694
178 76.1598 5.9491
179 85.8158 5.4109
180 62.9889 13.1632
181 69.6422 9.1605
182 58.7577 11.8619
183 78.22 0.9332
184 65.2521 8.46
185 61.1426 15.9214
186 53.7853 10.0673
187 77.9292 15.2335
188 57.0746 12.064
189 79.4208 6.7802
190 61.8407 9.3178
191 74.8666 8.3099
192 77.3401 11.0545
193 71.7354 11.5908
194 72.7714 11.2985
195 75.5304 8.2996
196 68.8411 9.3703
197 89.1854 10.6103
198 71.2273 10.8313
199 78.9687 9.93
200 64.3278 10.2152
201 61.8975 11.7173
202 70.2634 8.81
203 80.4981 10.3038
204 64.3404 13.089
205 62.996 8.3686
206 77.8682 10.4252
207 75.4705 6.6698
208 0 0
209 0 0
210 64.5836 8.4502
211 63.5764 9.434
212 78.6771 7.7605
213 70.6495 7.7796
214 65.0667 7.1698
215 81.8951 8.0531
216 71.8186 8.8939
217 72.087 9.8146
218 69.0429 6.5268
219 74.9249 7.5437
220 63.0954 7.9218
221 70.7326 7.9376
222 68.1161 8.8211
223 62.4233 13.0963
224 73.4644 8.8167
225 66.2839 9.4161
226 80.5872 9.4208
227 80.7964 10.0427
228 73.9325 7.9309
229 0 0
230 0 0
231 54.0883 11.6654
232 55.5807 9.8083
233 65.0051 8.845
234 61.7339 12.5666
235 51.038 13.8042
236 57.6684 11.4854
237 61.4087 10.2868
238 70.7638 8.1525
239 83.538 8.4472
240 75.0454 10.382
241 65.022 8.576
242 85.098 7.1501
243 76.8149 11.5483
244 64.4293 10.5632
245 77.9738 9.5175
246 78.9704 8.7798
247 69.4093 8.9859
248 81.4698 8.4501
249 65.9952 7.8174
250 0 0
251 0 0
