0 74.1761 9.3336
1 71.3066 8.1924
2 72.6063 7.5636
3 70.4317 8.955
4 57.2109 7.8321
5 68.49 11.9708
6 72.8123 11.158
7 70.7513 10.5145
8 76.0494 11.5704
9 63.2776 10.9503
10 78.7818 8.7619
11 75.287 8.0116
12 71.6136 9.8887
13 76.2953 12.1324
14 66.6507 8.1176
15 71.3102 9.1296
16 68.8958 9.2316
17 74.8244 10.2065
18 73.6735 8.2365
19 73.3391 7.7899
20 73.1208 9.3841
21 76.1287 6.9984
22 73.5203 8.9343
23 61.9929 6.7124
24 77.3507 6.5452
25 77.5163 9.3313
26 82.0928 9.8081
27 87.371 10.0538
28 76.412 8.4115
29 60.1081 11.672
30 63.1571 10.0273
31 75.7102 8.8403
32 68.7579 5.8945
33 63.7701 9.4071
34 77.623 8.6368
35 69.7468 11.0667
36 68.3488 8.4916
37 71.2276 7.6997
38 69.1979 8.2893
39 70.9249 8.2199
40 68.1539 7.6731
41 68.2828 7.5439
42 67.3805 7.8388
43 84.2691 6.7162
44 72.4787 8.0813
45 75.3833 9.2212
46 71.5179 8.837
47 60.2632 7.6421
48 80.3523 9.2928
49 66.5336 9.0415
50 69.2587 6.5669
51 78.3402 9.485
52 74.3984 9.4133
53 75.3241 7.4513
54 68.2849 12.3601
55 61.4451 13.266
56 84.532 6.0128
57 62.4763 12.7303
58 72.2141 9.3024
59 68.5485 12.1082
60 74.622 9.3325
61 75.9429 6.1449
62 61.0256 9.1371
63 75.4182 7.9349
64 65.8046 8.4669
65 68.4056 11.677
66 76.6708 12.7791
67 78.2137 13.5087
68 90.9069 13.2638
69 73.1438 13.5252
70 75.8375 9.3357
71 72.1683 12.4716
72 71.8152 13.2576
73 71.1088 12.0648
74 60.8203 9.7876
75 56.9824 10.963
76 50.4971 11.3028
77 65.8458 8.7097
78 72.6053 9.5421
79 57.9961 9.2861
80 64.0876 10.5691
81 57.5358 11.2754
82 0 0
83 0 0
84 80.4898 8.1377
85 78.915 8.5926
86 86.8867 8.5173
87 85.7379 8.7406
88 72.9855 7.1258
89 98.5111 9.1271
90 74.8768 10.044
91 86.8237 8.1055
92 85.1922 7.3866
93 83.0888 10.558
94 92.9521 8.6796
95 81.6468 8.2247
96 94.0116 8.3487
97 81.3692 9.9703
98 90.6214 8.0029
99 76.3445 8.0014
100 68.8147 10.6355
101 61.3066 11.2769
102 86.2502 10.0122
103 0 0
104 0 0
105 59.814 5.5328
106 68.0978 7.5736
107 72.7013 6.5671
108 61.0353 7.5894
109 80.4381 5.0951
110 74.2402 8.4131
111 80.8517 6.9073
112 75.8438 6.705
113 76.6976 6.1025
114 92.8149 9.1488
115 73.5295 5.9605
116 81.7596 5.9
117 88.9065 9.5844
118 80.2418 10.686
119 73.1152 9.0252
120 97.2861 7.4929
121 77.6745 6.8936
122 97.1249 10.5739
123 87.3335 11.0926
124 0 0
125 0 0
126 86.564 5.9466
127 82.1549 7.9497
128 82.8579 7.3967
129 67.41 7.149
130 75.6824 6.9586
131 73.8168 9.3558
132 75.2594 9.1956
133 74.0881 11.0072
134 66.9562 12.9597
135 66.3895 11.4584
136 71.8722 7.9018
137 73.3331 12.0968
138 66.1605 15.1892
139 73.0526 10.3072
140 74.1813 11.8936
141 74.0069 8.3653
142 71.1466 9.5555
143 64.8635 12.142
144 67.5471 9.2316
145 64.0709 10.4163
146 68.73 9.5236
147 72.5348 9.4589
148 68.8591 7.6944
149 74.5436 7.1278
150 71.6603 6.2904
151 79.0356 7.3282
152 66.9012 7.6143
153 77.1603 8.8504
154 70.7435 9.3883
155 61.9473 8.2743
156 82.7898 6.7129
157 82.3854 8.0684
158 71.7098 8.8676
159 69.9306 8.6178
160 88.8038 8.9645
161 86.3578 9.7593
162 87.747 8.5685
163 57.9371 9.8606
164 71.1832 11.9098
165 58.4599 13.7052
166 57.8825 8.1903
167 69.6946 14.4239
168 69.1895 6.4776
169 56.9226 6.6922
170 73.1163 5.5976
171 58.0199 9.5277
172 74.4566 5.2235
173 91.9845 9.5634
174 80.9382 7.0612
175 79.2272 5.7723
176 78.4715 6.3266
177 86.0046 6.2266
178 76.3448 5.8571
179 85.8105 5.3745
180 63.2203 13.4611
181 69.5147 9.4695
182 58.8187 12.0539
183 78.4322 0.9348
184 65.0932 8.7291
185 60.6982 16.606
186 53.8718 10.3383
187 77.7057 15.866
188 57.4802 11.7331
189 79.5157 6.8844
190 62.0241 9.3021
191 74.8892 8.3427
192 77.4301 11.0616
193 71.7118 11.4846
194 72.8065 11.2706
195 75.5213 8.1427
196 68.9102 9.3018
197 89.304 10.5108
198 71.2948 10.6602
199 79.1696 9.8333
200 64.1123 10.2386
201 62.2725 11.5177
202 70.1717 8.8528
203 80.4656 10.3077
204 63.9879 13.108
205 62.8389 8.3393
206 77.8184 10.5135
207 75.4621 6.5986
208 0 0
209 0 0
210 64.7778 8.3059
211 63.6007 9.3443
212 78.795 7.7201
213 70.5671 7.7099
214 65.2225 7.0537
215 82.0214 7.96
216 71.8446 8.7765
217 71.9914 9.6841
218 69.2579 6.4768
219 74.786 7.5884
220 63.0612 7.9402
221 70.6786 7.927
222 68.4252 8.7492
223 62.6126 13.0884
224 73.6405 8.7871
225 66.2802 9.3188
226 80.7097 9.2277
227 80.7875 9.9931
228 74.0084 7.9775
229 0 0
230 0 0
231 54.6531 11.336
232 55.6828 9.6631
233 64.8948 8.8534
234 61.8472 12.5182
235 51.4128 13.4932
236 58.0438 11.2305
237 61.2939 10.3579
238 70.8934 8.1412
239 83.5389 8.4206
240 75.148 10.2748
241 65.0428 8.5646
242 85.175 7.1022
243 76.9644 11.6257
244 64.3537 10.6265
245 78.0754 9.3452
246 79.3635 8.6668
247 69.7643 9.0167
248 81.9756 8.3946
249 66.4405 7.8654
250 0 0
251 0 0
