0 73.6202 9.5728
1 71.0134 8.3665
2 72.4923 7.682
3 70.3701 9.0983
4 57.2251 7.9556
5 68.4691 12.0427
6 72.6311 11.3834
7 70.5978 10.6589
8 75.8718 11.8487
9 63.2268 11.2044
10 78.5827 8.944
11 75.085 8.3006
12 71.4038 10.1524
13 76.2487 12.4622
14 66.4323 8.4203
15 71.1239 9.3754
16 68.7369 9.367
17 74.6331 10.4967
18 73.6974 8.3125
19 73.2597 7.9049
20 72.8666 9.5107
21 76.1986 7.306
22 73.3716 9.0959
23 61.7714 6.9724
24 77.1109 6.7173
25 77.7135 9.5262
26 82.2802 9.9829
27 87.4848 10.1867
28 76.2038 8.5819
29 59.9793 11.704
30 63.2602 10.0162
31 75.7738 8.9185
32 68.7428 5.6385
33 63.8358 9.5257
34 77.6135 8.8304
35 69.5756 11.1201
36 68.2684 8.6666
37 71.1134 8.1282
38 69.0541 8.8626
39 70.8806 8.7471
40 67.9811 8.1685
41 67.9008 8.1295
42 67.2932 8.1501
43 84.2963 6.9184
44 72.0811 8.408
45 75.3204 9.2506
46 71.3582 8.7949
47 60.2875 7.787
48 80.302 9.2304
49 66.6277 9.0216
50 69.2895 6.5832
51 78.5546 9.3414
52 74.4171 9.4368
53 75.3818 7.6175
54 68.1221 12.2081
55 61.4339 12.9689
56 84.3426 6.0747
57 62.4263 12.8218
58 71.9244 9.4287
59 68.3755 12.2582
60 74.4116 9.4262
61 75.9348 6.2758
62 60.7561 9.3669
63 75.2856 8.0197
64 65.5842 8.6506
65 68.2621 11.5713
66 76.6989 12.5024
67 78.2217 13.0144
68 90.6387 12.6997
69 72.9763 12.934
70 75.5926 9.2811
71 72.1416 12.1436
72 71.6906 12.944
73 70.878 11.7814
74 60.8186 9.6988
75 57.1279 10.866
76 50.66 11.1468
77 66.0725 8.9286
78 72.6565 9.5895
79 58.3328 9.4094
80 64.3476 10.4871
81 57.3684 11.4648
82 0 0
83 0 0
84 79.9992 8.5325
85 78.6697 9.0116
86 86.8537 8.8474
87 85.643 9.299
88 72.6215 7.4434
89 98.4482 9.4976
90 74.6319 10.5106
91 86.6624 8.5142
92 85.1846 7.5646
93 82.8269 10.6605
94 92.9013 8.8758
95 81.3714 8.3201
96 94.0666 8.6331
97 81.3488 10.1016
98 90.7076 8.1183
99 76.133 8.096
100 68.4524 11.0843
101 61.5522 11.5384
102 86.2325 10.1381
103 0 0
104 0 0
105 59.5912 5.6252
106 68.0805 7.5816
107 72.6066 6.5872
108 61.1448 7.6488
109 80.3646 5.1373
110 74.249 8.3824
111 80.7081 6.9884
112 75.6532 6.8524
113 76.596 6.169
114 92.7664 9.1182
115 73.4567 6.0329
116 81.686 6.0758
117 88.8789 9.6464
118 80.1115 10.5739
119 72.9758 9.1003
120 97.0605 7.7059
121 77.525 7.0128
122 96.9763 10.7235
123 87.1626 11.1245
124 0 0
125 0 0
126 86.5762 5.9942
127 82.407 7.9871
128 83.0922 7.3944
129 67.6226 7.068
130 75.6441 6.9491
131 73.9997 9.1138
132 75.3723 8.9153
133 74.2795 10.4722
134 67.0644 12.5993
135 66.1292 11.6536
136 71.8828 8.1121
137 73.3054 12.3477
138 66.3898 14.5421
139 72.8961 10.4483
140 74.2505 11.6417
141 73.9819 8.5594
142 71.399 9.4118
143 64.9775 11.9799
144 67.566 9.1689
145 64.4533 10.2365
146 68.6201 9.5069
147 72.7729 9.5701
148 68.9117 7.8553
149 74.3634 7.2098
150 71.5403 6.4588
151 78.9289 7.3014
152 67.0894 7.7569
153 77.2832 8.9377
154 70.8699 9.4302
155 61.8281 8.6314
156 82.7412 6.96
157 82.2097 8.521
158 71.5513 9.292
159 69.6895 8.9739
160 88.5326 9.2836
161 86.3245 10.0699
162 87.5703 8.8186
163 58.2508 9.9132
164 71.193 11.9986
165 58.5128 13.7274
166 57.7422 8.3668
167 69.6631 14.3645
168 68.9486 6.613
169 56.7901 6.922
170 72.9115 5.7466
171 57.5788 9.5729
172 74.2029 5.4172
173 91.8828 9.4857
174 80.9134 7.2392
175 79.1445 5.9168
176 78.2041 6.5081
177 85.7831 6.4378
178 76.1535 6.037
179 85.6935 5.5431
180 63.1002 12.8297
181 69.4927 9.2175
182 59.0346 11.7546
183 78.0957 0.9084
184 64.9146 8.5756
185 61.01 15.9165
186 53.591 10.1635
187 77.6045 14.9131
188 56.9665 12.196
189 79.4126 6.5892
190 61.989 9.0619
191 74.9259 8.1923
192 77.3535 11.0858
193 71.6287 11.3782
194 72.8086 11.0648
195 75.4831 8.387
196 68.6453 9.5483
197 89.0373 10.4811
198 71.2385 10.7549
199 78.9008 10.0985
200 64.4002 10.3057
201 62.2208 11.5682
202 70.4158 8.8599
203 80.5365 10.1768
204 64.4092 12.9683
205 63.1189 8.4478
206 78.085 10.5286
207 75.5754 6.6909
208 0 0
209 0 0
210 64.6955 8.5232
211 63.436 9.5226
212 78.7851 7.7248
213 70.5571 7.7655
214 65.3853 7.1938
215 82.0804 8.0562
216 72.0417 9.0044
217 71.9274 9.8792
218 68.8962 6.6788
219 74.7557 7.8261
220 62.9869 8.2119
221 70.5334 8.1142
222 67.9701 9.2093
223 62.2362 12.9242
224 73.3216 9.0849
225 66.3206 9.4595
226 80.4034 9.5769
227 80.6819 10.2317
228 73.7799 8.2087
229 0 0
230 0 0
231 54.3425 11.6458
232 55.389 10.1057
233 64.9869 9.1492
234 61.9815 12.3593
235 51.2954 13.6269
236 57.8584 11.1632
237 61.4049 10.5614
238 70.6999 8.266
239 83.2729 8.6223
240 75.0508 10.3848
241 64.948 8.6749
242 85.002 7.2496
243 76.6816 11.6345
244 64.2395 10.685
245 77.8623 9.5762
246 79.3781 8.8293
247 69.8138 9.0588
248 81.8759 8.5745
249 66.2459 7.8968
250 0 0
251 0 0
