0 73.5304 9.5997
1 71.1749 8.4886
2 72.4848 7.8223
3 70.6468 9.1959
4 56.8107 7.9816
5 68.3996 12.1557
6 72.3741 11.45
7 70.7051 10.8902
8 76.0984 11.6385
9 63.4338 10.9706
10 78.5377 8.8625
11 75.18 8.1634
12 71.515 10.0098
13 76.3325 12.3418
14 66.4622 8.3414
15 71.2895 9.2906
16 68.3149 9.7943
17 74.3232 10.8447
18 73.4786 8.6746
19 72.9148 8.2572
20 72.6396 9.7488
21 76.208 7.174
22 73.6642 8.9483
23 61.965 6.8526
24 77.4424 6.7129
25 77.3897 9.4883
26 82.0454 9.7366
27 87.3509 9.9612
28 76.4929 8.3843
29 59.9801 11.5975
30 63.1611 10.0545
31 75.6224 8.9153
32 69.0232 5.432
33 63.7565 9.4137
34 77.6427 8.8584
35 69.5129 11.1913
36 68.2045 8.7447
37 71.1025 7.8722
38 69.1574 8.6238
39 70.842 8.5529
40 68.0173 7.9442
41 68.1809 7.87
42 67.5004 7.7491
43 84.2608 6.6207
44 72.5839 8.0506
45 75.1534 8.7596
46 71.4543 8.601
47 60.3014 7.702
48 80.4361 9.2101
49 66.5871 8.8439
50 69.3517 6.5078
51 78.5162 9.4459
52 74.2968 9.3549
53 75.3155 7.4336
54 68.2433 12.0782
55 61.5921 12.9134
56 84.3099 6.1133
57 62.2619 12.7684
58 72.3525 9.3875
59 68.4009 12.071
60 74.5349 9.3601
61 75.8126 6.2545
62 60.7576 9.3384
63 75.1422 8.2982
64 65.0821 8.9827
65 67.8248 12.0794
66 76.4245 12.2995
67 77.9746 12.8578
68 90.6532 12.6868
69 72.9836 12.8097
70 75.879 9.2498
71 72.2761 12.124
72 71.9338 12.5836
73 70.8177 11.7502
74 60.8618 9.613
75 57.1767 10.6652
76 50.9445 11.0254
77 65.9875 8.9623
78 72.5757 9.606
79 58.2261 9.3847
80 64.2797 10.4592
81 57.4194 11.5177
82 0 0
83 0 0
84 80.217 8.3
85 78.8438 8.9188
86 86.858 8.8286
87 85.7245 9.1842
88 72.5841 7.3911
89 98.5109 9.4048
90 74.6711 10.3467
91 86.7477 8.3652
92 85.0736 7.5336
93 82.9758 10.5754
94 92.7799 8.7901
95 81.5579 8.253
96 93.6062 8.4383
97 81.2123 10.1003
98 90.3914 8.1003
99 76.2978 8.0969
100 69.0036 10.4352
101 61.4191 10.9038
102 86.0587 9.8249
103 0 0
104 0 0
105 59.6582 5.58
106 68.1237 7.5516
107 72.6202 6.5669
108 61.2011 7.5305
109 80.4342 5.1111
110 74.1663 8.4146
111 80.7631 6.9473
112 75.7206 6.7236
113 76.7121 6.1178
114 92.7752 9.0699
115 73.5767 5.9537
116 81.5925 5.9033
117 88.8084 9.6276
118 79.9503 10.6422
119 73.0293 9.0602
120 97.0868 7.6946
121 77.4605 7.0017
122 96.8879 10.7923
123 87.0529 11.2095
124 0 0
125 0 0
126 86.363 6.0845
127 82.1253 8.1227
128 82.8399 7.4758
129 67.2937 7.2758
130 75.4136 7.0756
131 73.6813 9.3716
132 75.3431 9.1756
133 73.9771 10.8931
134 66.9009 12.7808
135 66.125 11.7333
136 72.0414 8.0716
137 73.3534 12.25
138 66.5257 14.6811
139 72.9654 10.4499
140 74.1961 11.756
141 73.93 8.5132
142 71.2309 9.3769
143 65.0364 11.9766
144 67.6397 9.1186
145 64.4015 10.2104
146 68.6295 9.39
147 72.8879 9.6317
148 68.8505 7.8958
149 74.4248 7.3105
150 71.6593 6.5038
151 78.966 7.4007
152 67.0018 7.8486
153 77.1447 8.9634
154 70.7702 9.6006
155 61.7108 8.6068
156 82.6715 6.9445
157 82.2724 8.4991
158 71.7758 9.2132
159 69.5634 8.9923
160 88.6013 9.3373
161 86.1258 10.0385
162 87.6567 8.8064
163 58.0851 9.9798
164 71.3737 12.0441
165 58.5922 13.8282
166 57.6663 8.4933
167 69.4468 14.5772
168 69.1309 6.5554
169 56.9144 6.7983
170 73.0214 5.6356
171 57.5157 9.5677
172 74.1298 5.3061
173 91.8153 9.4284
174 80.7721 7.1131
175 79.2523 5.8372
176 78.1312 6.4322
177 85.9022 6.3154
178 76.1449 5.9932
179 85.6918 5.4682
180 62.9993 12.8206
181 69.558 9.2799
182 58.9921 11.8091
183 78.2506 0.9266
184 64.7168 8.5956
185 60.6247 16.0797
186 53.7331 10.1701
187 77.69 15.165
188 56.9913 12.0555
189 79.4927 6.5659
190 62.0426 9.0991
191 74.9128 8.1294
192 77.2547 10.9885
193 71.6255 11.2801
194 72.7969 11.0953
195 75.3875 8.384
196 68.7018 9.5111
197 89.0515 10.5016
198 71.3087 10.6719
199 78.7814 10.0557
200 64.0388 10.3892
201 62.7374 11.4539
202 70.3557 8.8431
203 80.6558 10.2199
204 64.0833 13.0268
205 63.006 8.3422
206 77.6911 10.669
207 75.7294 6.7383
208 0 0
209 0 0
210 64.7513 8.5191
211 63.5964 9.4733
212 78.9035 7.7069
213 70.5164 7.7462
214 65.466 7.1492
215 82.1846 8.0283
216 72.0956 8.9273
217 72.1679 9.7879
218 68.9725 6.7997
219 74.6812 7.9647
220 62.8174 8.3304
221 70.4422 8.2805
222 68.0238 9.2982
223 61.9374 13.3169
224 73.2876 9.3104
225 66.2815 9.7839
226 80.4228 9.5923
227 80.6515 10.3332
228 73.6731 8.1526
229 0 0
230 0 0
231 54.3293 11.5133
232 55.6739 9.8076
233 64.9857 8.9458
234 61.7937 12.3965
235 50.9605 13.8208
236 57.7094 11.1983
237 61.5678 10.4555
238 70.7463 8.191
239 83.4273 8.5151
240 74.9704 10.2903
241 65.1197 8.6383
242 84.8955 7.1622
243 76.7686 11.5522
244 64.2516 10.6287
245 77.8652 9.5548
246 78.8106 8.8163
247 69.5024 9.0168
248 81.4231 8.5188
249 65.7833 7.8695
250 0 0
251 0 0
