0 73.8006 9.551
1 71.0382 8.2201
2 72.5259 7.7788
3 70.5262 9.0965
4 57.1473 7.854
5 68.526 12.0842
6 72.5768 11.2554
7 70.6213 10.6919
8 76.024 11.78
9 63.3497 11.1009
10 78.6074 8.8749
11 75.1602 8.2614
12 71.4572 10.0096
13 76.3946 12.3468
14 66.5715 8.2697
15 71.2681 9.2235
16 68.6951 9.4417
17 74.7362 10.3669
18 73.7916 8.309
19 73.3818 7.8466
20 72.8418 9.4054
21 76.2356 7.1899
22 73.3748 9.1447
23 61.8024 6.9073
24 77.1018 6.7104
25 77.6696 9.5803
26 82.1844 9.8881
27 87.4793 10.1647
28 76.1717 8.5436
29 59.6762 11.728
30 63.0194 10.1546
31 75.6372 8.8737
32 68.8606 5.5309
33 63.7329 9.4737
34 77.6027 8.7515
35 69.5439 11.1005
36 68.328 8.592
37 71.1454 8.0839
38 69.2206 8.7585
39 70.8523 8.6417
40 68.0066 8.0214
41 67.931 8.0198
42 67.2526 7.8462
43 84.2296 6.7485
44 72.287 8.2235
45 75.3109 9.0919
46 71.4576 8.8208
47 60.4064 7.7334
48 80.4838 9.2335
49 66.6031 9.0334
50 69.4124 6.5223
51 78.6533 9.4388
52 74.5353 9.4076
53 75.4655 7.4233
54 68.203 12.4406
55 61.6541 13.082
56 84.3275 6.132
57 61.9579 12.9854
58 72.0946 9.4319
59 68.3649 12.2626
60 74.5512 9.5756
61 75.787 6.3564
62 60.7167 9.3507
63 75.2757 8.0511
64 65.5415 8.557
65 68.3987 11.5904
66 76.6165 12.3936
67 77.9786 13.0269
68 90.6845 12.7588
69 72.9242 12.8525
70 75.5961 9.3199
71 72.0926 12.2665
72 71.809 12.8326
73 70.7785 11.7424
74 61.1057 9.8057
75 57.4624 10.7752
76 51.0159 11.1471
77 66.2842 8.9415
78 72.8496 9.69
79 58.2786 9.5288
80 64.2695 10.8178
81 57.394 11.6189
82 0 0
83 0 0
84 80.1856 8.4099
85 78.8044 8.9341
86 86.9005 8.7234
87 85.586 9.1386
88 72.7505 7.3991
89 98.383 9.3127
90 74.7959 10.3679
91 86.757 8.36
92 84.902 7.6334
93 82.7848 10.9689
94 92.7934 9.0423
95 81.3595 8.3873
96 93.8302 8.582
97 81.0642 10.3253
98 90.5798 8.2755
99 76.0172 8.1798
100 68.8163 10.6521
101 61.6917 11.0533
102 86.2257 9.9486
103 0 0
104 0 0
105 59.6719 5.5552
106 68.1002 7.5411
107 72.6095 6.5384
108 61.1588 7.5632
109 80.3093 5.12
110 74.2202 8.3836
111 80.7654 6.9574
112 75.6895 6.6833
113 76.7989 6.0111
114 92.7813 9.0291
115 73.496 5.9423
116 81.62 5.9543
117 88.8394 9.6537
118 80.0882 10.6274
119 73.0964 9.0557
120 96.9666 7.6379
121 77.4432 6.9989
122 96.9048 10.6596
123 87.0888 11.1819
124 0 0
125 0 0
126 86.5705 5.9795
127 82.2241 8.0379
128 82.9752 7.3931
129 67.4951 7.1016
130 75.6057 6.9651
131 73.9716 9.2173
132 75.3691 9.0075
133 74.2782 10.6024
134 67.0475 12.7777
135 66.1645 11.6217
136 71.844 8.0541
137 73.3279 12.2984
138 66.7599 14.5288
139 72.8358 10.4374
140 74.1111 11.7439
141 74.008 8.4988
142 71.2864 9.2593
143 65.1555 11.8437
144 67.6376 9.0331
145 64.3694 10.1459
146 68.5311 9.3932
147 72.8429 9.5802
148 69.0137 7.8172
149 74.4704 7.008
150 71.6502 6.3843
151 79.0192 7.3655
152 67.0706 7.7028
153 77.2705 8.8376
154 70.8242 9.4615
155 62.0436 8.4371
156 82.659 6.8442
157 82.4085 8.3274
158 71.7605 9.1355
159 69.7978 8.8259
160 88.7362 9.1027
161 86.1625 9.9862
162 87.7396 8.7618
163 57.921 10.2156
164 71.1548 12.2752
165 58.4599 14.0692
166 57.4433 8.6268
167 69.4248 14.7954
168 69.0978 6.4812
169 57.098 6.7353
170 73.1493 5.623
171 57.7555 9.5099
172 74.1644 5.2888
173 92.0274 9.4508
174 80.8353 7.1229
175 79.2129 5.773
176 78.1527 6.3573
177 85.9374 6.3457
178 76.1653 5.9243
179 85.7152 5.5121
180 62.9335 13.1042
181 69.7726 9.2899
182 58.9592 11.911
183 78.3717 0.938
184 64.7254 8.6264
185 61.1275 15.8841
186 53.5724 10.2001
187 77.9016 15.19
188 57.1497 12.1771
189 79.4381 6.6272
190 62.0748 8.8769
191 74.7869 8.1403
192 77.2942 11.0939
193 71.5085 11.3685
194 72.708 11.1255
195 75.4989 8.3152
196 68.6154 9.5142
197 89.1134 10.4636
198 71.1929 10.7136
199 78.8824 10.0849
200 64.2153 10.3495
201 62.6614 11.4552
202 70.3396 8.8385
203 80.5911 10.2255
204 64.0362 13.0861
205 62.9465 8.2992
206 77.9037 10.3887
207 75.7434 6.5414
208 0 0
209 0 0
210 64.7073 8.6558
211 63.3848 9.7024
212 78.9244 7.824
213 70.548 7.9015
214 65.4002 7.2872
215 82.1237 8.1047
216 72.1805 9.0018
217 72.0709 9.963
218 68.9515 6.8466
219 74.7076 7.9589
220 62.8442 8.386
221 70.6708 8.196
222 68.0189 9.2404
223 62.4093 13.1675
224 73.3347 9.3123
225 66.4372 9.6849
226 80.5943 9.3661
227 80.7078 10.0696
228 73.9158 8.0525
229 0 0
230 0 0
231 54.156 11.6539
232 55.6401 9.8858
233 64.8915 8.99
234 61.993 12.6101
235 50.4952 14.1479
236 57.7717 11.3636
237 61.5702 10.2903
238 70.8057 8.167
239 83.3029 8.5062
240 75.0331 10.2586
241 64.8169 8.6148
242 85.0757 7.1688
243 76.8926 11.5607
244 64.286 10.6507
245 77.7629 9.5199
246 79.4494 8.6066
247 69.79 8.9121
248 81.8187 8.2835
249 66.2276 7.7828
250 0 0
251 0 0
