0 73.5367 8.5139
1 71.3951 7.666
2 72.653 7.0645
3 70.7567 8.1315
4 56.6671 7.4834
5 68.2093 11.3412
6 72.9697 10.4614
7 70.6471 9.772
8 76.202 10.6804
9 63.5573 9.9707
10 78.8969 8.3345
11 75.3339 7.2667
12 71.4758 8.9621
13 76.3154 11.2104
14 66.8389 7.2472
15 71.6067 8.0641
16 69.3988 8.4656
17 75.277 9.4033
18 74.1315 7.4951
19 73.8867 7.1568
20 73.1224 8.4006
21 76.2967 6.6034
22 73.9249 8.5994
23 62.3742 6.3567
24 77.6514 6.1714
25 77.6303 8.6984
26 82.5984 9.6727
27 87.8089 10.1687
28 76.5035 8.4541
29 59.8459 12.2469
30 63.7061 8.8864
31 75.8889 8.015
32 69.0988 5.3585
33 64.2858 8.8351
34 77.8271 8.1148
35 69.876 11.2652
36 68.6358 7.6536
37 71.3036 7.0866
38 69.5305 7.6637
39 71.0144 7.5942
40 68.2978 7.095
41 68.4269 6.5902
42 67.3473 7.4564
43 84.2423 6.3862
44 72.2868 7.5198
45 75.5839 9.0413
46 71.4578 8.3443
47 60.5474 6.811
48 80.4051 8.9436
49 66.814 8.4364
50 69.2117 6.0626
51 78.561 9.4113
52 74.6823 9.3517
53 75.3394 7.0458
54 67.8297 12.7978
55 61.8454 13.3093
56 84.6928 5.4507
57 62.5381 13.1468
58 72.5107 8.3384
59 68.227 11.1433
60 75.105 9.3887
61 75.9543 5.7387
62 61.0844 8.4561
63 75.5448 7.2695
64 66.1515 7.8134
65 68.3618 11.4924
66 76.9122 12.3943
67 78.7896 13.6848
68 90.9893 13.1314
69 73.6763 12.5492
70 76.0154 8.5121
71 72.6918 12.1594
72 71.6354 12.764
73 71.4733 10.896
74 60.7566 10.3622
75 56.9628 11.9164
76 48.648 12.7185
77 66.3204 8.2203
78 72.4522 8.9145
79 58.76 8.27
80 64.5343 10.3003
81 55.9289 12.5541
82 0 0
83 0 0
84 80.3696 7.7842
85 79.0663 8.1364
86 86.9301 8.0288
87 85.6189 8.1534
88 73.1463 6.8642
89 98.6387 8.7676
90 75.2103 9.3442
91 86.847 7.7212
92 85.3619 6.9333
93 83.0686 9.8889
94 92.8988 8.0631
95 81.6906 7.4804
96 94.5628 7.8384
97 81.2954 9.0662
98 91.1673 7.47
99 76.1997 7.2815
100 69.1306 9.9453
101 61.3684 10.793
102 86.0305 9.4666
103 0 0
104 0 0
105 59.4892 5.232
106 68.1627 7.655
107 72.6641 6.1359
108 61.3567 7.0067
109 80.4342 4.6993
110 74.4326 7.9465
111 80.659 6.4616
112 75.8316 6.3918
113 76.8157 5.6142
114 92.9391 8.9071
115 73.8679 5.4846
116 81.8237 5.4728
117 88.7793 9.6854
118 79.8108 10.7915
119 73.4018 8.2958
120 97.2507 7.1901
121 77.7868 6.577
122 96.962 10.0128
123 87.0911 10.3872
124 0 0
125 0 0
126 86.5802 5.5828
127 82.2364 7.5366
128 82.825 6.9515
129 67.427 6.6401
130 75.6603 6.5036
131 74.0555 9.2142
132 75.2093 8.9176
133 73.9832 10.8406
134 66.2589 13.7878
135 66.4706 10.666
136 72.0016 7.2226
137 73.2695 10.9552
138 66.629 15.0871
139 73.1869 9.6058
140 74.2491 10.9497
141 73.9291 7.7069
142 71.6065 8.2979
143 65.5133 10.532
144 67.7736 8.2803
145 64.6009 9.2138
146 69.0406 8.621
147 72.6482 8.5856
148 68.9441 6.9832
149 74.5135 6.5671
150 71.7457 5.8069
151 79.1635 6.6537
152 67.237 6.881
153 77.231 8.0982
154 70.9838 8.6683
155 62.1448 7.4569
156 82.9379 6.3174
157 82.288 7.5126
158 72.0154 8.183
159 70.1136 8.1534
160 88.9795 8.5564
161 86.1237 9.223
162 87.9155 8.1565
163 58.1856 9.4839
164 71.4294 11.1651
165 58.668 12.7821
166 58.1644 7.6861
167 69.5573 14.099
168 69.2835 6.1152
169 57.0304 6.2095
170 73.0029 5.1015
171 57.5182 9.5751
172 74.0644 0.4572
173 93.2893 0.4235
174 82.7188 0.428
175 80.0586 0.3889
176 83.101 0.4831
177 94.6655 0.432
178 81.9375 0.4265
179 91.069 0.3936
180 63.8334 12.6367
181 70.0179 8.4482
182 59.3065 10.7033
183 78.3012 0.8022
184 65.4337 7.7278
185 62.0073 15.0216
186 53.3183 9.7687
187 77.7792 15.3496
188 57.4907 11.1235
189 79.5563 7.0853
190 62.055 9.0971
191 74.8253 7.6345
192 77.623 10.0897
193 72.0697 11.369
194 72.8108 11.1604
195 75.8341 7.7385
196 68.9464 8.8298
197 89.1579 10.4278
198 71.0688 10.5294
199 79.0185 9.4031
200 64.2441 9.4058
201 61.9846 11.4584
202 70.0715 8.2582
203 80.394 10.3521
204 64.5304 12.7537
205 62.9989 7.8676
206 78.1044 9.6626
207 75.2457 6.3375
208 0 0
209 0 0
210 69.0272 0.4763
211 67.8332 0.4916
212 78.4751 7.2925
213 70.1941 7.1045
214 65.0122 6.6272
215 81.6884 7.5403
216 72.0549 8.246
217 72.2085 9.0418
218 69.1146 6.1004
219 74.8519 6.8691
220 63.2954 7.1805
221 70.6226 7.2624
222 68.6245 8.2945
223 62.319 12.9974
224 73.8606 7.759
225 66.3934 8.7974
226 81.0462 8.5536
227 81.1081 9.2045
228 74.1742 7.6375
229 0 0
230 0 0
231 55.1102 11.2319
232 56.9667 8.8986
233 66.063 8.1945
234 61.8745 13.2282
235 51.4043 14.4407
236 58.8862 11.3112
237 62.2798 9.792
238 75.6188 0.4641
239 82.6539 0.5286
240 79.6603 0.4714
241 70.6734 0.5591
242 86.9724 0.4853
243 78.8483 0.4822
244 65.7021 0.4689
245 79.2874 0.5286
246 80.442 8.1719
247 70.5383 8.3748
248 82.7126 8.1661
249 67.2587 7.4522
250 0 0
251 0 0
