#Ecal4x4 PRES(EPD)
#ROW COL DEP0     DEP1     DEP2     DEP3     DEP4     DEP5
 1  1    07c007c0 000003c0 00000000 00000000 00000000 00000000
 1  2    1ff001f0 01e01ff0 00000000 00000000 00000000 00000000
 1  3    0b000000 09001f80 00000000 00000000 00000000 00000000
 1  4    00000000 5b003f00 00000000 00000000 00000000 00000000
 1  5    00000000 2e003e00 00000000 00000000 00000000 00000000
 1  6    00000000 7e001c00 00000000 00000000 00000000 00000000
 1  7    00000000 3c003800 00009c00 00000000 00000000 00000000
 1  8    00000000 fd003c00 00007e80 00000000 00000000 00000000
 1  9    00000000 ff80f800 e800fe00 00000000 00000000 00000000
 2  1    03e00160 000003e0 00000000 00000000 00000000 00000000
 2  2    07f00040 01e00fe0 00000000 00000000 00000000 00000000
 2  3    00e00000 07800fc0 00000000 00000000 00000000 00000000
 2  4    00000000 0f800700 00000000 00000000 00000000 00000000
 2  5    00000000 3f000600 00000800 00000000 00000000 00000000
 2  6    00000000 6e000800 00002600 00000000 00000000 00000000
 2  7    00000000 bfe01f00 00803fc0 00000000 00000000 00000000
 2  8    00000000 ff800e00 3e00fe80 00000000 00000000 00000000
 2  9    00000000 fe00c000 f600ff00 00000000 00000000 00000000
 3  1    00f00020 004000f0 00000000 00000000 00000000 00000000
 3  2    00e00000 03e003e0 00000020 00000000 00000000 00000000
 3  3    00600000 03e007f0 000000e0 00000000 00000000 00000000
 3  4    00000000 1f800180 00000380 00000000 00000000 00000000
 3  5    00000000 3fa001e0 002007a0 00000000 00000000 00000000
 3  6    00000000 3ff003d0 03e07ff0 00000000 00000000 00000000
 3  7    00000000 ffe00040 0380ff60 00000000 00000000 00000000
 3  8    00000000 de000080 1c20bf00 00000000 00000000 00000000
 3  9    00000000 fc002000 fd00ff00 00000000 00000000 00000000
 4  1    00700000 00700078 00000000 00000000 00000000 00000000
 4  2    00000000 01f000f0 00000020 00000000 00000000 00000000
 4  3    00000000 03e001e0 000001e0 00000000 00000000 00000000
 4  4    00000000 07f800e0 007007e8 00000000 00000000 00000000
 4  5    00000000 1fe000e0 01e01fc0 00000000 00000000 00000000
 4  6    00000000 07800000 02001f00 00000000 00000000 00000000
 4  7    00000000 44000000 06005e00 00000000 00000000 00000000
 4  8    00000000 10000000 1c80bc00 00000000 00000000 00000000
 4  9    00000000 f8000000 fe00fd00 00001000 00000000 00000000
 5  1    00180000 00380038 00000018 00000000 00000000 00000000
 5  2    00000000 00f00010 00000070 00000000 00000000 00000000
 5  3    00000000 01e00000 006001e0 00000000 00000000 00000000
 5  4    00000000 03e00000 03e003e0 00000000 00000000 00000000
 5  5    00000000 01800000 07801fc0 00000000 00000000 00000000
 5  6    00000000 00000000 07001f00 00000000 00000000 00000000
 5  7    00000000 00000000 16007f00 00000000 00000000 00000000
 5  8    00000000 00000000 3c003e00 00000000 00000000 00000000
 5  9    00000000 40000000 fe00ff80 0000fc00 00000000 00000000
 6  1    000c0000 003e001e 000e003e 00000000 00000000 00000000
 6  2    00000000 00300000 00300078 00000000 00000000 00000000
 6  3    00000000 00200000 00f000f0 00000000 00000000 00000000
 6  4    00000000 00400000 03e003e0 00000040 00000000 00000000
 6  5    00000000 00000000 0fd007c0 00000100 00000000 00000000
 6  6    00000000 00000000 3f800f80 00000100 00000000 00000000
 6  7    00000000 00000000 df003b00 00000000 00000000 00000000
 6  8    00000000 00000000 7e004c00 00000000 00000000 00000000
 6  9    00000000 40000000 fe00fc00 0000fe00 00000000 00000000
 7  1    00000000 001f000f 001f001f 000f001f 00000000 00000000
 7  2    00000000 00000000 00780038 00000010 00000000 00000000
 7  3    00000000 00000000 00f00070 00000070 00000000 00000000
 7  4    00000000 00000000 03e000e0 000001e0 00000000 00000000
 7  5    00000000 00000000 07c001e0 000007c0 00000000 00000000
 7  6    00000000 00000000 3f8003c0 00401bc0 00000000 00000000
 7  7    00000000 00000000 afc00200 00400300 00000000 00000000
 7  8    00000000 00000000 5e001800 01001f00 00000000 00000000
 7  9    00000000 00000000 ff80fd00 4200ff80 00000000 00000000
 8  1    00000000 00060000 001f000f 001f001f 0005000f 00000000
 8  2    00000000 00000000 00380000 00180038 00000000 00000000
 8  3    00000000 00000000 00700000 000000f0 00000000 00000000
 8  4    00000000 00000000 01e00000 004003e0 00000000 00000000
 8  5    00000000 00000000 0ff00040 00e007e0 00000000 00000000
 8  6    00000000 00000000 1ff001e0 03c01fe0 00000000 00000000
 8  7    00000000 00000000 7fe801f0 01c0ffe0 00000000 00000000
 8  8    00000000 00000000 ffd003c0 0b40fff0 00000000 00000000
 8  9    00000000 00000000 ff60ff00 ff80fff0 00000000 00000000
 9  1    00000000 00000000 000e0000 001f001f 000f001f 00000004
 9  2    00000000 00000000 00000000 00780078 00000000 00000000
 9  3    00000000 00000000 00200000 007000f0 00000000 00000000
 9  4    00000000 00000000 00f00000 01e003e0 00000000 00000000
 9  5    00000000 00000000 05c00000 03e007c0 00000000 00000000
 9  6    00000000 00000000 01800000 03800f80 00000000 00000000
 9  7    00000000 00000000 02000000 1600bf00 00000000 00000000
 9  8    00000000 00000000 1c000000 02003e00 00000000 00000000
 9  9    00000000 00000000 ff004000 ff00ffc0 00000000 00000000
10  1    00000000 00000000 00000000 003e0004 001c003e 0000000c
10  2    00000000 00000000 00000000 00700030 00000070 00000000
10  3    00000000 00000000 00000000 01f00060 000000e0 00000000
10  4    00000000 00000000 00000000 03e003e0 00000070 00000000
10  5    00000000 00000000 00800000 0fd007c0 000000c0 00000000
10  6    00000000 00000000 00000000 2f800f80 00000000 00000000
10  7    00000000 00000000 00000000 77003f00 00000000 00000000
10  8    00000000 00000000 00000000 1e005e00 00000000 00000000
10  9    00000000 00000000 fc000000 ff00fe80 00000000 00000000
11  1    00000000 00000000 00000000 00000000 00780038 00000018
11  2    00000000 00000000 00000000 00f00000 007000f0 00000000
11  3    00000000 00000000 00000000 01e00000 000001e0 00000000
11  4    00000000 00000000 00000000 07f001e0 006003d0 00000000
11  5    00000000 00000000 00000000 0f800180 000007c0 00000000
11  6    00000000 00000000 00000000 3f000300 00000200 00000000
11  7    00000000 00000000 00000000 7e000e00 00000000 00000000
11  8    00000000 00000000 00000000 1c001c00 00000000 00000000
11  9    00000000 00000000 f8000000 fc00fd00 0000ec00 00000000
12  1    00000000 00000000 00000000 00000000 00f80070 00000078
12  2    00000000 00000000 00000000 00200000 01e001e0 00000000
12  3    00000000 00000000 00000000 01e80000 01f007f0 00000000
12  4    00000000 00000000 00000000 07e00040 02e00fe0 00000000
12  5    00000000 00000000 00000000 1ff000f0 03f01ff0 00000000
12  6    00000000 00000000 00000000 ffe007e0 03201fd0 00000000
12  7    00000000 00000000 00000000 7e000400 00000e00 00000000
12  8    00000000 00000000 00000000 fe001c00 00002c00 00000000
12  9    00000000 00000000 f0000000 fc00fc00 0000fc00 00000000
13  1    00000000 00000000 00000000 00000000 01f00000 002001f0
13  2    00000000 00000000 00000000 00200000 07e801e0 000001f0
13  3    00000000 00000000 00000000 00e00000 07e80ff4 000000c0
13  4    00000000 00000000 00000000 02800000 0b800f80 00000000
13  5    00000000 00000000 00000000 03000000 03001fc0 00000000
13  6    00000000 00000000 00000000 9ff00330 0f40fff0 00000000
13  7    00000000 00000000 00000000 ffe00780 01c07ff0 00000000
13  8    00000000 00000000 00000000 bd8039c0 00003f80 00000000
13  9    00000000 00000000 00000000 fe00fb00 0200fc40 00000000
14  1    00000000 00000000 00000000 00000000 03f80000 01f007f0
14  2    00000000 00000000 00000000 00000000 07e001f0 004007f8
14  3    00000000 00000000 00000000 00000000 0f800f80 00000180
14  4    00000000 00000000 00000000 00000000 0f801f00 00000000
14  5    00000000 00000000 00000000 02000000 1e003f00 00000000
14  6    00000000 00000000 00000000 30000000 00003e00 00000000
14  7    00000000 00000000 00000000 3e800000 0480ff40 00000000
14  8    00000000 00000000 00000000 ff602c00 1d00fdc0 00000000
14  9    00000000 00000000 00000000 fe00f400 9000ff00 00000000
15  1    00000000 00000000 00000000 00000000 03c00000 07e00ff0
15  2    00000000 00000000 00000000 00000000 1ff801f0 07f01ff8
15  3    00000000 00000000 00000000 00000000 3f800380 01000700
15  4    00000000 00000000 00000000 00000000 7f001600 00000000
15  5    00000000 00000000 00000000 00000000 be001e00 00000000
15  6    00000000 00000000 00000000 08000000 1c00bc00 00000000
15  7    00000000 00000000 00000000 18000000 3c00fc00 00000000
15  8    00000000 00000000 00000000 bc000000 f2007c80 00000000
15  9    00000000 00000000 00000000 fe00f000 fe00fe00 00000000
