#Ecal4x4 PRES(EPD)
#ROW COL DEP0     DEP1     DEP2     DEP3     DEP4     DEP5
 1  1    07c003c0 000003c0 00000000 00000000 00000000 00000000
 1  2    07c00080 00800fc0 00000000 00000000 00000000 00000000
 1  3    07800000 03800f80 00000000 00000000 00000000 00000000
 1  4    01000000 17801f80 00000000 00000000 00000000 00000000
 1  5    00000000 3f001f00 00000100 00000000 00000000 00000000
 1  6    00000000 3e000e00 00000000 00000000 00000000 00000000
 1  7    00000000 5c003c00 00001400 00000000 00000000 00000000
 1  8    00000000 7c000800 00001c00 00000000 00000000 00000000
 1  9    00000000 fbe05c00 1c00fda0 00000000 00000000 00000000
 2  1    01e00060 000001e0 00000000 00000000 00000000 00000000
 2  2    01c00000 00c003e0 00000000 00000000 00000000 00000000
 2  3    00c00000 03c003c0 00000000 00000000 00000000 00000000
 2  4    00800000 0f800f80 00000180 00000000 00000000 00000000
 2  5    00000000 1f800700 00000d00 00000000 00000000 00000000
 2  6    00000000 1f000300 00000700 00000000 00000000 00000000
 2  7    00000000 7fa00710 0250fe40 00000000 00000000 00000000
 2  8    00000000 ffa00fc0 07c0fec0 00000040 00000000 00000000
 2  9    00800000 b9d00c80 0c007fe0 00000080 00000000 00000000
 3  1    00f00030 003000f0 00000000 00000000 00000000 00000000
 3  2    00e00000 00e001e0 00000020 00000000 00000000 00000000
 3  3    00000000 01e003e0 00200140 00000000 00000000 00000000
 3  4    00000000 07c003c0 000003c0 00000000 00000000 00000000
 3  5    00000000 17800180 00001780 00000000 00000000 00000000
 3  6    00000000 3fc00000 00803f00 00000000 00000000 00000000
 3  7    00000000 5e800200 03407fa0 00000000 00000000 00000000
 3  8    00000000 4e000000 0d00fe20 00000000 00000000 00000000
 3  9    00000000 38000000 18007c00 00000000 00000000 00000000
 4  1    00780000 00380078 00000000 00000000 00000000 00000000
 4  2    00100000 00f000f0 00000070 00000000 00000000 00000000
 4  3    00000000 01e000e0 000000e0 00000000 00000000 00000000
 4  4    00000000 03c00040 004003c0 00000000 00000000 00000000
 4  5    00000000 0bc00000 00800fc0 00000000 00000000 00000000
 4  6    00000000 07800000 03801f80 00000000 00000000 00000000
 4  7    00000000 0f000000 07005f00 00000000 00000000 00000000
 4  8    00000000 04000000 0c00fe00 00000000 00000000 00000000
 4  9    00000000 00000000 1c003c00 00000000 00000000 00000000
 5  1    001c0000 003c003c 0000001c 00000000 00000000 00000000
 5  2    00000000 00780078 00180078 00000000 00000000 00000000
 5  3    00000000 00f00020 006000f0 00000000 00000000 00000000
 5  4    00000000 01e00000 01e003e0 00000000 00000000 00000000
 5  5    00000000 00c00000 03c003c0 00000000 00000000 00000000
 5  6    00000000 01800000 17a01fc0 00000080 00000000 00000000
 5  7    00000000 00000000 3f001f00 00000000 00000000 00000000
 5  8    00000000 00000000 f6003e00 00000000 00000000 00000000
 5  9    00000000 00000000 7c003c00 00000000 00000000 00000000
 6  1    000c0000 001e001f 001f001f 00000000 00000000 00000000
 6  2    00000000 00380018 0078007a 00000000 00000000 00000000
 6  3    00000000 00300000 00f000f0 00000000 00000000 00000000
 6  4    00000000 00600000 01e001e0 00000020 00000000 00000000
 6  5    00000000 00000000 03c003c0 00000040 00000000 00000000
 6  6    00000000 00800000 0fc00780 00000080 00000000 00000000
 6  7    00000000 00000000 3f001780 00000100 00000000 00000000
 6  8    00000000 00000000 3e003e00 00000a00 00000000 00000000
 6  9    00000000 00000000 fc005c00 00001c00 00000000 00000000
 7  1    00000000 000f0005 001f001f 0007000f 00000000 00000000
 7  2    00000000 00180000 003c003c 00000038 00000000 00000000
 7  3    00000000 00100000 00700070 00000070 00000000 00000000
 7  4    00000000 00000000 01f000e0 000000e0 00000000 00000000
 7  5    00000000 00000000 03e001c0 000001c0 00000000 00000000
 7  6    00000000 00000000 0f800180 00000380 00000000 00000000
 7  7    00000000 00000000 3f800180 00003f80 00000000 00000000
 7  8    00000000 00000000 7f800300 00007f00 00000000 00000000
 7  9    00000000 00000000 7e8004a0 0000fe40 00000000 00000000
 8  1    00000000 00060000 001f000f 000f001f 0001000e 00000000
 8  2    00000000 00000000 003c0018 001c007c 00000000 00000000
 8  3    00000000 00000000 00700010 00300078 00000000 00000000
 8  4    00000000 00000000 00e00060 006001e0 00000000 00000000
 8  5    00000000 00000000 03e00000 00c003c0 00000000 00000000
 8  6    00000000 00000000 07800180 00000780 00000000 00000000
 8  7    00000000 00000000 3f800000 01001f80 00000000 00000000
 8  8    00000000 00000000 7f800390 03203f00 00000000 00000000
 8  9    00000000 00400000 7f500f80 0700be80 00000020 00000000
 9  1    00000000 00000000 000e0000 001f001f 000f001f 00000000
 9  2    00000000 00000000 00180000 003e0038 0000003a 00000000
 9  3    00000000 00000000 00300000 00700078 00000010 00000000
 9  4    00000000 00000000 00e00000 00e001e0 00000000 00000000
 9  5    00000000 00000000 00c00000 01c003e0 00000000 00000000
 9  6    00000000 00000000 07c00040 07c00f80 00000040 00000000
 9  7    00000000 00000000 0f000000 0b803f80 00000000 00000000
 9  8    00000000 00000000 02400080 0300bf00 00000000 00000000
 9  9    00000000 00000000 5c000000 2c007e00 00000000 00000000
10  1    00000000 00000000 00000000 001e000c 001e001f 0000000c
10  2    00000000 00000000 00080000 007c0038 0018007c 00000000
10  3    00000000 00000000 00000000 00f00070 000000f0 00000000
10  4    00000000 00000000 00000000 01e001e0 00000060 00000000
10  5    00000000 00000000 00000000 07c003c0 00000040 00000000
10  6    00000000 00000000 00800000 07c01fc0 00000080 00000000
10  7    00000000 00000000 01000000 1f000f00 00000000 00000000
10  8    00000000 00000000 01000000 be007f00 00000000 00000000
10  9    00000000 00000000 34000000 1c00fc00 00000000 00000000
11  1    00000000 00000000 00000000 00180000 003c003e 0000001c
11  2    00000000 00000000 00000000 00700000 007000f8 00000000
11  3    00000000 00000000 00000000 01f00020 002001f0 00000000
11  4    00000000 00000000 00000000 03e00060 000003e0 00000000
11  5    00000000 00000000 00000000 07c001c0 000003c0 00000000
11  6    00000000 00000000 00800000 0f800788 00000380 00000000
11  7    00000000 00000000 00000000 1f000f00 00000d00 00000000
11  8    00000000 00000000 00000000 be009e00 00000000 00000000
11  9    00000000 00000000 00000000 3c00bc00 00000000 00000000
12  1    00000000 00000000 00000000 00000000 007c0038 0018007c
12  2    00000000 00000000 00000000 00300000 00f801f0 00000020
12  3    00000000 00000000 00000000 00e00000 00e001e0 00000000
12  4    00000000 00000000 00000000 03c00000 004003c0 00000000
12  5    00000000 00000000 00000000 07c000c0 00000fc0 00000000
12  6    00000000 00000000 00000000 1f800380 00003f80 00000000
12  7    00000000 00000000 00000000 9f000300 00000700 00000000
12  8    00000000 00000000 00000000 7e000c00 00002e00 00000000
12  9    00000000 00000000 00000000 fc001c00 00000000 00000000
13  1    00000000 00000000 00000000 00000000 00f80020 002000f8
13  2    00000000 00000000 00000000 00000000 01e001e0 00000160
13  3    00000000 00000000 00000000 00400000 07c003e0 000000c0
13  4    00000000 00000000 00000000 03800000 03c007c0 00000000
13  5    00000000 00000000 00000000 0f800080 07801f80 00000000
13  6    00000000 00000000 00000000 1f000040 01001f00 00000000
13  7    00000000 00000000 00000000 ffa00300 0140bff0 00000000
13  8    00000000 00000000 00100000 fe500620 06003f50 00000000
13  9    00000000 00000000 00000000 3c004400 00007c00 00000000
14  1    00000000 00000000 00000000 00000000 01e80000 006001f8
14  2    00000000 00000000 00000000 00000000 03c000c0 000003c0
14  3    00000000 00000000 00000000 00000000 07c007c0 00000180
14  4    00000000 00000000 00000000 01800000 0f801f80 00000080
14  5    00000000 00000000 00000000 03000000 0f201f00 00000000
14  6    00000000 00000000 00000000 06000000 1e003f00 00000000
14  7    00000000 00000000 00000000 1e000000 0500ef20 00000000
14  8    00000000 00000000 00000000 ffe00720 0600fe40 00000000
14  9    00000000 00000000 00800000 7ff07fc8 87e07ff0 00000000
15  1    00000000 00000000 00000000 00000000 03c00000 03d007f0
15  2    00000000 00000000 00000000 00000000 1bd00080 00800f90
15  3    00000000 00000000 00000000 00000000 1fe00380 00000fa0
15  4    00000000 00000000 00000000 00000000 3f200f00 00000000
15  5    00000000 00000000 00000000 00000000 3f003f00 00000000
15  6    00000000 00000000 00000000 00000000 3c007e00 00000000
15  7    00000000 00000000 00000000 0c000000 3c00fc00 00000000
15  8    00000000 00000000 00000000 1c000000 0c009c00 00000000
15  9    00000000 00000000 00000000 ffc0a800 1e80ffb0 00000000
