#Ecal4x4 PRES(EPD)
#ROW COL DEP0     DEP1     DEP2     DEP3     DEP4     DEP5
 1  1    01c00000 00000000 00000000 00000000 00000000 00000000
 1  2    01800000 000001c0 00000000 00000000 00000000 00000000
 1  3    01000000 00000380 00000000 00000000 00000000 00000000
 1  4    00000000 03000300 00000000 00000000 00000000 00000000
 1  5    00000000 07000600 00000000 00000000 00000000 00000000
 1  6    00000000 0e000400 00000000 00000000 00000000 00000000
 1  7    00000000 0c000000 00000000 00000000 00000000 00000000
 1  8    00000000 18000000 00000800 00000000 00000000 00000000
 1  9    00000000 38000000 00003800 00000000 00000000 00000000
 2  1    00600000 00000060 00000000 00000000 00000000 00000000
 2  2    00400000 000000c0 00000000 00000000 00000000 00000000
 2  3    00000000 00c001c0 00000000 00000000 00000000 00000000
 2  4    00000000 03800180 00000000 00000000 00000000 00000000
 2  5    00000000 07000100 00000000 00000000 00000000 00000000
 2  6    00000000 07000000 00000200 00000000 00000000 00000000
 2  7    00000000 0e000000 00000e00 00000000 00000000 00000000
 2  8    00000000 0c000000 00000c00 00000000 00000000 00000000
 2  9    00000000 18000000 00003800 00000000 00000000 00000000
 3  1    00300000 00000070 00000000 00000000 00000000 00000000
 3  2    00000000 00600060 00000000 00000000 00000000 00000000
 3  3    00000000 00c000c0 00000000 00000000 00000000 00000000
 3  4    00000000 01c00000 00000000 00000000 00000000 00000000
 3  5    00000000 03800000 00000180 00000000 00000000 00000000
 3  6    00000000 03000000 00000b00 00000000 00000000 00000000
 3  7    00000000 06000000 00000600 00000000 00000000 00000000
 3  8    00000000 04000000 00000c00 00000000 00000000 00000000
 3  9    00000000 00000000 00001800 00000000 00000000 00000000
 4  1    00100000 00100038 00000000 00000000 00000000 00000000
 4  2    00000000 00700020 00000000 00000000 00000000 00000000
 4  3    00000000 00e00000 00000040 00000000 00000000 00000000
 4  4    00000000 00c00000 000000c0 00000000 00000000 00000000
 4  5    00000000 01800000 00000380 00000000 00000000 00000000
 4  6    00000000 01000000 00000700 00000000 00000000 00000000
 4  7    00000000 00000000 00000700 00000000 00000000 00000000
 4  8    00000000 00000000 00000e00 00000000 00000000 00000000
 4  9    00000000 00000000 18001c00 00000000 00000000 00000000
 5  1    00000000 001c001c 00000000 00000000 00000000 00000000
 5  2    00000000 00300000 00000030 00000000 00000000 00000000
 5  3    00000000 00600000 00000060 00000000 00000000 00000000
 5  4    00000000 00400000 000000e0 00000000 00000000 00000000
 5  5    00000000 00000000 008001c0 00000000 00000000 00000000
 5  6    00000000 00000000 01800380 00000000 00000000 00000000
 5  7    00000000 00000000 03000300 00000000 00000000 00000000
 5  8    00000000 00000000 06000600 00000000 00000000 00000000
 5  9    00000000 00000000 0c000c00 00000000 00000000 00000000
 6  1    00000000 000c0004 0000000c 00000000 00000000 00000000
 6  2    00000000 00180000 00100038 00000000 00000000 00000000
 6  3    00000000 00000000 00300070 00000000 00000000 00000000
 6  4    00000000 00000000 006000e0 00000000 00000000 00000000
 6  5    00000000 00000000 00c000c0 00000000 00000000 00000000
 6  6    00000000 00000000 03800180 00000080 00000000 00000000
 6  7    00000000 00000000 03000300 00000000 00000000 00000000
 6  8    00000000 00000000 06000000 00000000 00000000 00000000
 6  9    00000000 00000000 0c000000 00000000 00000000 00000000
 7  1    00000000 00000000 000e000e 00000000 00000000 00000000
 7  2    00000000 00000000 00180018 00000000 00000000 00000000
 7  3    00000000 00000000 00300030 00000000 00000000 00000000
 7  4    00000000 00000000 00600000 00000000 00000000 00000000
 7  5    00000000 00000000 00c00000 00000000 00000000 00000000
 7  6    00000000 00000000 03800080 00000100 00000000 00000000
 7  7    00000000 00000000 03000000 00000100 00000000 00000000
 7  8    00000000 00000000 06000000 00000200 00000000 00000000
 7  9    00000000 00000000 0c000000 00000c00 00000000 00000000
 8  1    00000000 00000000 000e0000 0006000e 00000000 00000000
 8  2    00000000 00000000 00180000 00000018 00000000 00000000
 8  3    00000000 00000000 00300000 00000030 00000000 00000000
 8  4    00000000 00000000 00600000 000000e0 00000000 00000000
 8  5    00000000 00000000 00c00000 000000c0 00000000 00000000
 8  6    00000000 00000000 01800000 00000380 00000000 00000000
 8  7    00000000 00000000 03000000 00000300 00000000 00000000
 8  8    00000000 00000000 06000000 00000600 00000000 00000000
 8  9    00000000 00000000 0c000000 00000c00 00000000 00000000
 9  1    00000000 00000000 00000000 000e000c 0000000c 00000000
 9  2    00000000 00000000 00000000 00380018 00000000 00000000
 9  3    00000000 00000000 00000000 00300070 00000000 00000000
 9  4    00000000 00000000 00000000 006000e0 00000000 00000000
 9  5    00000000 00000000 00000000 000001c0 00000000 00000000
 9  6    00000000 00000000 00000000 00000380 00000000 00000000
 9  7    00000000 00000000 00000000 00000700 00000000 00000000
 9  8    00000000 00000000 00000000 00000600 00000000 00000000
 9  9    00000000 00000000 00000000 00000c00 00000000 00000000
10  1    00000000 00000000 00000000 00080000 000c001c 00000000
10  2    00000000 00000000 00000000 00380000 00000030 00000000
10  3    00000000 00000000 00000000 00700020 00000020 00000000
10  4    00000000 00000000 00000000 00e00060 00000000 00000000
10  5    00000000 00000000 00000000 01c001c0 00000000 00000000
10  6    00000000 00000000 00000000 03800380 00000000 00000000
10  7    00000000 00000000 00000000 03000700 00000000 00000000
10  8    00000000 00000000 00000000 02000600 00000000 00000000
10  9    00000000 00000000 00000000 0c000c00 00000000 00000000
11  1    00000000 00000000 00000000 00000000 00180018 00000008
11  2    00000000 00000000 00000000 00300000 00100070 00000000
11  3    00000000 00000000 00000000 00600000 000000e0 00000000
11  4    00000000 00000000 00000000 00c00000 000000c0 00000000
11  5    00000000 00000000 00000000 01c00000 00000080 00000000
11  6    00000000 00000000 00000000 03800100 00000000 00000000
11  7    00000000 00000000 00000000 03000200 00000000 00000000
11  8    00000000 00000000 00000000 06000600 00000000 00000000
11  9    00000000 00000000 00000000 0c001c00 00000000 00000000
12  1    00000000 00000000 00000000 00000000 00300010 00000010
12  2    00000000 00000000 00000000 00000000 00600060 00000000
12  3    00000000 00000000 00000000 00000000 000000e0 00000000
12  4    00000000 00000000 00000000 00c00000 000001c0 00000000
12  5    00000000 00000000 00000000 01800000 00000180 00000000
12  6    00000000 00000000 00000000 07000000 00000300 00000000
12  7    00000000 00000000 00000000 06000000 00000000 00000000
12  8    00000000 00000000 00000000 0e000000 00000000 00000000
12  9    00000000 00000000 00000000 1c000000 00000000 00000000
13  1    00000000 00000000 00000000 00000000 00600000 00000070
13  2    00000000 00000000 00000000 00000000 00e00040 00000000
13  3    00000000 00000000 00000000 00000000 00c000c0 00000000
13  4    00000000 00000000 00000000 00000000 00800180 00000000
13  5    00000000 00000000 00000000 01000000 00000780 00000000
13  6    00000000 00000000 00000000 03000000 00000300 00000000
13  7    00000000 00000000 00000000 06000000 00000600 00000000
13  8    00000000 00000000 00000000 0c000000 00000c00 00000000
13  9    00000000 00000000 00000000 18000000 00000800 00000000
14  1    00000000 00000000 00000000 00000000 00c00000 000000e0
14  2    00000000 00000000 00000000 00000000 01c00000 000000c0
14  3    00000000 00000000 00000000 00000000 03800080 00000000
14  4    00000000 00000000 00000000 00000000 03800380 00000000
14  5    00000000 00000000 00000000 00000000 03000300 00000000
14  6    00000000 00000000 00000000 00000000 00000600 00000000
14  7    00000000 00000000 00000000 04000000 00000e00 00000000
14  8    00000000 00000000 00000000 0c000000 00001c00 00000000
14  9    00000000 00000000 00000000 38000000 00001800 00000000
15  1    00000000 00000000 00000000 00000000 00000000 000001c0
15  2    00000000 00000000 00000000 00000000 01800000 00000180
15  3    00000000 00000000 00000000 00000000 07800000 00000100
15  4    00000000 00000000 00000000 00000000 03000100 00000000
15  5    00000000 00000000 00000000 00000000 06000600 00000000
15  6    00000000 00000000 00000000 00000000 04000e00 00000000
15  7    00000000 00000000 00000000 00000000 00000c00 00000000
15  8    00000000 00000000 00000000 08000000 00001800 00000000
15  9    00000000 00000000 00000000 70000000 00003800 00000000
