#Ecal4x4 PRES(EPD)
#ROW COL DEP0     DEP1     DEP2     DEP3     DEP4     DEP5
 1  1    0f800380 00000380 00000000 00000000 00000000 00000000
 1  2    3fc003c0 01c03fe0 00000000 00000000 00000000 00000000
 1  3    06000000 06003f00 00000000 00000000 00000000 00000000
 1  4    00000000 1e003f00 00000000 00000000 00000000 00000000
 1  5    02000000 ff00ff00 00000000 00000000 00000000 00000000
 1  6    00000000 7c00fe00 00005e00 00000000 00000000 00000000
 1  7    08000000 ff00fe00 0000fe00 00000000 00000000 00000000
 1  8    c8000000 ff00fe00 f000fe00 00000000 00000000 00000000
 1  9    20000000 ff80fe00 fd00fe80 00001000 00000000 00000000
 2  1    07f001f0 006007e0 00000000 00000000 00000000 00000000
 2  2    05c00000 01c007c0 00000000 00000000 00000000 00000000
 2  3    00000000 07801f80 00000000 00000000 00000000 00000000
 2  4    00000000 3f001700 00000000 00000000 00000000 00000000
 2  5    00000000 7e003e00 00000600 00000000 00000000 00000000
 2  6    00000000 ff407e00 0000ff80 00000000 00000000 00000000
 2  7    00000000 fe403f40 28007fc0 00000000 00000000 00000000
 2  8    00000000 ff80fc00 fa00ff00 00000000 00000000 00000000
 2  9    80000000 ff00fc00 fe00ff80 0000d000 00000000 00000000
 3  1    01f00000 006001f0 00000000 00000000 00000000 00000000
 3  2    01e00000 03e007e0 00000000 00000000 00000000 00000000
 3  3    00000000 07c007c0 00000200 00000000 00000000 00000000
 3  4    00000000 1f800700 00000100 00000000 00000000 00000000
 3  5    00000000 9fa00300 00400fa0 00000000 00000000 00000000
 3  6    00000000 ffc00e00 03007f80 00000000 00000000 00000000
 3  7    00000000 ff400800 5e00ff80 00000000 00000000 00000000
 3  8    00000000 fe00d400 fd00ff00 00000000 00000000 00000000
 3  9    00000000 ff80d000 ff00ff20 00007c00 00000000 00000000
 4  1    00700000 007000f0 00000000 00000000 00000000 00000000
 4  2    00200000 01f003f0 000000e0 00000000 00000000 00000000
 4  3    00000000 07e002e0 000003f0 00000000 00000000 00000000
 4  4    00000000 1ff003f0 01e01ff0 00000000 00000000 00000000
 4  5    00000000 1fe00080 07c01fe0 00000000 00000000 00000000
 4  6    00000000 0f000000 02803f00 00000000 00000000 00000000
 4  7    00000000 7e000000 1f00ff00 00000000 00000000 00000000
 4  8    00000000 ff000000 fe80ff00 00000800 00000000 00000000
 4  9    00000000 fe002000 fe80ff40 0000f800 00000000 00000000
 5  1    00180000 00380038 00000018 00000000 00000000 00000000
 5  2    00000000 01f00060 00000070 00000000 00000000 00000000
 5  3    00000000 01f00030 00f003f0 00000000 00000000 00000000
 5  4    00000000 07c00000 01c007c0 00000000 00000000 00000000
 5  5    00000000 00000000 0b800f80 00000000 00000000 00000000
 5  6    00000000 00000000 3f003f00 00000000 00000000 00000000
 5  7    00000000 00000000 3e003f00 00000000 00000000 00000000
 5  8    00000000 fc800000 ff80ff80 00007c00 00000000 00000000
 5  9    00000000 fc000000 ff00ff00 0000fd00 00000000 00000000
 6  1    00000000 003c001c 0018003c 00000000 00000000 00000000
 6  2    00000000 00300000 00700070 00000000 00000000 00000000
 6  3    00000000 01f00000 03f001f0 00000020 00000000 00000000
 6  4    00000000 00000000 07c003e0 00000000 00000000 00000000
 6  5    00000000 00000000 07800780 00000000 00000000 00000000
 6  6    00000000 00000000 1f001700 00000000 00000000 00000000
 6  7    00000000 00000000 7f007f00 00006c00 00000000 00000000
 6  8    00000000 38000000 ff80fe00 0000ff80 00000000 00000000
 6  9    00000000 60000000 ff40fe00 7400ffc0 00000000 00000000
 7  1    00000000 000c0000 001e001e 0000000c 00000000 00000000
 7  2    00000000 00000000 00780070 00000030 00000000 00000000
 7  3    00000000 00000000 01f000f0 000000f0 00000000 00000000
 7  4    00000000 00000000 07e003f0 000001e0 00000000 00000000
 7  5    00000000 00000000 07c004c0 000007c0 00000000 00000000
 7  6    00000000 00000000 7f000200 00000b00 00000000 00000000
 7  7    00000000 00000000 7fc01380 00001f40 00000000 00000000
 7  8    00000000 80000000 ff60ff80 6b00ffc0 00000000 00000000
 7  9    00000000 00000000 ff80ff00 f200ffc0 00000000 00000000
 8  1    00000000 00000000 001e000e 000e001e 00000000 00000000
 8  2    00000000 00000000 00780000 00300078 00000000 00000000
 8  3    00000000 00000000 00f00000 006001f0 00000000 00000000
 8  4    00000000 00000000 03f801f0 00f007f8 00000000 00000000
 8  5    00000000 00000000 07f000f0 05f00ff0 00000000 00000000
 8  6    00000000 00000000 1ff001c0 03f07fe0 00000000 00000000
 8  7    00000000 00000000 5fe00340 3f403fe0 00000000 00000000
 8  8    00000000 20000000 ffe0ff80 ffc0ffe0 00000000 00000000
 8  9    00000000 04000000 ffe0ff80 ff00ff40 00000000 00000000
 9  1    00000000 00000000 00000000 001e001c 0000001c 00000000
 9  2    00000000 00000000 00000000 00780078 00000000 00000000
 9  3    00000000 00000000 00600000 01f001f0 00000000 00000000
 9  4    00000000 00000000 00e00000 01e003e0 00000040 00000000
 9  5    00000000 00000000 04800000 03800f80 00000000 00000000
 9  6    00000000 00000000 04000000 0f002f00 00000000 00000000
 9  7    00000000 00000000 0e000000 0f007e00 00000000 00000000
 9  8    00000000 00000000 ff808100 ff80ffc0 00000000 00000000
 9  9    00000000 00000000 ff807100 ff40ffe0 00000000 00000000
10  1    00000000 00000000 00000000 00380000 003c003c 00000000
10  2    00000000 00000000 00000000 00f00020 00000070 00000000
10  3    00000000 00000000 00000000 03f000f0 000003e0 00000000
10  4    00000000 00000000 00000000 03c001c0 00000040 00000000
10  5    00000000 00000000 00000000 0f800780 00000000 00000000
10  6    00000000 00000000 00000000 1f001f00 00000000 00000000
10  7    00000000 00000000 00000000 1e00ff00 00000000 00000000
10  8    00000000 00000000 ff000000 ff00ff40 0000a400 00000000
10  9    00000000 00000000 fe008040 ff80ff40 0000fc00 00000000
11  1    00000000 00000000 00000000 00000000 00780078 00000038
11  2    00000000 00000000 00000000 00f00000 00f001f0 00000000
11  3    00000000 00000000 00000000 03f800e0 01f007f0 00000000
11  4    00000000 00000000 00000000 0ff007e0 00600fe0 00000000
11  5    00000000 00000000 00000000 5f801000 00000300 00000000
11  6    00000000 00000000 00000000 1f000e00 00003a00 00000000
11  7    00000000 00000000 00000000 7e005e00 00000800 00000000
11  8    00000000 00000000 fc800000 ff80fe80 0000fd00 00000000
11  9    00000000 00000000 fc000000 ff80ff00 0000fd00 00000000
12  1    00000000 00000000 00000000 00000000 00f00070 000000f0
12  2    00000000 00000000 00000000 00700000 03f001e0 00000060
12  3    00000000 00000000 00000000 00c00000 04c00fc0 00000000
12  4    00000000 00000000 00000000 07e00080 03a007f0 00000000
12  5    00000000 00000000 00000000 fff007c0 15e01fe0 00000000
12  6    00000000 00000000 00000000 3fe00280 00003f80 00000000
12  7    00000000 00000000 00000000 ffa03e00 00003f40 00000000
12  8    00000000 00000000 11000000 ff00fe00 0000ff80 00000000
12  9    00000000 00000000 fa000000 ff00fe00 9000fe00 00000000
13  1    00000000 00000000 00000000 00000000 03f80060 007003f0
13  2    00000000 00000000 00000000 00000000 07c001c0 000001c0
13  3    00000000 00000000 00000000 00000000 07800f80 00000000
13  4    00000000 00000000 00000000 01000000 21000f80 00000000
13  5    00000000 00000000 00000000 07000000 0700bf00 00000000
13  6    00000000 00000000 00000000 7f000000 0e00ffc0 00000000
13  7    00000000 00000000 00000000 ff806800 24007f80 00000000
13  8    00000000 00000000 00000000 fe00fd00 6800ff00 00000000
13  9    00000000 00000000 fe000000 fe80ff20 ee00fe00 00000000
14  1    00000000 00000000 00000000 00000000 07f00060 01f00ff0
14  2    00000000 00000000 00000000 00000000 1ff001e0 00200ff0
14  3    00000000 00000000 00000000 00000000 1f801700 00000100
14  4    00000000 00000000 00000000 00000000 1f005f00 00000000
14  5    00000000 00000000 00000000 00000000 3e00fe00 00000000
14  6    00000000 00000000 00000000 7f000000 3e80ff00 00000000
14  7    00000000 00000000 00000000 ff000000 7f007e80 00000000
14  8    00000000 00000000 00000000 ff80fe00 fe00ff00 00000000
14  9    00000000 00000000 00000000 ff00fd00 fd00ff40 00000000
15  1    00000000 00000000 00000000 00000000 01000000 03800f80
15  2    00000000 00000000 00000000 00000000 3ff001e0 01e03fe0
15  3    00000000 00000000 00000000 00000000 7f000600 00000f00
15  4    00000000 00000000 00000000 00000000 fe001f00 00002400
15  5    00000000 00000000 00000000 02000000 7f00fe00 00001000
15  6    00000000 00000000 00000000 4a000000 bc007e00 00000000
15  7    00000000 00000000 00000000 fe800000 ff00ff80 00008000
15  8    00000000 00000000 00000000 ff00fc00 fd00ff80 00009800
15  9    00000000 00000000 00000000 ff00f700 fe80fe80 00003600
