#Ecal4x4 PRES(EPD)
#ROW COL DEP0     DEP1     DEP2     DEP3     DEP4     DEP5
 1  1    0f800780 00000380 00000000 00000000 00000000 00000000
 1  2    1ff003c0 07e01ff0 00000000 00000000 00000000 00000000
 1  3    0f000000 03003f00 00000000 00000000 00000000 00000000
 1  4    08000000 5e007f00 00000000 00000000 00000000 00000000
 1  5    00000000 fe80fe00 00000400 00000000 00000000 00000000
 1  6    00000000 ff807e00 00001e00 00000000 00000000 00000000
 1  7    00000000 ff00fe00 0000ff00 00000000 00000000 00000000
 1  8    80000000 ff00ff00 fe00ff80 00000000 00000000 00000000
 1  9    40000000 ff00fd00 fc00ff80 00000000 00000000 00000000
 2  1    07f001f0 00f007f0 00000000 00000000 00000000 00000000
 2  2    03c00000 00800fc0 00000000 00000000 00000000 00000000
 2  3    00000000 0f800780 00000000 00000000 00000000 00000000
 2  4    00000000 1f001b00 00000200 00000000 00000000 00000000
 2  5    00000000 7e008e00 00000600 00000000 00000000 00000000
 2  6    00000000 ff000e40 00003e00 00000000 00000000 00000000
 2  7    01000000 3f000f40 02007f80 00000000 00000000 00000000
 2  8    00000000 fe80ff00 fc00ff00 00000000 00000000 00000000
 2  9    20000000 ff00fd00 fc00ff00 0000c000 00000000 00000000
 3  1    01f00060 00e001f0 00000000 00000000 00000000 00000000
 3  2    00400000 03e007f0 00000000 00000000 00000000 00000000
 3  3    00000000 07c007c0 00000000 00000000 00000000 00000000
 3  4    00000000 0f800300 00000100 00000000 00000000 00000000
 3  5    00000000 1fc01000 01002f80 00000000 00000000 00000000
 3  6    00000000 7fe00340 0400ffc0 00000000 00000000 00000000
 3  7    00000000 ff400000 0800ff80 00000000 00000000 00000000
 3  8    00000000 ff000000 fe00ff80 00000000 00000000 00000000
 3  9    00000000 ff80fc00 ff00ff00 0000f000 00000000 00000000
 4  1    00700000 007000f0 00000000 00000000 00000000 00000000
 4  2    00500000 01f003f0 00000070 00000000 00000000 00000000
 4  3    00000000 07e003e0 000003e0 00000000 00000000 00000000
 4  4    00000000 1ff005f0 03f00ff0 00000000 00000000 00000000
 4  5    00000000 3fe001e0 07c03ff0 00000000 00000000 00000000
 4  6    00000000 17800000 02005f00 00000000 00000000 00000000
 4  7    00000000 4f000000 9d00ff00 00000000 00000000 00000000
 4  8    00000000 ff008000 ff80ff80 00008000 00000000 00000000
 4  9    00000000 ff00ea00 fe00ff00 0000fc00 00000000 00000000
 5  1    00180000 00780038 00000018 00000000 00000000 00000000
 5  2    00000000 00f00020 000000f0 00000000 00000000 00000000
 5  3    00000000 03f80070 007007f0 00000000 00000000 00000000
 5  4    00000000 03e00000 01600fe0 00000000 00000000 00000000
 5  5    00000000 05000000 00000f80 00000000 00000000 00000000
 5  6    00000000 04000000 7f00bf00 00000000 00000000 00000000
 5  7    00000000 04000000 6f803e00 00000000 00000000 00000000
 5  8    00000000 f8000000 ff80ff80 0000b900 00000000 00000000
 5  9    00000000 fc000000 ff80ff00 0000fc00 00000000 00000000
 6  1    00000000 003c001c 0018003c 00000000 00000000 00000000
 6  2    00000000 00700000 003000f0 00000000 00000000 00000000
 6  3    00000000 00700000 01f001f0 00000000 00000000 00000000
 6  4    00000000 00c00000 03c003c0 00000000 00000000 00000000
 6  5    00000000 00000000 0f800fc0 00000000 00000000 00000000
 6  6    00000000 00000000 1f001f00 00000000 00000000 00000000
 6  7    00000000 00000000 7e009f00 00000400 00000000 00000000
 6  8    00000000 19000000 ff80ff40 0000fe00 00000000 00000000
 6  9    00000000 f0000000 ff00ff00 0000fe00 00000000 00000000
 7  1    00000000 000c0000 001e001e 0000000c 00000000 00000000
 7  2    00000000 00000000 00780078 00000030 00000000 00000000
 7  3    00000000 00000000 01f000f0 000000f0 00000000 00000000
 7  4    00000000 00000000 03e003e0 000001e0 00000000 00000000
 7  5    00000000 00000000 07c00180 00000380 00000000 00000000
 7  6    00000000 00000000 3f800200 00000300 00000000 00000000
 7  7    00000000 00000000 3f000e00 00803f80 00000000 00000000
 7  8    00000000 10000000 ffc0ff80 9740ffc0 00000000 00000000
 7  9    00000000 88000000 ffc0ff80 f200ff80 00000000 00000000
 8  1    00000000 00000000 001e000c 001e001e 00000000 00000000
 8  2    00000000 00000000 00780000 00380078 00000000 00000000
 8  3    00000000 00000000 01f00000 002000f0 00000000 00000000
 8  4    00000000 00000000 03f00060 01f007f0 00000000 00000000
 8  5    00000000 00000000 1ff801f0 03e00ff0 00000000 00000000
 8  6    00000000 00000000 7fe003e0 0de07fe0 00000000 00000000
 8  7    00000000 00000000 3fe003c0 1ae07fe0 00000000 00000000
 8  8    00000000 00000000 fff0ff80 ffe0ffc0 00000000 00000000
 8  9    00000000 00000000 ffc0ffa0 ffc0ffc0 00004000 00000000
 9  1    00000000 00000000 00000000 003c001c 0000001c 00000000
 9  2    00000000 00000000 00100000 00780078 00000010 00000000
 9  3    00000000 00000000 00700000 01f001f0 00000000 00000000
 9  4    00000000 00000000 00600000 05e003e0 00000000 00000000
 9  5    00000000 00000000 01000000 01800fc0 00000000 00000000
 9  6    00000000 00000000 03000000 11003f00 00000000 00000000
 9  7    00000000 00000000 1e000000 0e003e40 00000000 00000000
 9  8    00000000 00000000 ff80c000 ff80ffc0 0000e400 00000000
 9  9    00000000 00000000 ff80f900 ff00ff80 00002800 00000000
10  1    00000000 00000000 00000000 003c0000 003c003c 00000008
10  2    00000000 00000000 00000000 00f00020 000000f0 00000000
10  3    00000000 00000000 00000000 01f001e0 000000e0 00000000
10  4    00000000 00000000 00000000 07c007c0 00000040 00000000
10  5    00000000 00000000 00000000 0f801b80 00000000 00000000
10  6    00000000 00000000 00000000 5f005f00 00000000 00000000
10  7    00000000 00000000 04000000 7e003f80 00000000 00000000
10  8    00000000 00000000 ff800000 ff80ffc0 00001800 00000000
10  9    00000000 00000000 fe000000 ff20ff80 0000e100 00000000
11  1    00000000 00000000 00000000 00100000 00780078 00000018
11  2    00000000 00000000 00000000 00f00000 00f001f0 00000000
11  3    00000000 00000000 00000000 03f80070 01f003f8 00000000
11  4    00000000 00000000 00000000 17f803f0 00f00ff8 00000000
11  5    00000000 00000000 00000000 1f800000 00000700 00000000
11  6    00000000 00000000 00000000 3f001700 00000100 00000000
11  7    00000000 00000000 00000000 ff003f40 00000400 00000000
11  8    00000000 00000000 fc000000 ff00fe80 0000fc00 00000000
11  9    00000000 00000000 fa000000 ff80ff00 4000fe00 00000000
12  1    00000000 00000000 00000000 00000000 00f00070 000000f0
12  2    00000000 00000000 00000000 00f00000 01f001e8 00000060
12  3    00000000 00000000 00000000 01c00000 07c007c0 00000000
12  4    00000000 00000000 00000000 0fe00000 01c00fe0 00000000
12  5    00000000 00000000 00000000 7fe001c0 03c07ff0 00000000
12  6    00000000 00000000 00000000 3f802200 00004e00 00000000
12  7    00000000 00000000 00000000 ff801f00 00003f00 00000000
12  8    00000000 00000000 20000000 fe00ff00 8000ff00 00000000
12  9    00000000 00000000 f8000000 ff00ff00 8000fe00 00000000
13  1    00000000 00000000 00000000 00000000 03f80070 00f003f0
13  2    00000000 00000000 00000000 00000000 07c007e0 000000c0
13  3    00000000 00000000 00000000 00000000 07800780 00000000
13  4    00000000 00000000 00000000 05000000 03000f80 00000000
13  5    00000000 00000000 00000000 0f800000 1680df00 00000000
13  6    00000000 00000000 00000000 bf800500 8100ff80 00000000
13  7    00000000 00000000 00000000 ff800d20 0a00ffc0 00000000
13  8    00000000 00000000 00000000 ff80fa80 a800fc80 00000000
13  9    00000000 00000000 e0000000 ff80ff00 f800ff80 00000000
14  1    00000000 00000000 00000000 00000000 07f00050 03e00ff0
14  2    00000000 00000000 00000000 00000000 0fe001c0 006007e0
14  3    00000000 00000000 00000000 00000000 1f800f00 00000000
14  4    00000000 00000000 00000000 00000000 1f001f00 00000000
14  5    00000000 00000000 00000000 40000000 7e007e00 00000000
14  6    00000000 00000000 00000000 bf000000 3f80ff00 00000000
14  7    00000000 00000000 00000000 7f000100 7e80ff00 00000000
14  8    00000000 00000000 60000000 ff00fe00 fc00fe00 00000000
14  9    00000000 00000000 a0000000 ffa0ff00 fe00ff80 00000000
15  1    00000000 00000000 00000000 00000000 01000000 13000f80
15  2    00000000 00000000 00000000 00000000 3ff003e0 0fe09fe0
15  3    00000000 00000000 00000000 00000000 3f000700 00001f00
15  4    00000000 00000000 00000000 00000000 7f001e80 00002200
15  5    00000000 00000000 00000000 00000000 fe00be00 00000000
15  6    00000000 00000000 00000000 1c000000 bf00be80 00000000
15  7    00000000 00000000 00000000 fe008000 fe00ff80 00000000
15  8    00000000 00000000 00000000 ff00f800 ff00ff00 00000000
15  9    00000000 00000000 60000000 ff00fa00 ff00ffc0 00002200
