#Ecal4x4 PRES(EPD)
#ROW COL DEP0     DEP1     DEP2     DEP3     DEP4     DEP5
 1  1    07c001c0 000001c0 00000000 00000000 00000000 00000000
 1  2    07c00000 008007c0 00000000 00000000 00000000 00000000
 1  3    0f800000 07800fc0 00000000 00000000 00000000 00000000
 1  4    00000000 1f001f80 00000000 00000000 00000000 00000000
 1  5    00000000 0f001f00 00000000 00000000 00000000 00000000
 1  6    00000000 fe003e00 00000000 00000000 00000000 00000000
 1  7    00000000 fc000c00 00000c00 00000000 00000000 00000000
 1  8    00000000 3ea00e00 00003c00 00000000 00000000 00000000
 1  9    00000000 79801800 0000fcc0 00000000 00000000 00000000
 2  1    01e00060 000000e0 00000000 00000000 00000000 00000000
 2  2    00c00000 03c003e0 00000000 00000000 00000000 00000000
 2  3    00c00000 07c007c0 00000000 00000000 00000000 00000000
 2  4    01c00000 1f801f80 000005c0 00000000 00000000 00000000
 2  5    00000000 1f800780 00000f00 00000000 00000000 00000000
 2  6    00000000 3f000600 00001e00 00000000 00000000 00000000
 2  7    00000000 3e900700 00003e40 00000000 00000000 00000000
 2  8    00000000 3e680420 0600fe20 00000000 00000000 00000000
 2  9    00000000 fdc00a00 16107fc0 00000100 00000000 00000000
 3  1    00f00030 003000f0 00000000 00000000 00000000 00000000
 3  2    00600000 01e001e0 00000000 00000000 00000000 00000000
 3  3    00000000 03e001e0 000000c0 00000000 00000000 00000000
 3  4    00000000 07c00380 000003c0 00000000 00000000 00000000
 3  5    00000000 0f800180 00000780 00000000 00000000 00000000
 3  6    00000000 3f000000 01001f00 00000000 00000000 00000000
 3  7    00000000 3f400000 0280bf20 00000000 00000000 00000000
 3  8    00000000 7e500000 0400fe40 00000000 00000000 00000000
 3  9    00000000 38000000 38001c20 00000000 00000000 00000000
 4  1    00380018 00380078 00000000 00000000 00000000 00000000
 4  2    00000000 00f000f0 00000070 00000000 00000000 00000000
 4  3    00000000 01e00060 000000e0 00000000 00000000 00000000
 4  4    00000000 07c00040 004007c0 00000000 00000000 00000000
 4  5    00000000 07800000 008007c0 00000000 00000000 00000000
 4  6    00000000 03800080 03800f80 00000000 00000000 00000000
 4  7    00000000 06000000 07007f00 00000000 00000000 00000000
 4  8    00000000 02000000 7c007e00 00000000 00000000 00000000
 4  9    00000000 08000000 bc001c00 00000000 00000000 00000000
 5  1    001c0000 003c003c 0000003c 00000000 00000000 00000000
 5  2    00000000 00780030 00100078 00000000 00000000 00000000
 5  3    00000000 00f00000 002000f0 00000000 00000000 00000000
 5  4    00000000 03e00000 00e003e0 00000000 00000000 00000000
 5  5    00000000 01c00000 03c007c0 00000000 00000000 00000000
 5  6    00000000 03800000 07c00f80 00000000 00000000 00000000
 5  7    00000000 00000000 1f000f00 00000000 00000000 00000000
 5  8    00000000 00000000 ce103e00 00000200 00000000 00000000
 5  9    00000000 00000000 3c005e00 00000000 00000000 00000000
 6  1    000c0000 001f001f 001f001f 00000000 00000000 00000000
 6  2    00000000 00380008 0038007c 00000018 00000000 00000000
 6  3    00000000 00700000 00f000f0 00000020 00000000 00000000
 6  4    00000000 00c00000 01e001e0 00000020 00000000 00000000
 6  5    00000000 00400000 07c007c0 00000040 00000000 00000000
 6  6    00000000 00000000 0f800fc0 00000180 00000000 00000000
 6  7    00000000 00000000 1f800f80 00000300 00000000 00000000
 6  8    00000000 00000000 3e001e00 00000600 00000000 00000000
 6  9    00000000 00000000 7c007c00 00000c00 00000000 00000000
 7  1    00000000 000f0005 001f001f 0007000f 00000000 00000000
 7  2    00000000 00180000 0038003c 00080038 00000000 00000000
 7  3    00000000 00000000 00f80070 00100070 00000000 00000000
 7  4    00000000 00000000 01e001e0 002000e0 00000000 00000000
 7  5    00000000 00000000 03c001c0 000003c0 00000000 00000000
 7  6    00000000 00000000 0fc00180 00000380 00000000 00000000
 7  7    00000000 00000000 1f000500 00001780 00000000 00000000
 7  8    00000000 00000000 7f000620 00007f40 00000000 00000000
 7  9    00000000 00000000 be580e80 0000fec0 00000000 00000000
 8  1    00000000 00020000 001f000f 000f001f 0001000f 00000000
 8  2    00000000 00000000 003c001e 003c003c 00000008 00000000
 8  3    00000000 00000000 00f00030 003000f8 00000000 00000000
 8  4    00000000 00000000 00f00020 006000f0 00000000 00000000
 8  5    00000000 00000000 03c00008 004003e0 00000000 00000000
 8  6    00000000 00000000 0f8000c0 01c00fc0 00000000 00000000
 8  7    00000000 00000000 2f800000 01001f00 00000000 00000000
 8  8    00000000 00000000 ff400100 01c07f50 00000000 00000000
 8  9    00000000 00000000 ff200500 0300de40 00000000 00000000
 9  1    00000000 00000000 000e0000 001f001f 000f001f 00000000
 9  2    00000000 00000000 00180000 00780078 0000003c 00000000
 9  3    00000000 00000000 00300000 007000f0 00000000 00000000
 9  4    00000000 00000000 00600000 01e001e0 00000020 00000000
 9  5    00000000 00000000 02c00000 03c003c0 00000000 00000000
 9  6    00000000 00000000 07c00000 038007c0 00000000 00000000
 9  7    00000000 00000000 17000000 0b001f80 00000000 00000000
 9  8    00000000 00000000 16000080 36007f00 00000000 00000000
 9  9    00000000 00000000 bc000000 0e00fe08 00000000 00000000
10  1    00000000 00000000 00000000 001e000c 001e003e 0000000e
10  2    00000000 00000000 00000000 00780038 00180078 00000000
10  3    00000000 00000000 00000000 00f00070 000000f0 00000000
10  4    00000000 00000000 00400000 01e001e0 000001e0 00000000
10  5    00000000 00000000 00800000 03c003c0 000000c0 00000000
10  6    00000000 00000000 00800000 17800780 00000000 00000000
10  7    00000000 00000000 0b000000 5f003f00 00000000 00000000
10  8    00000000 00000000 00000000 7e00be00 00000000 00000000
10  9    00000000 00000000 04000000 9c00fc00 00000000 00000000
11  1    00000000 00000000 00000000 00180000 003e003e 0000001c
11  2    00000000 00000000 00000000 00f00010 00700078 00000010
11  3    00000000 00000000 00000000 01f00020 006001f0 00000000
11  4    00000000 00000000 00000000 03e00040 000003e0 00000000
11  5    00000000 00000000 00400000 07c00180 000003c0 00000000
11  6    00000000 00000000 00000000 3f800f80 00000380 00000000
11  7    00000000 00000000 00000000 3f001f00 00000300 00000000
11  8    00000000 00000000 00000000 7e00fe00 00000000 00000000
11  9    00000000 00000000 00000000 3c00dc00 00000000 00000000
12  1    00000000 00000000 00000000 00000000 007c0078 0010007c
12  2    00000000 00000000 00000000 00200000 00f000f8 00000020
12  3    00000000 00000000 00000000 00e00000 01e001e0 00000000
12  4    00000000 00000000 00000000 03c00000 00c003c0 00000000
12  5    00000000 00000000 00000000 07c00080 00800f80 00000000
12  6    00000000 00000000 00000000 1f800180 00101f80 00000000
12  7    00000000 00000000 00000000 bf000b00 00000f00 00000000
12  8    00000000 00000000 00000000 fe000c00 00000c00 00000000
12  9    00000000 00000000 00000000 bc007c00 00000000 00000000
13  1    00000000 00000000 00000000 00000000 00f80020 002000f8
13  2    00000000 00000000 00000000 00000000 03e001e0 000000e0
13  3    00000000 00000000 00000000 00400000 03c007c0 00000000
13  4    00000000 00000000 00000000 03c00000 07c00fc0 00000000
13  5    00000000 00000000 00000000 03800000 07800fc0 00000000
13  6    00000000 00000000 00000000 cf000000 00201f80 00000000
13  7    00000000 00000000 00000000 6e000100 00003f00 00000000
13  8    00000000 00000000 00000000 fe280f40 02009e00 00000000
13  9    00000000 00000000 00000000 bd603c00 0000fc00 00000000
14  1    00000000 00000000 00000000 00000000 01e80000 006001f8
14  2    00000000 00000000 00000000 00000000 07c000c0 000001d0
14  3    00000000 00000000 00000000 00000000 07c00780 000001c0
14  4    00000000 00000000 00000000 00800000 1f8017d0 000000c0
14  5    00000000 00000000 00000000 01000000 0f001f00 00000000
14  6    00000000 00000000 00000000 06100000 06003f00 00000000
14  7    00000000 00000000 00800000 df800320 44c0ffc0 00000000
14  8    00000000 00000000 00000000 3c000400 0e009c00 00000000
14  9    00000000 00000000 00000000 7fa01c20 08003fd0 00000000
15  1    00000000 00000000 00000000 00000000 03c00000 02c807f8
15  2    00000000 00000000 00000000 00000000 0bd00080 00000fb0
15  3    00000000 00000000 00000000 00000000 1f800380 00001380
15  4    00000000 00000000 00000000 00000000 3f001f00 00000100
15  5    00000000 00000000 00000000 00000000 1e003f00 00000200
15  6    00000000 00000000 00000000 00000000 3e00fe00 00000000
15  7    00000000 00000000 00000000 0c000000 0c00fc00 00000000
15  8    00000000 00000000 00000000 f8400000 44007c00 00000000
15  9    00000000 00000000 00000000 ffa00a40 1f007f00 00000000
