#Ecal4x4 PRES(EPD)
#ROW COL DEP0     DEP1     DEP2     DEP3     DEP4     DEP5
 1  1    03c001c0 000001c0 00000000 00000000 00000000 00000000
 1  2    07800080 00800fc0 00000000 00000000 00000000 00000000
 1  3    0f800000 03800f80 00000000 00000000 00000000 00000000
 1  4    00800000 0f801f80 00000000 00000000 00000000 00000000
 1  5    00000000 3f001f00 00000000 00000000 00000000 00000000
 1  6    00000000 7e000600 00000200 00000000 00000000 00000000
 1  7    00000000 fc000c00 00000c00 00000000 00000000 00000000
 1  8    00000000 bda03c00 00003e20 00000000 00000000 00000000
 1  9    00000000 fdc00000 02007980 00000000 00000000 00000000
 2  1    01e00060 002000e0 00000000 00000000 00000000 00000000
 2  2    01e00000 00e001e0 00000000 00000000 00000000 00000000
 2  3    00400000 03c007c0 00000080 00000000 00000000 00000000
 2  4    00800000 1fc00780 00000180 00000000 00000000 00000000
 2  5    00000000 0f801f00 00000380 00000000 00000000 00000000
 2  6    00000000 1f000380 00001f00 00000000 00000000 00000000
 2  7    00000000 3fa017c0 01203f70 00000000 00000000 00000000
 2  8    00000000 fc200200 0500bc10 00000000 00000000 00000000
 2  9    00000000 39e00480 4e007cf0 00000000 00000000 00000000
 3  1    00f00030 007000f0 00000000 00000000 00000000 00000000
 3  2    00600000 00e001e0 00000000 00000000 00000000 00000000
 3  3    00000000 03e001e0 00000140 00000000 00000000 00000000
 3  4    00000000 07c003c0 000001c0 00000000 00000000 00000000
 3  5    00000000 1f800380 008007c0 00000000 00000000 00000000
 3  6    00000000 1f000180 01800f00 00000000 00000000 00000000
 3  7    00000000 1e000180 0100ff48 00000000 00000000 00000000
 3  8    00000000 0e000180 4600be00 00000100 00000000 00000000
 3  9    00000000 18000000 6400bc00 00000000 00000000 00000000
 4  1    00380008 00380078 00000010 00000000 00000000 00000000
 4  2    00200000 00f000f0 00000030 00000000 00000000 00000000
 4  3    00000000 01e00060 002001e0 00000000 00000000 00000000
 4  4    00000000 03c00000 004003c0 00000000 00000000 00000000
 4  5    00000000 03c00040 01c007c0 00000000 00000000 00000000
 4  6    00000000 07800000 05800f80 00000000 00000000 00000000
 4  7    00000000 03000000 07003f00 00000000 00000000 00000000
 4  8    00000000 04000000 0c00fe00 00000000 00000000 00000000
 4  9    00000000 04000000 3c003c00 00000000 00000000 00000000
 5  1    001c0000 003c003c 0000001c 00000000 00000000 00000000
 5  2    00000000 00780030 00300078 00000000 00000000 00000000
 5  3    00000000 00f00020 007000f0 00000000 00000000 00000000
 5  4    00000000 01e00000 00c003e0 00000000 00000000 00000000
 5  5    00000000 00c00000 03c007c0 00000000 00000000 00000000
 5  6    00000000 01800000 0f800780 00000000 00000000 00000000
 5  7    00000000 01000000 27001f80 00000000 00000000 00000000
 5  8    00000000 00000000 7e007e00 00000000 00000000 00000000
 5  9    00000000 00000000 5c003c00 00000400 00000000 00000000
 6  1    00040000 001e001f 001f001f 00000000 00000000 00000000
 6  2    00000000 00380018 00380078 00000018 00000000 00000000
 6  3    00000000 00700000 007000f0 00000010 00000000 00000000
 6  4    00000000 00000000 01e001e0 00000060 00000000 00000000
 6  5    00000000 00400000 07c003c0 00000040 00000000 00000000
 6  6    00000000 00800000 0fc01b80 00000180 00000000 00000000
 6  7    00000000 00000000 0f000700 00000100 00000000 00000000
 6  8    00000000 00000000 3e000e00 00000000 00000000 00000000
 6  9    00000000 00000000 fe000c00 00000c00 00000000 00000000
 7  1    00000000 000e000d 001f001f 0007000f 00000000 00000000
 7  2    00000000 00180000 007c003e 00080038 00000000 00000000
 7  3    00000000 00000000 00f00070 00100078 00000000 00000000
 7  4    00000000 00000000 01e000e0 00000070 00000000 00000000
 7  5    00000000 00000000 07e001c0 000000c0 00000000 00000000
 7  6    00000000 00000000 0f800180 00000380 00000000 00000000
 7  7    00000000 00000000 1f800100 00000f90 00000000 00000000
 7  8    00000000 00000000 3f000680 01001f00 00000000 00000000
 7  9    00000000 00000000 fe100c60 00803c20 00000000 00000000
 8  1    00000000 00000000 001f000f 000f001f 0001000f 00000000
 8  2    00000000 00080000 003c0018 0018003e 00000008 00000000
 8  3    00000000 00000000 00780018 003000f8 00000000 00000000
 8  4    00000000 00000000 01f00000 006000e0 00000000 00000000
 8  5    00000000 00000000 01e00040 00c003c0 00000000 00000000
 8  6    00000000 00000000 07c00000 01800f80 00000000 00000000
 8  7    00000000 00000000 0f800040 03801fc0 00000000 00000000
 8  8    00000000 00000000 1f000300 01807f00 00000000 00000000
 8  9    00000000 00000000 7ef00380 0600fe00 00000000 00000000
 9  1    00000000 00000000 000e0000 001f001f 000f001f 00000000
 9  2    00000000 00000000 00180000 003e003c 00000018 00000000
 9  3    00000000 00000000 00300000 00f000f0 00000030 00000000
 9  4    00000000 00000000 00e00000 00e001e0 00000020 00000000
 9  5    00000000 00000000 00c00000 07c003c0 00000000 00000000
 9  6    00000000 00000000 03c00000 0b800fc0 00000000 00000000
 9  7    00000000 00000000 07800000 03003f80 00000000 00000000
 9  8    00000000 00000000 06000000 0a00bf00 00000000 00000000
 9  9    00000000 00000000 0c000000 1c00bc00 00000000 00000000
10  1    00000000 00000000 00000000 001e000c 001e003f 0000000c
10  2    00000000 00000000 00000000 007c0038 00180078 00000000
10  3    00000000 00000000 00000000 00f000f0 00100070 00000000
10  4    00000000 00000000 00000000 01e001e0 00000060 00000000
10  5    00000000 00000000 00000000 03c003c0 000000c0 00000000
10  6    00000000 00000000 01800000 0f801fb0 00000000 00000000
10  7    00000000 00000000 01800000 1f003f00 00000100 00000000
10  8    00000000 00000000 00000000 7e00fe00 00000000 00000000
10  9    00000000 00000000 00000000 7e00fc00 00000000 00000000
11  1    00000000 00000000 00000000 00180000 003e003c 0000001c
11  2    00000000 00000000 00000000 00700010 007800f0 00000000
11  3    00000000 00000000 00000000 00f00020 002001f0 00000000
11  4    00000000 00000000 00000000 03e00060 004005e0 00000000
11  5    00000000 00000000 00000000 07c000c0 000005c0 00000000
11  6    00000000 00000000 00000000 0f800780 00000180 00000000
11  7    00000000 00000000 00000000 9f000b00 00000300 00000000
11  8    00000000 00000000 00000000 5e00de00 00000000 00000000
11  9    00000000 00000000 02000000 3c007c00 00000400 00000000
12  1    00000000 00000000 00000000 00000000 007c0030 0010007c
12  2    00000000 00000000 00000000 00200000 00f000f0 00000020
12  3    00000000 00000000 00000000 00e00000 01e001e0 00000000
12  4    00000000 00000000 00000000 07c00000 00c007c0 00000000
12  5    00000000 00000000 00000000 07800080 00800780 00000000
12  6    00000000 00000000 00000000 1f800180 00000f80 00000000
12  7    00000000 00000000 00000000 3f000200 00000600 00000000
12  8    00000000 00000000 00000000 3e000400 00003e00 00000000
12  9    00000000 00000000 00000000 fc001c00 00000400 00000000
13  1    00000000 00000000 00000000 00000000 00f80020 002001f8
13  2    00000000 00000000 00000000 00000000 03f000e0 000000e0
13  3    00000000 00000000 00000000 00c00000 03c003e0 00000000
13  4    00000000 00000000 00000000 01c00000 07800fc0 00000040
13  5    00000000 00000000 00000000 07e00080 03801fe0 00000000
13  6    00000000 00000000 00000000 1f800000 01001f00 00000080
13  7    00000000 00000000 00000000 3e600380 0200ff60 00000000
13  8    00000000 00000000 00000000 fe606428 02401f50 00000000
13  9    00000000 00000000 00000000 fc000800 00009800 00000000
14  1    00000000 00000000 00000000 00000000 01e80000 004003f8
14  2    00000000 00000000 00000000 00400000 03c000c0 004003c0
14  3    00000000 00000000 00000000 00000000 07c007c0 000000c0
14  4    00000000 00000000 00000000 01800000 1f801fa0 00000140
14  5    00000000 00000000 00000000 03000000 0f003f80 00000000
14  6    00000000 00000000 00000000 17800000 02007e00 00000000
14  7    00000000 00000000 00000000 1e6000c0 0720ff50 00000000
14  8    00000000 00000000 01000000 7cb00620 0c00fc30 00000000
14  9    00000000 00000000 00000000 fcc00e00 0100ffa0 00000000
15  1    00000000 00000000 00000000 00000000 01c00000 01c007f0
15  2    00000000 00000000 00000000 00000000 0fb00080 008007b0
15  3    00000000 00000000 00000000 00000000 1ff00380 00000ff0
15  4    00000000 00000000 00000000 00000000 3f800700 00000300
15  5    00000000 00000000 00000000 00000000 1f003f00 00000100
15  6    00000000 00000000 00000000 00000000 0c007e00 00000000
15  7    00000000 00000000 00000000 0c000000 0c005c00 00000000
15  8    00000000 00000000 00000000 1fe00240 18001da0 00000000
15  9    00000000 00000000 00000000 fce00200 9e00fdc0 00000000
