#Ecal4x4 PRES(EPD)
#ROW COL DEP0     DEP1     DEP2     DEP3     DEP4     DEP5
 1  1    0fe003c0 000007c0 00000000 00000000 00000000 00000000
 1  2    0fe001d0 01f01ff8 00000000 00000000 00000000 00000000
 1  3    0f000000 05001f80 00000000 00000000 00000000 00000000
 1  4    00000000 4f001f00 00000000 00000000 00000000 00000000
 1  5    00000000 3e003e00 00000000 00000000 00000000 00000000
 1  6    00000000 fc00cc00 00000400 00000000 00000000 00000000
 1  7    00000000 bc007c00 00003800 00000000 00000000 00000000
 1  8    00000000 ff003a00 00007f00 00000000 00000000 00000000
 1  9    00000000 ff80fc00 f400ff00 00000000 00000000 00000000
 2  1    03e000e0 000003e0 00000000 00000000 00000000 00000000
 2  2    07d00020 01e007c0 00000000 00000000 00000000 00000000
 2  3    04c00000 0f800f80 00000000 00000000 00000000 00000000
 2  4    00000000 0f801f80 00000000 00000000 00000000 00000000
 2  5    00000000 5f000200 00002400 00000000 00000000 00000000
 2  6    00000000 3e000200 00003700 00000000 00000000 00000000
 2  7    00000000 dfe007c0 0640ffc0 00000000 00000000 00000000
 2  8    00000000 ff400000 0800ffa0 00000000 00000000 00000000
 2  9    00000000 fe008000 f800ff00 00000000 00000000 00000000
 3  1    00f00000 002001f0 00000000 00000000 00000000 00000000
 3  2    00e00000 07e003f0 00000000 00000000 00000000 00000000
 3  3    00400000 07e007f0 000001f0 00000000 00000000 00000000
 3  4    00000000 0f8009c0 00000380 00000000 00000000 00000000
 3  5    00000000 1ff00180 01e01ff0 00000000 00000000 00000000
 3  6    00000000 7ff803e0 03d03ff8 00000000 00000000 00000000
 3  7    00000000 fea003c0 0300ffa0 00000000 00000000 00000000
 3  8    00000000 be000400 3c007f10 00000000 00000000 00000000
 3  9    00000000 fe002000 f800ff00 00000000 00000000 00000000
 4  1    00300000 00700078 00000000 00000000 00000000 00000000
 4  2    00000000 00f000e0 00000060 00000000 00000000 00000000
 4  3    00000000 03e001e0 000001e0 00000000 00000000 00000000
 4  4    00000000 07e000d0 00c00fe0 00000000 00000000 00000000
 4  5    00000000 1ff000f0 03e01fe0 00000000 00000000 00000000
 4  6    00000000 1fb00080 03003ff0 00000000 00000000 00000000
 4  7    00000000 0c000000 00007e00 00000000 00000000 00000000
 4  8    00000000 0e000000 f800fc00 00000000 00000000 00000000
 4  9    00000000 fc000000 fc00fe00 00003000 00000000 00000000
 5  1    00180000 00380038 00000018 00000000 00000000 00000000
 5  2    00000000 00f00020 000000f0 00000000 00000000 00000000
 5  3    00000000 01e00000 000001e0 00000000 00000000 00000000
 5  4    00000000 07f00000 03f807e0 00000000 00000000 00000000
 5  5    00000000 00c00000 07c00fc0 00000000 00000000 00000000
 5  6    00000000 00000000 3f003f00 00000000 00000000 00000000
 5  7    00000000 00000000 3e007e00 00000000 00000000 00000000
 5  8    00000000 00000000 de003e00 00000000 00000000 00000000
 5  9    00000000 60000000 fe00fe00 0000f400 00000000 00000000
 6  1    000c0000 003e001e 001e003e 00000000 00000000 00000000
 6  2    00000000 00300000 00300078 00000000 00000000 00000000
 6  3    00000000 00200000 00f000f0 00000000 00000000 00000000
 6  4    00000000 00600000 03e003e0 00000000 00000000 00000000
 6  5    00000000 00800000 0fc007c0 000000c0 00000000 00000000
 6  6    00000000 00000000 1f800f80 00000000 00000000 00000000
 6  7    00000000 00000000 5f001300 00000000 00000000 00000000
 6  8    00000000 00000000 5e000c00 00000000 00000000 00000000
 6  9    00000000 10000000 ff00fd00 0000fd00 00000000 00000000
 7  1    00000000 001f000f 001f001f 000f000f 00000000 00000000
 7  2    00000000 00000000 00780038 00000030 00000000 00000000
 7  3    00000000 00000000 00f00070 00000060 00000000 00000000
 7  4    00000000 00000000 03e000e0 000001e0 00000000 00000000
 7  5    00000000 00000000 07d003c0 000003e0 00000000 00000000
 7  6    00000000 00000000 0f900780 00000f80 00000000 00000000
 7  7    00000000 00000000 3f0003a0 00005bc0 00000000 00000000
 7  8    00000000 00000000 7e0006c0 00001f40 00000000 00000000
 7  9    00000000 00000000 ffc0fe80 3ac0ff80 00000000 00000000
 8  1    00000000 000e0000 001f000f 001f001f 0003000f 00000000
 8  2    00000000 00000000 00380000 00380038 00000000 00000000
 8  3    00000000 00000000 00f00000 002000f0 00000000 00000000
 8  4    00000000 00000000 03e00000 00c001e0 00000000 00000000
 8  5    00000000 00000000 07e80060 01e007e0 00000000 00000000
 8  6    00000000 00000000 3ff804e0 03b03ff0 00000000 00000000
 8  7    00000000 00400000 7ff001e8 03a87ff0 00000000 00000000
 8  8    00000000 00000000 bf5005c0 03c0ffc0 00000000 00000000
 8  9    00000000 00000000 ffc07f00 fc80ff80 00000000 00000000
 9  1    00000000 00000000 000f0000 001f001f 000f001f 00000000
 9  2    00000000 00000000 00000000 00780038 00000020 00000000
 9  3    00000000 00000000 00200000 00f000f0 00000000 00000000
 9  4    00000000 00000000 00600000 01f003e0 00000000 00000000
 9  5    00000000 00000000 03c00000 0fc007c0 00000000 00000000
 9  6    00000000 00000000 03800000 0b801f80 00000000 00000000
 9  7    00000000 00000000 06000000 26007f00 00000000 00000000
 9  8    00000000 00000000 1c000000 0c007e00 00000000 00000000
 9  9    00000000 00000000 fe000a00 ff80ff80 00000000 00000000
10  1    00000000 00000000 00000000 003c0000 001c003c 0000000c
10  2    00000000 00000000 00000000 00700010 00000070 00000000
10  3    00000000 00000000 00000000 01f000f0 000000e0 00000000
10  4    00000000 00000000 00000000 03e003e0 00000160 00000000
10  5    00000000 00000000 00800000 07e00fc0 000000c0 00000000
10  6    00000000 00000000 00000000 0f800f80 00000000 00000000
10  7    00000000 00000000 00000000 7e003f00 00000000 00000000
10  8    00000000 00000000 20000000 3e005e00 00000000 00000000
10  9    00000000 00000000 ff000000 ff00ff80 00000000 00000000
11  1    00000000 00000000 00000000 00000000 00380078 00000018
11  2    00000000 00000000 00000000 00700000 007000f0 00000000
11  3    00000000 00000000 00000000 01e00040 000001e0 00000000
11  4    00000000 00000000 00000000 07e002e0 000007e8 00000000
11  5    00000000 00000000 00000000 0fc001e0 00000780 00000000
11  6    00000000 00000000 00000000 3f000700 00000000 00000000
11  7    00000000 00000000 00000000 3e001600 00000000 00000000
11  8    00000000 00000000 00000000 fc00fe00 00000400 00000000
11  9    00000000 00000000 34000000 ff00fd00 0000f800 00000000
12  1    00000000 00000000 00000000 00000000 00f80030 000000f0
12  2    00000000 00000000 00000000 00000000 01e001e0 00000040
12  3    00000000 00000000 00000000 01e80000 03e007e0 00000000
12  4    00000000 00000000 00000000 03f00070 02f007f8 00000000
12  5    00000000 00000000 00000000 7ff009e8 13c03ff0 00000000
12  6    00000000 00000000 00000000 1ff003e0 01507ff0 00000000
12  7    00000000 00000000 00000000 7e000300 00004700 00000000
12  8    00000000 00000000 00000000 3c001c00 00001800 00000000
12  9    00000000 00000000 60000000 ff00fe00 0000fd00 00000000
13  1    00000000 00000000 00000000 00000000 01f00000 000001f0
13  2    00000000 00000000 00000000 00400000 03f003f8 000003f0
13  3    00000000 00000000 00000000 00c00000 07f007f0 00000040
13  4    00000000 00000000 00000000 07800000 07800f80 00000000
13  5    00000000 00000000 00000000 1fc00000 01001f80 00000000
13  6    00000000 00000000 00000000 ffe003e0 07c03fe0 00000000
13  7    00000000 00000000 00000000 ffe017e0 03a03ff0 00000000
13  8    00000000 00000000 00000000 ff400200 00005d80 00000000
13  9    00000000 00000000 00000000 fe807800 a000ff00 00000000
14  1    00000000 00000000 00000000 00000000 03f80060 00f807f8
14  2    00000000 00000000 00000000 00000000 0ff801f0 004007f0
14  3    00000000 00000000 00000000 00000000 0f800780 00000180
14  4    00000000 00000000 00000000 00000000 17001f00 00000000
14  5    00000000 00000000 00000000 00000000 16003f00 00000000
14  6    00000000 00000000 00000000 16000000 0000fe00 00000000
14  7    00000000 00000000 00000000 3f400240 3f00fe00 00000000
14  8    00000000 00000000 00000000 ff001400 02807e00 00000000
14  9    00000000 00000000 00000000 fe00f200 4200fe00 00000000
15  1    00000000 00000000 00000000 00000000 03c00000 07f00ff0
15  2    00000000 00000000 00000000 00000000 1ff003f0 03f03ff0
15  3    00000000 00000000 00000000 00000000 1f000100 00001740
15  4    00000000 00000000 00000000 00000000 3f001e00 00000000
15  5    00000000 00000000 00000000 00000000 7e00be00 00000000
15  6    00000000 00000000 00000000 08000000 7d00dc00 00000000
15  7    00000000 00000000 00000000 38000000 1800fc00 00000000
15  8    00000000 00000000 00000000 7c000000 5800fa00 00000000
15  9    00000000 00000000 00000000 fe00f000 fc00ff00 00000000
