#Ecal4x4 PRES(EPD)
#ROW COL DEP0     DEP1     DEP2     DEP3     DEP4     DEP5
 1  1    03800000 00000000 00000000 00000000 00000000 00000000
 1  2    07000000 00000780 00000000 00000000 00000000 00000000
 1  3    00000000 00000700 00000000 00000000 00000000 00000000
 1  4    00000000 06000e00 00000000 00000000 00000000 00000000
 1  5    00000000 0c000c00 00000000 00000000 00000000 00000000
 1  6    00000000 1c001800 00000000 00000000 00000000 00000000
 1  7    00000000 7c007800 00001000 00000000 00000000 00000000
 1  8    00000000 fc00f800 0000fc00 00000000 00000000 00000000
 1  9    02000000 fc00d000 c000fc00 00000000 00000000 00000000
 2  1    01c00000 000000c0 00000000 00000000 00000000 00000000
 2  2    00800000 000001c0 00000000 00000000 00000000 00000000
 2  3    00000000 01000380 00000000 00000000 00000000 00000000
 2  4    00000000 03000300 00000000 00000000 00000000 00000000
 2  5    00000000 06000000 00000000 00000000 00000000 00000000
 2  6    00000000 0c000000 00000c00 00000000 00000000 00000000
 2  7    00000000 3c000000 00001c00 00000000 00000000 00000000
 2  8    00000000 fc006000 3000fc00 00000000 00000000 00000000
 2  9    00000000 f8006000 f000fe00 00000000 00000000 00000000
 3  1    00600000 000000e0 00000000 00000000 00000000 00000000
 3  2    00000000 00c000c0 00000000 00000000 00000000 00000000
 3  3    00000000 01c00080 00000000 00000000 00000000 00000000
 3  4    00000000 03800000 00000000 00000000 00000000 00000000
 3  5    00000000 07000000 00000300 00000000 00000000 00000000
 3  6    00000000 06000000 00000e00 00000000 00000000 00000000
 3  7    00000000 1c000000 00001c00 00000000 00000000 00000000
 3  8    00000000 b8000000 7800fc00 00000000 00000000 00000000
 3  9    00000000 f8000000 f800fc00 00000000 00000000 00000000
 4  1    00100000 00200030 00000000 00000000 00000000 00000000
 4  2    00000000 00e00060 00000000 00000000 00000000 00000000
 4  3    00000000 01c00000 000000c0 00000000 00000000 00000000
 4  4    00000000 03c00000 00000380 00000000 00000000 00000000
 4  5    00000000 03000000 00000780 00000000 00000000 00000000
 4  6    00000000 02000000 00000600 00000000 00000000 00000000
 4  7    00000000 00000000 00001c00 00000000 00000000 00000000
 4  8    00000000 38000000 7c007c00 00000000 00000000 00000000
 4  9    00000000 f0000000 fc00fe00 00000000 00000000 00000000
 5  1    00000000 00380018 00000000 00000000 00000000 00000000
 5  2    00000000 00700000 00000030 00000000 00000000 00000000
 5  3    00000000 00e00000 000001e0 00000000 00000000 00000000
 5  4    00000000 00800000 000003c0 00000000 00000000 00000000
 5  5    00000000 00000000 00000380 00000000 00000000 00000000
 5  6    00000000 00000000 02000700 00000000 00000000 00000000
 5  7    00000000 00000000 0e000e00 00000000 00000000 00000000
 5  8    00000000 20000000 7c003e00 00000000 00000000 00000000
 5  9    00000000 20000000 fc00fc00 00008000 00000000 00000000
 6  1    00000000 001c0000 0000001c 00000000 00000000 00000000
 6  2    00000000 00000000 00000030 00000000 00000000 00000000
 6  3    00000000 00000000 006000e0 00000000 00000000 00000000
 6  4    00000000 00000000 00c000c0 00000000 00000000 00000000
 6  5    00000000 00000000 01800180 00000000 00000000 00000000
 6  6    00000000 00000000 03000300 00000000 00000000 00000000
 6  7    00000000 00000000 0e000600 00000000 00000000 00000000
 6  8    00000000 00000000 fe003c00 00001c00 00000000 00000000
 6  9    00000000 00000000 fc00fc00 0000f800 00000000 00000000
 7  1    00000000 00000000 001c001c 00000000 00000000 00000000
 7  2    00000000 00000000 00300010 00000000 00000000 00000000
 7  3    00000000 00000000 00e00020 00000000 00000000 00000000
 7  4    00000000 00000000 01c00040 00000000 00000000 00000000
 7  5    00000000 00000000 01800000 00000000 00000000 00000000
 7  6    00000000 00000000 07000000 00000200 00000000 00000000
 7  7    00000000 00000000 0e000000 00000600 00000000 00000000
 7  8    00000000 00000000 fe001c00 00007e00 00000000 00000000
 7  9    00000000 00000000 fc00fc00 0000fc00 00000000 00000000
 8  1    00000000 00000000 000e0000 0004001e 00000000 00000000
 8  2    00000000 00000000 00300000 00000030 00000000 00000000
 8  3    00000000 00000000 00600000 00000060 00000000 00000000
 8  4    00000000 00000000 00c00000 000001e0 00000000 00000000
 8  5    00000000 00000000 03c00000 000003c0 00000000 00000000
 8  6    00000000 00000000 07000000 00000700 00000000 00000000
 8  7    00000000 00000000 0e000000 00001f00 00000000 00000000
 8  8    00000000 00000000 ff000000 cc00fe00 00000000 00000000
 8  9    00000000 00000000 fe000000 3000fe00 00000000 00000000
 9  1    00000000 00000000 00000000 001c0008 0000000c 00000000
 9  2    00000000 00000000 00000000 00300030 00000000 00000000
 9  3    00000000 00000000 00000000 00600060 00000000 00000000
 9  4    00000000 00000000 00000000 00c000c0 00000000 00000000
 9  5    00000000 00000000 00000000 00000180 00000000 00000000
 9  6    00000000 00000000 00000000 00000300 00000000 00000000
 9  7    00000000 00000000 00000000 00000e00 00000000 00000000
 9  8    00000000 00000000 3c000000 7e00fe00 00000000 00000000
 9  9    00000000 00000000 fc000000 fc00ff00 00000000 00000000
10  1    00000000 00000000 00000000 00180000 0008001c 00000000
10  2    00000000 00000000 00000000 00700000 00000030 00000000
10  3    00000000 00000000 00000000 00e00060 00000040 00000000
10  4    00000000 00000000 00000000 01c000c0 00000000 00000000
10  5    00000000 00000000 00000000 01800180 00000000 00000000
10  6    00000000 00000000 00000000 03000300 00000000 00000000
10  7    00000000 00000000 00000000 0e000e00 00000000 00000000
10  8    00000000 00000000 10000000 7c00fe00 00000000 00000000
10  9    00000000 00000000 f8000000 fc00fc00 00000000 00000000
11  1    00000000 00000000 00000000 00000000 00380030 00000000
11  2    00000000 00000000 00000000 00200000 00000060 00000000
11  3    00000000 00000000 00000000 01e00000 000001e0 00000000
11  4    00000000 00000000 00000000 03c00000 000001c0 00000000
11  5    00000000 00000000 00000000 03800000 00000000 00000000
11  6    00000000 00000000 00000000 07000000 00000000 00000000
11  7    00000000 00000000 00000000 0e000c00 00000000 00000000
11  8    00000000 00000000 00000000 7c00fc00 00000000 00000000
11  9    00000000 00000000 50000000 fc00fc00 0000e000 00000000
12  1    00000000 00000000 00000000 00000000 00700000 00000030
12  2    00000000 00000000 00000000 00000000 01e000e0 00000000
12  3    00000000 00000000 00000000 00000000 000001c0 00000000
12  4    00000000 00000000 00000000 01800000 00000380 00000000
12  5    00000000 00000000 00000000 03800000 00000700 00000000
12  6    00000000 00000000 00000000 16000000 00000600 00000000
12  7    00000000 00000000 00000000 1c000000 00000400 00000000
12  8    00000000 00000000 00000000 7c003800 00003800 00000000
12  9    00000000 00000000 00000000 fe00f800 0000f800 00000000
13  1    00000000 00000000 00000000 00000000 00e00000 000000e0
13  2    00000000 00000000 00000000 00000000 01c00080 00000000
13  3    00000000 00000000 00000000 00000000 01800180 00000000
13  4    00000000 00000000 00000000 00000000 00000300 00000000
13  5    00000000 00000000 00000000 02000000 00000700 00000000
13  6    00000000 00000000 00000000 0e000000 00000e00 00000000
13  7    00000000 00000000 00000000 1c000000 00001c00 00000000
13  8    00000000 00000000 00000000 7c007000 0000f800 00000000
13  9    00000000 00000000 00000000 f800f800 0000f800 00000000
14  1    00000000 00000000 00000000 00000000 00c00000 000001c0
14  2    00000000 00000000 00000000 00000000 07c00000 00000180
14  3    00000000 00000000 00000000 00000000 03000100 00000000
14  4    00000000 00000000 00000000 00000000 07000700 00000000
14  5    00000000 00000000 00000000 00000000 06000e00 00000000
14  6    00000000 00000000 00000000 08000000 04000c00 00000000
14  7    00000000 00000000 00000000 1c000000 00001c00 00000000
14  8    00000000 00000000 00000000 fa004000 4000fc00 00000000
14  9    00000000 00000000 00000000 fe00c800 d000fc00 00000000
15  1    00000000 00000000 00000000 00000000 00000000 00000380
15  2    00000000 00000000 00000000 00000000 07000000 00000780
15  3    00000000 00000000 00000000 00000000 07000000 00000200
15  4    00000000 00000000 00000000 00000000 0e000400 00000000
15  5    00000000 00000000 00000000 00000000 0c000c00 00000000
15  6    00000000 00000000 00000000 00000000 18001c00 00000000
15  7    00000000 00000000 00000000 38000000 38007c00 00000000
15  8    00000000 00000000 00000000 fc000000 f000fc00 00000000
15  9    00000000 00000000 00000000 f800c000 e000fc00 00000000
