#Ecal4x4 PRES(EPD)
#ROW COL DEP0     DEP1     DEP2     DEP3     DEP4     DEP5
 1  1    07c001c0 000003c0 00000000 00000000 00000000 00000000
 1  2    03c00080 00800fc0 00000000 00000000 00000000 00000000
 1  3    0b800000 01800fc0 00000080 00000000 00000000 00000000
 1  4    01000000 0f000f80 00000000 00000000 00000000 00000000
 1  5    00000000 1f001f00 00000000 00000000 00000000 00000000
 1  6    00000000 be000e00 00000000 00000000 00000000 00000000
 1  7    00000000 fc001c00 00003e00 00000000 00000000 00000000
 1  8    00000000 dc201c00 00001c50 00000000 00000000 00000000
 1  9    00000000 fdc03e00 04007be0 00000000 00000000 00000000
 2  1    01e00060 000001e0 00000000 00000000 00000000 00000000
 2  2    03c00000 00c003e0 00000000 00000000 00000000 00000000
 2  3    00c00000 0dc007c0 00000000 00000000 00000000 00000000
 2  4    00800000 0f8007a0 00000080 00000000 00000000 00000000
 2  5    00000000 1f000380 00000780 00000000 00000000 00000000
 2  6    00000000 7f000600 00001f00 00000000 00000000 00000000
 2  7    00000000 fef00700 01003f60 00000000 00000000 00000000
 2  8    00000000 bef00600 8700fe80 00000000 00000000 00000000
 2  9    00000000 beb00a80 5fe0fce0 00000000 00000000 00000000
 3  1    00f00030 003000f0 00000000 00000000 00000000 00000000
 3  2    00600000 00e001e0 00000020 00000000 00000000 00000000
 3  3    00000000 03e003e0 00000040 00000000 00000000 00000000
 3  4    00000000 07c001c0 000001c0 00000000 00000000 00000000
 3  5    00000000 1f800980 00800f80 00000000 00000000 00000000
 3  6    00000000 37000080 01001f10 00000000 00000000 00000000
 3  7    00000000 ff000100 03003fb0 00000000 00000000 00000000
 3  8    00000000 1e000000 0e007c00 00000000 00000000 00000000
 3  9    00000000 38000000 28003c00 00000000 00000000 00000000
 4  1    00380018 00780078 00000000 00000000 00000000 00000000
 4  2    00100000 00f00070 00000070 00000000 00000000 00000000
 4  3    00000000 01e00060 000000e0 00000000 00000000 00000000
 4  4    00000000 03c000c0 000003c0 00000000 00000000 00000000
 4  5    00000000 03800080 00c007c0 00000000 00000000 00000000
 4  6    00000000 07800000 01803fe0 00000000 00000000 00000000
 4  7    00000000 02000000 07003f00 00000000 00000000 00000000
 4  8    00000000 08000000 26007e00 00000000 00000000 00000000
 4  9    00000000 04000000 3c003c00 00000000 00000000 00000000
 5  1    001c0000 003c003c 0008001c 00000000 00000000 00000000
 5  2    00000000 00780038 00180078 00000000 00000000 00000000
 5  3    00000000 00f00020 003000f0 00000000 00000000 00000000
 5  4    00000000 00e00000 00e001e0 00000000 00000000 00000000
 5  5    00000000 00c00040 03c007c0 00000000 00000000 00000000
 5  6    00000000 01800000 03801f80 00000000 00000000 00000000
 5  7    00000000 00000000 6f002f00 00000000 00000000 00000000
 5  8    00000000 00000000 3e00be00 00000000 00000000 00000000
 5  9    00000000 00000000 5e007c00 00000000 00000000 00000000
 6  1    000c0000 001f001f 001f001f 00000000 00000000 00000000
 6  2    00000000 00380008 0038007c 00000018 00000000 00000000
 6  3    00000000 00300000 007000f0 00000030 00000000 00000000
 6  4    00000000 00600000 00e001e0 00000020 00000000 00000000
 6  5    00000000 00400000 03c001c0 00000040 00000000 00000000
 6  6    00000000 00400000 0fc007c0 00000180 00000000 00000000
 6  7    00000000 00000000 1f800f00 00000100 00000000 00000000
 6  8    00000000 00000000 7f000f00 00000200 00000000 00000000
 6  9    00000000 00000000 bc003c00 00000400 00000000 00000000
 7  1    00000000 000f0006 001f001f 0007000f 00000000 00000000
 7  2    00000000 00180000 007e0038 0000003c 00000000 00000000
 7  3    00000000 00100000 00f00070 00000070 00000000 00000000
 7  4    00000000 00000000 01e000e0 000000e0 00000000 00000000
 7  5    00000000 00000000 03e000c0 000003c0 00000000 00000000
 7  6    00000000 00000000 07800180 00400380 00000000 00000000
 7  7    00000000 00000000 1f000380 00000f00 00000000 00000000
 7  8    00000000 00000000 3f000b00 00000f10 00000000 00000000
 7  9    00000000 00000000 fe008700 02001e20 00000000 00000000
 8  1    00000000 00060000 001f000f 000f001f 0001000f 00000000
 8  2    00000000 00080000 003e0018 0038007e 00000008 00000000
 8  3    00000000 00000000 00780010 003000f8 00000000 00000000
 8  4    00000000 00000000 00e00020 006001e0 00000000 00000000
 8  5    00000000 00000000 03c00040 004003e0 00000000 00000000
 8  6    00000000 00000000 07c00040 00800f80 00000000 00000000
 8  7    00000000 00000000 1f800000 01c01f80 00000000 00000000
 8  8    00000000 00000000 7f000300 0100ffc0 00000000 00000000
 8  9    00000000 01200000 fee006e0 2780ff20 00000000 00000000
 9  1    00000000 00000000 000f0000 001f001f 000f001f 00000000
 9  2    00000000 00000000 00180000 0038003c 00000038 00000000
 9  3    00000000 00000000 00300000 007000f0 00000010 00000000
 9  4    00000000 00000000 00600000 00f001e0 00000000 00000000
 9  5    00000000 00000000 00c00000 01c003c0 00000000 00000000
 9  6    00000000 00000000 03c00000 03800fc0 00000000 00000000
 9  7    00000000 00000000 03000000 0b201f90 00000000 00000000
 9  8    00000000 00000000 06000000 0200fe00 00000000 00000000
 9  9    00000000 00000000 8c000000 0c003e00 00000000 00000000
10  1    00000000 00000000 00000000 001e000c 001f001e 0000000e
10  2    00000000 00000000 00000000 00780038 00180078 00000000
10  3    00000000 00000000 00000000 00f00070 00000070 00000000
10  4    00000000 00000000 00200000 01e001e0 00000060 00000000
10  5    00000000 00000000 00000000 07c003c0 000000c0 00000000
10  6    00000000 00000000 00800000 17c00780 00000080 00000000
10  7    00000000 00000000 00000000 3f003f80 00000000 00000000
10  8    00000000 00000000 00000000 2e007e00 00000000 00000000
10  9    00000000 00000000 0c000000 3c007c00 00000000 00000000
11  1    00000000 00000000 00000000 00180000 003c003c 0000001c
11  2    00000000 00000000 00000000 00780000 00780078 00000010
11  3    00000000 00000000 00000000 01f00030 002000f0 00000000
11  4    00000000 00000000 00000000 03e00040 004001e0 00000000
11  5    00000000 00000000 00400000 07c005c0 00000180 00000000
11  6    00000000 00000000 00800000 0f800b80 00000380 00000000
11  7    00000000 00000000 00000000 3f001f00 00000700 00000000
11  8    00000000 00000000 00000000 1e003e00 00000000 00000000
11  9    00000000 00000000 00000000 1c007c00 00000000 00000000
12  1    00000000 00000000 00000000 00000000 007c0038 0010007c
12  2    00000000 00000000 00000000 00300000 01f000f0 00000020
12  3    00000000 00000000 00000000 00600000 00e001e0 00000000
12  4    00000000 00000000 00000000 03c00000 00c003c0 00000000
12  5    00000000 00000000 00000000 07800000 00800780 00000000
12  6    00000000 00000000 00000000 1fc00380 008007c0 00000000
12  7    00000000 00000000 00000000 7f000300 00800f00 00000000
12  8    00000000 00000000 00000000 3e000e00 00000400 00000000
12  9    00000000 00000000 00000000 3c001800 00000800 00000000
13  1    00000000 00000000 00000000 00000000 00f80030 002000f8
13  2    00000000 00000000 00000000 00000000 03e801e0 00000060
13  3    00000000 00000000 00000000 00400000 03c003c0 00000000
13  4    00000000 00000000 00000000 00800000 038007c0 00000000
13  5    00000000 00000000 00000000 07900000 01803fc0 00000000
13  6    00000000 00000000 00000000 1f000000 03007f40 00000000
13  7    00000000 00000000 00000000 3f100320 0180bfd0 00000000
13  8    00000000 00000000 00000000 fcf00e00 02001ee0 00000000
13  9    00000000 00000000 00000000 bc001800 00003800 00000000
14  1    00000000 00000000 00000000 00000000 01e00000 006003f8
14  2    00000000 00000000 00000000 00000000 03c800c0 000003c0
14  3    00000000 00000000 00000000 00000000 07c00780 000000c8
14  4    00000000 00000000 00000000 00800000 0f800fb8 00000080
14  5    00000000 00000000 00000000 07000000 03001f00 00000000
14  6    00000000 00000000 00000000 06000000 06003f00 00000000
14  7    00000000 00000000 00000000 0e100040 0300ff20 00000000
14  8    00000000 00000000 00000000 7fc00730 1e28dfc0 00000000
14  9    00000000 00000000 01000000 ffd03e20 0c007fc0 00000000
15  1    00000000 00000000 00000000 00000000 03c00000 01c007d0
15  2    00000000 00000000 00000000 00000000 07800100 00000f80
15  3    00000000 00000000 00000000 00000000 1f800180 000007c0
15  4    00000000 00000000 00000000 00000000 1f000f00 00000300
15  5    00000000 00000000 00000000 00000000 3f003f00 00000000
15  6    00000000 00000000 00000000 00000000 1e003e00 00000000
15  7    00000000 00000000 00000000 1e000000 14003c00 00000000
15  8    00000000 00000000 00000000 38000000 18005c00 00000000
15  9    00000000 00000000 00000000 fc600f00 bf00ffd0 00000000
