#Ecal4x4 PRES(EPD)
#ROW COL DEP0     DEP1     DEP2     DEP3     DEP4     DEP5
 1  1    0fc00180 00000380 00000000 00000000 00000000 00000000
 1  2    1fc00080 03c01fe0 00000000 00000000 00000000 00000000
 1  3    07000000 00007f00 00000000 00000000 00000000 00000000
 1  4    06000000 1e007e00 00000000 00000000 00000000 00000000
 1  5    00000000 ff00ff80 00000800 00000000 00000000 00000000
 1  6    00000000 bf003e00 00003c00 00000000 00000000 00000000
 1  7    00000000 ff00fe00 0000fe00 00000000 00000000 00000000
 1  8    0c000000 ff00fe00 f800fe00 00000000 00000000 00000000
 1  9    6a000008 ff80ffc0 f890fe40 00802480 00000000 00000000
 2  1    07e001f0 004007f0 00000000 00000000 00000000 00000000
 2  2    01c00000 01800fc0 00000000 00000000 00000000 00000000
 2  3    00000000 0f800f80 00000000 00000000 00000000 00000000
 2  4    00000000 3f002b00 00000000 00000000 00000000 00000000
 2  5    00000000 7e000e00 00002e00 00000000 00000000 00000000
 2  6    00000000 ff803e00 00007e00 00000000 00000000 00000000
 2  7    00000000 7fd03980 1000ff80 00000000 00000000 00000000
 2  8    00000000 ff00fa00 fc00ff80 00008000 00000000 00000000
 2  9    00000000 fe00e800 f100fec0 00000000 00000000 00000000
 3  1    01f00020 006001f0 00000000 00000000 00000000 00000000
 3  2    00c00000 07e003e0 00000000 00000000 00000000 00000000
 3  3    00000000 07c003c0 00000000 00000000 00000000 00000000
 3  4    00000000 1f800180 00000300 00000000 00000000 00000000
 3  5    00000000 7fe00340 00207fa0 00000000 00000000 00000000
 3  6    00000000 7f800e00 0000ff80 00000000 00000000 00000000
 3  7    00000000 ff800000 3a00bf00 00000000 00000000 00000000
 3  8    00000000 fe000000 ff00ff00 00000000 00000000 00000000
 3  9    00000000 fe00f800 ff80fe80 00005000 00000000 00000000
 4  1    00700000 007000f0 00000000 00000000 00000000 00000000
 4  2    00000000 01f001f0 000000f0 00000000 00000000 00000000
 4  3    00000000 03e000c0 000003f0 00000000 00000000 00000000
 4  4    00000000 0ff007f0 01e81ff0 00000000 00000000 00000000
 4  5    00000000 1fc000c0 07403ff0 00000000 00000000 00000000
 4  6    00000000 1f000000 02007f00 00000000 00000000 00000000
 4  7    00000000 9e000000 1d807f00 00000000 00000000 00000000
 4  8    00000000 fe000000 ff00ff40 00000000 00000000 00000000
 4  9    00000000 ff002800 ff00ff80 0000f900 00000000 00000000
 5  1    00180000 00780038 00000018 00000000 00000000 00000000
 5  2    00000000 00f00060 000001f0 00000000 00000000 00000000
 5  3    00000000 03f00040 01f003f0 00000000 00000000 00000000
 5  4    00000000 03c00000 00e00fe0 00000000 00000000 00000000
 5  5    00000000 01000000 03800f80 00000000 00000000 00000000
 5  6    00000000 00000000 1f001f00 00000000 00000000 00000000
 5  7    00000000 00000000 3e007f00 00000000 00000000 00000000
 5  8    00000000 fe000000 ff00ff80 0000fc00 00000000 00000000
 5  9    00000000 fc000000 ff80ff80 1000fc00 00000000 00000000
 6  1    00000000 003c0018 0008003c 00000000 00000000 00000000
 6  2    00000000 00300000 00700070 00000000 00000000 00000000
 6  3    00000000 00600000 01f801f0 00000000 00000000 00000000
 6  4    00000000 00000000 03e003c0 00000000 00000000 00000000
 6  5    00000000 00000000 0f800780 00000080 00000000 00000000
 6  6    00000000 00000000 3f000700 00000000 00000000 00000000
 6  7    00000000 00000000 7f803f80 00000f00 00000000 00000000
 6  8    00000000 60000000 ff00ff00 0000ff00 00000000 00000000
 6  9    00000000 c0000000 ff80fe00 6000ff00 00000000 00000000
 7  1    00000000 000c0000 001e001e 0000000c 00000000 00000000
 7  2    00000000 00000000 00780030 00000030 00000000 00000000
 7  3    00000000 00000000 01f001f0 000000f0 00000000 00000000
 7  4    00000000 00000000 07e001e0 000001e0 00000000 00000000
 7  5    00000000 00000000 0fe002e0 000003c0 00000000 00000000
 7  6    00000000 00000000 1f800180 00002320 00000000 00000000
 7  7    00000000 00000000 7fc00f80 0000bf80 00000000 00000000
 7  8    00000000 00000000 ffc0ff80 5700ff40 00000000 00000000
 7  9    00000000 00000000 ff00ff00 fa00ffc0 00000000 00000000
 8  1    00000000 00000000 001e000c 001e001e 00000002 00000000
 8  2    00000000 00000000 00780000 00300078 00000000 00000000
 8  3    00000000 00000000 01f00060 006001f0 00000000 00000000
 8  4    00000000 00000000 07f001f0 01f00ff8 00000000 00000000
 8  5    00000000 00000000 0ff000e0 01e01ff0 00000000 00000000
 8  6    00000000 00000000 3fe00380 0be07ff0 00000000 00000000
 8  7    00000000 00000000 3fc00180 07807fc0 00000000 00000000
 8  8    00000000 00000000 ffe07fc0 ffc0ffa0 00000000 00000000
 8  9    00000000 04000000 ffc0f980 ff00ffc0 00000800 00000000
 9  1    00000000 00000000 00000000 001c001c 0008001c 00000000
 9  2    00000000 00000000 00100000 00780070 00000010 00000000
 9  3    00000000 00000000 00600000 01f001f0 00000000 00000000
 9  4    00000000 00000000 00e00000 03e003e0 00000000 00000000
 9  5    00000000 00000000 00000000 01800f80 00000000 00000000
 9  6    00000000 00000000 0b000000 02003f00 00000000 00000000
 9  7    00000000 00000000 0e000000 1f003e00 00000000 00000000
 9  8    00000000 00000000 ffc00000 ffc0ffc0 00004000 00000000
 9  9    00000000 00000000 ffe03800 fe80ffc0 00002400 00000000
10  1    00000000 00000000 00000000 00380000 003c003c 00000008
10  2    00000000 00000000 00000000 00f00020 000000f0 00000000
10  3    00000000 00000000 00000000 03f000f0 000001f0 00000000
10  4    00000000 00000000 00000000 07c003e0 00000180 00000000
10  5    00000000 00000000 00000000 0f800f80 00000000 00000000
10  6    00000000 00000000 00000000 1f005f00 00000000 00000000
10  7    00000000 00000000 00000000 2e007f00 00000000 00000000
10  8    00000000 00000000 fe800000 ff40ff80 0000a000 00000000
10  9    00000000 00000000 fc800000 fe00ff00 0000e000 00000000
11  1    00000000 00000000 00000000 00000000 00780078 00000038
11  2    00000000 00000000 00000000 01f00000 01f001f0 00000000
11  3    00000000 00000000 00000000 07f000f0 01f007f0 00000000
11  4    00000000 00000000 00000000 0ff001f0 000007f0 00000000
11  5    00000000 00000000 00000000 1f8005c0 00000380 00000000
11  6    00000000 00000000 00000000 3f000700 00000000 00000000
11  7    00000000 00000000 00000000 fe001f00 00003600 00000000
11  8    00000000 00000000 73000000 fe80ff00 0000fe00 00000000
11  9    00000000 00000000 fa000000 ff00ff00 0000fc00 00000000
12  1    00000000 00000000 00000000 00000000 01f00060 000000f0
12  2    00000000 00000000 00000000 00700000 03f003f0 00000060
12  3    00000000 00000000 00000000 01c00000 02c007c0 00000000
12  4    00000000 00000000 00000000 07e000c0 01c03ff0 00000000
12  5    00000000 00000000 00000000 3fc00340 01803fe0 00000000
12  6    00000000 00000000 00000000 7f404b80 0000ff80 00000000
12  7    00000000 00000000 00000000 ffc03f00 0000fe80 00000000
12  8    00000000 00000000 04000000 ffc0ff00 2000ff00 00000000
12  9    00000000 00000000 fc000000 ff90fe80 0000fe00 00000000
13  1    00000000 00000000 00000000 00000000 07f00060 00f003f0
13  2    00000000 00000000 00000000 00000000 07c001c0 000001c0
13  3    00000000 00000000 00000000 00000000 0f800780 00000000
13  4    00000000 00000000 00000000 00000000 09001f80 00000000
13  5    00000000 00000000 00000000 0fc00000 07001fc0 00000000
13  6    00000000 00000000 00000000 3fc00600 3fc0ff80 00000000
13  7    00000000 00000000 00000000 ff801200 0a00ffc0 00000000
13  8    00000000 00000000 00000000 fe80fe00 ac00ff80 00000000
13  9    00000000 00000000 a4000000 ff00ff80 fe00fe00 00000000
14  1    00000000 00000000 00000000 00000000 07f00000 03f007f0
14  2    00000000 00000000 00000000 00000000 0ff007e0 00000ff0
14  3    00000000 00000000 00000000 00000000 1f800f00 00000100
14  4    00000000 00000000 00000000 00000000 2f001f00 00000000
14  5    00000000 00000000 00000000 04000000 1f00ff00 00000000
14  6    00000000 00000000 00000000 3f000000 3e00fec0 00000000
14  7    00000000 00000000 00000000 ff408000 bf007f00 00000000
14  8    00000000 00000000 00000000 ff00fe00 fe00ff80 00000000
14  9    00000000 00000000 00000000 ff00fc80 f900fe00 00000000
15  1    00000000 00000000 00000000 00000000 03000000 03801f80
15  2    00000000 00000000 00000000 00000000 3ff009a0 01c07fe0
15  3    00000000 00000000 00000000 00000000 ff000f40 00001f40
15  4    00000000 00000000 00000000 00000000 7f007f00 00001880
15  5    00000000 00000000 00000000 14000000 ff003f00 00000000
15  6    00000000 00000000 00000000 5d000000 3e00ff00 00000000
15  7    00000000 00000000 00000000 fe008020 fe00fe80 00000000
15  8    00000000 00000000 00000000 fe807e80 fe00ff00 00003800
15  9    00000000 00000000 80200000 fb00fe00 fc80fca0 80000000
