#Ecal4x4 PRES(EPD)
#ROW COL DEP0     DEP1     DEP2     DEP3     DEP4     DEP5
 1  1    0fc00580 000007c0 00000000 00000000 00000000 00000000
 1  2    3ff001d0 03e01fe0 00000000 00000000 00000000 00000000
 1  3    0f000000 07001f00 00000000 00000000 00000000 00000000
 1  4    04000000 3f00fe00 00000000 00000000 00000000 00000000
 1  5    02000000 ff00fe00 00001800 00000000 00000000 00000000
 1  6    00000000 3f003e00 00005e00 00000000 00000000 00000000
 1  7    00000000 7e00fe00 0000fc00 00000000 00000000 00000000
 1  8    f8000000 ff00ff00 fc00fe00 00000000 00000000 00000000
 1  9    02002000 ff40fc00 f800ffc0 00000000 00000000 00000000
 2  1    07f000e0 00c003f0 00000000 00000000 00000000 00000000
 2  2    09c00000 02800fc0 00000000 00000000 00000000 00000000
 2  3    00000000 0f801f80 00000000 00000000 00000000 00000000
 2  4    00000000 1f001f00 00000000 00000000 00000000 00000000
 2  5    00000000 7f001e00 00000e40 00000000 00000000 00000000
 2  6    00000000 ffc01f00 0000df00 00000000 00000000 00000000
 2  7    00000000 ff005c80 2400ff00 00000000 00000000 00000000
 2  8    00000000 fe80fc40 fc00ff00 00000000 00000000 00000000
 2  9    00000000 ff00fc00 fb00ff40 00000000 00000000 00000000
 3  1    01f00020 006001f0 00000000 00000000 00000000 00000000
 3  2    00e00000 03e007e0 00000080 00000000 00000000 00000000
 3  3    00000000 07c00780 00000000 00000000 00000000 00000000
 3  4    00000000 0f800100 00000300 00000000 00000000 00000000
 3  5    00000000 3fe00340 00403fe0 00000000 00000000 00000000
 3  6    00000000 ff800180 0200df80 00000000 00000000 00000000
 3  7    00000000 7f000800 2f80ff80 00000000 00000000 00000000
 3  8    00000000 ff00ba00 ff00ff80 00000000 00000000 00000000
 3  9    00000000 ff00fa00 fe00ff00 0000ed00 00000000 00000000
 4  1    00700000 007000f0 00000000 00000000 00000000 00000000
 4  2    00000000 03f003f0 000000f0 00000000 00000000 00000000
 4  3    00000000 07e001e0 000007f0 00000000 00000000 00000000
 4  4    00000000 0ff001e0 03e01ff0 00000000 00000000 00000000
 4  5    00000000 1fe00180 03e01ff0 00000000 00000000 00000000
 4  6    00000000 0f000000 0600bf00 00000000 00000000 00000000
 4  7    00000000 7e800000 2e00fe00 00000000 00000000 00000000
 4  8    00000000 ff000000 fe80ff80 00004000 00000000 00000000
 4  9    00000000 fc000400 fe80ff00 0000fa00 00000000 00000000
 5  1    00180000 00780038 00000038 00000000 00000000 00000000
 5  2    00000000 00f00060 000000f0 00000000 00000000 00000000
 5  3    00000000 03f00070 00e007f8 00000000 00000000 00000000
 5  4    00000000 0fc00000 03c00fc0 00000000 00000000 00000000
 5  5    00000000 05000000 07000f80 00000000 00000000 00000000
 5  6    00000000 00000000 17003f00 00000000 00000000 00000000
 5  7    00000000 00000000 3e00fe00 00000000 00000000 00000000
 5  8    00000000 fe000000 ff00ff80 0000f800 00000000 00000000
 5  9    00000000 f4000000 fe00ff00 0000fc00 00000000 00000000
 6  1    00000000 003c001c 0018003c 00000000 00000000 00000000
 6  2    00000000 00700000 007000f0 00000000 00000000 00000000
 6  3    00000000 00700000 01f003f0 00000000 00000000 00000000
 6  4    00000000 00400000 07c003e0 00000000 00000000 00000000
 6  5    00000000 00000000 0f800780 00000000 00000000 00000000
 6  6    00000000 00000000 1f005f00 00000000 00000000 00000000
 6  7    00000000 00000000 3f003e00 00001200 00000000 00000000
 6  8    00000000 72000000 ff80ff00 0000fe00 00000000 00000000
 6  9    00000000 f8000000 ff80ff80 a000ff00 00000000 00000000
 7  1    00000000 000c0000 001e001e 0000000c 00000000 00000000
 7  2    00000000 00000000 00f80078 00000030 00000000 00000000
 7  3    00000000 00000000 01f001f0 000000e0 00000000 00000000
 7  4    00000000 00000000 07e001c0 000003e0 00000000 00000000
 7  5    00000000 00000000 0fc00280 00000f80 00000000 00000000
 7  6    00000000 00000000 1fc00180 00003f80 00000000 00000000
 7  7    00000000 00000000 3f800700 00007f40 00000000 00000000
 7  8    00000000 00000000 ff80ff80 7e00ffe0 00000000 00000000
 7  9    00000000 00000000 ff40ff90 fd80ff40 00000000 00000000
 8  1    00000000 00000000 001e000e 001e001e 00000000 00000000
 8  2    00000000 00000000 00780000 00100078 00000000 00000000
 8  3    00000000 00000000 01f00000 004001f0 00000000 00000000
 8  4    00000000 00000000 07f000f0 00f007f0 00000000 00000000
 8  5    00000000 00000000 0ff001f0 03f00ff8 00000000 00000000
 8  6    00000000 00000000 3ff003c0 03c07fe0 00000000 00000000
 8  7    00000000 00000000 7fc00580 0700bfe0 00000000 00000000
 8  8    00000000 00000000 ffc0ffc0 ff80ffe0 00000000 00000000
 8  9    00000000 00000000 ffe0fbc0 fe00ff80 00000000 00000000
 9  1    00000000 00000000 00000000 001c001c 0000001c 00000000
 9  2    00000000 00000000 00000000 00700078 00000010 00000000
 9  3    00000000 00000000 00f00000 01f003f0 00000000 00000000
 9  4    00000000 00000000 00c00000 07e003e0 00000040 00000000
 9  5    00000000 00000000 01800000 07800780 00000000 00000000
 9  6    00000000 00000000 07000000 03004f00 00000000 00000000
 9  7    00000000 00000000 2e000000 3e00ff00 00000000 00000000
 9  8    00000000 00000000 ffc00200 ff80ff90 00008000 00000000
 9  9    00000000 00000000 ff40ec00 ff00fe80 00001200 00000000
10  1    00000000 00000000 00000000 003c0000 003c003c 00000008
10  2    00000000 00000000 00000000 00f00000 000000f0 00000000
10  3    00000000 00000000 00000000 01f001e0 000001f0 00000000
10  4    00000000 00000000 00000000 07c003c0 000000c0 00000000
10  5    00000000 00000000 00000000 0f800f80 00000000 00000000
10  6    00000000 00000000 00000000 1f007f00 00000000 00000000
10  7    00000000 00000000 04000000 3f00ff00 00000000 00000000
10  8    00000000 00000000 fd000000 ff00ff80 00002400 00000000
10  9    00000000 00000000 fe008000 fe00ff80 0000fc10 00000000
11  1    00000000 00000000 00000000 00000000 00780078 00000038
11  2    00000000 00000000 00000000 00e00000 00f001f0 00000000
11  3    00000000 00000000 00000000 03f00070 00f007f0 00000000
11  4    00000000 00000000 00000000 0ff802e0 00f007f0 00000000
11  5    00000000 00000000 00000000 0fc00380 00003f80 00000000
11  6    00000000 00000000 00000000 7f001e00 00000000 00000000
11  7    00000000 00000000 00000000 7e809e00 00000400 00000000
11  8    00000000 00000000 9e000000 ff40ffa0 0000fe00 00000000
11  9    00000000 00000000 fe800000 ff00ff00 0000fa00 00000000
12  1    00000000 00000000 00000000 00000000 01f000e0 000000f0
12  2    00000000 00000000 00000000 00700000 03f001e0 00000020
12  3    00000000 00000000 00000000 05c00000 00c007c0 00000000
12  4    00000000 00000000 00000000 0fc001f0 00d00fe0 00000000
12  5    00000000 00000000 00000000 7ff001c0 01e03ff0 00000000
12  6    00000000 00000000 00000000 3f000600 00003f80 00000000
12  7    00000000 00000000 00000000 ffc07f00 00007f00 00000000
12  8    00000000 00000000 00000000 fe00fe00 0000ff00 00000000
12  9    00000000 00000000 f2000000 ff80fe80 6800ff80 00000000
13  1    00000000 00000000 00000000 00000000 03f00040 00f003f0
13  2    00000000 00000000 00000000 00000000 07c001c0 000003c0
13  3    00000000 00000000 00000000 00000000 07800f80 00000000
13  4    00000000 00000000 00000000 02000000 03000f80 00000000
13  5    00000000 00000000 00000000 3fc00000 13803f80 00000000
13  6    00000000 00000000 00000000 df400000 0500ff00 00000000
13  7    00000000 00000000 00000000 ff007600 0900bf80 00000000
13  8    00000000 00000000 20000000 ff00fc00 3c00ff00 00000000
13  9    00000000 00000000 f4000000 ff00fe40 f000ff80 00000000
14  1    00000000 00000000 00000000 00000000 07f00060 00e007f0
14  2    00000000 00000000 00000000 00000000 0fe001c0 00800fe0
14  3    00000000 00000000 00000000 00000000 1f800700 00000000
14  4    00000000 00000000 00000000 00000000 1f001f00 00000000
14  5    00000000 00000000 00000000 32000000 3e007f00 00000000
14  6    00000000 00000000 00000000 5f800000 3e00ff40 00000000
14  7    00000000 00000000 00000000 ff801200 7e00fe80 00000000
14  8    00000000 00000000 00000000 ff00fe00 fe00ffc0 00000000
14  9    00000000 00000000 01000000 fe00fe00 fd00ff00 00000000
15  1    00000000 00000000 00000000 00000000 03800000 03000f80
15  2    00000000 00000000 00000000 00000000 3fe003e0 01e05ff0
15  3    00000000 00000000 00000000 00000000 1f800600 00007fc0
15  4    00000000 00000000 00000000 00000000 7e007e00 00000f00
15  5    00000000 00000000 00000000 00000000 fe00ff80 00001a00
15  6    00000000 00000000 00000000 79000000 3e803c80 00000000
15  7    00000000 00000000 00000000 ff000000 fe00ff00 00000000
15  8    00000000 00000000 80000000 fe04e400 ff00ffe0 00009000
15  9    00000000 00000000 40000000 ff00fb40 fc00ff80 00109000
