#Ecal4x4 PRES(EPD)
#ROW COL DEP0     DEP1     DEP2     DEP3     DEP4     DEP5
 1  1    07c001c0 000001c0 00000000 00000000 00000000 00000000
 1  2    07c00000 00800fc0 00000000 00000000 00000000 00000000
 1  3    0f800000 05800f80 00000000 00000000 00000000 00000000
 1  4    01000000 1f001f80 00000000 00000000 00000000 00000000
 1  5    00000000 1f003f00 00000000 00000000 00000000 00000000
 1  6    00000000 3e000e00 00000e00 00000000 00000000 00000000
 1  7    00000000 3c000c00 00001c00 00000000 00000000 00000000
 1  8    00000000 3c000c00 02001c00 00000000 00000000 00000000
 1  9    00000000 79f05e80 0000ffa0 00000000 00000000 00000000
 2  1    01e00060 000001e0 00000000 00000000 00000000 00000000
 2  2    01e00000 00c001c0 00000000 00000000 00000000 00000000
 2  3    00c00000 07c003c0 00000040 00000000 00000000 00000000
 2  4    00c00000 0f800780 000000c0 00000000 00000000 00000000
 2  5    00000000 1f800380 000007a0 00000000 00000000 00000000
 2  6    00000000 3f000700 00003700 00000000 00000000 00000000
 2  7    00000000 7fe007a0 02806fe0 00000000 00000000 00000000
 2  8    00000000 bfe00610 07a0fee0 00000000 00000000 00000000
 2  9    00000000 fde00c00 0c607cd0 00000000 00000000 00000000
 3  1    00f00030 003000f0 00000000 00000000 00000000 00000000
 3  2    00600000 00e001e0 00000000 00000000 00000000 00000000
 3  3    00000000 01e003c0 00000040 00000000 00000000 00000000
 3  4    00000000 07c000c0 000001c0 00000000 00000000 00000000
 3  5    00200000 0f800380 000003a0 00000000 00000000 00000000
 3  6    00000000 1f800100 01801f00 00000000 00000000 00000000
 3  7    00000000 3eb00080 03007ec0 00000000 00000000 00000000
 3  8    00000000 fe200000 06007f00 00000000 00000000 00000000
 3  9    00000000 38000000 b800bc00 00000000 00000000 00000000
 4  1    00380018 00780078 00000010 00000000 00000000 00000000
 4  2    00100000 00f00070 00000030 00000000 00000000 00000000
 4  3    00000000 01f000e0 000000e0 00000000 00000000 00000000
 4  4    00000000 03c00040 000003c0 00000000 00000000 00000000
 4  5    00000000 07c00080 008007c0 00000000 00000000 00000000
 4  6    00000000 03c00000 03800f80 00000000 00000000 00000000
 4  7    00000000 07000000 0f801f00 00000000 00000000 00000000
 4  8    00000000 0a000000 0600fe00 00000000 00000000 00000000
 4  9    00000000 14000000 1c00fc00 00000000 00000000 00000000
 5  1    001c0000 003c003c 0008003c 00000000 00000000 00000000
 5  2    00000000 00780038 00180078 00000000 00000000 00000000
 5  3    00000000 00f00020 006000f0 00000000 00000000 00000000
 5  4    00000000 01e00000 01e003e0 00000000 00000000 00000000
 5  5    00000000 01800000 07c007c0 00000000 00000000 00000000
 5  6    00000000 05800000 0fc00fc0 00000000 00000000 00000000
 5  7    00000000 01000000 7f007f80 00000000 00000000 00000000
 5  8    00000000 00000000 7e00be00 00000000 00000000 00000000
 5  9    00000000 00000000 dc007c00 00000200 00000000 00000000
 6  1    000c0000 001f001f 001f001f 00000000 00000000 00000000
 6  2    00000000 00380000 00380078 00000008 00000000 00000000
 6  3    00000000 00300000 00f000f0 00000000 00000000 00000000
 6  4    00000000 00600000 00e001f0 00000020 00000000 00000000
 6  5    00000000 00400000 03c001c0 00000040 00000000 00000000
 6  6    00000000 00000000 07c00fc0 00000080 00000000 00000000
 6  7    00000000 00800000 1f001f20 00000100 00000000 00000000
 6  8    00000000 00000000 ff003e00 00000200 00000000 00000000
 6  9    00000000 00000000 bc003d00 00003c00 00000000 00000000
 7  1    00000000 000f0007 001f001f 0007000f 00000000 00000000
 7  2    00000000 00180000 007e003e 00080038 00000000 00000000
 7  3    00000000 00000000 00700070 00000070 00000000 00000000
 7  4    00000000 00000000 01e001e0 000000e0 00000000 00000000
 7  5    00000000 00000000 07e000c0 000001c0 00000000 00000000
 7  6    00000000 00000000 07800380 00000780 00000000 00000000
 7  7    00000000 00000000 3f800180 00000380 00000000 00000000
 7  8    00000000 00000000 7f000200 00002f00 00000000 00000000
 7  9    00000000 00000000 7f000c00 01005e00 00000000 00000000
 8  1    00000000 00020000 001f000f 000f001f 0001000f 00000000
 8  2    00000000 00000000 003e001c 003c003e 00000000 00000000
 8  3    00000000 00000000 00780030 00300070 00000000 00000000
 8  4    00000000 00000000 01e00020 002001e0 00000000 00000000
 8  5    00000000 00000000 03e00000 004003c0 00000000 00000000
 8  6    00000000 00000000 07800000 00000fc0 00000000 00000000
 8  7    00000000 00000000 3fc00180 04801fa0 00000000 00000000
 8  8    00000000 00000000 7f000120 13407f60 00000000 00000000
 8  9    00000000 00000000 7e001600 06807f60 00000000 00000000
 9  1    00000000 00000000 000e0000 001f001f 000f001f 00000000
 9  2    00000000 00000000 00180000 007a0038 00000018 00000000
 9  3    00000000 00000000 00300000 007000f8 00000010 00000000
 9  4    00000000 00000000 00e00000 01e001e0 00000000 00000000
 9  5    00000000 00000000 01c00000 01c003e0 00000000 00000000
 9  6    00000000 00000000 03800000 07c00f80 00000000 00000000
 9  7    00000000 00000000 03800000 23001f80 00000000 00000000
 9  8    00000000 00000000 06000000 06003e40 00000000 00000000
 9  9    00000000 00000000 5c000000 1c00fe00 00000000 00000000
10  1    00000000 00000000 00000000 001e000c 001e003e 0000000c
10  2    00000000 00000000 00000000 007c0038 0018007c 00000000
10  3    00000000 00000000 00100000 00f000f0 00000070 00000000
10  4    00000000 00000000 00000000 01e001e0 00000060 00000000
10  5    00000000 00000000 00400000 07c003c0 00000040 00000000
10  6    00000000 00000000 01c00000 0f8017c0 00000080 00000000
10  7    00000000 00000000 00000000 0f001f00 00000000 00000000
10  8    00000000 00000000 00000000 be001e00 00000000 00000000
10  9    00000000 00000000 04000000 ce00de00 00000000 00000000
11  1    00000000 00000000 00000000 00180000 003e003c 0000001c
11  2    00000000 00000000 00000000 00700010 007800fc 00000010
11  3    00000000 00000000 00000000 01f00060 006001f0 00000000
11  4    00000000 00000000 00000000 03e00060 000003e0 00000000
11  5    00000000 00000000 00000000 07c001c0 000003c0 00000000
11  6    00000000 00000000 00800000 0f801f80 004007c0 00000000
11  7    00000000 00000000 00000000 5f003f00 00000300 00000000
11  8    00000000 00000000 00000000 fe007600 00000000 00000000
11  9    00000000 00000000 00000000 be00dc00 00000000 00000000
12  1    00000000 00000000 00000000 00000000 007c0078 0018007c
12  2    00000000 00000000 00000000 00300000 00f000f8 00000020
12  3    00000000 00000000 00000000 00600000 01e001e0 00000000
12  4    00000000 00000000 00000000 01c00000 004007c0 00000000
12  5    00000000 00000000 00000000 07800080 00800780 00000000
12  6    00000000 00000000 00000000 1f800180 00000f90 00000000
12  7    00000000 00000000 00000000 3f000700 00000f08 00000000
12  8    00000000 00000000 00000000 7e001c00 00000c00 00000000
12  9    00000000 00000000 00000000 bc001c00 00002800 00000000
13  1    00000000 00000000 00000000 00000000 00f80020 002000f8
13  2    00000000 00000000 00000000 00000000 01e000e0 00000060
13  3    00000000 00000000 00000000 00400000 03c003c0 00000040
13  4    00000000 00000000 00000000 01c00000 07800fc0 00000000
13  5    00000000 00000000 00000000 0fa00080 07801f80 00000000
13  6    00000000 00000000 00000000 1f000080 01001f00 00000000
13  7    00000000 00000000 00000000 3f900300 0100ffa0 00000000
13  8    00000000 00000000 00200000 7f400e00 0420ff00 00000000
13  9    00000000 00000000 00000000 3c201800 00005840 00000000
14  1    00000000 00000000 00000000 00000000 00e00000 006001f8
14  2    00000000 00000000 00000000 00000000 03c00140 000003c8
14  3    00000000 00000000 00000000 00400000 07c003c0 00000180
14  4    00000000 00000000 00000000 01800000 0f8807c0 00000180
14  5    00000000 00000000 00000000 01000000 0f003f80 00000000
14  6    00000000 00000000 00000000 0e000000 06007f00 00000000
14  7    00000000 00000000 00000000 3e000000 07007e00 00000000
14  8    00000000 00000000 00000000 3f600718 0f80ff00 00000080
14  9    00000000 00000000 00800000 7bf00c80 0450fff0 00000000
15  1    00000000 00000000 00000000 00000000 01c00000 00c007f0
15  2    00000000 00000000 00000000 00000000 1fd00080 00800fc0
15  3    00000000 00000000 00000000 00000000 1fe00390 00000790
15  4    00000000 00000000 00000000 00000000 1f000700 00000200
15  5    00000000 00000000 00000000 02000000 3f001f00 00000100
15  6    00000000 00000000 00000000 04000000 2c007e00 00000000
15  7    00000000 00000000 00000000 0c000000 4c005c00 00000000
15  8    00000000 00000000 00000000 bc000200 1c009c00 00000000
15  9    00000000 00000000 00000000 fba03080 18007fc0 00000000
