#Ecal4x4 PRES(EPD)
#ROW COL DEP0     DEP1     DEP2     DEP3     DEP4     DEP5
 1  1    0fc007c0 000003c0 00000000 00000000 00000000 00000000
 1  2    1ff001f0 03e01ff0 00000000 00000000 00000000 00000000
 1  3    03000000 07003f80 00000000 00000000 00000000 00000000
 1  4    00000000 0f001f00 00000000 00000000 00000000 00000000
 1  5    00000000 3e001e00 00000000 00000000 00000000 00000000
 1  6    00000000 7c009c00 00000000 00000000 00000000 00000000
 1  7    00000000 3d005800 00003800 00000000 00000000 00000000
 1  8    00000000 7a00be00 0000ff00 00000000 00000000 00000000
 1  9    00000000 fe00fc00 e400fe00 00000000 00000000 00000000
 2  1    03e00060 000003e0 00000000 00000000 00000000 00000000
 2  2    03e00000 03e007f0 00000000 00000000 00000000 00000000
 2  3    01800000 17801fd0 00000000 00000000 00000000 00000000
 2  4    00000000 1f801f00 00000000 00000000 00000000 00000000
 2  5    00000000 1f000e00 00000800 00000000 00000000 00000000
 2  6    00000000 fe000400 00000e00 00000000 00000000 00000000
 2  7    00000000 fee00700 4780ffe0 00000000 00000000 00000000
 2  8    00000000 ffc04d00 a440ff40 00000000 00000000 00000000
 2  9    00000000 fc00cc00 f400fe00 00000000 00000000 00000000
 3  1    00f00020 000001f0 00000000 00000000 00000000 00000000
 3  2    00e00000 01e003e0 00000020 00000000 00000000 00000000
 3  3    00d00000 07f007e0 000000c0 00000000 00000000 00000000
 3  4    00000000 0fc00780 00000780 00000000 00000000 00000000
 3  5    00000000 1fa000e0 00003ff0 00000000 00000000 00000000
 3  6    00000000 3ff003e0 03e03ff0 00000000 00000000 00000000
 3  7    00000000 3fc007c0 07c07ff0 00000000 00000000 00000000
 3  8    00000000 3f800000 00007e00 00000000 00000000 00000000
 3  9    00000000 fc001000 ff00fd00 00000000 00000000 00000000
 4  1    00700000 00700078 00000000 00000000 00000000 00000000
 4  2    00000000 01f000f0 00000020 00000000 00000000 00000000
 4  3    00000000 03e001e0 000001e0 00000000 00000000 00000000
 4  4    00000000 07f000f0 02f00fe8 00000000 00000000 00000000
 4  5    00000000 5ff809f0 01e00ff0 00000000 00000000 00000000
 4  6    00000000 1f800100 03801f80 00000000 00000000 00000000
 4  7    00000000 04000000 00001e00 00000000 00000000 00000000
 4  8    00000000 0c000000 3c00be00 00000000 00000000 00000000
 4  9    00000000 f8000000 fe00fe00 0000c000 00000000 00000000
 5  1    00080000 00380038 00000000 00000000 00000000 00000000
 5  2    00000000 00f00020 00000070 00000000 00000000 00000000
 5  3    00000000 01e00000 004001e0 00000000 00000000 00000000
 5  4    00000000 07c00040 00e003e0 00000000 00000000 00000000
 5  5    00000000 03c00000 07c00fc0 00000000 00000000 00000000
 5  6    00000000 00000000 17000f00 00000000 00000000 00000000
 5  7    00000000 00000000 5e00bf00 00000000 00000000 00000000
 5  8    00000000 00000000 3c00bc00 00000000 00000000 00000000
 5  9    00000000 f0000000 fc80fd00 0000fe00 00000000 00000000
 6  1    000c0000 003e001e 001f003e 00000000 00000000 00000000
 6  2    00000000 00300000 00300078 00000000 00000000 00000000
 6  3    00000000 00200000 00f000f0 00000000 00000000 00000000
 6  4    00000000 00400000 03f005e0 00000000 00000000 00000000
 6  5    00000000 00800000 07e007c0 00000040 00000000 00000000
 6  6    00000000 00000000 0f800780 00000000 00000000 00000000
 6  7    00000000 00000000 7f000600 00000000 00000000 00000000
 6  8    00000000 00000000 3e008c00 00000400 00000000 00000000
 6  9    00000000 00000000 fe80fe00 0000fe00 00000000 00000000
 7  1    00000000 001f000f 001f001f 000f001f 00000000 00000000
 7  2    00000000 00000000 00780038 00000018 00000000 00000000
 7  3    00000000 00000000 00f00070 00000060 00000000 00000000
 7  4    00000000 00000000 03e001e0 000001e0 00000000 00000000
 7  5    00000000 00000000 07c003e0 000003c0 00000000 00000000
 7  6    00000000 00000000 0fc00980 00000fc0 00000000 00000000
 7  7    00000000 00000000 ff000000 00002fe0 00000000 00000000
 7  8    00000000 00000000 3f600180 00003e80 00000000 00000000
 7  9    00000000 00000000 ff80fd80 7800ff80 00000000 00000000
 8  1    00000000 000e0000 001f001f 001f001f 0003000e 00000000
 8  2    00000000 00000000 00380000 00100078 00000000 00000000
 8  3    00000000 00000000 00f00000 002000f0 00000000 00000000
 8  4    00000000 00000000 01e00020 000003e0 00000000 00000000
 8  5    00000000 00000000 07f000f0 00e80ff8 00000000 00000000
 8  6    00000000 00000000 1ff000f0 09e03ff0 00000000 00000000
 8  7    00000000 00000000 7fe801e8 27f0fff8 00000000 00000000
 8  8    00000000 00000000 ffc003d0 07e0dff0 00000000 00000000
 8  9    00000000 00000000 ffc0ffc0 ff80ffd0 00000000 00000000
 9  1    00000000 00000000 000e0000 001f001f 000f001f 00000000
 9  2    00000000 00000000 00000000 00380078 00000010 00000000
 9  3    00000000 00000000 00000000 00f000f0 00000000 00000000
 9  4    00000000 00000000 01400000 01e001e0 00000000 00000000
 9  5    00000000 00000000 01c00000 07e007c0 00000000 00000000
 9  6    00000000 00000000 07800000 03801f80 00000000 00000000
 9  7    00000000 00000000 00000000 00007f00 00000000 00000000
 9  8    00000000 00000000 0c000000 0c003e00 00000000 00000000
 9  9    00000000 00000000 ff000000 fd00fe00 00000000 00000000
10  1    00000000 00000000 00000000 001c0008 001c003e 0000000c
10  2    00000000 00000000 00000000 00780000 00000070 00000000
10  3    00000000 00000000 00000000 00f000e0 000000e0 00000000
10  4    00000000 00000000 00000000 03e003e0 000000c0 00000000
10  5    00000000 00000000 00100000 07e007e0 000000a0 00000000
10  6    00000000 00000000 00000000 0f801f80 00000000 00000000
10  7    00000000 00000000 00000000 0f001f00 00000000 00000000
10  8    00000000 00000000 50000000 1c003e00 00000000 00000000
10  9    00000000 00000000 fc000800 fe00ff80 00000000 00000000
11  1    00000000 00000000 00000000 00000000 00380038 00000018
11  2    00000000 00000000 00000000 00300000 007000f0 00000000
11  3    00000000 00000000 00000000 01e00000 002003e0 00000000
11  4    00000000 00000000 00000000 07e001f0 000007e0 00000000
11  5    00000000 00000000 00000000 0fc00180 00000dc0 00000000
11  6    00000000 00000000 00000000 0f000300 00000000 00000000
11  7    00000000 00000000 00000000 3e002600 00000000 00000000
11  8    00000000 00000000 00000000 5c003c00 00000000 00000000
11  9    00000000 00000000 a0000000 fe00fc00 0000fa00 00000000
12  1    00000000 00000000 00000000 00000000 00f80030 00000078
12  2    00000000 00000000 00000000 00000000 01e001e0 00000000
12  3    00000000 00000000 00000000 01e00000 01f003f0 00000020
12  4    00000000 00000000 00000000 07f00040 01f00fe0 00000000
12  5    00000000 00000000 00100000 1ff801f0 01f03ff0 00000000
12  6    00000000 00000000 00000000 1fc003c0 01803fd0 00000000
12  7    00000000 00000000 00000000 7e000f00 00800e00 00000000
12  8    00000000 00000000 00000000 1e003c00 00000400 00000000
12  9    00000000 00000000 40000000 ff00fc00 0000f800 00000000
13  1    00000000 00000000 00000000 00000000 01f00000 000001f0
13  2    00000000 00000000 00000000 00200000 07f003f8 000000f0
13  3    00000000 00000000 00000000 00d00000 0bc80fd0 000000e0
13  4    00000000 00000000 00000000 03800000 1f801f80 00000000
13  5    00000000 00000000 00000000 1fa00000 01000f90 00000000
13  6    00000000 00000000 00000000 7ff003a0 03a0ffd0 00000000
13  7    00000000 00000000 00000000 ffe006c0 07c0ffc0 00000000
13  8    00000000 00000000 00000000 bf003900 0000ff00 00000000
13  9    00000000 00000000 00000000 ff00f800 0000fc00 00000000
14  1    00000000 00000000 00000000 00000000 03f00040 01f007f8
14  2    00000000 00000000 00000000 00000000 0ff803f8 00f007f8
14  3    00000000 00000000 00000000 00000000 1f8007c0 00000180
14  4    00000000 00000000 00000000 00000000 1f001f00 00000000
14  5    00000000 00000000 00000000 00000000 06005f00 00000000
14  6    00000000 00000000 00000000 14000000 00007e00 00000000
14  7    00000000 00000000 00000000 7c000200 0c005fa0 00000000
14  8    00000000 00000000 00000000 fde02440 0c00bd00 00000000
14  9    00000000 00000000 00000000 fe80f700 b400fd00 00000000
15  1    00000000 00000000 00000000 00000000 03e00000 07e00fe0
15  2    00000000 00000000 00000000 00000000 1ff801f0 03f01ff8
15  3    00000000 00000000 00000000 00000000 3f000600 00800f80
15  4    00000000 00000000 00000000 00000000 0f000600 00000200
15  5    00000000 00000000 00000000 00000000 2e00be00 00000000
15  6    00000000 00000000 00000000 00000000 1c007c00 00000000
15  7    00000000 00000000 00000000 3c000000 1c00f800 00000000
15  8    00000000 00000000 00000000 fc800000 fc00fc00 00000000
15  9    00000000 00000000 00000000 ff00f000 fc00ff00 00000000
