1 1 1 0.000
1 1 2 0.000
1 1 3 0.000
1 1 4 0.000
1 1 5 0.000
1 1 6 0.000
1 1 7 0.000
1 1 8 0.000
1 1 9 0.000
1 1 10 0.000
1 1 11 0.000
1 1 12 0.000
1 1 13 0.000
1 1 14 0.000
1 1 15 0.000
1 1 16 0.000
1 1 17 0.000
1 1 18 0.000
1 1 19 0.000
1 1 20 0.000
1 1 21 0.000
1 1 22 0.000
1 1 23 0.000
1 1 24 0.000
1 1 25 0.000
1 1 26 0.000
1 1 27 0.000
1 1 28 0.000
1 1 29 0.000
1 1 30 0.000
1 1 31 0.000
1 1 32 0.000
1 1 33 0.000
1 1 34 0.000
1 1 35 0.000
1 1 36 0.000
1 1 37 0.000
1 1 38 0.000
1 1 39 0.000
1 1 40 0.000
1 1 41 0.000
1 1 42 0.000
1 1 43 0.000
1 1 44 0.000
1 1 45 0.000
1 1 46 0.000
1 1 47 0.000
1 1 48 0.000
1 1 49 0.000
1 2 1 0.000
1 2 2 0.000
1 2 3 0.000
1 2 4 0.000
1 2 5 0.000
1 2 6 0.000
1 2 7 0.000
1 2 8 0.000
1 2 9 0.000
1 2 10 0.000
1 2 11 0.000
1 2 12 0.000
1 2 13 0.000
1 2 14 0.000
1 2 15 0.000
1 2 16 0.000
1 2 17 0.000
1 2 18 0.000
1 2 19 0.000
1 2 20 0.000
1 2 21 0.000
1 2 22 0.000
1 2 23 0.000
1 2 24 0.000
1 2 25 0.000
1 2 26 0.000
1 2 27 0.000
1 2 28 0.000
1 2 29 0.000
1 2 30 0.000
1 2 31 0.000
1 2 32 0.000
1 2 33 0.000
1 2 34 0.000
1 2 35 0.000
1 2 36 0.000
1 2 37 0.000
1 2 38 0.000
1 2 39 0.000
1 2 40 0.000
1 2 41 0.000
1 2 42 0.000
1 2 43 0.000
1 2 44 0.000
1 2 45 0.000
1 2 46 0.000
1 2 47 0.000
1 2 48 0.000
1 2 49 0.000
2 1 1 0.000
2 1 2 0.000
2 1 3 0.000
2 1 4 0.000
2 1 5 0.000
2 1 6 0.000
2 1 7 0.000
2 1 8 0.000
2 1 9 0.000
2 1 10 0.000
2 1 11 0.000
2 1 12 0.000
2 1 13 0.000
2 1 14 0.000
2 1 15 0.000
2 1 16 0.000
2 1 17 0.000
2 1 18 0.000
2 1 19 0.000
2 1 20 0.000
2 1 21 0.000
2 1 22 0.000
2 1 23 0.000
2 1 24 0.000
2 1 25 0.000
2 1 26 0.000
2 1 27 0.000
2 1 28 0.000
2 1 29 0.000
2 1 30 0.000
2 1 31 0.000
2 1 32 0.000
2 1 33 0.000
2 1 34 0.000
2 1 35 0.000
2 1 36 0.000
2 1 37 0.000
2 1 38 0.000
2 1 39 0.000
2 1 40 0.000
2 1 41 0.000
2 1 42 0.000
2 1 43 0.000
2 1 44 0.000
2 1 45 0.000
2 1 46 0.000
2 1 47 0.000
2 1 48 0.000
2 1 49 0.000
2 1 50 0.000
2 1 51 0.000
2 1 52 0.000
2 1 53 0.000
2 1 54 0.000
2 1 55 0.000
2 1 56 0.000
2 1 57 0.000
2 1 58 0.000
2 1 59 0.000
2 1 60 0.000
2 1 61 0.000
2 1 62 0.000
2 1 63 0.000
2 1 64 0.000
2 1 65 0.000
2 1 66 0.000
2 1 67 0.000
2 1 68 0.000
2 1 69 0.000
2 1 70 0.000
2 1 71 0.000
2 1 72 0.000
2 1 73 0.000
2 1 74 0.000
2 1 75 0.000
2 1 76 0.000
2 1 77 0.000
2 1 78 0.000
2 1 79 0.000
2 1 80 0.000
2 1 81 0.000
2 1 82 0.000
2 1 83 0.000
2 1 84 0.000
2 1 85 0.000
2 1 86 0.000
2 1 87 0.000
2 1 88 0.000
2 1 89 0.000
2 1 90 0.000
2 1 91 0.000
2 1 92 0.000
2 1 93 0.000
2 1 94 0.000
2 1 95 0.000
2 1 96 0.000
2 1 97 0.000
2 1 98 0.000
2 1 99 0.000
2 1 100 0.000
2 1 101 0.000
2 1 102 0.000
2 1 103 0.000
2 1 104 0.000
2 1 105 0.000
2 1 106 0.000
2 1 107 0.000
2 1 108 0.000
2 1 109 0.000
2 1 110 0.000
2 1 111 0.000
2 1 112 0.000
2 1 113 0.000
2 1 114 0.000
2 1 115 0.000
2 1 116 0.000
2 1 117 0.000
2 1 118 0.000
2 1 119 0.000
2 1 120 0.000
2 1 121 0.000
2 1 122 0.000
2 1 123 0.000
2 1 124 0.000
2 1 125 0.000
2 1 126 0.000
2 1 127 0.000
2 1 128 0.000
2 1 129 0.000
2 1 130 0.000
2 1 131 0.000
2 1 132 0.000
2 1 133 0.000
2 1 134 0.000
2 1 135 0.000
2 1 136 0.000
2 1 137 0.000
2 1 138 0.000
2 1 139 0.000
2 1 140 0.000
2 1 141 0.000
2 1 142 0.000
2 1 143 0.000
2 1 144 0.000
2 1 145 0.000
2 1 146 0.000
2 1 147 0.000
2 1 148 0.000
2 1 149 0.000
2 1 150 0.000
2 1 151 0.000
2 1 152 0.000
2 1 153 0.000
2 1 154 0.000
2 1 155 0.000
2 1 156 0.000
2 1 157 0.000
2 1 158 0.000
2 1 159 0.000
2 1 160 0.000
2 1 161 0.000
2 1 162 0.000
2 1 163 0.000
2 1 164 0.000
2 1 165 0.000
2 1 166 0.000
2 1 167 0.000
2 1 168 0.000
2 1 169 0.000
2 1 170 0.000
2 1 171 0.000
2 1 172 0.000
2 1 173 0.000
2 1 174 0.000
2 1 175 0.000
2 1 176 0.000
2 1 177 0.000
2 1 178 0.000
2 1 179 0.000
2 1 180 0.000
2 1 181 0.000
2 1 182 0.000
2 1 183 0.000
2 1 184 0.000
2 1 185 0.000
2 1 186 0.000
2 1 187 0.000
2 1 188 0.000
2 1 189 0.000
2 1 190 0.000
2 1 191 0.000
2 1 192 0.000
2 1 193 0.000
2 1 194 0.000
2 1 195 0.000
2 1 196 0.000
2 1 197 0.000
2 1 198 0.000
2 1 199 0.000
2 1 200 0.000
2 1 201 0.000
2 1 202 0.000
2 1 203 0.000
2 1 204 0.000
2 1 205 0.000
2 1 206 0.000
2 1 207 0.000
2 1 208 0.000
2 1 209 0.000
2 1 210 0.000
2 1 211 0.000
2 1 212 0.000
2 1 213 0.000
2 1 214 0.000
2 1 215 0.000
2 1 216 0.000
2 1 217 0.000
2 1 218 0.000
2 1 219 0.000
2 1 220 0.000
2 1 221 0.000
2 1 222 0.000
2 1 223 0.000
2 1 224 0.000
2 1 225 0.000
2 1 226 0.000
2 1 227 0.000
2 1 228 0.000
2 1 229 0.000
2 1 230 0.000
2 1 231 0.000
2 1 232 0.000
2 1 233 0.000
2 1 234 0.000
2 1 235 0.000
2 1 236 0.000
2 1 237 0.000
2 1 238 0.000
2 1 239 0.000
2 1 240 0.000
2 1 241 0.000
2 1 242 0.000
2 1 243 0.000
2 1 244 0.000
2 1 245 0.000
2 1 246 0.000
2 1 247 0.000
2 1 248 0.000
2 1 249 0.000
2 1 250 0.000
2 1 251 0.000
2 1 252 0.000
2 1 253 0.000
2 1 254 0.000
2 1 255 0.000
2 1 256 0.000
2 1 257 0.000
2 1 258 0.000
2 1 259 0.000
2 1 260 0.000
2 1 261 0.000
2 1 262 0.000
2 1 263 0.000
2 1 264 0.000
2 1 265 0.000
2 1 266 0.000
2 1 267 0.000
2 1 268 0.000
2 1 269 0.000
2 1 270 0.000
2 1 271 0.000
2 1 272 0.000
2 1 273 0.000
2 1 274 0.000
2 1 275 0.000
2 1 276 0.000
2 1 277 0.000
2 1 278 0.000
2 1 279 0.000
2 1 280 0.000
2 1 281 0.000
2 1 282 0.000
2 1 283 0.000
2 1 284 0.000
2 1 285 0.000
2 1 286 0.000
2 1 287 0.000
2 1 288 0.000
2 1 289 0.000
2 1 290 0.000
2 1 291 0.000
2 1 292 0.000
2 1 293 0.000
2 1 294 0.000
2 1 295 0.000
2 1 296 0.000
2 1 297 0.000
2 1 298 0.000
2 1 299 0.000
2 1 300 0.000
2 1 301 0.000
2 1 302 0.000
2 1 303 0.000
2 1 304 0.000
2 1 305 0.000
2 1 306 0.000
2 1 307 0.000
2 1 308 0.000
2 1 309 0.000
2 1 310 0.000
2 1 311 0.000
2 1 312 0.000
2 1 313 0.000
2 1 314 0.000
2 1 315 0.000
2 1 316 0.000
2 1 317 0.000
2 1 318 0.000
2 1 319 0.000
2 1 320 0.000
2 1 321 0.000
2 1 322 0.000
2 1 323 0.000
2 1 324 0.000
2 1 325 0.000
2 1 326 0.000
2 1 327 0.000
2 1 328 0.000
2 1 329 0.000
2 1 330 0.000
2 1 331 0.000
2 1 332 0.000
2 1 333 0.000
2 1 334 0.000
2 1 335 0.000
2 1 336 0.000
2 1 337 0.000
2 1 338 0.000
2 1 339 0.000
2 1 340 0.000
2 1 341 0.000
2 1 342 0.000
2 1 343 0.000
2 1 344 0.000
2 1 345 0.000
2 1 346 0.000
2 1 347 0.000
2 1 348 0.000
2 1 349 0.000
2 1 350 0.000
2 1 351 0.000
2 1 352 0.000
2 1 353 0.000
2 1 354 0.000
2 1 355 0.000
2 1 356 0.000
2 1 357 0.000
2 1 358 0.000
2 1 359 0.000
2 1 360 0.000
2 1 361 0.000
2 1 362 0.000
2 1 363 0.000
2 1 364 0.000
2 1 365 0.000
2 1 366 0.000
2 1 367 0.000
2 1 368 0.000
2 1 369 0.000
2 1 370 0.000
2 1 371 0.000
2 1 372 0.000
2 1 373 0.000
2 1 374 0.000
2 1 375 0.000
2 1 376 0.000
2 1 377 0.000
2 1 378 0.000
2 1 379 0.000
2 1 380 0.000
2 1 381 0.000
2 1 382 0.000
2 1 383 0.000
2 1 384 0.000
2 1 385 0.000
2 1 386 0.000
2 1 387 0.000
2 1 388 0.000
2 1 389 0.000
2 1 390 0.000
2 1 391 0.000
2 1 392 0.000
2 1 393 0.000
2 1 394 0.000
2 1 395 0.000
2 1 396 0.000
2 1 397 0.000
2 1 398 0.000
2 1 399 0.000
2 1 400 0.000
2 1 401 0.000
2 1 402 0.000
2 1 403 0.000
2 1 404 0.000
2 1 405 0.000
2 1 406 0.000
2 1 407 0.000
2 1 408 0.000
2 1 409 0.000
2 1 410 0.000
2 1 411 0.000
2 1 412 0.000
2 1 413 0.000
2 1 414 0.000
2 1 415 0.000
2 1 416 0.000
2 1 417 0.000
2 1 418 0.000
2 1 419 0.000
2 1 420 0.000
2 1 421 0.000
2 1 422 0.000
2 1 423 0.000
2 1 424 0.000
2 1 425 0.000
2 1 426 0.000
2 1 427 0.000
2 1 428 0.000
2 1 429 0.000
2 1 430 0.000
2 1 431 0.000
2 1 432 0.000
2 1 433 0.000
2 1 434 0.000
2 1 435 0.000
2 1 436 0.000
2 1 437 0.000
2 1 438 0.000
2 1 439 0.000
2 1 440 0.000
2 1 441 0.000
2 1 442 0.000
2 1 443 0.000
2 1 444 0.000
2 1 445 0.000
2 1 446 0.000
2 1 447 0.000
2 1 448 0.000
2 1 449 0.000
2 1 450 0.000
2 1 451 0.000
2 1 452 0.000
2 1 453 0.000
2 1 454 0.000
2 1 455 0.000
2 1 456 0.000
2 1 457 0.000
2 1 458 0.000
2 1 459 0.000
2 1 460 0.000
2 1 461 0.000
2 1 462 0.000
2 1 463 0.000
2 1 464 0.000
2 1 465 0.000
2 1 466 0.000
2 1 467 0.000
2 1 468 0.000
2 1 469 0.000
2 1 470 0.000
2 1 471 0.000
2 1 472 0.000
2 1 473 0.000
2 1 474 0.000
2 1 475 0.000
2 1 476 0.000
2 1 477 0.000
2 1 478 0.000
2 1 479 0.000
2 1 480 0.000
2 1 481 0.000
2 1 482 0.000
2 1 483 0.000
2 1 484 0.000
2 1 485 0.000
2 1 486 0.000
2 1 487 0.000
2 1 488 0.000
2 1 489 0.000
2 1 490 0.000
2 1 491 0.000
2 1 492 0.000
2 1 493 0.000
2 1 494 0.000
2 1 495 0.000
2 1 496 0.000
2 1 497 0.000
2 1 498 0.000
2 1 499 0.000
2 1 500 0.000
2 1 501 0.000
2 1 502 0.000
2 1 503 0.000
2 1 504 0.000
2 1 505 0.000
2 1 506 0.000
2 1 507 0.000
2 1 508 0.000
2 1 509 0.000
2 1 510 0.000
2 1 511 0.000
2 1 512 0.000
2 1 513 0.000
2 1 514 0.000
2 1 515 0.000
2 1 516 0.000
2 1 517 0.000
2 1 518 0.000
2 1 519 0.000
2 1 520 0.000
2 1 521 0.000
2 1 522 0.000
2 1 523 0.000
2 1 524 0.000
2 1 525 0.000
2 1 526 0.000
2 1 527 0.000
2 1 528 0.000
2 1 529 0.000
2 1 530 0.000
2 1 531 0.000
2 1 532 0.000
2 1 533 0.000
2 1 534 0.000
2 1 535 0.000
2 1 536 0.000
2 1 537 0.000
2 1 538 0.000
2 1 539 0.000
2 1 540 0.000
2 1 541 0.000
2 1 542 0.000
2 1 543 0.000
2 1 544 0.000
2 1 545 0.000
2 1 546 0.000
2 1 547 0.000
2 1 548 0.000
2 1 549 0.000
2 1 550 0.000
2 1 551 0.000
2 1 552 0.000
2 1 553 0.000
2 1 554 0.000
2 1 555 0.000
2 1 556 0.000
2 1 557 0.000
2 1 558 0.000
2 1 559 0.000
2 1 560 0.000
2 1 561 0.000
2 1 562 0.000
2 1 563 0.000
2 1 564 0.000
2 1 565 0.000
2 1 566 0.000
2 1 567 0.000
2 1 568 0.000
2 1 569 0.000
2 1 570 0.000
2 1 571 0.000
2 1 572 0.000
2 1 573 0.000
2 1 574 0.000
2 1 575 0.000
2 1 576 0.000
2 1 577 0.000
2 1 578 0.000
2 2 1 0.000
2 2 2 0.000
2 2 3 0.000
2 2 4 0.000
2 2 5 0.000
2 2 6 0.000
2 2 7 0.000
2 2 8 0.000
2 2 9 0.000
2 2 10 0.000
2 2 11 0.000
2 2 12 0.000
2 2 13 0.000
2 2 14 0.000
2 2 15 0.000
2 2 16 0.000
2 2 17 0.000
2 2 18 0.000
2 2 19 0.000
2 2 20 0.000
2 2 21 0.000
2 2 22 0.000
2 2 23 0.000
2 2 24 0.000
2 2 25 0.000
2 2 26 0.000
2 2 27 0.000
2 2 28 0.000
2 2 29 0.000
2 2 30 0.000
2 2 31 0.000
2 2 32 0.000
2 2 33 0.000
2 2 34 0.000
2 2 35 0.000
2 2 36 0.000
2 2 37 0.000
2 2 38 0.000
2 2 39 0.000
2 2 40 0.000
2 2 41 0.000
2 2 42 0.000
2 2 43 0.000
2 2 44 0.000
2 2 45 0.000
2 2 46 0.000
2 2 47 0.000
2 2 48 0.000
2 2 49 0.000
2 2 50 0.000
2 2 51 0.000
2 2 52 0.000
2 2 53 0.000
2 2 54 0.000
2 2 55 0.000
2 2 56 0.000
2 2 57 0.000
2 2 58 0.000
2 2 59 0.000
2 2 60 0.000
2 2 61 0.000
2 2 62 0.000
2 2 63 0.000
2 2 64 0.000
2 2 65 0.000
2 2 66 0.000
2 2 67 0.000
2 2 68 0.000
2 2 69 0.000
2 2 70 0.000
2 2 71 0.000
2 2 72 0.000
2 2 73 0.000
2 2 74 0.000
2 2 75 0.000
2 2 76 0.000
2 2 77 0.000
2 2 78 0.000
2 2 79 0.000
2 2 80 0.000
2 2 81 0.000
2 2 82 0.000
2 2 83 0.000
2 2 84 0.000
2 2 85 0.000
2 2 86 0.000
2 2 87 0.000
2 2 88 0.000
2 2 89 0.000
2 2 90 0.000
2 2 91 0.000
2 2 92 0.000
2 2 93 0.000
2 2 94 0.000
2 2 95 0.000
2 2 96 0.000
2 2 97 0.000
2 2 98 0.000
2 2 99 0.000
2 2 100 0.000
2 2 101 0.000
2 2 102 0.000
2 2 103 0.000
2 2 104 0.000
2 2 105 0.000
2 2 106 0.000
2 2 107 0.000
2 2 108 0.000
2 2 109 0.000
2 2 110 0.000
2 2 111 0.000
2 2 112 0.000
2 2 113 0.000
2 2 114 0.000
2 2 115 0.000
2 2 116 0.000
2 2 117 0.000
2 2 118 0.000
2 2 119 0.000
2 2 120 0.000
2 2 121 0.000
2 2 122 0.000
2 2 123 0.000
2 2 124 0.000
2 2 125 0.000
2 2 126 0.000
2 2 127 0.000
2 2 128 0.000
2 2 129 0.000
2 2 130 0.000
2 2 131 0.000
2 2 132 0.000
2 2 133 0.000
2 2 134 0.000
2 2 135 0.000
2 2 136 0.000
2 2 137 0.000
2 2 138 0.000
2 2 139 0.000
2 2 140 0.000
2 2 141 0.000
2 2 142 0.000
2 2 143 0.000
2 2 144 0.000
2 2 145 0.000
2 2 146 0.000
2 2 147 0.000
2 2 148 0.000
2 2 149 0.000
2 2 150 0.000
2 2 151 0.000
2 2 152 0.000
2 2 153 0.000
2 2 154 0.000
2 2 155 0.000
2 2 156 0.000
2 2 157 0.000
2 2 158 0.000
2 2 159 0.000
2 2 160 0.000
2 2 161 0.000
2 2 162 0.000
2 2 163 0.000
2 2 164 0.000
2 2 165 0.000
2 2 166 0.000
2 2 167 0.000
2 2 168 0.000
2 2 169 0.000
2 2 170 0.000
2 2 171 0.000
2 2 172 0.000
2 2 173 0.000
2 2 174 0.000
2 2 175 0.000
2 2 176 0.000
2 2 177 0.000
2 2 178 0.000
2 2 179 0.000
2 2 180 0.000
2 2 181 0.000
2 2 182 0.000
2 2 183 0.000
2 2 184 0.000
2 2 185 0.000
2 2 186 0.000
2 2 187 0.000
2 2 188 0.000
2 2 189 0.000
2 2 190 0.000
2 2 191 0.000
2 2 192 0.000
2 2 193 0.000
2 2 194 0.000
2 2 195 0.000
2 2 196 0.000
2 2 197 0.000
2 2 198 0.000
2 2 199 0.000
2 2 200 0.000
2 2 201 0.000
2 2 202 0.000
2 2 203 0.000
2 2 204 0.000
2 2 205 0.000
2 2 206 0.000
2 2 207 0.000
2 2 208 0.000
2 2 209 0.000
2 2 210 0.000
2 2 211 0.000
2 2 212 0.000
2 2 213 0.000
2 2 214 0.000
2 2 215 0.000
2 2 216 0.000
2 2 217 0.000
2 2 218 0.000
2 2 219 0.000
2 2 220 0.000
2 2 221 0.000
2 2 222 0.000
2 2 223 0.000
2 2 224 0.000
2 2 225 0.000
2 2 226 0.000
2 2 227 0.000
2 2 228 0.000
2 2 229 0.000
2 2 230 0.000
2 2 231 0.000
2 2 232 0.000
2 2 233 0.000
2 2 234 0.000
2 2 235 0.000
2 2 236 0.000
2 2 237 0.000
2 2 238 0.000
2 2 239 0.000
2 2 240 0.000
2 2 241 0.000
2 2 242 0.000
2 2 243 0.000
2 2 244 0.000
2 2 245 0.000
2 2 246 0.000
2 2 247 0.000
2 2 248 0.000
2 2 249 0.000
2 2 250 0.000
2 2 251 0.000
2 2 252 0.000
2 2 253 0.000
2 2 254 0.000
2 2 255 0.000
2 2 256 0.000
2 2 257 0.000
2 2 258 0.000
2 2 259 0.000
2 2 260 0.000
2 2 261 0.000
2 2 262 0.000
2 2 263 0.000
2 2 264 0.000
2 2 265 0.000
2 2 266 0.000
2 2 267 0.000
2 2 268 0.000
2 2 269 0.000
2 2 270 0.000
2 2 271 0.000
2 2 272 0.000
2 2 273 0.000
2 2 274 0.000
2 2 275 0.000
2 2 276 0.000
2 2 277 0.000
2 2 278 0.000
2 2 279 0.000
2 2 280 0.000
2 2 281 0.000
2 2 282 0.000
2 2 283 0.000
2 2 284 0.000
2 2 285 0.000
2 2 286 0.000
2 2 287 0.000
2 2 288 0.000
2 2 289 0.000
2 2 290 0.000
2 2 291 0.000
2 2 292 0.000
2 2 293 0.000
2 2 294 0.000
2 2 295 0.000
2 2 296 0.000
2 2 297 0.000
2 2 298 0.000
2 2 299 0.000
2 2 300 0.000
2 2 301 0.000
2 2 302 0.000
2 2 303 0.000
2 2 304 0.000
2 2 305 0.000
2 2 306 0.000
2 2 307 0.000
2 2 308 0.000
2 2 309 0.000
2 2 310 0.000
2 2 311 0.000
2 2 312 0.000
2 2 313 0.000
2 2 314 0.000
2 2 315 0.000
2 2 316 0.000
2 2 317 0.000
2 2 318 0.000
2 2 319 0.000
2 2 320 0.000
2 2 321 0.000
2 2 322 0.000
2 2 323 0.000
2 2 324 0.000
2 2 325 0.000
2 2 326 0.000
2 2 327 0.000
2 2 328 0.000
2 2 329 0.000
2 2 330 0.000
2 2 331 0.000
2 2 332 0.000
2 2 333 0.000
2 2 334 0.000
2 2 335 0.000
2 2 336 0.000
2 2 337 0.000
2 2 338 0.000
2 2 339 0.000
2 2 340 0.000
2 2 341 0.000
2 2 342 0.000
2 2 343 0.000
2 2 344 0.000
2 2 345 0.000
2 2 346 0.000
2 2 347 0.000
2 2 348 0.000
2 2 349 0.000
2 2 350 0.000
2 2 351 0.000
2 2 352 0.000
2 2 353 0.000
2 2 354 0.000
2 2 355 0.000
2 2 356 0.000
2 2 357 0.000
2 2 358 0.000
2 2 359 0.000
2 2 360 0.000
2 2 361 0.000
2 2 362 0.000
2 2 363 0.000
2 2 364 0.000
2 2 365 0.000
2 2 366 0.000
2 2 367 0.000
2 2 368 0.000
2 2 369 0.000
2 2 370 0.000
2 2 371 0.000
2 2 372 0.000
2 2 373 0.000
2 2 374 0.000
2 2 375 0.000
2 2 376 0.000
2 2 377 0.000
2 2 378 0.000
2 2 379 0.000
2 2 380 0.000
2 2 381 0.000
2 2 382 0.000
2 2 383 0.000
2 2 384 0.000
2 2 385 0.000
2 2 386 0.000
2 2 387 0.000
2 2 388 0.000
2 2 389 0.000
2 2 390 0.000
2 2 391 0.000
2 2 392 0.000
2 2 393 0.000
2 2 394 0.000
2 2 395 0.000
2 2 396 0.000
2 2 397 0.000
2 2 398 0.000
2 2 399 0.000
2 2 400 0.000
2 2 401 0.000
2 2 402 0.000
2 2 403 0.000
2 2 404 0.000
2 2 405 0.000
2 2 406 0.000
2 2 407 0.000
2 2 408 0.000
2 2 409 0.000
2 2 410 0.000
2 2 411 0.000
2 2 412 0.000
2 2 413 0.000
2 2 414 0.000
2 2 415 0.000
2 2 416 0.000
2 2 417 0.000
2 2 418 0.000
2 2 419 0.000
2 2 420 0.000
2 2 421 0.000
2 2 422 0.000
2 2 423 0.000
2 2 424 0.000
2 2 425 0.000
2 2 426 0.000
2 2 427 0.000
2 2 428 0.000
2 2 429 0.000
2 2 430 0.000
2 2 431 0.000
2 2 432 0.000
2 2 433 0.000
2 2 434 0.000
2 2 435 0.000
2 2 436 0.000
2 2 437 0.000
2 2 438 0.000
2 2 439 0.000
2 2 440 0.000
2 2 441 0.000
2 2 442 0.000
2 2 443 0.000
2 2 444 0.000
2 2 445 0.000
2 2 446 0.000
2 2 447 0.000
2 2 448 0.000
2 2 449 0.000
2 2 450 0.000
2 2 451 0.000
2 2 452 0.000
2 2 453 0.000
2 2 454 0.000
2 2 455 0.000
2 2 456 0.000
2 2 457 0.000
2 2 458 0.000
2 2 459 0.000
2 2 460 0.000
2 2 461 0.000
2 2 462 0.000
2 2 463 0.000
2 2 464 0.000
2 2 465 0.000
2 2 466 0.000
2 2 467 0.000
2 2 468 0.000
2 2 469 0.000
2 2 470 0.000
2 2 471 0.000
2 2 472 0.000
2 2 473 0.000
2 2 474 0.000
2 2 475 0.000
2 2 476 0.000
2 2 477 0.000
2 2 478 0.000
2 2 479 0.000
2 2 480 0.000
2 2 481 0.000
2 2 482 0.000
2 2 483 0.000
2 2 484 0.000
2 2 485 0.000
2 2 486 0.000
2 2 487 0.000
2 2 488 0.000
2 2 489 0.000
2 2 490 0.000
2 2 491 0.000
2 2 492 0.000
2 2 493 0.000
2 2 494 0.000
2 2 495 0.000
2 2 496 0.000
2 2 497 0.000
2 2 498 0.000
2 2 499 0.000
2 2 500 0.000
2 2 501 0.000
2 2 502 0.000
2 2 503 0.000
2 2 504 0.000
2 2 505 0.000
2 2 506 0.000
2 2 507 0.000
2 2 508 0.000
2 2 509 0.000
2 2 510 0.000
2 2 511 0.000
2 2 512 0.000
2 2 513 0.000
2 2 514 0.000
2 2 515 0.000
2 2 516 0.000
2 2 517 0.000
2 2 518 0.000
2 2 519 0.000
2 2 520 0.000
2 2 521 0.000
2 2 522 0.000
2 2 523 0.000
2 2 524 0.000
2 2 525 0.000
2 2 526 0.000
2 2 527 0.000
2 2 528 0.000
2 2 529 0.000
2 2 530 0.000
2 2 531 0.000
2 2 532 0.000
2 2 533 0.000
2 2 534 0.000
2 2 535 0.000
2 2 536 0.000
2 2 537 0.000
2 2 538 0.000
2 2 539 0.000
2 2 540 0.000
2 2 541 0.000
2 2 542 0.000
2 2 543 0.000
2 2 544 0.000
2 2 545 0.000
2 2 546 0.000
2 2 547 0.000
2 2 548 0.000
2 2 549 0.000
2 2 550 0.000
2 2 551 0.000
2 2 552 0.000
2 2 553 0.000
2 2 554 0.000
2 2 555 0.000
2 2 556 0.000
2 2 557 0.000
2 2 558 0.000
2 2 559 0.000
2 2 560 0.000
2 2 561 0.000
2 2 562 0.000
2 2 563 0.000
2 2 564 0.000
2 2 565 0.000
2 2 566 0.000
2 2 567 0.000
2 2 568 0.000
2 2 569 0.000
2 2 570 0.000
2 2 571 0.000
2 2 572 0.000
2 2 573 0.000
2 2 574 0.000
2 2 575 0.000
2 2 576 0.000
2 2 577 0.000
2 2 578 0.000
2 3 1 0.000
2 3 2 0.000
2 3 3 0.000
2 3 4 0.000
2 3 5 0.000
2 3 6 0.000
2 3 7 0.000
2 3 8 0.000
2 3 9 0.000
2 3 10 0.000
2 3 11 0.000
2 3 12 0.000
2 3 13 0.000
2 3 14 0.000
2 3 15 0.000
2 3 16 0.000
2 3 17 0.000
2 3 18 0.000
2 3 19 0.000
2 3 20 0.000
2 3 21 0.000
2 3 22 0.000
2 3 23 0.000
2 3 24 0.000
2 3 25 0.000
2 3 26 0.000
2 3 27 0.000
2 3 28 0.000
2 3 29 0.000
2 3 30 0.000
2 3 31 0.000
2 3 32 0.000
2 3 33 0.000
2 3 34 0.000
2 3 35 0.000
2 3 36 0.000
2 3 37 0.000
2 3 38 0.000
2 3 39 0.000
2 3 40 0.000
2 3 41 0.000
2 3 42 0.000
2 3 43 0.000
2 3 44 0.000
2 3 45 0.000
2 3 46 0.000
2 3 47 0.000
2 3 48 0.000
2 3 49 0.000
2 3 50 0.000
2 3 51 0.000
2 3 52 0.000
2 3 53 0.000
2 3 54 0.000
2 3 55 0.000
2 3 56 0.000
2 3 57 0.000
2 3 58 0.000
2 3 59 0.000
2 3 60 0.000
2 3 61 0.000
2 3 62 0.000
2 3 63 0.000
2 3 64 0.000
2 3 65 0.000
2 3 66 0.000
2 3 67 0.000
2 3 68 0.000
2 3 69 0.000
2 3 70 0.000
2 3 71 0.000
2 3 72 0.000
2 3 73 0.000
2 3 74 0.000
2 3 75 0.000
2 3 76 0.000
2 3 77 0.000
2 3 78 0.000
2 3 79 0.000
2 3 80 0.000
2 3 81 0.000
2 3 82 0.000
2 3 83 0.000
2 3 84 0.000
2 3 85 0.000
2 3 86 0.000
2 3 87 0.000
2 3 88 0.000
2 3 89 0.000
2 3 90 0.000
2 3 91 0.000
2 3 92 0.000
2 3 93 0.000
2 3 94 0.000
2 3 95 0.000
2 3 96 0.000
2 3 97 0.000
2 3 98 0.000
2 3 99 0.000
2 3 100 0.000
2 3 101 0.000
2 3 102 0.000
2 3 103 0.000
2 3 104 0.000
2 3 105 0.000
2 3 106 0.000
2 3 107 0.000
2 3 108 0.000
2 3 109 0.000
2 3 110 0.000
2 3 111 0.000
2 3 112 0.000
2 3 113 0.000
2 3 114 0.000
2 3 115 0.000
2 3 116 0.000
2 3 117 0.000
2 3 118 0.000
2 3 119 0.000
2 3 120 0.000
2 3 121 0.000
2 3 122 0.000
2 3 123 0.000
2 3 124 0.000
2 3 125 0.000
2 3 126 0.000
2 3 127 0.000
2 3 128 0.000
2 3 129 0.000
2 3 130 0.000
2 3 131 0.000
2 3 132 0.000
2 3 133 0.000
2 3 134 0.000
2 3 135 0.000
2 3 136 0.000
2 3 137 0.000
2 3 138 0.000
2 3 139 0.000
2 3 140 0.000
2 3 141 0.000
2 3 142 0.000
2 3 143 0.000
2 3 144 0.000
2 3 145 0.000
2 3 146 0.000
2 3 147 0.000
2 3 148 0.000
2 3 149 0.000
2 3 150 0.000
2 3 151 0.000
2 3 152 0.000
2 3 153 0.000
2 3 154 0.000
2 3 155 0.000
2 3 156 0.000
2 3 157 0.000
2 3 158 0.000
2 3 159 0.000
2 3 160 0.000
2 3 161 0.000
2 3 162 0.000
2 3 163 0.000
2 3 164 0.000
2 3 165 0.000
2 3 166 0.000
2 3 167 0.000
2 3 168 0.000
2 3 169 0.000
2 3 170 0.000
2 3 171 0.000
2 3 172 0.000
2 3 173 0.000
2 3 174 0.000
2 3 175 0.000
2 3 176 0.000
2 3 177 0.000
2 3 178 0.000
2 3 179 0.000
2 3 180 0.000
2 3 181 0.000
2 3 182 0.000
2 3 183 0.000
2 3 184 0.000
2 3 185 0.000
2 3 186 0.000
2 3 187 0.000
2 3 188 0.000
2 3 189 0.000
2 3 190 0.000
2 3 191 0.000
2 3 192 0.000
2 3 193 0.000
2 3 194 0.000
2 3 195 0.000
2 3 196 0.000
2 3 197 0.000
2 3 198 0.000
2 3 199 0.000
2 3 200 0.000
2 3 201 0.000
2 3 202 0.000
2 3 203 0.000
2 3 204 0.000
2 3 205 0.000
2 3 206 0.000
2 3 207 0.000
2 3 208 0.000
2 3 209 0.000
2 3 210 0.000
2 3 211 0.000
2 3 212 0.000
2 3 213 0.000
2 3 214 0.000
2 3 215 0.000
2 3 216 0.000
2 3 217 0.000
2 3 218 0.000
2 3 219 0.000
2 3 220 0.000
2 3 221 0.000
2 3 222 0.000
2 3 223 0.000
2 3 224 0.000
2 3 225 0.000
2 3 226 0.000
2 3 227 0.000
2 3 228 0.000
2 3 229 0.000
2 3 230 0.000
2 3 231 0.000
2 3 232 0.000
2 3 233 0.000
2 3 234 0.000
2 3 235 0.000
2 3 236 0.000
2 3 237 0.000
2 3 238 0.000
2 3 239 0.000
2 3 240 0.000
2 3 241 0.000
2 3 242 0.000
2 3 243 0.000
2 3 244 0.000
2 3 245 0.000
2 3 246 0.000
2 3 247 0.000
2 3 248 0.000
2 3 249 0.000
2 3 250 0.000
2 3 251 0.000
2 3 252 0.000
2 3 253 0.000
2 3 254 0.000
2 3 255 0.000
2 3 256 0.000
2 3 257 0.000
2 3 258 0.000
2 3 259 0.000
2 3 260 0.000
2 3 261 0.000
2 3 262 0.000
2 3 263 0.000
2 3 264 0.000
2 3 265 0.000
2 3 266 0.000
2 3 267 0.000
2 3 268 0.000
2 3 269 0.000
2 3 270 0.000
2 3 271 0.000
2 3 272 0.000
2 3 273 0.000
2 3 274 0.000
2 3 275 0.000
2 3 276 0.000
2 3 277 0.000
2 3 278 0.000
2 3 279 0.000
2 3 280 0.000
2 3 281 0.000
2 3 282 0.000
2 3 283 0.000
2 3 284 0.000
2 3 285 0.000
2 3 286 0.000
2 3 287 0.000
2 3 288 0.000
2 4 1 0.000
2 4 2 0.000
2 4 3 0.000
2 4 4 0.000
2 4 5 0.000
2 4 6 0.000
2 4 7 0.000
2 4 8 0.000
2 4 9 0.000
2 4 10 0.000
2 4 11 0.000
2 4 12 0.000
2 4 13 0.000
2 4 14 0.000
2 4 15 0.000
2 4 16 0.000
2 4 17 0.000
2 4 18 0.000
2 4 19 0.000
2 4 20 0.000
2 4 21 0.000
2 4 22 0.000
2 4 23 0.000
2 4 24 0.000
2 4 25 0.000
2 4 26 0.000
2 4 27 0.000
2 4 28 0.000
2 4 29 0.000
2 4 30 0.000
2 4 31 0.000
2 4 32 0.000
2 4 33 0.000
2 4 34 0.000
2 4 35 0.000
2 4 36 0.000
2 4 37 0.000
2 4 38 0.000
2 4 39 0.000
2 4 40 0.000
2 4 41 0.000
2 4 42 0.000
2 4 43 0.000
2 4 44 0.000
2 4 45 0.000
2 4 46 0.000
2 4 47 0.000
2 4 48 0.000
2 4 49 0.000
2 4 50 0.000
2 4 51 0.000
2 4 52 0.000
2 4 53 0.000
2 4 54 0.000
2 4 55 0.000
2 4 56 0.000
2 4 57 0.000
2 4 58 0.000
2 4 59 0.000
2 4 60 0.000
2 4 61 0.000
2 4 62 0.000
2 4 63 0.000
2 4 64 0.000
2 4 65 0.000
2 4 66 0.000
2 4 67 0.000
2 4 68 0.000
2 4 69 0.000
2 4 70 0.000
2 4 71 0.000
2 4 72 0.000
2 4 73 0.000
2 4 74 0.000
2 4 75 0.000
2 4 76 0.000
2 4 77 0.000
2 4 78 0.000
2 4 79 0.000
2 4 80 0.000
2 4 81 0.000
2 4 82 0.000
2 4 83 0.000
2 4 84 0.000
2 4 85 0.000
2 4 86 0.000
2 4 87 0.000
2 4 88 0.000
2 4 89 0.000
2 4 90 0.000
2 4 91 0.000
2 4 92 0.000
2 4 93 0.000
2 4 94 0.000
2 4 95 0.000
2 4 96 0.000
2 4 97 0.000
2 4 98 0.000
2 4 99 0.000
2 4 100 0.000
2 4 101 0.000
2 4 102 0.000
2 4 103 0.000
2 4 104 0.000
2 4 105 0.000
2 4 106 0.000
2 4 107 0.000
2 4 108 0.000
2 4 109 0.000
2 4 110 0.000
2 4 111 0.000
2 4 112 0.000
2 4 113 0.000
2 4 114 0.000
2 4 115 0.000
2 4 116 0.000
2 4 117 0.000
2 4 118 0.000
2 4 119 0.000
2 4 120 0.000
2 4 121 0.000
2 4 122 0.000
2 4 123 0.000
2 4 124 0.000
2 4 125 0.000
2 4 126 0.000
2 4 127 0.000
2 4 128 0.000
2 4 129 0.000
2 4 130 0.000
2 4 131 0.000
2 4 132 0.000
2 4 133 0.000
2 4 134 0.000
2 4 135 0.000
2 4 136 0.000
2 4 137 0.000
2 4 138 0.000
2 4 139 0.000
2 4 140 0.000
2 4 141 0.000
2 4 142 0.000
2 4 143 0.000
2 4 144 0.000
2 4 145 0.000
2 4 146 0.000
2 4 147 0.000
2 4 148 0.000
2 4 149 0.000
2 4 150 0.000
2 4 151 0.000
2 4 152 0.000
2 4 153 0.000
2 4 154 0.000
2 4 155 0.000
2 4 156 0.000
2 4 157 0.000
2 4 158 0.000
2 4 159 0.000
2 4 160 0.000
2 4 161 0.000
2 4 162 0.000
2 4 163 0.000
2 4 164 0.000
2 4 165 0.000
2 4 166 0.000
2 4 167 0.000
2 4 168 0.000
2 4 169 0.000
2 4 170 0.000
2 4 171 0.000
2 4 172 0.000
2 4 173 0.000
2 4 174 0.000
2 4 175 0.000
2 4 176 0.000
2 4 177 0.000
2 4 178 0.000
2 4 179 0.000
2 4 180 0.000
2 4 181 0.000
2 4 182 0.000
2 4 183 0.000
2 4 184 0.000
2 4 185 0.000
2 4 186 0.000
2 4 187 0.000
2 4 188 0.000
2 4 189 0.000
2 4 190 0.000
2 4 191 0.000
2 4 192 0.000
2 4 193 0.000
2 4 194 0.000
2 4 195 0.000
2 4 196 0.000
2 4 197 0.000
2 4 198 0.000
2 4 199 0.000
2 4 200 0.000
2 4 201 0.000
2 4 202 0.000
2 4 203 0.000
2 4 204 0.000
2 4 205 0.000
2 4 206 0.000
2 4 207 0.000
2 4 208 0.000
2 4 209 0.000
2 4 210 0.000
2 4 211 0.000
2 4 212 0.000
2 4 213 0.000
2 4 214 0.000
2 4 215 0.000
2 4 216 0.000
2 4 217 0.000
2 4 218 0.000
2 4 219 0.000
2 4 220 0.000
2 4 221 0.000
2 4 222 0.000
2 4 223 0.000
2 4 224 0.000
2 4 225 0.000
2 4 226 0.000
2 4 227 0.000
2 4 228 0.000
2 4 229 0.000
2 4 230 0.000
2 4 231 0.000
2 4 232 0.000
2 4 233 0.000
2 4 234 0.000
2 4 235 0.000
2 4 236 0.000
2 4 237 0.000
2 4 238 0.000
2 4 239 0.000
2 4 240 0.000
2 4 241 0.000
2 4 242 0.000
2 4 243 0.000
2 4 244 0.000
2 4 245 0.000
2 4 246 0.000
2 4 247 0.000
2 4 248 0.000
2 4 249 0.000
2 4 250 0.000
2 4 251 0.000
2 4 252 0.000
2 4 253 0.000
2 4 254 0.000
2 4 255 0.000
2 4 256 0.000
2 4 257 0.000
2 4 258 0.000
2 4 259 0.000
2 4 260 0.000
2 4 261 0.000
2 4 262 0.000
2 4 263 0.000
2 4 264 0.000
2 4 265 0.000
2 4 266 0.000
2 4 267 0.000
2 4 268 0.000
2 4 269 0.000
2 4 270 0.000
2 4 271 0.000
2 4 272 0.000
2 4 273 0.000
2 4 274 0.000
2 4 275 0.000
2 4 276 0.000
2 4 277 0.000
2 4 278 0.000
2 4 279 0.000
2 4 280 0.000
2 4 281 0.000
2 4 282 0.000
2 4 283 0.000
2 4 284 0.000
2 4 285 0.000
2 4 286 0.000
2 4 287 0.000
2 4 288 0.000
1 1 0 0.000
1 5 0 0.000
1 1 0 0.000
1 1 0 0.000
1 1 0 0.000
1 1 0 0.000
1 1 0 0.000
1 1 0 0.000
1 1 0 0.000
1 1 0 0.000
1 1 0 0.000
1 1 0 0.000
1 1 0 0.000
1 1 0 0.000
1 1 0 0.000
1 1 0 0.000
1 1 0 0.000
1 1 0 0.000
1 1 0 0.000
1 1 0 0.000
1 1 0 0.000
1 1 0 0.000
1 1 0 0.000
1 1 0 0.000
1 1 0 0.000
1 1 0 0.000
1 1 0 0.000
1 1 0 0.000
1 1 0 0.000
1 1 0 0.000
1 1 0 0.000
1 1 0 0.000
1 1 0 0.000
1 1 0 0.000
1 1 0 0.000
1 1 0 0.000
1 1 0 0.000
1 1 0 0.000
1 1 0 0.000
1 1 0 0.000
1 1 0 0.000
1 1 0 0.000
1 1 0 0.000
1 1 0 0.000
1 1 0 0.000
1 1 0 0.000
1 1 0 0.000
1 1 0 0.000
1 1 0 0.000
1 1 0 0.000
1 1 0 0.000
1 1 0 0.000
1 1 0 0.000
1 1 0 0.000
1 1 0 0.000
1 1 0 0.000
1 1 0 0.000
1 1 0 0.000
1 1 0 0.000
1 1 0 0.000
1 1 0 0.000
1 1 0 0.000
1 1 0 0.000
1 1 0 0.000
1 1 0 0.000
1 1 0 0.000
1 1 0 0.000
1 1 0 0.000
1 1 0 0.000
1 1 0 0.000
1 1 0 0.000
1 1 0 0.000
1 1 0 0.000
1 1 0 0.000
1 1 0 0.000
1 1 0 0.000
1 1 0 0.000
1 1 0 0.000
1 1 0 0.000
1 1 0 0.000
1 1 0 0.000
1 1 0 0.000
1 1 0 0.000
1 1 0 0.000
1 1 0 0.000
1 1 0 0.000
1 1 0 0.000
1 1 0 0.000
1 1 0 0.000
1 1 0 0.000
1 1 0 0.000
1 1 0 0.000
1 1 0 0.000
1 1 0 0.000
1 1 0 0.000
1 1 0 0.000
1 1 0 0.000
1 1 0 0.000
1 1 0 0.000
1 1 0 0.000
1 1 0 0.000
1 1 0 0.000
1 1 0 0.000
1 1 0 0.000
1 1 0 0.000
1 1 0 0.000
1 1 0 0.000
1 1 0 0.000
1 1 0 0.000
1 1 0 0.000
1 1 0 0.000
1 1 0 0.000
1 1 0 0.000
1 1 0 0.000
1 1 0 0.000
1 1 0 0.000
1 1 0 0.000
1 1 0 0.000
1 1 0 0.000
1 1 0 0.000
1 1 0 0.000
1 1 0 0.000
1 1 0 0.000
1 1 0 0.000
1 1 0 0.000
1 1 0 0.000
1 1 0 0.000
1 1 0 0.000
1 1 0 0.000
1 1 0 0.000
1 1 0 0.000
1 1 0 0.000
1 1 0 0.000
1 1 0 0.000
1 1 0 0.000
1 1 0 0.000
1 1 0 0.000
1 1 0 0.000
1 1 0 0.000
1 1 0 0.000
1 1 0 0.000
1 1 0 0.000
1 1 0 0.000
1 1 0 0.000
1 1 0 0.000
1 1 0 0.000
1 1 0 0.000
1 1 0 0.000
1 1 0 0.000
1 1 0 0.000
1 1 0 0.000
1 1 0 0.000
1 1 0 0.000
1 1 0 0.000
1 1 0 0.000
1 1 0 0.000
1 1 0 0.000
1 1 0 0.000
1 1 0 0.000
1 1 0 0.000
1 1 0 0.000
1 1 0 0.000
1 1 0 0.000
1 1 0 0.000
1 1 0 0.000
1 1 0 0.000
1 1 0 0.000
1 1 0 0.000
1 1 0 0.000
1 1 0 0.000
1 1 0 0.000
1 1 0 0.000
1 1 0 0.000
1 1 0 0.000
1 1 0 0.000
1 1 0 0.000
1 1 0 0.000
1 1 0 0.000
1 1 0 0.000
1 1 0 0.000
1 1 0 0.000
1 1 0 0.000
1 1 0 0.000
1 1 0 0.000
1 1 0 0.000
1 1 0 0.000
1 1 0 0.000
1 1 0 0.000
1 1 0 0.000
1 1 0 0.000
1 1 0 0.000
1 1 0 0.000
1 1 0 0.000
1 1 0 0.000
1 1 0 0.000
1 1 0 0.000
1 1 0 0.000
1 1 0 0.000
1 1 0 0.000
1 1 0 0.000
1 1 0 0.000
1 1 0 0.000
1 1 0 0.000
1 1 0 0.000
1 1 0 0.000
1 1 0 0.000
1 1 0 0.000
1 1 0 0.000
1 1 0 0.000
1 1 0 0.000
1 1 0 0.000
1 1 0 0.000
1 1 0 0.000
1 1 0 0.000
1 1 0 0.000
1 1 0 0.000
1 1 0 0.000
1 1 0 0.000
1 1 0 0.000
1 1 0 0.000
1 1 0 0.000
1 1 0 0.000
1 1 0 0.000
1 1 0 0.000
1 1 0 0.000
1 1 0 0.000
1 1 0 0.000
1 1 0 0.000
1 1 0 0.000
1 1 0 0.000
1 1 0 0.000
1 1 0 0.000
1 1 0 0.000
1 1 0 0.000
1 1 0 0.000
1 1 0 0.000
1 1 0 0.000
1 1 0 0.000
1 1 0 0.000
1 1 0 0.000
1 1 0 0.000
1 1 0 0.000
1 1 0 0.000
1 1 0 0.000
1 1 0 0.000
1 1 0 0.000
1 1 0 0.000
1 1 0 0.000
1 1 0 0.000
1 1 0 0.000
1 1 0 0.000
1 1 0 0.000
27 1 2561 0.000
28 1 2879 0.000
1 1 0 0.000
1 1 0 0.000
1 1 0 0.000
1 1 0 0.000
1 1 0 0.000
1 1 0 0.000
1 1 0 0.000
1 1 0 0.000
1 1 0 0.000
1 1 0 0.000
1 1 0 0.000
1 1 0 0.000
1 1 0 0.000
1 1 0 0.000
1 1 0 0.000
1 1 0 0.000
1 1 0 0.000
1 1 0 0.000
1 1 0 0.000
1 1 0 0.000
1 1 0 0.000
1 1 0 0.000
1 1 0 0.000
1 1 0 0.000
1 1 0 0.000
1 1 0 0.000
1 1 0 0.000
1 1 0 0.000
1 1 0 0.000
1 1 0 0.000
1 1 0 0.000
1 1 0 0.000
1 1 0 0.000
1 1 0 0.000
1 1 0 0.000
1 1 0 0.000
3 1 0 0.000
1 1 0 0.000
1 1 0 0.000
1 1 0 0.000
1 1 0 0.000
1 1 0 0.000
1 1 0 0.000
1 1 0 0.000
1 1 0 0.000
1 1 0 0.000
1 1 0 0.000
1 1 0 0.000
1 1 0 0.000
1 1 0 0.000
1 1 0 0.000
1 1 0 0.000
1 1 0 0.000
1 1 0 0.000
1 1 0 0.000
1 1 0 0.000
1 1 0 0.000
1 1 0 0.000
1 1 0 0.000
1 1 0 0.000
1 1 0 0.000
1 1 0 0.000
1 1 0 0.000
1 1 0 0.000
1 1 0 0.000
1 1 0 0.000
1 1 0 0.000
1 1 0 0.000
1 1 0 0.000
1 1 0 0.000
1 1 0 0.000
1 1 0 0.000
1 1 0 0.000
1 1 0 0.000
1 1 0 0.000
1 1 0 0.000
1 1 0 0.000
1 1 0 0.000
1 1 0 0.000
1 1 0 0.000
1 1 0 0.000
1 1 0 0.000
1 1 0 0.000
1 1 0 0.000
1 1 0 0.000
1 1 0 0.000
1 1 0 0.000
1 1 0 0.000
1 1 0 0.000
1 1 0 0.000
1 1 0 0.000
1 1 0 0.000
1 1 0 0.000
1 1 0 0.000
1 1 0 0.000
1 1 0 0.000
1 1 0 0.000
1 1 0 0.000
1 1 0 0.000
1 1 0 0.000
1 1 0 0.000
1 1 0 0.000
1 1 0 0.000
1 1 0 0.000
1 1 0 1.000
1 1 0 0.000
1 1 0 0.000
1 1 0 0.000
1 1 0 0.000
1 1 0 0.000
1 1 0 0.000
1 1 0 0.000
1 1 0 0.000
1 1 0 0.000
1 1 0 0.000
1 1 0 0.000
1 1 0 0.000
1 1 0 0.000
1 1 0 0.000
1 1 0 0.000
1 1 0 0.000
1 1 0 0.000
1 1 0 0.000
1 1 0 0.000
1 1 0 0.000
1 1 0 0.000
1 1 0 0.000
1 1 0 0.000
1 1 0 0.000
1 1 0 0.000
1 1 0 0.000
1 1 0 0.000
1 1 0 0.000
1 1 0 0.000
1 1 0 0.000
1 1 0 0.000
1 1 0 0.000
1 1 0 0.000
1 1 0 0.000
1 1 0 0.000
1 1 0 0.000
1 1 0 0.000
1 1 0 0.000
1 1 0 0.000
1 1 0 0.000
1 1 0 0.000
1 1 0 0.000
1 1 0 0.000
1 1 0 0.000
1 1 0 0.000
1 1 0 0.000
1 1 0 0.000
1 1 0 0.000
1 1 0 0.000
1 1 0 0.000
1 1 0 0.000
1 1 0 0.000
1 1 0 0.000
1 1 0 0.000
1 1 0 0.000
1 1 0 0.000
1 1 0 0.000
1 1 0 0.000
1 1 0 0.000
1 1 0 0.000
1 1 0 0.000
1 1 0 0.000
1 1 0 0.000
1 1 0 0.000
1 1 0 0.000
1 1 0 0.000
1 1 0 0.000
1 1 0 0.000
1 1 0 0.000
1 1 0 0.000
1 1 0 0.000
1 1 0 0.000
1 1 0 0.000
1 1 0 0.000
1 1 0 0.000
1 1 0 0.000
1 1 0 0.000
1 1 0 0.000
1 1 0 0.000
1 1 0 0.000
1 1 0 0.000
1 1 0 0.000
1 1 0 0.000
1 1 0 0.000
1 1 0 0.000
1 1 0 0.000
1 1 0 0.000
1 1 0 0.000
1 1 0 0.000
1 1 0 0.000
1 1 0 0.000
1 1 0 0.000
1 1 0 0.000
1 1 0 0.000
1 1 0 0.000
1 1 0 0.000
1 1 0 0.000
1 1 0 0.000
1 1 0 0.000
1 1 0 0.000
1 1 0 0.000
1 1 0 0.000
1 1 0 0.000
1 1 0 0.000
1 1 0 0.000
1 1 0 0.000
1 1 0 0.000
1 1 0 0.000
1 1 0 0.000
1 1 0 0.000
1 1 0 0.000
1 1 0 0.000
1 1 0 0.000
1 1 0 0.000
1 1 0 0.000
1 1 0 0.000
1 1 0 0.000
1 1 0 0.000
1 1 0 0.000
1 1 0 0.000
1 1 0 0.000
1 1 0 0.000
1 1 0 0.000
1 1 0 0.000
1 1 0 0.000
1 1 0 0.000
1 1 0 0.000
1 1 0 0.000
1 1 0 0.000
1 1 0 0.000
1 1 0 0.000
1 1 0 0.000
1 1 0 0.000
1 1 0 0.000
1 1 0 0.000
1 1 0 0.000
1 1 0 0.000
1 1 0 0.000
1 1 0 0.000
1 1 0 0.000
1 1 0 0.000
1 1 0 0.000
1 1 0 0.000
1 1 0 0.000
1 1 0 0.000
1 1 0 0.000
1 1 0 0.000
1 1 0 0.000
1 1 0 0.000
1 1 0 0.000
1 1 0 0.000
1 1 0 0.000
1 1 0 0.000
1 1 0 0.000
1 1 0 0.000
1 1 0 0.000
1 1 0 0.000
1 1 0 0.000
1 1 0 0.000
1 1 0 0.000
1 1 0 0.000
1 1 0 0.000
1 1 0 0.000
1 1 0 0.000
1 1 0 0.000
1 1 0 0.000
1 1 0 0.000
1 1 0 0.000
1 1 0 0.000
1 1 0 0.000
1 1 0 0.000
1 1 0 0.000
1 1 0 0.000
1 1 0 0.000
1 1 0 0.000
1 1 0 0.000
1 1 0 0.000
1 1 0 0.000
1 1 0 0.000
1 1 0 0.000
1 1 0 0.000
1 1 0 0.000
1 1 0 0.000
1 1 0 0.000
1 1 0 0.000
1 1 0 0.000
1 1 0 0.000
1 1 0 0.000
1 1 0 0.000
1 1 0 0.000
1 1 0 0.000
1 1 0 0.000
1 1 0 0.000
1 1 0 0.000
1 1 0 0.000
1 1 0 0.000
1 1 0 0.000
1 1 0 0.000
1 1 0 0.000
1 1 0 0.000
1 1 0 0.000
1 1 0 0.000
1 1 0 0.000
1 1 0 0.000
1 1 0 0.000
1 1 0 0.000
1 1 0 0.000
1 1 0 0.000
1 1 0 0.000
1 1 0 0.000
1 1 0 0.000
1 1 0 0.000
1 1 0 0.000
1 1 0 0.000
1 1 0 0.000
1 1 0 0.000
1 1 0 0.000
1 1 0 0.000
1 1 0 0.000
1 1 0 0.000
1 1 0 0.000
26 8 0 0.000
29 1 2561 0.000
5 1 2879 0.000
27 6 0 0.000
27 8 0 0.000
28 2 0 0.000
28 4 0 0.000
28 6 0 0.000
28 8 0 0.000
29 2 0 0.000
29 4 0 0.000
29 6 0 0.000
29 8 0 0.000
30 2 0 0.000
30 4 0 0.000
30 6 0 0.000
30 8 0 0.000
31 2 0 0.000
31 4 0 0.000
31 6 0 0.000
31 8 0 0.000
32 2 0 0.000
32 4 0 0.000
32 6 0 0.000
32 8 0 0.000
1 2 0 0.000
1 4 0 0.000
1 6 0 0.000
1 8 0 0.000
2 2 0 0.000
2 4 0 0.000
2 6 0 0.000
2 8 0 0.000
3 2 0 0.000
3 4 0 0.000
3 6 0 0.000
3 8 0 0.000
4 2 0 0.000
4 4 0 0.000
4 6 0 0.000
4 8 0 0.000
5 2 0 0.000
5 4 0 0.000
5 6 0 0.000
5 8 0 0.000
6 2 0 0.000
6 4 0 0.000
6 6 0 0.000
6 8 0 0.000
7 2 0 0.000
7 4 0 0.000
7 6 0 0.000
7 8 0 0.000
8 2 0 0.000
8 4 0 0.000
8 6 0 0.000
8 8 0 0.000
9 2 0 0.000
9 4 0 0.000
9 6 0 0.000
9 8 0 0.000
10 2 0 0.000
10 4 0 0.000
10 6 0 0.000
10 8 0 0.000
11 2 0 0.000
11 4 0 0.000
11 6 0 0.000
11 8 0 0.000
12 2 0 0.000
12 4 0 0.000
12 6 0 0.000
12 8 0 0.000
13 2 0 0.000
13 4 0 0.000
13 6 0 0.000
13 8 0 0.000
14 2 0 0.000
14 4 0 0.000
14 6 0 0.000
14 8 0 0.000
15 2 0 0.000
15 4 0 0.000
15 6 0 0.000
15 8 0 0.000
16 2 0 0.000
16 4 0 0.000
16 6 0 0.000
1 1 0 0.000
11 1 2875 0.000
