  0  85.000 5 1  90   20.100   65.500 750.000
  1  85.000 5 1  90   15.075   65.500 750.000
  2  85.000 5 1  90   10.050   65.500 750.000
  3  85.000 5 1  90    5.025   65.500 750.000
  4  85.000 5 1  90    0.000   65.500 750.000
  5  85.000 5 1  90   -5.025   65.500 750.000
  6  85.000 5 1  90  -10.050   65.500 750.000
  7  85.000 5 1  90  -15.075   65.500 750.000
  8  85.000 5 1  90  -20.100   65.500 750.000
  9  42.787 5 1  45   -7.106   90.372 755.000
 10  52.837 5 1  45   -3.553   86.819 755.000
 11  62.887 5 1  45    0.000   83.266 755.000
 12  72.937 5 1  45    3.553   79.713 755.000
 13  82.987 5 1  45    7.106   76.160 755.000
 14  93.037 5 1  45   10.660   72.606 755.000
 15 103.087 5 1  45   14.213   69.053 755.000
 16 113.137 5 1  45   17.766   65.500 755.000
 17 113.137 5 1  45   24.872   65.500 755.000
 18 113.137 5 1  45   31.979   65.500 755.000
 19 113.137 5 1  45   39.085   65.500 755.000
 20 113.137 5 1  45   46.192   65.500 755.000
 21 113.137 5 1  45   53.298   65.500 755.000
 22 113.137 5 1  45   60.405   65.500 755.000
 23 113.137 5 1  45   65.500   64.835 780.000
 24 113.137 5 1  45   65.500   57.728 780.000
 25 113.137 5 1  45   65.500   50.622 780.000
 26 113.137 5 1  45   65.500   43.515 780.000
 27 113.137 5 1  45   65.500   36.409 780.000
 28 113.137 5 1  45   65.500   29.303 780.000
 29 113.137 5 1  45   65.500   22.196 780.000
 30 113.137 5 1  45   65.500   15.090 780.000
 31 113.137 5 1  45   65.500    7.983 780.000
 32 113.137 5 1  45   65.500    0.877 780.000
 33 113.137 5 1  45   65.500   -6.230 780.000
 34 113.137 5 1  45   65.500  -13.336 780.000
 35 113.137 5 1  45   65.500  -20.442 780.000
 36 113.137 5 1  45   65.500  -27.549 780.000
 37 113.137 5 1  45   65.500  -34.655 780.000
 38 113.137 5 1  45   65.500  -41.762 780.000
 39 113.137 5 1  45   65.500  -48.868 780.000
 40 113.137 5 1  45   65.500  -55.974 780.000
 41 113.137 5 1  45   65.500  -63.081 780.000
 42 103.087 5 1  45   69.053  -66.634 780.000
 43  93.037 5 1  45   72.606  -70.187 780.000
 44  82.987 5 1  45   76.160  -73.741 780.000
 45  72.937 5 1  45   79.713  -77.294 780.000
 46  62.887 5 1  45   83.266  -80.847 780.000
 47  52.837 5 1  45   86.819  -84.400 780.000
 48  85.000 5 1   0   65.500  105.525 785.000
 49  85.000 5 1   0   65.500  100.500 785.000
 50  85.000 5 1   0   65.500   95.475 785.000
 51  85.000 5 1   0   65.500   90.450 785.000
 52  85.000 5 1   0   65.500   85.425 785.000
 53  85.000 5 1   0   65.500   80.400 785.000
 54  85.000 5 1   0   65.500   75.375 785.000
 55  85.000 5 1   0   65.500   70.350 785.000
 56  85.000 5 1   0   65.500   65.325 785.000
 57  85.000 5 1   0   65.500   60.300 785.000
 58  85.000 5 1   0   65.500   55.275 785.000
 59  85.000 5 1   0   65.500   50.250 785.000
 60  85.000 5 1   0   65.500   45.225 785.000
 61  85.000 5 1   0   65.500   40.200 785.000
 62  85.000 5 1   0   65.500   35.175 785.000
 63  85.000 5 1   0   65.500   30.150 785.000
 64  85.000 5 1   0   65.500   25.125 785.000
 65  85.000 5 1   0   65.500   20.100 785.000
 66  85.000 5 1   0   65.500   15.075 785.000
 67  85.000 5 1   0   65.500   10.050 785.000
 68  85.000 5 1   0   65.500    5.025 785.000
 69  85.000 5 1   0   65.500   -0.000 785.000
 70  85.000 5 1   0   65.500   -5.025 785.000
 71  85.000 5 1   0   65.500  -10.050 785.000
 72  85.000 5 1   0   65.500  -15.075 785.000
 73  85.000 5 1   0   65.500  -20.100 785.000
 74  85.000 5 1   0   65.500  -25.125 785.000
 75  85.000 5 1   0   65.500  -30.150 785.000
 76  85.000 5 1   0   65.500  -35.175 785.000
 77  85.000 5 1   0   65.500  -40.200 785.000
 78  85.000 5 1   0   65.500  -45.225 785.000
 79  85.000 5 1   0   65.500  -50.250 785.000
 80  85.000 5 1   0   65.500  -55.275 785.000
 81  85.000 5 1   0   65.500  -60.300 785.000
 82  85.000 5 1   0   65.500  -65.325 785.000
 83  85.000 5 1   0   65.500  -70.350 785.000
 84  85.000 5 1   0   65.500  -75.375 785.000
 85  85.000 5 1   0   65.500  -80.400 785.000
 86  85.000 5 1   0   65.500  -85.425 785.000
 87  85.000 5 1   0   65.500  -90.450 785.000
 88  85.000 5 1   0   65.500  -95.475 785.000
 89  85.000 5 1   0   65.500 -100.500 785.000
 90  85.000 5 1   0   65.500 -105.525 785.000
 91 108.000 5 1  90   25.513   54.000 790.000
 92 108.000 5 1  90   30.538   54.000 790.000
 93 108.000 5 1  90   35.562   54.000 790.000
 94 108.000 5 1  90   40.588   54.000 790.000
 95 108.000 5 1  90   45.613   54.000 790.000
 96 108.000 5 1  90   50.638   54.000 790.000
 97 108.000 5 1  90   55.663   54.000 790.000
 98 108.000 5 1  90   60.688   54.000 790.000
 99 108.000 5 1  90   65.713   54.000 790.000
100 108.000 5 1  90   70.738   54.000 790.000
101 108.000 5 1  90   75.763   54.000 790.000
102 108.000 5 1  90   80.788   54.000 790.000
103 108.000 5 1  90   85.813   54.000 790.000
104 108.000 5 1  90   90.838   54.000 790.000
105 108.000 5 1  90   95.863   54.000 790.000
106 108.000 5 1  90  100.888   54.000 790.000
107 108.000 5 1  90  105.913   54.000 790.000
108 108.000 5 1  90   25.513  -54.000 790.000
109 108.000 5 1  90   30.538  -54.000 790.000
110 108.000 5 1  90   35.562  -54.000 790.000
111 108.000 5 1  90   40.588  -54.000 790.000
112 108.000 5 1  90   45.613  -54.000 790.000
113 108.000 5 1  90   50.638  -54.000 790.000
114 108.000 5 1  90   55.663  -54.000 790.000
115 108.000 5 1  90   60.688  -54.000 790.000
116 108.000 5 1  90   65.713  -54.000 790.000
117 108.000 5 1  90   70.738  -54.000 790.000
118 108.000 5 1  90   75.763  -54.000 790.000
119 108.000 5 1  90   80.788  -54.000 790.000
120 108.000 5 1  90   85.813  -54.000 790.000
121 108.000 5 1  90   90.838  -54.000 790.000
122 108.000 5 1  90   95.863  -54.000 790.000
123 108.000 5 1  90  100.888  -54.000 790.000
124 108.000 5 1  90  105.913  -54.000 790.000
125  42.787 5 1 135    7.106   90.372 760.000
126  52.837 5 1 135    3.553   86.819 760.000
127  62.887 5 1 135   -0.000   83.266 760.000
128  72.937 5 1 135   -3.553   79.713 760.000
129  82.987 5 1 135   -7.106   76.160 760.000
130  93.037 5 1 135  -10.660   72.606 760.000
131 103.087 5 1 135  -14.213   69.053 760.000
132 113.137 5 1 135  -17.766   65.500 760.000
133 113.137 5 1 135  -24.872   65.500 760.000
134 113.137 5 1 135  -31.979   65.500 760.000
135 113.137 5 1 135  -39.085   65.500 760.000
136 113.137 5 1 135  -46.192   65.500 760.000
137 113.137 5 1 135  -53.298   65.500 760.000
138 113.137 5 1 135  -60.405   65.500 760.000
139 113.137 5 1 135  -65.500   64.835 780.000
140 113.137 5 1 135  -65.500   57.728 780.000
141 113.137 5 1 135  -65.500   50.622 780.000
142 113.137 5 1 135  -65.500   43.515 780.000
143 113.137 5 1 135  -65.500   36.409 780.000
144 113.137 5 1 135  -65.500   29.303 780.000
145 113.137 5 1 135  -65.500   22.196 780.000
146 113.137 5 1 135  -65.500   15.090 780.000
147 113.137 5 1 135  -65.500    7.983 780.000
148 113.137 5 1 135  -65.500    0.877 780.000
149 113.137 5 1 135  -65.500   -6.230 780.000
150 113.137 5 1 135  -65.500  -13.336 780.000
151 113.137 5 1 135  -65.500  -20.442 780.000
152 113.137 5 1 135  -65.500  -27.549 780.000
153 113.137 5 1 135  -65.500  -34.655 780.000
154 113.137 5 1 135  -65.500  -41.762 780.000
155 113.137 5 1 135  -65.500  -48.868 780.000
156 113.137 5 1 135  -65.500  -55.974 780.000
157 113.137 5 1 135  -65.500  -63.081 780.000
158 103.087 5 1 135  -69.053  -66.634 780.000
159  93.037 5 1 135  -72.606  -70.187 780.000
160  82.987 5 1 135  -76.160  -73.741 780.000
161  72.937 5 1 135  -79.713  -77.294 780.000
162  62.887 5 1 135  -83.266  -80.847 780.000
163  52.837 5 1 135  -86.819  -84.400 780.000
164  85.000 5 1   0  -65.500  105.525 785.000
165  85.000 5 1   0  -65.500  100.500 785.000
166  85.000 5 1   0  -65.500   95.475 785.000
167  85.000 5 1   0  -65.500   90.450 785.000
168  85.000 5 1   0  -65.500   85.425 785.000
169  85.000 5 1   0  -65.500   80.400 785.000
170  85.000 5 1   0  -65.500   75.375 785.000
171  85.000 5 1   0  -65.500   70.350 785.000
172  85.000 5 1   0  -65.500   65.325 785.000
173  85.000 5 1   0  -65.500   60.300 785.000
174  85.000 5 1   0  -65.500   55.275 785.000
175  85.000 5 1   0  -65.500   50.250 785.000
176  85.000 5 1   0  -65.500   45.225 785.000
177  85.000 5 1   0  -65.500   40.200 785.000
178  85.000 5 1   0  -65.500   35.175 785.000
179  85.000 5 1   0  -65.500   30.150 785.000
180  85.000 5 1   0  -65.500   25.125 785.000
181  85.000 5 1   0  -65.500   20.100 785.000
182  85.000 5 1   0  -65.500   15.075 785.000
183  85.000 5 1   0  -65.500   10.050 785.000
184  85.000 5 1   0  -65.500    5.025 785.000
185  85.000 5 1   0  -65.500   -0.000 785.000
186  85.000 5 1   0  -65.500   -5.025 785.000
187  85.000 5 1   0  -65.500  -10.050 785.000
188  85.000 5 1   0  -65.500  -15.075 785.000
189  85.000 5 1   0  -65.500  -20.100 785.000
190  85.000 5 1   0  -65.500  -25.125 785.000
191  85.000 5 1   0  -65.500  -30.150 785.000
192  85.000 5 1   0  -65.500  -35.175 785.000
193  85.000 5 1   0  -65.500  -40.200 785.000
194  85.000 5 1   0  -65.500  -45.225 785.000
195  85.000 5 1   0  -65.500  -50.250 785.000
196  85.000 5 1   0  -65.500  -55.275 785.000
197  85.000 5 1   0  -65.500  -60.300 785.000
198  85.000 5 1   0  -65.500  -65.325 785.000
199  85.000 5 1   0  -65.500  -70.350 785.000
200  85.000 5 1   0  -65.500  -75.375 785.000
201  85.000 5 1   0  -65.500  -80.400 785.000
202  85.000 5 1   0  -65.500  -85.425 785.000
203  85.000 5 1   0  -65.500  -90.450 785.000
204  85.000 5 1   0  -65.500  -95.475 785.000
205  85.000 5 1   0  -65.500 -100.500 785.000
206  85.000 5 1   0  -65.500 -105.525 785.000
207 108.000 5 1  90  -25.513   54.000 790.000
208 108.000 5 1  90  -30.488   54.000 790.000
209 108.000 5 1  90  -35.463   54.000 790.000
210 108.000 5 1  90  -40.438   54.000 790.000
211 108.000 5 1  90  -45.412   54.000 790.000
212 108.000 5 1  90  -50.387   54.000 790.000
213 108.000 5 1  90  -55.362   54.000 790.000
214 108.000 5 1  90  -60.337   54.000 790.000
215 108.000 5 1  90  -65.312   54.000 790.000
216 108.000 5 1  90  -70.287   54.000 790.000
217 108.000 5 1  90  -75.262   54.000 790.000
218 108.000 5 1  90  -80.237   54.000 790.000
219 108.000 5 1  90  -85.212   54.000 790.000
220 108.000 5 1  90  -90.187   54.000 790.000
221 108.000 5 1  90  -95.162   54.000 790.000
222 108.000 5 1  90 -100.137   54.000 790.000
223 108.000 5 1  90 -105.112   54.000 790.000
224 108.000 5 1  90  -25.513  -54.000 790.000
225 108.000 5 1  90  -30.488  -54.000 790.000
226 108.000 5 1  90  -35.463  -54.000 790.000
227 108.000 5 1  90  -40.438  -54.000 790.000
228 108.000 5 1  90  -45.412  -54.000 790.000
229 108.000 5 1  90  -50.387  -54.000 790.000
230 108.000 5 1  90  -55.362  -54.000 790.000
231 108.000 5 1  90  -60.337  -54.000 790.000
232 108.000 5 1  90  -65.312  -54.000 790.000
233 108.000 5 1  90  -70.287  -54.000 790.000
234 108.000 5 1  90  -75.262  -54.000 790.000
235 108.000 5 1  90  -80.237  -54.000 790.000
236 108.000 5 1  90  -85.212  -54.000 790.000
237 108.000 5 1  90  -90.187  -54.000 790.000
238 108.000 5 1  90  -95.162  -54.000 790.000
239 108.000 5 1  90 -100.137  -54.000 790.000
240 108.000 5 1  90 -105.112  -54.000 790.000
