  0 1 1  1    4.00   81.00    1.00    3.05   60.75  675.64
  1 1 1  2    4.00   81.00    1.00    7.10   60.75  675.64
  2 1 1  3    4.00   81.00    1.00   11.15   60.75  675.64
  3 1 1  4    4.00   81.00    1.00   15.20   60.75  675.64
  4 1 1  5    4.00   81.00    1.00   19.25   60.75  675.64
  5 1 1  6    4.00  101.25    1.00   23.30   50.63  675.64
  6 1 1  7    4.00  101.25    1.00   27.35   50.63  675.64
  7 1 1  8    4.00  101.25    1.00   31.40   50.63  675.64
  8 1 1  9    4.00  101.25    1.00   35.45   50.63  675.64
  9 1 1 10    4.00  101.25    1.00   39.50   50.63  675.64
 10 1 1 11    4.00  101.25    1.00   43.55   50.63  675.64
 11 1 1 12    4.00  101.25    1.00   47.60   50.63  675.64
 12 1 1 13    5.80  101.25    1.00   52.55   50.63  675.64
 13 1 1 14    5.80  101.25    1.00   58.40   50.63  675.64
 14 1 1 15    5.80  101.25    1.00   64.25   50.63  675.64
 15 1 1 16    5.80  101.25    1.00   70.10   50.63  675.64
 16 1 1 17    5.80  101.25    1.00   75.95   50.63  675.64
 17 1 1 18    5.80  101.25    1.00   81.80   50.63  675.64
 18 1 1 19    5.80  101.25    1.00   87.65   50.63  675.64
 19 1 1 20    5.80  101.25    1.00   93.50   50.63  675.64
 20 1 1 21    5.80  101.25    1.00   99.35   50.63  675.64
 63 2 1  1    4.00   60.50    1.00   11.15  -50.50  675.64
 64 2 1  2    4.00   60.50    1.00   15.20  -50.50  675.64
 65 2 1  3    4.00   60.50    1.00   19.25  -50.50  675.64
 66 2 1  4    4.00   80.75    1.00   23.30  -40.38  675.64
 67 2 1  5    4.00   80.75    1.00   27.35  -40.38  675.64
 68 2 1  6    4.00   80.75    1.00   31.40  -40.38  675.64
 69 2 1  7    4.00   80.75    1.00   35.45  -40.38  675.64
 70 2 1  8    4.00   80.75    1.00   39.50  -40.38  675.64
 71 2 1  9    4.00   80.75    1.00   43.55  -40.38  675.64
 72 2 1 10    4.00   80.75    1.00   47.60  -40.38  675.64
 73 2 1 11    5.80   80.75    1.00   52.55  -40.38  675.64
 74 2 1 12    5.80   80.75    1.00   58.40  -40.38  675.64
 75 2 1 13    5.80   80.75    1.00   64.25  -40.38  675.64
 76 2 1 14    5.80   80.75    1.00   70.10  -40.38  675.64
 77 2 1 15    5.80   80.75    1.00   75.95  -40.38  675.64
 78 2 1 16    5.80   80.75    1.00   81.80  -40.38  675.64
 79 2 1 17    5.80   80.75    1.00   87.65  -40.38  675.64
 80 2 1 18    5.80   80.75    1.00   93.50  -40.38  675.64
 81 2 1 19    5.80   80.75    1.00   99.35  -40.38  675.64
126 3 1  1    4.00   81.00    1.00   -3.05   60.75  675.64
127 3 1  2    4.00   81.00    1.00   -7.10   60.75  675.64
128 3 1  3    4.00   81.00    1.00  -11.15   60.75  675.64
129 3 1  4    4.00   81.00    1.00  -15.20   60.75  675.64
130 3 1  5    4.00   81.00    1.00  -19.25   60.75  675.64
131 3 1  6    4.00  101.25    1.00  -23.30   50.63  675.64
132 3 1  7    4.00  101.25    1.00  -27.35   50.63  675.64
133 3 1  8    4.00  101.25    1.00  -31.40   50.63  675.64
134 3 1  9    4.00  101.25    1.00  -35.45   50.63  675.64
135 3 1 10    4.00  101.25    1.00  -39.50   50.63  675.64
136 3 1 11    4.00  101.25    1.00  -43.55   50.63  675.64
137 3 1 12    4.00  101.25    1.00  -47.60   50.63  675.64
138 3 1 13    5.80  101.25    1.00  -52.55   50.63  675.64
139 3 1 14    5.80  101.25    1.00  -58.40   50.63  675.64
140 3 1 15    5.80  101.25    1.00  -64.25   50.63  675.64
141 3 1 16    5.80  101.25    1.00  -70.10   50.63  675.64
142 3 1 17    5.80  101.25    1.00  -75.95   50.63  675.64
143 3 1 18    5.80  101.25    1.00  -81.80   50.63  675.64
144 3 1 19    5.80  101.25    1.00  -87.65   50.63  675.64
145 3 1 20    5.80  101.25    1.00  -93.50   50.63  675.64
146 3 1 21    5.80  101.25    1.00  -99.35   50.63  675.64
189 4 1  1    4.00   60.50    1.00  -11.15  -50.50  675.64
190 4 1  2    4.00   60.50    1.00  -15.20  -50.50  675.64
191 4 1  3    4.00   60.50    1.00  -19.25  -50.50  675.64
192 4 1  4    4.00   80.75    1.00  -23.30  -40.38  675.64
193 4 1  5    4.00   80.75    1.00  -27.35  -40.38  675.64
194 4 1  6    4.00   80.75    1.00  -31.40  -40.38  675.64
195 4 1  7    4.00   80.75    1.00  -35.45  -40.38  675.64
196 4 1  8    4.00   80.75    1.00  -39.50  -40.38  675.64
197 4 1  9    4.00   80.75    1.00  -43.55  -40.38  675.64
198 4 1 10    4.00   80.75    1.00  -47.60  -40.38  675.64
199 4 1 11    5.80   80.75    1.00  -52.55  -40.38  675.64
200 4 1 12    5.80   80.75    1.00  -58.40  -40.38  675.64
201 4 1 13    5.80   80.75    1.00  -64.25  -40.38  675.64
202 4 1 14    5.80   80.75    1.00  -70.10  -40.38  675.64
203 4 1 15    5.80   80.75    1.00  -75.95  -40.38  675.64
204 4 1 16    5.80   80.75    1.00  -81.80  -40.38  675.64
205 4 1 17    5.80   80.75    1.00  -87.65  -40.38  675.64
206 4 1 18    5.80   80.75    1.00  -93.50  -40.38  675.64
207 4 1 19    5.80   80.75    1.00  -99.35  -40.38  675.64
 21 1 2  1   81.00    4.00    1.00  106.00    2.05  678.52
 22 1 2  2   81.00    4.00    1.00  106.00    6.10  678.52
 23 1 2  3   81.00    4.00    1.00  106.00   10.15  678.52
 24 1 2  4   81.00    4.00    1.00  106.00   14.20  678.52
 25 1 2  5   81.00    4.00    1.00  106.00   18.25  678.52
 26 1 2  6  101.25    4.00    1.00  106.00   22.30  678.52
 27 1 2  7  101.25    4.00    1.00  106.00   26.35  678.52
 28 1 2  8  101.25    4.00    1.00  106.00   30.40  678.52
 29 1 2  9  101.25    4.00    1.00  106.00   34.45  678.52
 30 1 2 10  101.25    4.00    1.00  106.00   38.50  678.52
 31 1 2 11  101.25    4.00    1.00  106.00   42.55  678.52
 32 1 2 12  101.25    4.00    1.00  106.00   46.60  678.52
 33 1 2 13  101.25    5.80    1.00  106.00   51.55  678.52
 34 1 2 14  101.25    5.80    1.00  106.00   57.40  678.52
 35 1 2 15  101.25    5.80    1.00  106.00   63.25  678.52
 36 1 2 16  101.25    5.80    1.00  106.00   69.10  678.52
 37 1 2 17  101.25    5.80    1.00  106.00   74.95  678.52
 38 1 2 18  101.25    5.80    1.00  106.00   80.80  678.52
 39 1 2 19  101.25    5.80    1.00  106.00   86.65  678.52
 40 1 2 20  101.25    5.80    1.00  106.00   92.50  678.52
 41 1 2 21  101.25    5.80    1.00  106.00   98.35  678.52
 84 2 2  1   81.00    4.00    1.00  106.00    2.05  678.52
 85 2 2  2   81.00    4.00    1.00  106.00    6.10  678.52
 86 2 2  3   81.00    4.00    1.00  106.00   10.15  678.52
 87 2 2  4   81.00    4.00    1.00  106.00   14.20  678.52
 88 2 2  5   81.00    4.00    1.00  106.00   18.25  678.52
 89 2 2  6   93.15    4.00    1.00  105.90   22.30  678.52
 90 2 2  7   93.15    4.00    1.00  105.90   26.35  678.52
 91 2 2  8   93.15    4.00    1.00  105.90   30.40  678.52
 92 2 2  9   93.15    4.00    1.00  105.90   34.45  678.52
 93 2 2 10   93.15    4.00    1.00  105.90   38.50  678.52
 94 2 2 11   93.15    4.00    1.00  105.90   42.55  678.52
 95 2 2 12   93.15    4.00    1.00  105.90   46.60  678.52
 96 2 2 13   93.15    5.80    1.00  105.90   51.55  678.52
 97 2 2 14   93.15    5.80    1.00  105.90   57.40  678.52
 98 2 2 15   93.15    5.80    1.00  105.90   63.25  678.52
 99 2 2 16   93.15    5.80    1.00  105.90   69.10  678.52
100 2 2 17   93.15    5.80    1.00  105.90   74.95  678.52
101 2 2 18   93.15    5.80    1.00  105.90   80.80  678.52
102 2 2 19   93.15    5.80    1.00  105.90   86.65  678.52
147 3 2  1   81.00    4.00    1.00 -106.00    2.05  678.52
148 3 2  2   81.00    4.00    1.00 -106.00    6.10  678.52
149 3 2  3   81.00    4.00    1.00 -106.00   10.15  678.52
150 3 2  4   81.00    4.00    1.00 -106.00   14.20  678.52
151 3 2  5   81.00    4.00    1.00 -106.00   18.25  678.52
152 3 2  6  101.25    4.00    1.00 -106.00   22.30  678.52
153 3 2  7  101.25    4.00    1.00 -106.00   26.35  678.52
154 3 2  8  101.25    4.00    1.00 -106.00   30.40  678.52
155 3 2  9  101.25    4.00    1.00 -106.00   34.45  678.52
156 3 2 10  101.25    4.00    1.00 -106.00   38.50  678.52
157 3 2 11  101.25    4.00    1.00 -106.00   42.55  678.52
158 3 2 12  101.25    4.00    1.00 -106.00   46.60  678.52
159 3 2 13  101.25    5.80    1.00 -106.00   51.55  678.52
160 3 2 14  101.25    5.80    1.00 -106.00   57.40  678.52
161 3 2 15  101.25    5.80    1.00 -106.00   63.25  678.52
162 3 2 16  101.25    5.80    1.00 -106.00   69.10  678.52
163 3 2 17  101.25    5.80    1.00 -106.00   74.95  678.52
164 3 2 18  101.25    5.80    1.00 -106.00   80.80  678.52
165 3 2 19  101.25    5.80    1.00 -106.00   86.65  678.52
166 3 2 20  101.25    5.80    1.00 -106.00   92.50  678.52
167 3 2 21  101.25    5.80    1.00 -106.00   98.35  678.52
210 4 2  1   81.00    4.00    1.00 -106.00    2.05  678.52
211 4 2  2   81.00    4.00    1.00 -106.00    6.10  678.52
212 4 2  3   81.00    4.00    1.00 -106.00   10.15  678.52
213 4 2  4   81.00    4.00    1.00 -106.00   14.20  678.52
214 4 2  5   81.00    4.00    1.00 -106.00   18.25  678.52
215 4 2  6   93.15    4.00    1.00 -105.90   22.30  678.52
216 4 2  7   93.15    4.00    1.00 -105.90   26.35  678.52
217 4 2  8   93.15    4.00    1.00 -105.90   30.40  678.52
218 4 2  9   93.15    4.00    1.00 -105.90   34.45  678.52
219 4 2 10   93.15    4.00    1.00 -105.90   38.50  678.52
220 4 2 11   93.15    4.00    1.00 -105.90   42.55  678.52
221 4 2 12   93.15    4.00    1.00 -105.90   46.60  678.52
222 4 2 13   93.15    5.80    1.00 -105.90   51.55  678.52
223 4 2 14   93.15    5.80    1.00 -105.90   57.40  678.52
224 4 2 15   93.15    5.80    1.00 -105.90   63.25  678.52
225 4 2 16   93.15    5.80    1.00 -105.90   69.10  678.52
226 4 2 17   93.15    5.80    1.00 -105.90   74.95  678.52
227 4 2 18   93.15    5.80    1.00 -105.90   80.80  678.52
228 4 2 19   93.15    5.80    1.00 -105.90   86.65  678.52
 42 1 3  1   81.00    4.00    1.00  106.00    2.05  692.22
 43 1 3  2   81.00    4.00    1.00  106.00    6.10  692.22
 44 1 3  3   81.00    4.00    1.00  106.00   10.15  692.22
 45 1 3  4   81.00    4.00    1.00  106.00   14.20  692.22
 46 1 3  5   81.00    4.00    1.00  106.00   18.25  692.22
 47 1 3  6  101.25    4.00    1.00  106.00   22.30  692.22
 48 1 3  7  101.25    4.00    1.00  106.00   26.35  692.22
 49 1 3  8  101.25    4.00    1.00  106.00   30.40  692.22
 50 1 3  9  101.25    4.00    1.00  106.00   34.45  692.22
 51 1 3 10  101.25    4.00    1.00  106.00   38.50  692.22
 52 1 3 11  101.25    4.00    1.00  106.00   42.55  692.22
 53 1 3 12  101.25    4.00    1.00  106.00   46.60  692.22
 54 1 3 13  101.25    5.80    1.00  106.00   51.55  692.22
 55 1 3 14  101.25    5.80    1.00  106.00   57.40  692.22
 56 1 3 15  101.25    5.80    1.00  106.00   63.25  692.22
 57 1 3 16  101.25    5.80    1.00  106.00   69.10  692.22
 58 1 3 17  101.25    5.80    1.00  106.00   74.95  692.22
 59 1 3 18  101.25    5.80    1.00  106.00   80.80  692.22
 60 1 3 19  101.25    5.80    1.00  106.00   86.65  692.22
 61 1 3 20  101.25    5.80    1.00  106.00   92.50  692.22
 62 1 3 21  101.25    5.80    1.00  106.00   98.35  692.22
105 2 3  1   81.00    4.00    1.00  106.00    2.05  692.22
106 2 3  2   81.00    4.00    1.00  106.00    6.10  692.22
107 2 3  3   81.00    4.00    1.00  106.00   10.15  692.22
108 2 3  4   81.00    4.00    1.00  106.00   14.20  692.22
109 2 3  5   81.00    4.00    1.00  106.00   18.25  692.22
110 2 3  6   93.15    4.00    1.00  105.90   22.30  692.22
111 2 3  7   93.15    4.00    1.00  105.90   26.35  692.22
112 2 3  8   93.15    4.00    1.00  105.90   30.40  692.22
113 2 3  9   93.15    4.00    1.00  105.90   34.45  692.22
114 2 3 10   93.15    4.00    1.00  105.90   38.50  692.22
115 2 3 11   93.15    4.00    1.00  105.90   42.55  692.22
116 2 3 12   93.15    4.00    1.00  105.90   46.60  692.22
117 2 3 13   93.15    5.80    1.00  105.90   51.55  692.22
118 2 3 14   93.15    5.80    1.00  105.90   57.40  692.22
119 2 3 15   93.15    5.80    1.00  105.90   63.25  692.22
120 2 3 16   93.15    5.80    1.00  105.90   69.10  692.22
121 2 3 17   93.15    5.80    1.00  105.90   74.95  692.22
122 2 3 18   93.15    5.80    1.00  105.90   80.80  692.22
123 2 3 19   93.15    5.80    1.00  105.90   86.65  692.22
168 3 3  1   81.00    4.00    1.00 -106.00    2.05  692.22
169 3 3  2   81.00    4.00    1.00 -106.00    6.10  692.22
170 3 3  3   81.00    4.00    1.00 -106.00   10.15  692.22
171 3 3  4   81.00    4.00    1.00 -106.00   14.20  692.22
172 3 3  5   81.00    4.00    1.00 -106.00   18.25  692.22
173 3 3  6  101.25    4.00    1.00 -106.00   22.30  692.22
174 3 3  7  101.25    4.00    1.00 -106.00   26.35  692.22
175 3 3  8  101.25    4.00    1.00 -106.00   30.40  692.22
176 3 3  9  101.25    4.00    1.00 -106.00   34.45  692.22
177 3 3 10  101.25    4.00    1.00 -106.00   38.50  692.22
178 3 3 11  101.25    4.00    1.00 -106.00   42.55  692.22
179 3 3 12  101.25    4.00    1.00 -106.00   46.60  692.22
180 3 3 13  101.25    5.80    1.00 -106.00   51.55  692.22
181 3 3 14  101.25    5.80    1.00 -106.00   57.40  692.22
182 3 3 15  101.25    5.80    1.00 -106.00   63.25  692.22
183 3 3 16  101.25    5.80    1.00 -106.00   69.10  692.22
184 3 3 17  101.25    5.80    1.00 -106.00   74.95  692.22
185 3 3 18  101.25    5.80    1.00 -106.00   80.80  692.22
186 3 3 19  101.25    5.80    1.00 -106.00   86.65  692.22
187 3 3 20  101.25    5.80    1.00 -106.00   92.50  692.22
188 3 3 21  101.25    5.80    1.00 -106.00   98.35  692.22
231 4 3  1   81.00    4.00    1.00 -106.00    2.05  692.22
232 4 3  2   81.00    4.00    1.00 -106.00    6.10  692.22
233 4 3  3   81.00    4.00    1.00 -106.00   10.15  692.22
234 4 3  4   81.00    4.00    1.00 -106.00   14.20  692.22
235 4 3  5   81.00    4.00    1.00 -106.00   18.25  692.22
236 4 3  6   93.15    4.00    1.00 -105.90   22.30  692.22
237 4 3  7   93.15    4.00    1.00 -105.90   26.35  692.22
238 4 3  8   93.15    4.00    1.00 -105.90   30.40  692.22
239 4 3  9   93.15    4.00    1.00 -105.90   34.45  692.22
240 4 3 10   93.15    4.00    1.00 -105.90   38.50  692.22
241 4 3 11   93.15    4.00    1.00 -105.90   42.55  692.22
242 4 3 12   93.15    4.00    1.00 -105.90   46.60  692.22
243 4 3 13   93.15    5.80    1.00 -105.90   51.55  692.22
244 4 3 14   93.15    5.80    1.00 -105.90   57.40  692.22
245 4 3 15   93.15    5.80    1.00 -105.90   63.25  692.22
246 4 3 16   93.15    5.80    1.00 -105.90   69.10  692.22
247 4 3 17   93.15    5.80    1.00 -105.90   74.95  692.22
248 4 3 18   93.15    5.80    1.00 -105.90   80.80  692.22
249 4 3 19   93.15    5.80    1.00 -105.90   86.65  692.22
