    1         1        0
    2         1        12
    3         1        24
    4         1        36
    5         1        48
    6         1        60
    7         1        72
    8         1        84
    9         1        96
    10        1       108
    11        2        0
    12        2        12
    13        2        24
    14        2        36
    15        2        48
    16        2        60
    17        2        72
    18        2        84
    19        2        96
    20        2       108
    21        3        0
    22        3        12
    23        3        24
    24        3        36
    25        3        48
    26        3        60
    27        3        72
    28        3        84
    29        3        96
    30        3       108
    31        4        0
    32        4        12
    33        4        24
    34        4        36
    35        4        48
    36        4        60
    37        4        72
    38        4        84
    39        4        96
    40        4       108
    41        5        0
    42        5        12
    43        5        24
    44        5        36
    45        5        48
    46        5        60
    47        5        72
    48        5        84
    49        5        96
    50        5       108
    51        6        0
    52        6        12
    53        6        24
    54        6        36
    55        6        48
    56        6        60
    57        6        72
    58        6        84
    59        6        96
    60        6       108
    61        7         0
    62        7         12
    63        7         24
    64        7         36
    65        7         48
    66        7         60
    67        7         72
    68        7         84
    69        7         96
    70        7        108
    71        8         0
    72        8         12
    73        8         24
    74        8         36
    75        8         48
    76        8         60
    77        8         72
    78        8         84
    79        8         96
    80        8        108
    81        9         0
    82        9         12
    83        9         24
    84        9         36
    85        9         48
    86        9         60
    87        9         72
    88        9         84
    89        9         96
    90        9        108
    91        10         0
    92        10         12
    93        10         24
    94        10         36
    95        10         48
    96        10         60
    97        10         72
    98        10         84
    99        10         96
   100        10        108
   101        11         0
   102        11         12
   103        11         24
   104        11         36
   105        11         48
   106        11         60
   107        11         72
   108        11         84
   109        11         96
   110        11        108
   111        12         0
   112        12         12
   113        12         24
   114        12         36
   115        12         48
   116        12         60
   117        12         72
   118        12         84
   119        12         96
   120        12        108
   121        13         0
   122        13         12
   123        13         24
   124        13         36
   125        13         48
   126        13         60
   127        13         72
   128        13         84
   129        13         96
   130        13        108
   131        14         0
   132        14         12
   133        14         24
   134        14         36
   135        14         48
   136        14         60
   137        14         72
   138        14         84
   139        14         96
   140        14        108
   141        15         0
   142        15         12
   143        15         24
   144        15         36
   145        15         48
   146        15         60
   147        15         72
   148        15         84
   149        15         96
   150        15        108
