# energy [MeV] vs. diff. cs per electron [Mbarn / MeV]
8.78748e-06  0
8.88297e-06  0
8.97949e-06  0
9.07706e-06  0
9.17568e-06  0
9.27539e-06  0
9.37617e-06  0
9.47805e-06  0
9.58104e-06  0
9.68514e-06  0
9.79038e-06  0
9.89676e-06  0
1.00043e-05  0
1.0113e-05  0
1.02229e-05  0
1.0334e-05  0
1.04462e-05  0
1.05598e-05  0
1.06745e-05  0
1.07905e-05  0
1.09077e-05  0
1.10263e-05  0
1.11461e-05  0
1.12672e-05  0
1.13896e-05  0
1.15134e-05  0
1.16385e-05  0
1.17649e-05  0
1.18928e-05  0
1.2022e-05  0
1.21526e-05  0
1.22846e-05  0
1.24181e-05  0
1.25531e-05  0
1.26895e-05  1624.87
1.28273e-05  1929.11
1.29667e-05  1852.69
1.31076e-05  1788.98
1.325e-05  1731.95
1.3394e-05  1680.39
1.35395e-05  1633.7
1.36867e-05  1591.59
1.38354e-05  1553.93
1.39857e-05  1520.69
1.41377e-05  1492
1.42913e-05  1468.07
1.44466e-05  1449.33
1.46036e-05  1436.42
1.47622e-05  1430.38
1.49226e-05  1432.91
1.50848e-05  1446.98
1.52487e-05  1478.37
1.54144e-05  1540.83
1.55819e-05  1747.55
1.57512e-05  4015.34
1.59223e-05  5249.25
1.60953e-05  5574.53
1.62702e-05  5453.91
1.6447e-05  5376.65
1.66257e-05  5315.21
1.68064e-05  5267.94
1.6989e-05  5229.42
1.71736e-05  5192.2
1.73602e-05  5158.85
1.75488e-05  5131.4
1.77395e-05  5103.08
1.79323e-05  5078.31
1.81271e-05  5054.52
1.83241e-05  5029.97
1.85232e-05  4986.62
1.87244e-05  4929.06
1.89279e-05  4862.07
1.91336e-05  4796
1.93415e-05  4730.17
1.95516e-05  4664.63
1.97641e-05  4598.37
1.99788e-05  4531.01
2.01959e-05  4462.41
2.04154e-05  4395.34
2.06372e-05  4329.56
2.08614e-05  4264.76
2.10881e-05  4201.75
2.13172e-05  4139.89
2.15489e-05  4078.5
2.1783e-05  4017.96
2.20197e-05  3955.89
2.2259e-05  3889.52
2.25008e-05  3821.86
2.27453e-05  3754.57
2.29925e-05  3688.34
2.32423e-05  3623.84
2.34948e-05  3560.67
2.37501e-05  3498.7
2.40082e-05  3438.09
2.42691e-05  3377.78
2.45328e-05  3317.92
2.47993e-05  3259.33
2.50688e-05  3199.8
2.53412e-05  3137.44
2.56165e-05  3067.2
2.58949e-05  2997.14
2.61762e-05  2929.13
2.64607e-05  2862.46
2.67482e-05  2797.21
2.70388e-05  2733.05
2.73326e-05  2670.25
2.76296e-05  2606.25
2.79298e-05  2539.47
2.82333e-05  2464.99
2.85401e-05  2391.34
2.88502e-05  2316.5
2.91637e-05  2231.52
2.94806e-05  2185.2
2.98009e-05  2118.34
3.01247e-05  2047.96
3.0452e-05  1967.56
3.07829e-05  1882.25
3.11174e-05  1801.4
3.14555e-05  1724.17
3.17973e-05  1650.11
3.21428e-05  1579.84
3.24921e-05  1512.51
3.28451e-05  1446.85
3.3202e-05  1381.56
3.35628e-05  1315.38
3.39274e-05  1250.23
3.42961e-05  1188.82
3.46687e-05  1130.4
3.50454e-05  1074.51
3.54262e-05  1021.64
3.58112e-05  970.811
3.62003e-05  911.981
3.65936e-05  833.97
3.69913e-05  762.952
3.73932e-05  697.686
3.77995e-05  637.748
3.82102e-05  571.122
3.86254e-05  504.787
3.90451e-05  443.477
3.94694e-05  391.289
3.98982e-05  345.476
4.03317e-05  306.291
4.077e-05  272.889
4.1213e-05  243.51
4.16608e-05  218.252
4.21135e-05  196.706
4.25711e-05  178.501
4.30336e-05  163.775
4.35012e-05  150.791
4.39739e-05  139.453
4.44517e-05  130.038
4.49347e-05  123.307
4.5423e-05  117.361
4.59165e-05  111.979
4.64154e-05  108.211
4.69198e-05  105.028
4.74296e-05  102.161
4.7945e-05  99.3763
4.84659e-05  96.8228
4.89925e-05  94.4855
4.95249e-05  92.2739
5.0063e-05  90.1297
5.0607e-05  88.168
5.11569e-05  86.7938
5.17127e-05  85.5151
5.22746e-05  84.2692
5.28426e-05  83.0553
5.34168e-05  81.8722
5.39972e-05  80.773
5.45839e-05  79.8769
5.5177e-05  79.093
5.57766e-05  78.3763
5.63826e-05  77.6921
5.69953e-05  77.0333
5.76146e-05  76.4171
5.82406e-05  75.8691
5.88734e-05  75.4404
5.95131e-05  75.074
6.01598e-05  74.7301
6.08135e-05  74.4119
6.14742e-05  74.1155
6.21422e-05  73.8422
6.28174e-05  73.6069
6.35e-05  73.3958
6.419e-05  73.1875
6.48874e-05  72.8087
6.55925e-05  72.2889
6.63052e-05  71.6286
6.70257e-05  70.9643
6.7754e-05  70.3165
6.84902e-05  69.695
6.92344e-05  69.1001
6.99866e-05  68.5218
7.07471e-05  67.9529
7.15158e-05  67.3925
7.22929e-05  66.7169
7.30784e-05  65.8849
7.38725e-05  65.0532
7.46751e-05  64.2436
7.54865e-05  63.4596
7.63068e-05  62.6889
7.71359e-05  61.9215
7.7974e-05  61.1601
7.88213e-05  60.4252
7.96777e-05  59.6257
8.05435e-05  58.7483
8.14187e-05  57.789
8.23033e-05  56.8233
8.31976e-05  55.8694
8.41016e-05  54.9466
8.50155e-05  54.0418
8.59392e-05  53.1526
8.6873e-05  52.2791
8.7817e-05  51.421
8.87712e-05  50.5775
8.97357e-05  49.7487
9.07108e-05  48.9343
9.16964e-05  48.1337
9.26928e-05  47.3466
9.37e-05  46.5729
9.47181e-05  45.8123
9.57473e-05  45.0628
9.67876e-05  44.2836
9.78393e-05  43.4653
9.89024e-05  42.5745
9.99771e-05  41.6955
0.000101063  40.836
0.000102162  40.0025
0.000103272  39.1843
0.000104394  38.3801
0.000105528  37.5902
0.000106675  36.8144
0.000107834  36.0518
0.000109005  35.3035
0.00011019  34.5786
0.000111387  33.8739
0.000112598  33.1895
0.000113821  32.5074
0.000115058  31.8389
0.000116308  31.1901
0.000117572  30.5523
0.000118849  29.8718
0.000120141  29.1255
0.000121446  28.3739
0.000122766  27.6316
0.0001241  26.904
0.000125448  26.1996
0.000126811  25.5156
0.000128189  24.8514
0.000129582  24.2034
0.00013099  23.5723
0.000132413  22.9581
0.000133852  22.3605
0.000135306  21.7787
0.000136777  21.2148
0.000138263  20.6822
0.000139765  20.1817
0.000141284  19.7063
0.000142819  19.2419
0.000144371  18.7891
0.000145939  18.3469
0.000147525  17.9152
0.000149128  17.4941
0.000150749  17.0826
0.000152387  16.6817
0.000154042  16.2908
0.000155716  15.9089
0.000157408  15.5362
0.000159118  15.1727
0.000160847  14.8177
0.000162595  14.4713
0.000164362  14.1332
0.000166148  13.8029
0.000167953  13.4812
0.000169778  13.1668
0.000171623  12.8596
0.000173488  12.5598
0.000175373  12.2554
0.000177278  11.9501
0.000179205  11.6453
0.000181152  11.3486
0.00018312  11.0592
0.00018511  10.7777
0.000187121  10.5047
0.000189154  10.2387
0.00019121  9.97676
0.000193287  9.6956
0.000195388  9.41313
0.000197511  9.13673
0.000199657  8.87022
0.000201826  8.61189
0.000204019  8.36215
0.000206236  8.12198
0.000208477  7.88982
0.000210742  7.66626
0.000213032  7.45403
0.000215347  7.25472
0.000217687  7.06858
0.000220052  6.89094
0.000222443  6.72259
0.00022486  6.56506
0.000227303  6.42101
0.000229773  6.29644
0.00023227  6.20499
0.000234794  6.18035
0.000237345  6.27764
0.000239924  6.54564
0.000242531  7.06563
0.000245166  8.45845
0.00024783  22.8521
0.000250523  51.0607
0.000253245  47.4855
0.000255997  45.1633
0.000258778  43.1374
0.00026159  41.292
0.000264432  39.6211
0.000267306  38.1227
0.00027021  36.7025
0.000273146  35.3462
0.000276114  34.0529
0.000279114  32.7619
0.000282147  31.5124
0.000285213  31.0474
0.000288312  30
0.000291445  28.8603
0.000294611  27.8068
0.000297813  27.1103
0.000301049  26.5432
0.00030432  25.9863
0.000307626  25.4419
0.000310969  24.9074
0.000314348  24.3822
0.000317764  23.8697
0.000321216  23.3681
0.000324707  22.8601
0.000328235  22.4202
0.000331801  21.9302
0.000335407  21.4631
0.000339051  20.9706
0.000342735  20.3592
0.000346459  19.6033
0.000350224  18.8796
0.000354029  18.1862
0.000357876  17.5307
0.000361765  16.9468
0.000365695  16.3884
0.000369669  15.8466
0.000373686  15.328
0.000377746  14.8225
0.000381851  14.334
0.000386  13.8597
0.000390194  13.4018
0.000394434  12.9605
0.000398719  12.5354
0.000403052  12.1234
0.000407431  11.7248
0.000411858  11.3384
0.000416334  10.9666
0.000420857  10.6084
0.00042543  10.2618
0.000430053  9.93536
0.000434726  9.62695
0.000439449  9.33389
0.000444224  9.05117
0.000449051  8.77831
0.000453931  8.51478
0.000458863  8.25826
0.000463849  8.00897
0.000468889  7.76623
0.000473984  7.53221
0.000479134  7.30588
0.00048434  7.08556
0.000489603  6.87116
0.000494923  6.66395
0.0005003  6.46455
0.000505736  6.27075
0.000511232  6.08267
0.000516787  5.89988
0.000522402  5.72228
0.000528078  5.54789
0.000533816  5.37467
0.000539617  5.20581
0.00054548  5.04185
0.000551407  4.88234
0.000557398  4.72395
0.000563455  4.5691
0.000569577  4.41849
0.000575766  4.27407
0.000582022  4.1349
0.000588347  4.00057
0.000594739  3.87085
0.000601202  3.7456
0.000607734  3.62464
0.000614338  3.50756
0.000621013  3.39435
0.000627761  3.28469
0.000634582  3.17753
0.000641477  3.0725
0.000648447  2.96971
0.000655493  2.86971
0.000662616  2.77294
0.000669815  2.68
0.000677093  2.59284
0.000684451  2.51025
0.000691888  2.4314
0.000699406  2.35534
0.000707005  2.28031
0.000714687  2.2065
0.000722453  2.13402
0.000730303  2.06394
0.000738238  1.99626
0.00074626  1.93082
0.000754368  1.86758
0.000762565  1.80638
0.000770851  1.74695
0.000779227  1.68885
0.000787694  1.6322
0.000796253  1.57682
0.000804905  1.52352
0.000813651  1.47212
0.000822492  1.42245
0.000831429  1.37448
0.000840463  1.32823
0.000849595  1.28372
0.000858827  1.24093
0.000868158  1.19972
0.000877592  1.16001
0.000887127  1.12177
0.000896767  1.08482
0.000906511  1.04904
0.000916361  1.0145
0.000926318  0.981119
0.000936383  0.948797
0.000946557  0.917396
0.000956842  0.887078
0.000967239  0.857867
0.000977749  0.829641
0.000988373  0.802382
0.000999112  0.77606
0.00100997  0.750658
0.00102094  0.726156
0.00103204  0.702492
0.00104325  0.679456
0.00105459  0.65714
0.00106604  0.635567
0.00107763  0.614808
0.00108934  0.594758
0.00110117  0.57538
0.00111314  0.556655
0.00112523  0.538574
0.00113746  0.52112
0.00114982  0.504281
0.00116231  0.487956
0.00117494  0.472182
0.00118771  0.457085
0.00120061  0.44239
0.00121366  0.42816
0.00122685  0.414567
0.00124018  0.401338
0.00125365  0.388491
0.00126728  0.376055
0.00128105  0.364024
0.00129497  0.352391
0.00130904  0.341146
0.00132326  0.330366
0.00133764  0.319948
0.00135217  0.309781
0.00136687  0.299989
0.00138172  0.290544
0.00139673  0.28142
0.00141191  0.272612
0.00142725  0.264098
0.00144276  0.255861
0.00145843  0.24792
0.00147428  0.240255
0.0014903  0.232858
0.00150649  0.225779
0.00152286  0.218954
0.00153941  0.212351
0.00155614  0.205969
0.00157304  0.199795
0.00159014  0.193821
0.00160742  0.18803
0.00162488  0.182427
0.00164254  0.177009
0.00166038  0.171763
0.00167843  0.166684
0.00169666  0.161767
0.0017151  0.157002
0.00173373  0.152383
0.00175257  0.147902
0.00177162  0.143558
0.00179087  0.139347
0.00181032  0.135268
0.00183  0.131323
0.00184988  0.127499
0.00186998  0.123793
0.0018903  0.120206
0.00191084  0.116731
0.0019316  0.113364
0.00195259  0.11011
0.00197381  0.10695
0.00199525  0.103886
0.00201693  0.100933
0.00203885  0.0980573
0.002061  0.0952604
0.0020834  0.0925506
0.00210603  0.0899258
0.00212892  0.0873818
0.00215205  0.0849131
0.00217543  0.0825187
0.00219907  0.0801949
0.00222297  0.0779364
0.00224712  0.0757524
0.00227154  0.0736362
0.00229622  0.0715807
0.00232117  0.0695848
0.00234639  0.0676478
0.00237189  0.065768
0.00239766  0.063949
0.00242371  0.0621842
0.00245005  0.060468
0.00247667  0.0588041
0.00250358  0.0571887
0.00253078  0.0556188
0.00255828  0.0540979
0.00258608  0.052622
0.00261418  0.0511882
0.00264258  0.0497958
0.0026713  0.0484439
0.00270032  0.0471316
0.00272966  0.0458579
0.00275932  0.0446221
0.00278931  0.0434226
0.00281961  0.0422547
0.00285025  0.0411213
0.00288122  0.0400225
0.00291253  0.038958
0.00294417  0.0379208
0.00297617  0.0369102
0.0030085  0.0359321
0.00304119  0.0349856
0.00307424  0.0340686
0.00310764  0.0331749
0.00314141  0.0323094
0.00317554  0.0314896
0.00321005  0.0723221
0.00324493  0.0947253
0.00328019  0.0914073
0.00331583  0.0883361
0.00335186  0.085399
0.00338828  0.0825697
0.00342509  0.0798456
0.00346231  0.0772198
0.00349993  0.074679
0.00353796  0.0722259
0.0035764  0.0698549
0.00361526  0.0675586
0.00365455  0.0653486
0.00369426  0.0632117
0.0037344  0.0611393
0.00377497  0.0591403
0.00381599  0.0572117
0.00385746  0.0553428
0.00389937  0.0535383
0.00394174  0.0517935
0.00398457  0.0501029
0.00402786  0.0484748
0.00407163  0.0468995
0.00411587  0.0453721
0.00416059  0.0439001
0.0042058  0.0424803
0.0042515  0.0411036
0.0042977  0.0397725
0.0043444  0.0384875
0.0043916  0.0372434
0.00443932  0.0360435
0.00448756  0.0348839
0.00453632  0.0337603
0.00458561  0.0326755
0.00463543  0.0316282
0.0046858  0.0306133
0.00473672  0.0296321
0.00478818  0.0286859
0.00484021  0.0277667
0.0048928  0.0268826
0.00494597  0.0260267
0.00499971  0.0252004
0.00505404  0.0244025
0.00510895  0.0236283
0.00516446  0.0228815
0.00522058  0.022161
0.00527731  0.0214626
0.00533465  0.0207881
0.00539261  0.0201366
0.00545121  0.0195058
0.00551044  0.0188955
0.00557031  0.0183057
0.00563084  0.0177377
0.00569202  0.017187
0.00575387  0.0166537
0.00581639  0.0161386
0.00587959  0.0156394
0.00594348  0.0151564
0.00600806  0.0146905
0.00607334  0.0142394
0.00613933  0.0138034
0.00620604  0.0133833
0.00627347  0.0129751
0.00634164  0.0125794
0.00641055  0.0121968
0.0064802  0.011829
0.00655062  0.0114735
0.00662179  0.0111283
0.00669374  0.010793
0.00676648  0.0104687
0.00684  0.0101557
0.00691432  0.00985213
0.00698945  0.00955873
0.0070654  0.00927591
0.00714217  0.00900186
0.00721977  0.00873552
0.00729822  0.0084762
0.00737752  0.00822759
0.00745768  0.00798719
0.00753872  0.0077538
0.00762063  0.00752772
0.00770344  0.00730872
0.00778714  0.00709657
0.00787175  0.00689126
0.00795729  0.00669243
0.00804375  0.00649982
0.00813115  0.00631331
0.0082195  0.00613266
0.00830881  0.00595763
0.00839909  0.005788
0.00849036  0.00562355
0.00858261  0.00546415
0.00867587  0.00530981
0.00877014  0.00516029
0.00886543  0.00501541
0.00896176  0.00487497
0.00905914  0.00473877
0.00915757  0.00460668
0.00925708  0.00447861
0.00935766  0.00435448
0.00945934  0.00423414
0.00956212  0.00411742
0.00966602  0.00400425
0.00977105  0.0038945
0.00987722  0.003788
0.00998455  0.0036847
0.010093  0.00358451
0.0102027  0.00348738
0.0103136  0.00339311
0.0104256  0.0033016
0.0105389  0.0032127
0.0106534  0.00312646
0.0107692  0.00304279
0.0108862  0.00296156
0.0110045  0.00288272
0.0111241  0.0028062
0.0112449  0.00273196
0.0113671  0.00265984
0.0114906  0.0025898
0.0116155  0.00252178
0.0117417  0.00245564
0.0118693  0.00239139
0.0119982  0.00232903
0.0121286  0.00226843
0.0122604  0.0022096
0.0123936  0.00215251
0.0125283  0.00209696
0.0126644  0.00204293
0.012802  0.00199036
0.0129411  0.00193934
0.0130817  0.00188975
0.0132239  0.00184154
0.0133676  0.00179477
0.0135128  0.00174928
0.0136597  0.00170497
0.0138081  0.00166181
0.0139581  0.00161993
0.0141098  0.00157927
0.0142631  0.0015396
0.0144181  0.00150104
0.0145747  0.00146358
0.0147331  0.00142713
0.0148932  0.00139167
0.015055  0.00135715
0.0152186  0.0013235
0.015384  0.00129076
0.0155511  0.00125892
0.0157201  0.00122797
0.0158909  0.00119781
0.0160636  0.00116846
0.0162381  0.00113994
0.0164145  0.00111213
0.0165929  0.00108503
0.0167732  0.00105866
0.0169555  0.00103298
0.0171397  0.00100796
0.0173259  0.000983599
0.0175142  0.000959879
0.0177045  0.000936778
0.0178969  0.000914267
0.0180913  0.00089233
0.0182879  0.000870961
0.0184866  0.000850152
0.0186875  0.000829867
0.0188905  0.000810096
0.0190958  0.000790832
0.0193033  0.000772063
0.019513  0.000753771
0.0197251  0.00073594
0.0199394  0.000718559
0.020156  0.000701615
0.0203751  0.000685095
0.0205964  0.000668991
0.0208202  0.000653293
0.0210465  0.00063799
0.0212752  0.000623064
0.0215063  0.000608511
0.02174  0.000594322
0.0219762  0.000580486
0.022215  0.00056699
0.0224564  0.000553826
0.0227004  0.000540985
0.0229471  0.000528462
0.0231964  0.000516247
0.0234485  0.000504329
0.0237032  0.000492704
0.0239608  0.000481361
0.0242211  0.000470291
0.0244843  0.000459489
0.0247504  0.00044895
0.0250193  0.000438672
0.0252912  0.000428636
0.025566  0.000418838
0.0258438  0.00040928
0.0261246  0.000399952
0.0264084  0.000390848
0.0266954  0.000381963
0.0269854  0.000373289
0.0272787  0.00036482
0.0275751  0.000356551
0.0278747  0.000348479
0.0281776  0.000340599
0.0284837  0.000332907
0.0287932  0.000325394
0.0291061  0.000318057
0.0294224  0.000310891
0.0297421  0.000303898
0.0300652  0.000297081
0.0303919  0.000290456
0.0307221  0.000283985
0.031056  0.000277663
0.0313934  0.000271486
0.0317345  0.00026545
0.0320793  0.000259553
0.0324279  0.00025379
0.0327803  0.000248159
0.0331365  0.000242656
0.0334965  0.000237278
0.0338605  0.000232023
0.0342284  0.000226888
0.0346003  0.000221869
0.0349763  0.000216964
0.0353563  0.00021217
0.0357405  0.000207485
0.0361288  0.000202906
0.0365214  0.00019843
0.0369182  0.000194056
0.0373194  0.00018978
0.0377249  0.0001856
0.0381348  0.000181515
0.0385492  0.000177521
0.038968  0.000173618
0.0393914  0.000169802
0.0398195  0.000166072
0.0402521  0.000162425
0.0406895  0.00015886
0.0411316  0.000155375
0.0415786  0.000151968
0.0420303  0.000148637
0.042487  0.000145381
0.0429487  0.000142197
0.0434154  0.000139085
0.0438871  0.000136041
0.044364  0.000133066
0.044846  0.000130157
0.0453333  0.000127312
0.0458259  0.000124531
0.0463238  0.000121811
0.0468272  0.000119152
0.047336  0.000116552
0.0478503  0.000114009
0.0483702  0.000111523
0.0488958  0.000109092
0.0494271  0.000106715
0.0499642  0.00010439
0.0505071  0.000102117
0.0510559  9.9894e-05
0.0516106  9.77201e-05
0.0521714  9.55941e-05
0.0527383  9.3515e-05
0.0533113  9.14817e-05
0.0538906  8.94933e-05
0.0544762  8.75486e-05
0.0550681  8.56468e-05
0.0556665  8.37868e-05
0.0562713  8.19677e-05
0.0568828  8.01885e-05
0.0575008  7.84485e-05
0.0581256  7.67466e-05
0.0587572  7.50822e-05
0.0593956  7.34542e-05
0.060041  7.18619e-05
0.0606934  7.03045e-05
0.0613529  6.87813e-05
0.0620195  6.72914e-05
0.0626934  6.58341e-05
0.0633746  6.44087e-05
0.0640633  6.30145e-05
0.0647594  6.16508e-05
0.065463  6.03168e-05
0.0661743  5.9012e-05
0.0668934  5.77357e-05
0.0676202  5.64873e-05
0.068355  5.52661e-05
0.0690977  5.40715e-05
0.0698485  5.2903e-05
0.0706074  5.176e-05
0.0713746  5.06419e-05
0.0721502  4.95481e-05
0.0729342  4.84782e-05
0.0737266  4.74315e-05
0.0745277  4.64076e-05
0.0753375  4.5406e-05
0.0761561  4.44262e-05
0.0769836  4.34677e-05
0.0778201  4.253e-05
0.0786657  4.16127e-05
0.0795205  4.07153e-05
0.0803845  3.98374e-05
0.081258  3.89786e-05
0.0821409  3.81384e-05
0.0830334  3.73165e-05
0.0839356  3.65123e-05
0.0848477  3.57256e-05
0.0857696  3.4956e-05
0.0867015  3.42031e-05
0.0876436  3.34664e-05
0.0885959  3.27458e-05
0.0895586  3.20407e-05
0.0905317  3.13509e-05
0.0915154  3.06761e-05
0.0925098  3.00158e-05
0.093515  2.93699e-05
0.0945311  2.87379e-05
0.0955583  2.81196e-05
0.0965966  2.75146e-05
0.0976462  2.69228e-05
0.0987072  2.63437e-05
0.0997797  2.57772e-05
0.100864  2.52229e-05
0.10196  2.46805e-05
0.103068  2.41499e-05
0.104188  2.36308e-05
0.10532  2.31228e-05
0.106464  2.26259e-05
0.107621  2.21396e-05
0.10879  2.16639e-05
0.109972  2.11984e-05
0.111167  2.07429e-05
0.112375  2.02973e-05
0.113596  1.98613e-05
0.114831  1.94347e-05
0.116078  1.90173e-05
0.11734  1.86089e-05
0.118615  1.82093e-05
0.119903  1.78183e-05
0.121206  1.74357e-05
0.122523  1.70614e-05
0.123855  1.66951e-05
0.1252  1.63368e-05
0.126561  1.59861e-05
0.127936  1.5643e-05
0.129326  1.53073e-05
0.130731  1.49788e-05
0.132152  1.46574e-05
0.133588  1.43429e-05
0.135039  1.40352e-05
0.136507  1.3734e-05
0.13799  1.34394e-05
0.139489  1.31511e-05
0.141005  1.2869e-05
0.142537  1.2593e-05
0.144086  1.23229e-05
0.145651  1.20586e-05
0.147234  1.18e-05
0.148834  1.1547e-05
0.150451  1.12994e-05
0.152086  1.10571e-05
0.153738  1.08201e-05
0.155409  1.05881e-05
0.157097  1.03611e-05
0.158804  1.0139e-05
0.16053  9.92163e-06
0.162274  9.70896e-06
0.164037  9.50086e-06
0.16582  9.29722e-06
0.167622  9.09796e-06
0.169443  8.90298e-06
0.171284  8.71219e-06
0.173145  8.52549e-06
0.175027  8.3428e-06
0.176928  8.16403e-06
0.178851  7.9891e-06
0.180794  7.81793e-06
0.182759  7.65043e-06
0.184744  7.48652e-06
0.186752  7.32613e-06
0.188781  7.16919e-06
0.190832  7.01561e-06
0.192906  6.86532e-06
0.195002  6.71826e-06
0.197121  6.57436e-06
0.199263  6.43354e-06
0.201428  6.29575e-06
0.203616  6.1609e-06
0.205829  6.02896e-06
0.208065  5.89984e-06
0.210326  5.77349e-06
0.212611  5.64985e-06
0.214922  5.52886e-06
0.217257  5.41046e-06
0.219618  5.29461e-06
0.222004  5.18124e-06
0.224416  5.07029e-06
0.226855  4.96173e-06
0.22932  4.8555e-06
0.231811  4.75154e-06
0.23433  4.64981e-06
0.236876  4.55026e-06
0.23945  4.45284e-06
0.242052  4.35751e-06
0.244682  4.26423e-06
0.247341  4.17294e-06
0.250028  4.08361e-06
0.252745  3.99619e-06
