 (   j       E[eV]      E^2*sig          sig          SIG        
     1        8.74  9.32520E-02  1.22189E-03  3.91487E-06
     2        8.83  2.88100E-01  3.69412E-03  1.58795E-05
     3        8.93  7.73387E-01  9.70414E-03  4.76519E-05
     4        9.02  1.72319E+00  2.11586E-02  1.17682E-04
     5        9.12  3.21675E+00  3.86512E-02  2.47001E-04
     6        9.22  5.17296E+00  6.08245E-02  4.52723E-04
     7        9.32  7.44781E+00  8.56959E-02  7.45722E-04
     8        9.42  9.83968E+00  1.10791E-01  1.12865E-03
     9        9.53  1.20731E+01  1.33025E-01  1.59343E-03
    10        9.63  1.38343E+01  1.49165E-01  2.12028E-03
    11        9.74  1.50263E+01  1.58546E-01  2.68635E-03
    12        9.84  1.56500E+01  1.61588E-01  3.26958E-03
    13        9.95  1.57784E+01  1.59423E-01  3.85125E-03
    14       10.06  1.56885E+01  1.55119E-01  4.42338E-03
    15       10.17  1.57141E+01  1.52042E-01  4.99027E-03
    16       10.28  1.60917E+01  1.52359E-01  5.56453E-03
    17       10.39  1.66659E+01  1.54414E-01  6.15287E-03
    18       10.50  1.71707E+01  1.55683E-01  6.75251E-03
    19       10.62  1.94268E+01  1.72364E-01  7.42362E-03
    20       10.73  1.93880E+01  1.68334E-01  8.08618E-03
    21       10.85  2.73705E+01  2.32549E-01  9.01146E-03
    22       10.97  3.29663E+01  2.74091E-01  1.01139E-02
    23       11.09  7.06169E+01  5.74546E-01  1.24500E-02
    24       11.21  1.11206E+02  8.85396E-01  1.60892E-02
    25       11.33  1.81184E+02  1.41163E+00  2.19545E-02
    26       11.45  2.42515E+02  1.84899E+00  2.97207E-02
    27       11.58  2.74759E+02  2.04993E+00  3.84247E-02
    28       11.70  3.06124E+02  2.23500E+00  4.80178E-02
    29       11.83  3.07610E+02  2.19773E+00  5.75537E-02
    30       11.96  2.91649E+02  2.03905E+00  6.64974E-02
    31       12.09  2.25910E+02  1.54559E+00  7.33505E-02
    32       12.22  1.86552E+02  1.24897E+00  7.89487E-02
    33       12.35  1.48717E+02  9.74331E-01  8.33634E-02
    34       12.49  1.21766E+02  7.80661E-01  8.69392E-02
    35       12.63  1.09951E+02  6.89809E-01  9.01332E-02
    36       12.76  9.28151E+01  5.69825E-01  9.28004E-02
    37       12.90  7.92918E+01  4.76370E-01  9.50544E-02
    38       13.04  7.57838E+01  4.45539E-01  9.71855E-02
    39       13.18  8.00503E+01  4.60537E-01  9.94123E-02
    40       13.33  8.43291E+01  4.74757E-01  1.01733E-01
    41       13.47  1.05909E+02  5.83470E-01  1.04616E-01
    42       13.62  1.54373E+02  8.32244E-01  1.08773E-01
    43       13.77  2.18734E+02  1.15395E+00  1.14600E-01
    44       13.92  2.81767E+02  1.45464E+00  1.22025E-01
    45       14.07  3.20078E+02  1.61702E+00  1.30368E-01
    46       14.22  3.36243E+02  1.66228E+00  1.39039E-01
    47       14.38  3.32987E+02  1.61091E+00  1.47533E-01
    48       14.53  3.16159E+02  1.49672E+00  1.55511E-01
    49       14.69  3.13436E+02  1.45204E+00  1.63335E-01
    50       14.85  3.19007E+02  1.44618E+00  1.71213E-01
    51       15.01  3.33186E+02  1.47810E+00  1.79352E-01
    52       15.18  3.48930E+02  1.51477E+00  1.87783E-01
    53       15.34  3.56696E+02  1.51530E+00  1.96310E-01
    54       15.51  3.64360E+02  1.51469E+00  2.04926E-01
    55       15.68  3.75094E+02  1.52590E+00  2.13700E-01
    56       15.85  3.76883E+02  1.50033E+00  2.22421E-01
    57       16.02  4.23077E+02  1.64813E+00  2.32105E-01
    58       16.20  4.29931E+02  1.63894E+00  2.41841E-01
    59       16.37  4.39245E+02  1.63857E+00  2.51680E-01
    60       16.55  4.47184E+02  1.63244E+00  2.61589E-01
    61       16.73  4.54826E+02  1.62476E+00  2.71559E-01
    62       16.91  4.63054E+02  1.61870E+00  2.81600E-01
    63       17.10  4.71053E+02  1.61138E+00  2.91704E-01
    64       17.28  4.79125E+02  1.60388E+00  3.01871E-01
    65       17.47  4.87182E+02  1.59590E+00  3.12097E-01
    66       17.66  4.95336E+02  1.58784E+00  3.22383E-01
    67       17.85  5.03043E+02  1.57800E+00  3.32716E-01
    68       18.05  5.09804E+02  1.56494E+00  3.43075E-01
    69       18.25  5.16406E+02  1.55123E+00  3.53455E-01
    70       18.44  5.24028E+02  1.54040E+00  3.63875E-01
    71       18.65  5.31027E+02  1.52752E+00  3.74321E-01
    72       18.85  5.37482E+02  1.51296E+00  3.84779E-01
    73       19.05  5.44283E+02  1.49928E+00  3.95256E-01
    74       19.26  5.51306E+02  1.48608E+00  4.05753E-01
    75       19.47  5.57770E+02  1.47129E+00  4.16260E-01
    76       19.68  5.63678E+02  1.45501E+00  4.26763E-01
    77       19.90  5.69711E+02  1.43907E+00  4.37264E-01
    78       20.11  5.75688E+02  1.42301E+00  4.47761E-01
    79       20.33  5.81599E+02  1.40682E+00  4.58252E-01
    80       20.55  5.87644E+02  1.39098E+00  4.68737E-01
    81       20.78  5.93468E+02  1.37467E+00  4.79213E-01
    82       21.00  5.98603E+02  1.35685E+00  4.89665E-01
    83       21.23  6.02921E+02  1.33735E+00  5.00079E-01
    84       21.46  6.07599E+02  1.31885E+00  5.10461E-01
    85       21.70  6.12597E+02  1.30120E+00  5.20816E-01
    86       21.93  6.17361E+02  1.28323E+00  5.31138E-01
    87       22.17  6.21396E+02  1.26394E+00  5.41417E-01
    88       22.41  6.24635E+02  1.24330E+00  5.51637E-01
    89       22.66  6.27913E+02  1.22304E+00  5.61801E-01
    90       22.91  6.31533E+02  1.20374E+00  5.71913E-01
    91       23.15  6.35034E+02  1.18447E+00  5.81971E-01
    92       23.41  6.37411E+02  1.16343E+00  5.91958E-01
    93       23.66  6.38301E+02  1.14009E+00  6.01852E-01
    94       23.92  6.40429E+02  1.11938E+00  6.11672E-01
    95       24.18  6.44627E+02  1.10257E+00  6.21449E-01
    96       24.44  6.47356E+02  1.08352E+00  6.31162E-01
    97       24.71  6.47817E+02  1.06105E+00  6.40778E-01
    98       24.98  6.48439E+02  1.03931E+00  6.50299E-01
    99       25.25  6.48291E+02  1.01681E+00  6.59715E-01
   100       25.53  6.45442E+02  9.90650E-01  6.68989E-01
   101       25.80  6.48641E+02  9.74227E-01  6.78208E-01
   102       26.08  6.65527E+02  9.78170E-01  6.87566E-01
   103       26.37  6.66877E+02  9.59151E-01  6.96841E-01
   104       26.66  6.25331E+02  8.80125E-01  7.05445E-01
   105       26.95  5.89644E+02  8.12115E-01  7.13471E-01
   106       27.24  6.02739E+02  8.12362E-01  7.21586E-01
   107       27.54  6.09199E+02  8.03475E-01  7.29700E-01
   108       27.84  6.15870E+02  7.94867E-01  7.37815E-01
   109       28.14  5.84498E+02  7.38213E-01  7.45433E-01
   110       28.44  5.93017E+02  7.32923E-01  7.53079E-01
   111       28.75  5.82795E+02  7.04855E-01  7.60513E-01
   112       29.07  5.43102E+02  6.42774E-01  7.67365E-01
   113       29.38  5.24030E+02  6.06912E-01  7.73905E-01
   114       29.70  5.20527E+02  5.89937E-01  7.80332E-01
   115       30.03  5.09588E+02  5.65164E-01  7.86556E-01
   116       30.35  4.94650E+02  5.36841E-01  7.92533E-01
   117       30.69  4.80083E+02  5.09867E-01  7.98271E-01
   118       31.02  4.66331E+02  4.84650E-01  8.03784E-01
   119       31.36  4.53164E+02  4.60874E-01  8.09085E-01
   120       31.70  4.39238E+02  4.37139E-01  8.14167E-01
   121       32.04  4.22856E+02  4.11818E-01  8.19006E-01
   122       32.39  4.04737E+02  3.85725E-01  8.23589E-01
   123       32.75  3.86969E+02  3.60889E-01  8.27923E-01
   124       33.10  3.70627E+02  3.38242E-01  8.32029E-01
   125       33.46  3.54832E+02  3.16888E-01  8.35918E-01
   126       33.83  3.38658E+02  2.95964E-01  8.39590E-01
   127       34.20  3.22001E+02  2.75376E-01  8.43043E-01
   128       34.57  3.05123E+02  2.55351E-01  8.46281E-01
   129       34.94  2.88412E+02  2.36194E-01  8.49308E-01
   130       35.32  2.72098E+02  2.18058E-01  8.52133E-01
   131       35.71  2.56597E+02  2.01229E-01  8.54768E-01
   132       36.10  2.41866E+02  1.85613E-01  8.57225E-01
   133       36.49  2.27890E+02  1.71140E-01  8.59516E-01
   134       36.89  2.14514E+02  1.57643E-01  8.61649E-01
   135       37.29  2.01791E+02  1.45115E-01  8.63633E-01
   136       37.70  1.89861E+02  1.33610E-01  8.65480E-01
   137       38.11  1.78731E+02  1.23083E-01  8.67201E-01
   138       38.52  1.67896E+02  1.13144E-01  8.68799E-01
   139       38.94  1.57795E+02  1.04058E-01  8.70285E-01
   140       39.37  1.48442E+02  9.57927E-02  8.71668E-01
   141       39.79  1.39325E+02  8.79828E-02  8.72952E-01
   142       40.23  1.30925E+02  8.09068E-02  8.74146E-01
   143       40.67  1.23578E+02  7.47302E-02  8.75260E-01
   144       41.11  1.17093E+02  6.92913E-02  8.76305E-01
   145       41.56  1.11298E+02  6.44508E-02  8.77287E-01
   146       42.01  1.06265E+02  6.02174E-02  8.78215E-01
   147       42.47  1.02028E+02  5.65776E-02  8.79096E-01
   148       42.93  9.81918E+01  5.32836E-02  8.79935E-01
   149       43.40  9.46241E+01  5.02473E-02  8.80735E-01
   150       43.87  9.16407E+01  4.76203E-02  8.81501E-01
   151       44.35  8.92662E+01  4.53925E-02  8.82239E-01
   152       44.83  8.73151E+01  4.34489E-02  8.82954E-01
   153       45.32  8.55817E+01  4.16738E-02  8.83646E-01
   154       45.81  8.39640E+01  4.00100E-02  8.84318E-01
   155       46.31  8.24903E+01  3.84654E-02  8.84972E-01
   156       46.81  8.13086E+01  3.71020E-02  8.85609E-01
   157       47.32  8.05196E+01  3.59546E-02  8.86233E-01
   158       47.84  8.02645E+01  3.50727E-02  8.86848E-01
   159       48.36  7.91378E+01  3.38394E-02  8.87448E-01
   160       48.89  7.91519E+01  3.31202E-02  8.88042E-01
   161       49.42  7.94582E+01  3.25359E-02  8.88632E-01
   162       49.96  7.98587E+01  3.19993E-02  8.89218E-01
   163       50.50  8.03808E+01  3.15183E-02  8.89802E-01
   164       51.05  8.09345E+01  3.10554E-02  8.90383E-01
   165       51.61  8.15186E+01  3.06092E-02  8.90962E-01
   166       52.17  8.21605E+01  3.01892E-02  8.91540E-01
   167       52.74  8.28838E+01  2.98024E-02  8.92117E-01
   168       53.31  8.37011E+01  2.94514E-02  8.92692E-01
   169       53.89  8.45990E+01  2.91295E-02  8.93268E-01
   170       54.48  8.55420E+01  2.88230E-02  8.93844E-01
   171       55.07  8.64794E+01  2.85145E-02  8.94420E-01
   172       55.67  8.73699E+01  2.81908E-02  8.94995E-01
   173       56.28  8.82599E+01  2.78677E-02  8.95571E-01
   174       56.89  8.92194E+01  2.75671E-02  8.96146E-01
   175       57.51  9.02506E+01  2.72882E-02  8.96721E-01
   176       58.14  9.13235E+01  2.70209E-02  8.97297E-01
   177       58.77  9.23701E+01  2.67449E-02  8.97874E-01
   178       59.41  9.33114E+01  2.64385E-02  8.98450E-01
   179       60.06  9.41940E+01  2.61167E-02  8.99025E-01
   180       60.71  9.51779E+01  2.58240E-02  8.99600E-01
   181       61.37  9.63044E+01  2.55698E-02  9.00176E-01
   182       62.04  9.74156E+01  2.53106E-02  9.00752E-01
   183       62.71  9.84041E+01  2.50196E-02  9.01327E-01
   184       63.40  9.93683E+01  2.47233E-02  9.01902E-01
   185       64.09  1.00482E+02  2.44646E-02  9.02477E-01
   186       64.79  1.01700E+02  2.42307E-02  9.03053E-01
   187       65.49  1.02878E+02  2.39861E-02  9.03629E-01
   188       66.20  1.03942E+02  2.37149E-02  9.04205E-01
   189       66.92  1.04974E+02  2.34373E-02  9.04780E-01
   190       67.65  1.06057E+02  2.31716E-02  9.05355E-01
   191       68.39  1.07169E+02  2.29128E-02  9.05929E-01
   192       69.14  1.08236E+02  2.26452E-02  9.06504E-01
   193       69.89  1.09229E+02  2.23632E-02  9.07077E-01
   194       70.65  1.10161E+02  2.20706E-02  9.07649E-01
   195       71.42  1.11047E+02  2.17715E-02  9.08219E-01
   196       72.20  1.11893E+02  2.14672E-02  9.08787E-01
   197       72.98  1.12680E+02  2.11550E-02  9.09354E-01
   198       73.78  1.13405E+02  2.08350E-02  9.09917E-01
   199       74.58  1.14097E+02  2.05128E-02  9.10478E-01
   200       75.39  1.14812E+02  2.01990E-02  9.11037E-01
   201       76.21  1.15558E+02  1.98947E-02  9.11593E-01
   202       77.04  1.16306E+02  1.95945E-02  9.12147E-01
   203       77.88  1.17012E+02  1.92910E-02  9.12698E-01
   204       78.73  1.17654E+02  1.89811E-02  9.13246E-01
   205       79.59  1.18227E+02  1.86649E-02  9.13791E-01
   206       80.45  1.18747E+02  1.83453E-02  9.14332E-01
   207       81.33  1.19215E+02  1.80229E-02  9.14870E-01
   208       82.22  1.19677E+02  1.77050E-02  9.15403E-01
   209       83.11  1.20160E+02  1.73956E-02  9.15934E-01
   210       84.02  1.20669E+02  1.70949E-02  9.16460E-01
   211       84.93  1.21172E+02  1.67983E-02  9.16984E-01
   212       85.86  1.21636E+02  1.65014E-02  9.17503E-01
   213       86.79  1.22044E+02  1.62019E-02  9.18019E-01
   214       87.74  1.22388E+02  1.58995E-02  9.18531E-01
   215       88.69  1.22674E+02  1.55952E-02  9.19038E-01
   216       89.66  1.22918E+02  1.52913E-02  9.19541E-01
   217       90.63  1.23127E+02  1.49891E-02  9.20039E-01
   218       91.62  1.23345E+02  1.46939E-02  9.20533E-01
   219       92.62  1.23590E+02  1.44076E-02  9.21022E-01
   220       93.63  1.23852E+02  1.41288E-02  9.21507E-01
   221       94.65  1.24101E+02  1.38538E-02  9.21988E-01
   222       95.68  1.24311E+02  1.35798E-02  9.22465E-01
   223       96.72  1.24463E+02  1.33051E-02  9.22936E-01
   224       97.77  1.24565E+02  1.30307E-02  9.23404E-01
   225       98.84  1.24640E+02  1.27592E-02  9.23866E-01
   226       99.91  1.24708E+02  1.24926E-02  9.24324E-01
   227      101.00  1.24784E+02  1.22324E-02  9.24777E-01
   228      102.10  1.24903E+02  1.19816E-02  9.25226E-01
   229      103.21  1.25078E+02  1.17413E-02  9.25670E-01
   230      104.34  1.25331E+02  1.15129E-02  9.26111E-01
   231      105.47  1.25627E+02  1.12928E-02  9.26548E-01
   232      106.62  1.25910E+02  1.10758E-02  9.26981E-01
   233      107.78  1.26114E+02  1.08560E-02  9.27410E-01
   234      108.96  1.26185E+02  1.06294E-02  9.27835E-01
   235      110.14  1.26154E+02  1.03991E-02  9.28255E-01
   236      111.34  1.26066E+02  1.01691E-02  9.28670E-01
   237      112.55  1.25980E+02  9.94444E-03  9.29080E-01
   238      113.78  1.25953E+02  9.72923E-03  9.29486E-01
   239      115.02  1.25979E+02  9.52272E-03  9.29888E-01
   240      116.27  1.26026E+02  9.32220E-03  9.30286E-01
   241      117.54  1.26052E+02  9.12431E-03  9.30679E-01
   242      118.82  1.26011E+02  8.92591E-03  9.31068E-01
   243      120.11  1.25892E+02  8.72635E-03  9.31452E-01
   244      121.42  1.25717E+02  8.52752E-03  9.31832E-01
   245      122.74  1.25541E+02  8.33309E-03  9.32207E-01
   246      124.08  1.25357E+02  8.14261E-03  9.32578E-01
   247      125.43  1.25120E+02  7.95303E-03  9.32944E-01
   248      126.79  1.24828E+02  7.76446E-03  9.33305E-01
   249      128.18  1.24512E+02  7.57887E-03  9.33661E-01
   250      129.57  1.24210E+02  7.39849E-03  9.34012E-01
   251      130.98  1.23921E+02  7.22308E-03  9.34359E-01
   252      132.41  1.23650E+02  7.05286E-03  9.34702E-01
   253      133.85  1.23311E+02  6.88281E-03  9.35040E-01
   254      135.31  1.23051E+02  6.72112E-03  9.35373E-01
   255      136.78  1.22126E+02  6.52765E-03  9.35701E-01
   256      138.27  1.27930E+02  6.69134E-03  9.36040E-01
   257      139.78  1.28252E+02  6.56446E-03  9.36377E-01
   258      141.30  1.27563E+02  6.38929E-03  9.36708E-01
   259      142.84  1.27156E+02  6.23242E-03  9.37034E-01
   260      144.39  1.26662E+02  6.07519E-03  9.37356E-01
   261      145.96  1.26162E+02  5.92155E-03  9.37673E-01
   262      147.55  1.25697E+02  5.77331E-03  9.37985E-01
   263      149.16  1.25278E+02  5.63074E-03  9.38293E-01
   264      150.78  1.24676E+02  5.48364E-03  9.38597E-01
   265      152.43  1.24226E+02  5.34675E-03  9.38896E-01
   266      154.09  1.23778E+02  5.21332E-03  9.39190E-01
   267      155.76  1.23335E+02  5.08336E-03  9.39481E-01
   268      157.46  1.22898E+02  4.95677E-03  9.39767E-01
   269      159.18  1.22463E+02  4.83339E-03  9.40049E-01
   270      160.91  1.22032E+02  4.71320E-03  9.40327E-01
   271      162.66  1.21605E+02  4.59607E-03  9.40601E-01
   272      164.43  1.21182E+02  4.48194E-03  9.40872E-01
   273      166.22  1.20764E+02  4.37077E-03  9.41138E-01
   274      168.03  1.20348E+02  4.26238E-03  9.41401E-01
   275      169.86  1.19937E+02  4.15679E-03  9.41660E-01
   276      171.71  1.19528E+02  4.05386E-03  9.41915E-01
   277      173.58  1.19124E+02  3.95356E-03  9.42167E-01
   278      175.47  1.18723E+02  3.85583E-03  9.42415E-01
   279      177.38  1.18325E+02  3.76055E-03  9.42659E-01
   280      179.31  1.17931E+02  3.66774E-03  9.42901E-01
   281      181.27  1.17539E+02  3.57722E-03  9.43138E-01
   282      183.24  1.17152E+02  3.48902E-03  9.43373E-01
   283      185.24  1.16768E+02  3.40306E-03  9.43604E-01
   284      187.25  1.16387E+02  3.31928E-03  9.43832E-01
   285      189.29  1.16008E+02  3.23760E-03  9.44057E-01
   286      191.35  1.15634E+02  3.15800E-03  9.44278E-01
   287      193.44  1.15261E+02  3.08036E-03  9.44497E-01
   288      195.54  1.14892E+02  3.00470E-03  9.44712E-01
   289      197.67  1.14527E+02  2.93097E-03  9.44925E-01
   290      199.83  1.14162E+02  2.85905E-03  9.45134E-01
   291      202.00  1.13802E+02  2.78895E-03  9.45341E-01
   292      204.20  1.13446E+02  2.72065E-03  9.45545E-01
   293      206.42  1.13091E+02  2.65402E-03  9.45746E-01
   294      208.67  1.12739E+02  2.58907E-03  9.45944E-01
   295      210.94  1.12391E+02  2.52576E-03  9.46139E-01
   296      213.24  1.12044E+02  2.46402E-03  9.46332E-01
   297      215.56  1.11701E+02  2.40383E-03  9.46522E-01
   298      217.91  1.11360E+02  2.34514E-03  9.46710E-01
   299      220.28  1.11021E+02  2.28790E-03  9.46894E-01
   300      222.68  1.10685E+02  2.23210E-03  9.47077E-01
   301      225.11  1.10351E+02  2.17769E-03  9.47256E-01
   302      227.56  1.10019E+02  2.12461E-03  9.47434E-01
   303      230.04  1.09694E+02  2.07294E-03  9.47609E-01
   304      232.54  1.09356E+02  2.02227E-03  9.47781E-01
   305      235.07  1.09079E+02  1.97393E-03  9.47951E-01
   306      237.63  1.08576E+02  1.92272E-03  9.48119E-01
   307      240.22  1.08952E+02  1.88803E-03  9.48285E-01
   308      242.84  1.05977E+02  1.79714E-03  9.48445E-01
   309      245.48  1.15823E+02  1.92202E-03  9.48618E-01
   310      248.16  7.66116E+01  1.24408E-03  9.48732E-01
   311      250.86  5.64342E+02  8.96787E-03  9.49557E-01
   312      253.59  6.46833E+02  1.00585E-02  9.50492E-01
   313      256.35  6.06499E+02  9.22917E-03  9.51360E-01
   314      259.14  5.86116E+02  8.72787E-03  9.52189E-01
   315      261.96  5.73087E+02  8.35099E-03  9.52992E-01
   316      264.82  5.74093E+02  8.18639E-03  9.53787E-01
   317      267.70  5.80262E+02  8.09707E-03  9.54582E-01
   318      270.61  5.46350E+02  7.46048E-03  9.55322E-01
   319      273.56  5.38019E+02  7.18930E-03  9.56043E-01
   320      276.54  5.35007E+02  6.99586E-03  9.56753E-01
   321      279.55  5.29252E+02  6.77232E-03  9.57447E-01
   322      282.60  5.26618E+02  6.59422E-03  9.58131E-01
   323      285.67  5.30754E+02  6.50360E-03  9.58812E-01
   324      288.78  5.74578E+02  6.88973E-03  9.59542E-01
   325      291.93  5.57341E+02  6.53984E-03  9.60242E-01
   326      295.11  5.53814E+02  6.35920E-03  9.60930E-01
   327      298.32  5.51808E+02  6.20040E-03  9.61609E-01
   328      301.57  5.53556E+02  6.08676E-03  9.62282E-01
   329      304.85  5.52202E+02  5.94177E-03  9.62946E-01
   330      308.17  5.48342E+02  5.77380E-03  9.63599E-01
   331      311.53  5.48353E+02  5.65019E-03  9.64244E-01
   332      314.92  5.48169E+02  5.52727E-03  9.64883E-01
   333      318.35  5.47700E+02  5.40420E-03  9.65514E-01
   334      321.82  5.46738E+02  5.27911E-03  9.66137E-01
   335      325.32  5.45468E+02  5.15399E-03  9.66752E-01
   336      328.86  5.44168E+02  5.03153E-03  9.67359E-01
   337      332.45  5.42618E+02  4.90969E-03  9.67957E-01
   338      336.07  5.40982E+02  4.79000E-03  9.68547E-01
   339      339.72  5.39257E+02  4.67241E-03  9.69130E-01
   340      343.42  5.37539E+02  4.55772E-03  9.69704E-01
   341      347.16  5.34864E+02  4.43787E-03  9.70269E-01
   342      350.94  5.32077E+02  4.32014E-03  9.70825E-01
   343      354.77  5.29435E+02  4.20658E-03  9.71372E-01
   344      358.63  5.26599E+02  4.09439E-03  9.71911E-01
   345      362.53  5.23622E+02  3.98400E-03  9.72440E-01
   346      366.48  5.20465E+02  3.87513E-03  9.72961E-01
   347      370.47  5.17179E+02  3.76815E-03  9.73473E-01
   348      374.51  5.13754E+02  3.66299E-03  9.73976E-01
   349      378.58  5.10213E+02  3.55979E-03  9.74471E-01
   350      382.71  5.06557E+02  3.45856E-03  9.74956E-01
   351      386.87  5.02779E+02  3.35920E-03  9.75433E-01
   352      391.09  4.98922E+02  3.26201E-03  9.75901E-01
   353      395.35  4.94969E+02  3.16682E-03  9.76360E-01
   354      399.65  4.90937E+02  3.07372E-03  9.76810E-01
   355      404.00  4.86827E+02  2.98267E-03  9.77252E-01
   356      408.40  4.82656E+02  2.89375E-03  9.77686E-01
   357      412.85  4.78411E+02  2.80684E-03  9.78111E-01
   358      417.35  4.74134E+02  2.72214E-03  9.78527E-01
   359      421.89  4.69801E+02  2.63946E-03  9.78936E-01
   360      426.48  4.65411E+02  2.55877E-03  9.79336E-01
   361      431.13  4.61018E+02  2.48031E-03  9.79728E-01
   362      435.82  4.56578E+02  2.40378E-03  9.80112E-01
   363      440.57  4.52099E+02  2.32920E-03  9.80489E-01
   364      445.37  4.47624E+02  2.25673E-03  9.80857E-01
   365      450.22  4.43126E+02  2.18618E-03  9.81218E-01
   366      455.12  4.38597E+02  2.11747E-03  9.81572E-01
   367      460.07  4.34105E+02  2.05087E-03  9.81918E-01
   368      465.08  4.29561E+02  1.98592E-03  9.82256E-01
   369      470.15  4.25049E+02  1.92295E-03  9.82588E-01
   370      475.27  4.20522E+02  1.86171E-03  9.82912E-01
   371      480.44  4.16004E+02  1.80224E-03  9.83230E-01
   372      485.68  4.11486E+02  1.74447E-03  9.83541E-01
   373      490.96  4.07038E+02  1.68864E-03  9.83845E-01
   374      496.31  4.02408E+02  1.63366E-03  9.84142E-01
   375      501.71  4.00040E+02  1.58924E-03  9.84435E-01
   376      507.18  3.96665E+02  1.54207E-03  9.84721E-01
   377      512.70  3.93009E+02  1.49512E-03  9.85003E-01
   378      518.28  3.89411E+02  1.44968E-03  9.85278E-01
   379      523.93  3.85771E+02  1.40536E-03  9.85548E-01
   380      529.63  3.82116E+02  1.36222E-03  9.85813E-01
   381      535.40  3.78451E+02  1.32024E-03  9.86072E-01
   382      541.23  3.74781E+02  1.27942E-03  9.86326E-01
   383      547.12  3.71109E+02  1.23974E-03  9.86575E-01
   384      553.08  3.67438E+02  1.20117E-03  9.86818E-01
   385      559.10  3.63770E+02  1.16370E-03  9.87057E-01
   386      565.19  3.60108E+02  1.12730E-03  9.87291E-01
   387      571.35  3.56458E+02  1.09197E-03  9.87520E-01
   388      577.57  3.52819E+02  1.05766E-03  9.87744E-01
   389      583.86  3.49201E+02  1.02438E-03  9.87963E-01
   390      590.22  3.45595E+02  9.92080E-04  9.88178E-01
   391      596.64  3.42012E+02  9.60756E-04  9.88388E-01
   392      603.14  3.38451E+02  9.30381E-04  9.88594E-01
   393      609.71  3.34912E+02  9.00924E-04  9.88795E-01
   394      616.35  3.31399E+02  8.72371E-04  9.88992E-01
   395      623.06  3.27915E+02  8.44703E-04  9.89185E-01
   396      629.84  3.24459E+02  8.17891E-04  9.89374E-01
   397      636.70  3.21031E+02  7.91910E-04  9.89559E-01
   398      643.63  3.17636E+02  7.66746E-04  9.89740E-01
   399      650.64  3.14276E+02  7.42379E-04  9.89917E-01
   400      657.73  3.10949E+02  7.18780E-04  9.90091E-01
   401      664.89  3.07651E+02  6.95918E-04  9.90260E-01
   402      672.13  3.04391E+02  6.73791E-04  9.90427E-01
   403      679.45  3.01167E+02  6.52367E-04  9.90589E-01
   404      686.85  2.97981E+02  6.31636E-04  9.90748E-01
   405      694.33  2.94832E+02  6.11570E-04  9.90904E-01
   406      701.89  2.91719E+02  5.92145E-04  9.91056E-01
   407      709.53  2.88642E+02  5.73345E-04  9.91206E-01
   408      717.26  2.85608E+02  5.55162E-04  9.91352E-01
   409      725.07  2.82610E+02  5.37563E-04  9.91495E-01
   410      732.96  2.79651E+02  5.20537E-04  9.91634E-01
   411      740.95  2.76730E+02  5.04063E-04  9.91771E-01
   412      749.01  2.73851E+02  4.88130E-04  9.91906E-01
   413      757.17  2.71011E+02  4.72715E-04  9.92037E-01
   414      765.41  2.68211E+02  4.57808E-04  9.92165E-01
   415      773.75  2.65451E+02  4.43388E-04  9.92291E-01
   416      782.18  2.62728E+02  4.29437E-04  9.92414E-01
   417      790.69  2.60046E+02  4.15944E-04  9.92535E-01
   418      799.30  2.57404E+02  4.02896E-04  9.92653E-01
   419      808.01  2.54797E+02  3.90269E-04  9.92769E-01
   420      816.80  2.52236E+02  3.78068E-04  9.92882E-01
   421      825.70  2.49710E+02  3.66262E-04  9.92993E-01
   422      834.69  2.47220E+02  3.54841E-04  9.93102E-01
   423      843.78  2.44775E+02  3.43802E-04  9.93208E-01
   424      852.97  2.42367E+02  3.33125E-04  9.93312E-01
   425      862.26  2.39990E+02  3.22791E-04  9.93414E-01
   426      871.65  2.37654E+02  3.12799E-04  9.93514E-01
   427      881.14  2.35363E+02  3.03145E-04  9.93612E-01
   428      890.73  2.33099E+02  2.93796E-04  9.93708E-01
   429      900.43  2.30880E+02  2.84763E-04  9.93802E-01
   430      910.24  2.28691E+02  2.76020E-04  9.93894E-01
   431      920.15  2.26548E+02  2.67574E-04  9.93985E-01
   432      930.17  2.24318E+02  2.59264E-04  9.94073E-01
   433      940.30  2.22164E+02  2.51272E-04  9.94160E-01
   434      950.54  2.20051E+02  2.43549E-04  9.94245E-01
   435      960.89  2.17971E+02  2.36077E-04  9.94328E-01
   436      971.35  2.15926E+02  2.28851E-04  9.94409E-01
   437      981.93  2.13916E+02  2.21862E-04  9.94489E-01
   438      992.62  2.11938E+02  2.15101E-04  9.94568E-01
   439     1003.43  2.09992E+02  2.08560E-04  9.94644E-01
   440     1014.36  2.08083E+02  2.02235E-04  9.94720E-01
   441     1025.40  2.06199E+02  1.96110E-04  9.94793E-01
   442     1036.57  2.04353E+02  1.90189E-04  9.94866E-01
   443     1047.85  2.02537E+02  1.84460E-04  9.94936E-01
   444     1059.27  2.00752E+02  1.78917E-04  9.95006E-01
   445     1070.80  1.98999E+02  1.73554E-04  9.95074E-01
   446     1082.46  1.97274E+02  1.68363E-04  9.95141E-01
   447     1094.25  1.95585E+02  1.63345E-04  9.95207E-01
   448     1106.16  1.93922E+02  1.58485E-04  9.95271E-01
   449     1118.21  1.92291E+02  1.53785E-04  9.95334E-01
   450     1130.38  1.90683E+02  1.49231E-04  9.95396E-01
   451     1142.69  1.89111E+02  1.44830E-04  9.95456E-01
   452     1155.14  1.87565E+02  1.40567E-04  9.95516E-01
   453     1167.72  1.86045E+02  1.36441E-04  9.95574E-01
   454     1180.43  1.84553E+02  1.32446E-04  9.95632E-01
   455     1193.28  1.83090E+02  1.28581E-04  9.95688E-01
   456     1206.28  1.81652E+02  1.24838E-04  9.95743E-01
   457     1219.41  1.80241E+02  1.21213E-04  9.95798E-01
   458     1232.69  1.78855E+02  1.17704E-04  9.95851E-01
   459     1246.12  1.77500E+02  1.14309E-04  9.95903E-01
   460     1259.69  1.76167E+02  1.11020E-04  9.95954E-01
   461     1273.40  1.74853E+02  1.07830E-04  9.96005E-01
   462     1287.27  1.73570E+02  1.04746E-04  9.96054E-01
   463     1301.29  1.72308E+02  1.01756E-04  9.96103E-01
   464     1315.46  1.71074E+02  9.88621E-05  9.96150E-01
   465     1329.78  1.69861E+02  9.60582E-05  9.96197E-01
   466     1344.26  1.68671E+02  9.33411E-05  9.96243E-01
   467     1358.90  1.67503E+02  9.07087E-05  9.96288E-01
   468     1373.70  1.66358E+02  8.81578E-05  9.96333E-01
   469     1388.66  1.65235E+02  8.56864E-05  9.96376E-01
   470     1403.78  1.64132E+02  8.32907E-05  9.96419E-01
   471     1419.06  1.63051E+02  8.09693E-05  9.96461E-01
   472     1434.52  1.61991E+02  7.87190E-05  9.96503E-01
   473     1450.14  1.60950E+02  7.65375E-05  9.96544E-01
   474     1465.93  1.59931E+02  7.44232E-05  9.96584E-01
   475     1481.89  1.58931E+02  7.23728E-05  9.96623E-01
   476     1498.03  1.57950E+02  7.03850E-05  9.96662E-01
   477     1514.34  1.56988E+02  6.84573E-05  9.96700E-01
   478     1530.83  1.56045E+02  6.65882E-05  9.96737E-01
   479     1547.50  1.55120E+02  6.47748E-05  9.96774E-01
   480     1564.35  1.54213E+02  6.30165E-05  9.96810E-01
   481     1581.38  1.53324E+02  6.13104E-05  9.96845E-01
   482     1598.61  1.52452E+02  5.96557E-05  9.96880E-01
   483     1616.01  1.51598E+02  5.80502E-05  9.96915E-01
   484     1633.61  1.50760E+02  5.64923E-05  9.96949E-01
   485     1651.40  1.49938E+02  5.49804E-05  9.96982E-01
   486     1669.38  1.49133E+02  5.35133E-05  9.97015E-01
   487     1687.56  1.48343E+02  5.20895E-05  9.97047E-01
   488     1705.94  1.47569E+02  5.07073E-05  9.97079E-01
   489     1724.51  1.46811E+02  4.93657E-05  9.97110E-01
   490     1743.29  1.46067E+02  4.80631E-05  9.97141E-01
   491     1762.27  1.45338E+02  4.67985E-05  9.97171E-01
   492     1781.46  1.44623E+02  4.55703E-05  9.97201E-01
   493     1800.86  1.43922E+02  4.43777E-05  9.97230E-01
   494     1820.47  1.43235E+02  4.32197E-05  9.97259E-01
   495     1840.30  1.42562E+02  4.20948E-05  9.97287E-01
   496     1860.34  1.41902E+02  4.10022E-05  9.97315E-01
   497     1880.59  1.41256E+02  3.99407E-05  9.97343E-01
   498     1901.07  1.40622E+02  3.89094E-05  9.97370E-01
   499     1921.77  1.40001E+02  3.79075E-05  9.97397E-01
   500     1942.70  1.39392E+02  3.69340E-05  9.97423E-01
   501     1963.86  1.38795E+02  3.59877E-05  9.97449E-01
   502     1985.24  1.38210E+02  3.50683E-05  9.97474E-01
   503     2006.86  1.37637E+02  3.41744E-05  9.97500E-01
   504     2028.71  1.37075E+02  3.33057E-05  9.97524E-01
   505     2050.80  1.36524E+02  3.24610E-05  9.97549E-01
   506     2073.13  1.35985E+02  3.16400E-05  9.97573E-01
   507     2095.71  1.35457E+02  3.08417E-05  9.97597E-01
   508     2118.53  1.34938E+02  3.00652E-05  9.97620E-01
   509     2141.60  1.34429E+02  2.93101E-05  9.97643E-01
   510     2164.92  1.33932E+02  2.85759E-05  9.97666E-01
   511     2188.49  1.33444E+02  2.78617E-05  9.97688E-01
   512     2212.33  1.32967E+02  2.71672E-05  9.97710E-01
   513     2236.42  1.32497E+02  2.64912E-05  9.97732E-01
   514     2260.77  1.32039E+02  2.58338E-05  9.97753E-01
   515     2285.39  1.31588E+02  2.51940E-05  9.97774E-01
   516     2310.27  1.31147E+02  2.45714E-05  9.97795E-01
   517     2335.43  1.30715E+02  2.39658E-05  9.97816E-01
   518     2360.86  1.30292E+02  2.33763E-05  9.97836E-01
   519     2386.57  1.29876E+02  2.28025E-05  9.97856E-01
   520     2412.56  1.29469E+02  2.22438E-05  9.97875E-01
   521     2438.83  1.29070E+02  2.17002E-05  9.97895E-01
   522     2465.39  1.28680E+02  2.11711E-05  9.97914E-01
   523     2492.23  1.28297E+02  2.06557E-05  9.97933E-01
   524     2519.37  1.27921E+02  2.01539E-05  9.97952E-01
   525     2546.81  1.27554E+02  1.96654E-05  9.97970E-01
   526     2574.54  1.27193E+02  1.91896E-05  9.97988E-01
   527     2602.57  1.26840E+02  1.87262E-05  9.98006E-01
   528     2630.91  1.26494E+02  1.82749E-05  9.98024E-01
   529     2659.56  1.26155E+02  1.78354E-05  9.98041E-01
   530     2688.52  1.25822E+02  1.74072E-05  9.98058E-01
   531     2717.80  1.25496E+02  1.69901E-05  9.98075E-01
   532     2747.39  1.25177E+02  1.65838E-05  9.98092E-01
   533     2777.31  1.24864E+02  1.61879E-05  9.98108E-01
   534     2807.55  1.24558E+02  1.58021E-05  9.98125E-01
   535     2838.13  1.24258E+02  1.54262E-05  9.98141E-01
   536     2869.03  1.23962E+02  1.50598E-05  9.98156E-01
   537     2900.27  1.23673E+02  1.47027E-05  9.98172E-01
   538     2931.85  1.23390E+02  1.43548E-05  9.98187E-01
   539     2963.78  1.23113E+02  1.40156E-05  9.98203E-01
   540     2996.05  1.22840E+02  1.36848E-05  9.98218E-01
   541     3028.68  1.22584E+02  1.33637E-05  9.98233E-01
   542     3061.66  1.22281E+02  1.30450E-05  9.98247E-01
   543     3095.00  1.22184E+02  1.27554E-05  9.98262E-01
   544     3128.70  1.21324E+02  1.23942E-05  9.98276E-01
   545     3162.77  1.23408E+02  1.23370E-05  9.98290E-01
   546     3197.21  1.14259E+02  1.11775E-05  9.98303E-01
   547     3232.03  2.24310E+02  2.14733E-05  9.98329E-01
   548     3267.22  2.36015E+02  2.21097E-05  9.98355E-01
   549     3302.80  2.29790E+02  2.10652E-05  9.98381E-01
   550     3338.76  2.28558E+02  2.05033E-05  9.98406E-01
   551     3375.12  2.26078E+02  1.98463E-05  9.98431E-01
   552     3411.87  2.24057E+02  1.92475E-05  9.98455E-01
   553     3449.03  2.22016E+02  1.86634E-05  9.98478E-01
   554     3486.58  2.20076E+02  1.81040E-05  9.98501E-01
   555     3524.55  2.18199E+02  1.75649E-05  9.98524E-01
   556     3562.93  2.16383E+02  1.70455E-05  9.98546E-01
   557     3601.73  2.14625E+02  1.65447E-05  9.98568E-01
   558     3640.95  2.12919E+02  1.60615E-05  9.98590E-01
   559     3680.59  2.11260E+02  1.55949E-05  9.98611E-01
   560     3720.67  2.09644E+02  1.51440E-05  9.98631E-01
   561     3761.19  2.08069E+02  1.47081E-05  9.98652E-01
   562     3802.15  2.06530E+02  1.42865E-05  9.98672E-01
   563     3843.55  2.05024E+02  1.38784E-05  9.98691E-01
   564     3885.40  2.03548E+02  1.34833E-05  9.98710E-01
   565     3927.71  2.02100E+02  1.31005E-05  9.98729E-01
   566     3970.48  2.00675E+02  1.27294E-05  9.98748E-01
   567     4013.72  1.99274E+02  1.23697E-05  9.98766E-01
   568     4057.42  1.97894E+02  1.20208E-05  9.98784E-01
   569     4101.61  1.96532E+02  1.16822E-05  9.98801E-01
   570     4146.27  1.95188E+02  1.13537E-05  9.98819E-01
   571     4191.42  1.93859E+02  1.10348E-05  9.98836E-01
   572     4237.06  1.92543E+02  1.07250E-05  9.98852E-01
   573     4283.20  1.91243E+02  1.04244E-05  9.98869E-01
   574     4329.84  1.89955E+02  1.01323E-05  9.98885E-01
   575     4376.99  1.88678E+02  9.84850E-06  9.98901E-01
   576     4424.65  1.87410E+02  9.57272E-06  9.98916E-01
   577     4472.83  1.86153E+02  9.30477E-06  9.98931E-01
   578     4521.54  1.84906E+02  9.04437E-06  9.98946E-01
   579     4570.77  1.83667E+02  8.79126E-06  9.98961E-01
   580     4620.55  1.82434E+02  8.54515E-06  9.98976E-01
   581     4670.86  1.81211E+02  8.30598E-06  9.98990E-01
   582     4721.72  1.79997E+02  8.07353E-06  9.99004E-01
   583     4773.14  1.78787E+02  7.84742E-06  9.99018E-01
   584     4825.12  1.77586E+02  7.62770E-06  9.99031E-01
   585     4877.66  1.76392E+02  7.41408E-06  9.99044E-01
   586     4930.77  1.75205E+02  7.20635E-06  9.99057E-01
   587     4984.46  1.74024E+02  7.00444E-06  9.99070E-01
   588     5038.74  1.72850E+02  6.80810E-06  9.99083E-01
   589     5093.61  1.71682E+02  6.61719E-06  9.99095E-01
   590     5149.08  1.70521E+02  6.43161E-06  9.99107E-01
   591     5205.15  1.69368E+02  6.25122E-06  9.99119E-01
   592     5261.83  1.68220E+02  6.07583E-06  9.99131E-01
   593     5319.12  1.67083E+02  5.90542E-06  9.99142E-01
   594     5377.05  1.65950E+02  5.73970E-06  9.99154E-01
   595     5435.60  1.64824E+02  5.57862E-06  9.99165E-01
   596     5494.79  1.63708E+02  5.42211E-06  9.99176E-01
   597     5554.62  1.62599E+02  5.26997E-06  9.99187E-01
   598     5615.11  1.61496E+02  5.12208E-06  9.99197E-01
   599     5676.25  1.60403E+02  4.97838E-06  9.99207E-01
   600     5738.06  1.59318E+02  4.83876E-06  9.99218E-01
   601     5800.55  1.58239E+02  4.70302E-06  9.99228E-01
   602     5863.71  1.57172E+02  4.57121E-06  9.99237E-01
   603     5927.56  1.56109E+02  4.44298E-06  9.99247E-01
   604     5992.11  1.55073E+02  4.31893E-06  9.99257E-01
   605     6057.36  1.53974E+02  4.19644E-06  9.99266E-01
   606     6123.32  1.53163E+02  4.08489E-06  9.99275E-01
   607     6190.00  1.51298E+02  3.94868E-06  9.99284E-01
   608     6257.40  1.60737E+02  4.10514E-06  9.99293E-01
   609     6325.54  1.61050E+02  4.02501E-06  9.99303E-01
   610     6394.42  1.59699E+02  3.90570E-06  9.99312E-01
   611     6464.05  1.58827E+02  3.80115E-06  9.99321E-01
   612     6534.44  1.57852E+02  3.69686E-06  9.99330E-01
   613     6605.60  1.56933E+02  3.59659E-06  9.99339E-01
   614     6677.53  1.56029E+02  3.49924E-06  9.99347E-01
   615     6750.24  1.55149E+02  3.40494E-06  9.99356E-01
   616     6823.74  1.54285E+02  3.31343E-06  9.99364E-01
   617     6898.05  1.53444E+02  3.22476E-06  9.99372E-01
   618     6973.16  1.52623E+02  3.13876E-06  9.99380E-01
   619     7049.10  1.51817E+02  3.05530E-06  9.99388E-01
   620     7125.86  1.51035E+02  2.97444E-06  9.99396E-01
   621     7203.45  1.50270E+02  2.89594E-06  9.99403E-01
   622     7281.89  1.49519E+02  2.81973E-06  9.99411E-01
   623     7361.19  1.48789E+02  2.74584E-06  9.99418E-01
   624     7441.35  1.48077E+02  2.67414E-06  9.99426E-01
   625     7522.38  1.47380E+02  2.60453E-06  9.99433E-01
   626     7604.29  1.46699E+02  2.53694E-06  9.99440E-01
   627     7687.10  1.46034E+02  2.47132E-06  9.99447E-01
   628     7770.80  1.45385E+02  2.40762E-06  9.99454E-01
   629     7855.42  1.44751E+02  2.34576E-06  9.99460E-01
   630     7940.96  1.44132E+02  2.28567E-06  9.99467E-01
   631     8027.43  1.43527E+02  2.22731E-06  9.99474E-01
   632     8114.85  1.42936E+02  2.17061E-06  9.99480E-01
   633     8203.21  1.42359E+02  2.11553E-06  9.99486E-01
   634     8292.54  1.41796E+02  2.06200E-06  9.99493E-01
   635     8382.84  1.41246E+02  2.00999E-06  9.99499E-01
   636     8474.12  1.40709E+02  1.95944E-06  9.99505E-01
   637     8566.40  1.40184E+02  1.91030E-06  9.99511E-01
   638     8659.68  1.39671E+02  1.86253E-06  9.99517E-01
   639     8753.98  1.39171E+02  1.81609E-06  9.99523E-01
   640     8849.30  1.38682E+02  1.77093E-06  9.99529E-01
   641     8945.66  1.38204E+02  1.72702E-06  9.99534E-01
   642     9043.08  1.37738E+02  1.68431E-06  9.99540E-01
   643     9141.55  1.37282E+02  1.64276E-06  9.99545E-01
   644     9241.09  1.36838E+02  1.60236E-06  9.99551E-01
   645     9341.72  1.36403E+02  1.56304E-06  9.99556E-01
   646     9443.45  1.35979E+02  1.52479E-06  9.99561E-01
   647     9546.28  1.35565E+02  1.48758E-06  9.99567E-01
   648     9650.23  1.35158E+02  1.45133E-06  9.99572E-01
   649     9755.32  1.34771E+02  1.41616E-06  9.99577E-01
   650     9861.54  1.34354E+02  1.38153E-06  9.99582E-01
   651     9968.93  1.34094E+02  1.34931E-06  9.99587E-01
   652    10077.48  1.32283E+02  1.30257E-06  9.99591E-01
   653    10187.22  1.31805E+02  1.27005E-06  9.99596E-01
   654    10298.15  1.31573E+02  1.24065E-06  9.99601E-01
   655    10410.29  1.31281E+02  1.21137E-06  9.99606E-01
   656    10523.65  1.31014E+02  1.18300E-06  9.99610E-01
   657    10638.25  1.30747E+02  1.15529E-06  9.99615E-01
   658    10754.09  1.30486E+02  1.12828E-06  9.99619E-01
   659    10871.19  1.30231E+02  1.10195E-06  9.99623E-01
   660    10989.57  1.29981E+02  1.07626E-06  9.99628E-01
   661    11109.24  1.29736E+02  1.05121E-06  9.99632E-01
   662    11230.21  1.29496E+02  1.02678E-06  9.99636E-01
   663    11352.50  1.29261E+02  1.00296E-06  9.99640E-01
   664    11476.12  1.29030E+02  9.79715E-07  9.99645E-01
   665    11601.09  1.28804E+02  9.57044E-07  9.99649E-01
   666    11727.42  1.28583E+02  9.34930E-07  9.99653E-01
   667    11855.12  1.28367E+02  9.13358E-07  9.99657E-01
   668    11984.22  1.28154E+02  8.92306E-07  9.99661E-01
   669    12114.72  1.27947E+02  8.71771E-07  9.99664E-01
   670    12246.64  1.27743E+02  8.51733E-07  9.99668E-01
   671    12379.99  1.27544E+02  8.32181E-07  9.99672E-01
   672    12514.80  1.27348E+02  8.13101E-07  9.99676E-01
   673    12651.08  1.27157E+02  7.94483E-07  9.99679E-01
   674    12788.84  1.26969E+02  7.76312E-07  9.99683E-01
   675    12928.10  1.26785E+02  7.58577E-07  9.99687E-01
   676    13068.88  1.26606E+02  7.41269E-07  9.99690E-01
   677    13211.19  1.26429E+02  7.24376E-07  9.99694E-01
   678    13355.05  1.26257E+02  7.07886E-07  9.99697E-01
   679    13500.48  1.26087E+02  6.91788E-07  9.99701E-01
   680    13647.49  1.25922E+02  6.76075E-07  9.99704E-01
   681    13796.10  1.25759E+02  6.60735E-07  9.99707E-01
   682    13946.33  1.25600E+02  6.45757E-07  9.99711E-01
   683    14098.20  1.25444E+02  6.31136E-07  9.99714E-01
   684    14251.71  1.25292E+02  6.16862E-07  9.99717E-01
   685    14406.91  1.25142E+02  6.02924E-07  9.99720E-01
   686    14563.79  1.24996E+02  5.89313E-07  9.99724E-01
   687    14722.38  1.24852E+02  5.76022E-07  9.99727E-01
   688    14882.69  1.24711E+02  5.63044E-07  9.99730E-01
   689    15044.75  1.24574E+02  5.50371E-07  9.99733E-01
   690    15208.58  1.24438E+02  5.37994E-07  9.99736E-01
   691    15374.19  1.24306E+02  5.25904E-07  9.99739E-01
   692    15541.61  1.24177E+02  5.14100E-07  9.99742E-01
   693    15710.84  1.24050E+02  5.02570E-07  9.99745E-01
   694    15881.92  1.23925E+02  4.91308E-07  9.99747E-01
   695    16054.86  1.23803E+02  4.80307E-07  9.99750E-01
   696    16229.69  1.23684E+02  4.69562E-07  9.99753E-01
   697    16406.42  1.23567E+02  4.59066E-07  9.99756E-01
   698    16585.07  1.23452E+02  4.48812E-07  9.99759E-01
   699    16765.67  1.23340E+02  4.38795E-07  9.99761E-01
   700    16948.24  1.23230E+02  4.29009E-07  9.99764E-01
   701    17132.79  1.23122E+02  4.19449E-07  9.99767E-01
   702    17319.36  1.23016E+02  4.10109E-07  9.99769E-01
   703    17507.95  1.22913E+02  4.00984E-07  9.99772E-01
   704    17698.60  1.22811E+02  3.92068E-07  9.99774E-01
   705    17891.33  1.22712E+02  3.83356E-07  9.99777E-01
   706    18086.15  1.22615E+02  3.74844E-07  9.99779E-01
   707    18283.10  1.22519E+02  3.66526E-07  9.99782E-01
   708    18482.19  1.22426E+02  3.58399E-07  9.99784E-01
   709    18683.45  1.22334E+02  3.50456E-07  9.99787E-01
   710    18886.89  1.22244E+02  3.42695E-07  9.99789E-01
   711    19092.56  1.22156E+02  3.35110E-07  9.99791E-01
   712    19300.46  1.22070E+02  3.27698E-07  9.99794E-01
   713    19510.63  1.21986E+02  3.20454E-07  9.99796E-01
   714    19723.09  1.21903E+02  3.13375E-07  9.99798E-01
   715    19937.86  1.21822E+02  3.06456E-07  9.99800E-01
   716    20154.97  1.21742E+02  2.99693E-07  9.99803E-01
   717    20374.44  1.21664E+02  2.93084E-07  9.99805E-01
   718    20596.30  1.21588E+02  2.86624E-07  9.99807E-01
   719    20820.58  1.21513E+02  2.80309E-07  9.99809E-01
   720    21047.30  1.21440E+02  2.74137E-07  9.99811E-01
   721    21276.50  1.21368E+02  2.68104E-07  9.99813E-01
   722    21508.18  1.21297E+02  2.62207E-07  9.99815E-01
   723    21742.39  1.21228E+02  2.56442E-07  9.99817E-01
   724    21979.15  1.21161E+02  2.50807E-07  9.99819E-01
   725    22218.49  1.21094E+02  2.45298E-07  9.99821E-01
   726    22460.43  1.21029E+02  2.39913E-07  9.99823E-01
   727    22705.01  1.20965E+02  2.34648E-07  9.99825E-01
   728    22952.25  1.20903E+02  2.29502E-07  9.99827E-01
   729    23202.18  1.20842E+02  2.24470E-07  9.99829E-01
   730    23454.84  1.20781E+02  2.19551E-07  9.99831E-01
   731    23710.24  1.20722E+02  2.14742E-07  9.99833E-01
   732    23968.43  1.20665E+02  2.10040E-07  9.99835E-01
   733    24229.43  1.20608E+02  2.05442E-07  9.99837E-01
   734    24493.27  1.20553E+02  2.00948E-07  9.99838E-01
   735    24759.99  1.20498E+02  1.96553E-07  9.99840E-01
   736    25029.60  1.20445E+02  1.92256E-07  9.99842E-01
   737    25302.16  1.20392E+02  1.88055E-07  9.99844E-01
   738    25577.68  1.20341E+02  1.83947E-07  9.99845E-01
   739    25856.20  1.20291E+02  1.79930E-07  9.99847E-01
   740    26137.76  1.20241E+02  1.76002E-07  9.99849E-01
   741    26422.38  1.20193E+02  1.72161E-07  9.99851E-01
   742    26710.10  1.20146E+02  1.68406E-07  9.99852E-01
   743    27000.96  1.20099E+02  1.64733E-07  9.99854E-01
   744    27294.98  1.20053E+02  1.61142E-07  9.99855E-01
   745    27592.20  1.20008E+02  1.57630E-07  9.99857E-01
   746    27892.66  1.19964E+02  1.54196E-07  9.99859E-01
   747    28196.39  1.19921E+02  1.50838E-07  9.99860E-01
   748    28503.43  1.19879E+02  1.47553E-07  9.99862E-01
   749    28813.81  1.19837E+02  1.44342E-07  9.99863E-01
   750    29127.57  1.19797E+02  1.41201E-07  9.99865E-01
   751    29444.75  1.19757E+02  1.38129E-07  9.99866E-01
   752    29765.38  1.19718E+02  1.35125E-07  9.99868E-01
   753    30089.51  1.19679E+02  1.32187E-07  9.99869E-01
   754    30417.16  1.19641E+02  1.29313E-07  9.99871E-01
   755    30748.38  1.19604E+02  1.26503E-07  9.99872E-01
   756    31083.21  1.19568E+02  1.23755E-07  9.99873E-01
   757    31421.68  1.19532E+02  1.21067E-07  9.99875E-01
   758    31763.84  1.19497E+02  1.18438E-07  9.99876E-01
   759    32109.73  1.19463E+02  1.15867E-07  9.99878E-01
   760    32459.38  1.19429E+02  1.13352E-07  9.99879E-01
   761    32812.84  1.19396E+02  1.10892E-07  9.99880E-01
   762    33170.15  1.19363E+02  1.08486E-07  9.99882E-01
   763    33531.35  1.19331E+02  1.06133E-07  9.99883E-01
   764    33896.48  1.19300E+02  1.03832E-07  9.99884E-01
   765    34265.59  1.19269E+02  1.01580E-07  9.99885E-01
   766    34638.72  1.19238E+02  9.93784E-08  9.99887E-01
   767    35015.91  1.19208E+02  9.72246E-08  9.99888E-01
   768    35397.21  1.19179E+02  9.51180E-08  9.99889E-01
   769    35782.66  1.19150E+02  9.30574E-08  9.99890E-01
   770    36172.30  1.19122E+02  9.10417E-08  9.99892E-01
   771    36566.19  1.19094E+02  8.90701E-08  9.99893E-01
   772    36964.37  1.19067E+02  8.71415E-08  9.99894E-01
   773    37366.89  1.19040E+02  8.52550E-08  9.99895E-01
   774    37773.79  1.19014E+02  8.34096E-08  9.99896E-01
   775    38185.12  1.18988E+02  8.16045E-08  9.99897E-01
   776    38600.93  1.18962E+02  7.98388E-08  9.99899E-01
   777    39021.26  1.18937E+02  7.81115E-08  9.99900E-01
   778    39446.18  1.18913E+02  7.64219E-08  9.99901E-01
   779    39875.72  1.18888E+02  7.47690E-08  9.99902E-01
   780    40309.94  1.18864E+02  7.31522E-08  9.99903E-01
   781    40748.88  1.18841E+02  7.15705E-08  9.99904E-01
   782    41192.61  1.18818E+02  7.00233E-08  9.99905E-01
   783    41641.17  1.18795E+02  6.85097E-08  9.99906E-01
   784    42094.61  1.18772E+02  6.70290E-08  9.99907E-01
   785    42552.99  1.18750E+02  6.55805E-08  9.99908E-01
   786    43016.36  1.18729E+02  6.41635E-08  9.99909E-01
   787    43484.78  1.18707E+02  6.27773E-08  9.99910E-01
   788    43958.30  1.18686E+02  6.14212E-08  9.99911E-01
   789    44436.97  1.18665E+02  6.00946E-08  9.99912E-01
   790    44920.86  1.18645E+02  5.87967E-08  9.99913E-01
   791    45410.01  1.18625E+02  5.75271E-08  9.99914E-01
   792    45904.50  1.18605E+02  5.62849E-08  9.99915E-01
   793    46404.36  1.18585E+02  5.50698E-08  9.99916E-01
   794    46909.68  1.18566E+02  5.38810E-08  9.99917E-01
   795    47420.49  1.18547E+02  5.27179E-08  9.99918E-01
   796    47936.86  1.18528E+02  5.15801E-08  9.99919E-01
   797    48458.86  1.18510E+02  5.04670E-08  9.99920E-01
   798    48986.54  1.18491E+02  4.93780E-08  9.99921E-01
   799    49519.97  1.18473E+02  4.83125E-08  9.99921E-01
   800    50059.21  1.18456E+02  4.72702E-08  9.99922E-01
   801    50604.32  1.18438E+02  4.62504E-08  9.99923E-01
   802    51155.36  1.18421E+02  4.52527E-08  9.99924E-01
   803    51712.41  1.18403E+02  4.42767E-08  9.99925E-01
   804    52275.52  1.18387E+02  4.33217E-08  9.99926E-01
   805    52844.76  1.18370E+02  4.23874E-08  9.99927E-01
   806    53420.20  1.18353E+02  4.14734E-08  9.99927E-01
   807    54001.91  1.18337E+02  4.05791E-08  9.99928E-01
   808    54589.96  1.18321E+02  3.97041E-08  9.99929E-01
   809    55184.40  1.18305E+02  3.88481E-08  9.99930E-01
   810    55785.32  1.18289E+02  3.80106E-08  9.99930E-01
   811    56392.78  1.18273E+02  3.71912E-08  9.99931E-01
   812    57006.86  1.18258E+02  3.63895E-08  9.99932E-01
   813    57627.62  1.18243E+02  3.56052E-08  9.99933E-01
   814    58255.15  1.18228E+02  3.48377E-08  9.99934E-01
   815    58889.50  1.18213E+02  3.40869E-08  9.99934E-01
   816    59530.77  1.18198E+02  3.33523E-08  9.99935E-01
   817    60179.02  1.18183E+02  3.26336E-08  9.99936E-01
   818    60834.32  1.18168E+02  3.19304E-08  9.99936E-01
   819    61496.76  1.18154E+02  3.12424E-08  9.99937E-01
   820    62166.42  1.18140E+02  3.05692E-08  9.99938E-01
   821    62843.37  1.18125E+02  2.99106E-08  9.99938E-01
   822    63527.69  1.18111E+02  2.92661E-08  9.99939E-01
   823    64219.46  1.18097E+02  2.86356E-08  9.99940E-01
   824    64918.76  1.18084E+02  2.80187E-08  9.99941E-01
   825    65625.68  1.18070E+02  2.74152E-08  9.99941E-01
   826    66340.30  1.18056E+02  2.68246E-08  9.99942E-01
   827    67062.70  1.18042E+02  2.62468E-08  9.99942E-01
   828    67792.96  1.18029E+02  2.56814E-08  9.99943E-01
   829    68531.18  1.18016E+02  2.51283E-08  9.99944E-01
   830    69277.43  1.18002E+02  2.45871E-08  9.99944E-01
   831    70031.82  1.17989E+02  2.40575E-08  9.99945E-01
   832    70794.41  1.17976E+02  2.35394E-08  9.99946E-01
   833    71565.31  1.17963E+02  2.30324E-08  9.99946E-01
   834    72344.61  1.17950E+02  2.25364E-08  9.99947E-01
   835    73132.39  1.17937E+02  2.20511E-08  9.99947E-01
   836    73928.75  1.17924E+02  2.15762E-08  9.99948E-01
   837    74733.78  1.17911E+02  2.11116E-08  9.99949E-01
   838    75547.58  1.17898E+02  2.06570E-08  9.99949E-01
   839    76370.24  1.17886E+02  2.02121E-08  9.99950E-01
   840    77201.85  1.17873E+02  1.97769E-08  9.99950E-01
   841    78042.53  1.17860E+02  1.93511E-08  9.99951E-01
   842    78892.36  1.17848E+02  1.89344E-08  9.99951E-01
   843    79751.44  1.17835E+02  1.85267E-08  9.99952E-01
   844    80619.87  1.17822E+02  1.81278E-08  9.99952E-01
   845    81497.77  1.17810E+02  1.77374E-08  9.99953E-01
   846    82385.22  1.17797E+02  1.73555E-08  9.99953E-01
   847    83282.33  1.17785E+02  1.69818E-08  9.99954E-01
   848    84189.22  1.17773E+02  1.66162E-08  9.99955E-01
   849    85105.98  1.17760E+02  1.62584E-08  9.99955E-01
   850    86032.72  1.17748E+02  1.59083E-08  9.99956E-01
   851    86969.56  1.17735E+02  1.55658E-08  9.99956E-01
   852    87916.60  1.17723E+02  1.52307E-08  9.99957E-01
   853    88873.94  1.17711E+02  1.49027E-08  9.99957E-01
   854    89841.72  1.17698E+02  1.45819E-08  9.99957E-01
   855    90820.03  1.17686E+02  1.42679E-08  9.99958E-01
   856    91809.00  1.17673E+02  1.39607E-08  9.99958E-01
   857    92808.73  1.17661E+02  1.36601E-08  9.99959E-01
   858    93819.35  1.17649E+02  1.33660E-08  9.99959E-01
   859    94840.98  1.17636E+02  1.30782E-08  9.99960E-01
   860    95873.73  1.17624E+02  1.27966E-08  9.99960E-01
   861    96917.72  1.17611E+02  1.25211E-08  9.99961E-01
   862    97973.09  1.17599E+02  1.22515E-08  9.99961E-01
   863    99039.95  1.17586E+02  1.19877E-08  9.99962E-01
   864   100118.42  1.17574E+02  1.17296E-08  9.99962E-01
   865   101208.64  1.17561E+02  1.14770E-08  9.99962E-01
   866   102310.73  1.17549E+02  1.12299E-08  9.99963E-01
   867   103424.82  1.17536E+02  1.09881E-08  9.99963E-01
   868   104551.04  1.17523E+02  1.07515E-08  9.99964E-01
   869   105689.53  1.17511E+02  1.05199E-08  9.99964E-01
   870   106840.41  1.17498E+02  1.02934E-08  9.99964E-01
   871   108003.83  1.17485E+02  1.00717E-08  9.99965E-01
   872   109179.91  1.17472E+02  9.85484E-09  9.99965E-01
   873   110368.80  1.17459E+02  9.64262E-09  9.99966E-01
   874   111570.64  1.17446E+02  9.43496E-09  9.99966E-01
   875   112785.56  1.17433E+02  9.23177E-09  9.99966E-01
   876   114013.72  1.17420E+02  9.03295E-09  9.99967E-01
   877   115255.25  1.17407E+02  8.83840E-09  9.99967E-01
   878   116510.29  1.17394E+02  8.64804E-09  9.99968E-01
   879   117779.01  1.17381E+02  8.46178E-09  9.99968E-01
   880   119061.54  1.17368E+02  8.27953E-09  9.99968E-01
   881   120358.03  1.17354E+02  8.10119E-09  9.99969E-01
   882   121668.64  1.17341E+02  7.92669E-09  9.99969E-01
   883   122993.53  1.17327E+02  7.75595E-09  9.99969E-01
   884   124332.84  1.17314E+02  7.58888E-09  9.99970E-01
   885   125686.74  1.17300E+02  7.42540E-09  9.99970E-01
   886   127055.38  1.17286E+02  7.26544E-09  9.99970E-01
   887   128438.92  1.17273E+02  7.10892E-09  9.99971E-01
   888   129837.53  1.17259E+02  6.95576E-09  9.99971E-01
   889   131251.36  1.17245E+02  6.80590E-09  9.99971E-01
   890   132680.60  1.17231E+02  6.65927E-09  9.99972E-01
   891   134125.40  1.17217E+02  6.51579E-09  9.99972E-01
   892   135585.92  1.17202E+02  6.37539E-09  9.99972E-01
   893   137062.36  1.17188E+02  6.23802E-09  9.99973E-01
   894   138554.87  1.17173E+02  6.10360E-09  9.99973E-01
   895   140063.63  1.17159E+02  5.97207E-09  9.99973E-01
   896   141588.83  1.17144E+02  5.84337E-09  9.99974E-01
   897   143130.63  1.17130E+02  5.71743E-09  9.99974E-01
   898   144689.22  1.17115E+02  5.59421E-09  9.99974E-01
   899   146264.78  1.17100E+02  5.47364E-09  9.99974E-01
   900   147857.50  1.17085E+02  5.35566E-09  9.99975E-01
   901   149467.56  1.17069E+02  5.24022E-09  9.99975E-01
   902   151095.16  1.17054E+02  5.12726E-09  9.99975E-01
   903   152740.48  1.17039E+02  5.01673E-09  9.99976E-01
   904   154403.71  1.17023E+02  4.90858E-09  9.99976E-01
   905   156085.06  1.17007E+02  4.80276E-09  9.99976E-01
   906   157784.71  1.16992E+02  4.69921E-09  9.99976E-01
   907   159502.87  1.16976E+02  4.59789E-09  9.99977E-01
   908   161239.75  1.16960E+02  4.49875E-09  9.99977E-01
   909   162995.53  1.16943E+02  4.40174E-09  9.99977E-01
   910   164770.44  1.16927E+02  4.30682E-09  9.99977E-01
   911   166564.67  1.16911E+02  4.21394E-09  9.99978E-01
   912   168378.44  1.16894E+02  4.12305E-09  9.99978E-01
   913   170211.96  1.16877E+02  4.03413E-09  9.99978E-01
   914   172065.45  1.16860E+02  3.94711E-09  9.99979E-01
   915   173939.12  1.16843E+02  3.86197E-09  9.99979E-01
   916   175833.19  1.16826E+02  3.77866E-09  9.99979E-01
   917   177747.89  1.16809E+02  3.69714E-09  9.99979E-01
   918   179683.44  1.16791E+02  3.61738E-09  9.99979E-01
   919   181640.06  1.16773E+02  3.53933E-09  9.99980E-01
   920   183617.99  1.16756E+02  3.46296E-09  9.99980E-01
   921   185617.46  1.16738E+02  3.38823E-09  9.99980E-01
   922   187638.70  1.16720E+02  3.31512E-09  9.99980E-01
   923   189681.95  1.16701E+02  3.24357E-09  9.99981E-01
   924   191747.45  1.16683E+02  3.17356E-09  9.99981E-01
   925   193835.45  1.16664E+02  3.10506E-09  9.99981E-01
   926   195946.18  1.16645E+02  3.03804E-09  9.99981E-01
   927   198079.89  1.16626E+02  2.97246E-09  9.99982E-01
   928   200236.84  1.16607E+02  2.90828E-09  9.99982E-01
   929   202417.28  1.16588E+02  2.84549E-09  9.99982E-01
   930   204621.45  1.16568E+02  2.78405E-09  9.99982E-01
   931   206849.64  1.16548E+02  2.72393E-09  9.99982E-01
   932   209102.08  1.16528E+02  2.66511E-09  9.99983E-01
   933   211379.05  1.16508E+02  2.60755E-09  9.99983E-01
   934   213680.82  1.16488E+02  2.55123E-09  9.99983E-01
   935   216007.65  1.16467E+02  2.49612E-09  9.99983E-01
   936   218359.82  1.16447E+02  2.44220E-09  9.99983E-01
   937   220737.60  1.16426E+02  2.38944E-09  9.99984E-01
   938   223141.28  1.16405E+02  2.33782E-09  9.99984E-01
   939   225571.13  1.16383E+02  2.28730E-09  9.99984E-01
   940   228027.44  1.16362E+02  2.23788E-09  9.99984E-01
   941   230510.49  1.16340E+02  2.18951E-09  9.99984E-01
   942   233020.59  1.16318E+02  2.14219E-09  9.99984E-01
   943   235558.02  1.16296E+02  2.09589E-09  9.99985E-01
   944   238123.07  1.16273E+02  2.05058E-09  9.99985E-01
   945   240716.06  1.16251E+02  2.00625E-09  9.99985E-01
   946   243337.29  1.16228E+02  1.96288E-09  9.99985E-01
   947   245987.06  1.16205E+02  1.92043E-09  9.99985E-01
   948   248665.68  1.16181E+02  1.87891E-09  9.99986E-01
   949   251373.47  1.16158E+02  1.83827E-09  9.99986E-01
   950   254110.75  1.16134E+02  1.79851E-09  9.99986E-01
 
