  0 59.158935
  1 77.736903
  2 83.039655
  3 90.857140
  4 85.918287
  5 87.499216
  6 87.594688
  7 88.195233
  8 89.131998
  9 88.209520
 10 89.427109
 11 88.426363
 12 88.823369
 13 88.988451
 14 88.829034
 15 89.005700
 16 88.711917
 17 89.331704
 18 88.770446
 19 88.931571
 20 89.070162
 21 89.010707
 22 88.883392
 23 88.782161
 24 89.019728
 25 88.867783
 26 88.911041
 27 89.010289
 28 88.870317
 29 88.815693
 30 88.851815
 31 89.126239
 32 88.836540
 33 88.792263
 34 88.808148
 35 88.831885
 36 88.783066
 37 88.742134
 38 88.793981
 39 88.696252
 40 88.671608
 41 88.657966
 42 88.724305
 43 88.771018
 44 88.680665
 45 88.757634
 46 88.752406
 47 88.681858
 48 88.720793
 49 88.668009
 50 88.791406
 51 88.738537
 52 88.668062
 53 88.658551
 54 88.664605
 55 88.692864
 56 88.747633
 57 88.691928
 58 88.664956
 59 88.794523
 60 88.581346
 61 88.668525
 62 88.656972
 63 88.698495
 64 88.653293
 65 88.702229
 66 88.631971
 67 88.750021
 68 88.588992
 69 88.723082
 70 88.622907
 71 88.623062
 72 88.622020
 73 88.660923
 74 88.550833
 75 88.677297
 76 88.624256
 77 88.658493
 78 88.708912
 79 88.524068
 80 88.700326
 81 88.602690
 82 88.491305
 83 88.708696
 84 88.596583
 85 88.669787
 86 88.573216
 87 88.624397
 88 88.645891
 89 88.620001
 90 88.541383
 91 88.577274
 92 88.475501
 93 88.534140
 94 88.574426
 95 88.554737
 96 88.556575
 97 88.587973
 98 88.435779
 99 88.661940
100 88.477599
101 88.516353
102 88.545756
103 88.530751
104 88.468981
105 88.544443
106 88.533563
107 88.574447
108 88.471317
109 88.519556
110 88.571746
111 88.506322
112 88.616442
113 88.573293
114 88.493143
115 88.605366
116 88.496184
117 88.473741
118 88.545926
119 88.448405
120 88.486220
121 88.574516
122 88.509247
123 88.543896
124 88.519597
125 88.552867
126 88.487514
127 88.400374
128 88.533239
129 88.490673
130 88.443245
131 88.559117
132 88.503575
133 88.514398
134 88.467739
135 88.534331
136 88.405008
137 88.492097
138 88.444777
139 88.482401
140 88.452296
141 88.494536
142 88.506643
143 88.443204
144 88.425644
145 88.287533
146 88.365334
147 88.456814
148 88.423584
149 88.359227
150 88.448012
151 88.372180
152 88.434305
153 88.398971
154 88.355220
155 88.339168
156 88.359343
157 88.360677
158 88.367573
159 88.380994
160 129.875226
161 205.550070
162 215.548288
163 181.704543
164 142.284723
165 112.362876
166 97.638529
167 91.532836
168 89.320338
169 87.642388
170 87.042626
171 86.285312
172 85.474947
173 85.092043
174 84.719137
175 84.060908
176 83.621552
177 83.705668
178 84.451681
179 84.804542
180 84.923319
181 85.484256
182 85.807153
183 85.852812
184 86.291169
185 86.543150
186 86.652813
187 86.765876
188 86.884200
189 87.349696
190 87.382756
191 87.289510
192 87.490459
193 87.458383
194 87.518613
195 87.616644
196 87.730335
197 87.594995
198 87.728621
199 87.926517
200 88.079940
201 87.935719
202 87.819338
203 88.097625
204 88.096642
205 88.138654
206 87.985892
207 88.004956
208 88.164192
209 88.057718
210 87.993867
211 88.297482
212 88.091846
213 88.122585
214 88.189533
215 88.279944
216 88.304021
217 88.210273
218 88.007519
219 88.240386
220 88.072990
221 88.084873
222 88.217757
223 88.173248
224 88.123457
225 88.270654
226 88.310934
227 88.125181
228 88.211966
229 88.026903
230 88.193130
231 88.126005
232 88.201241
233 88.290048
234 88.114913
235 88.012100
236 88.182661
237 88.301374
238 88.222230
239 88.107745
240 88.140809
241 88.303509
242 88.172795
243 88.081746
244 88.078977
245 88.278360
246 88.163400
247 88.115974
248 88.183143
249 88.217423
250 87.996283
251 88.205471
252 88.060748
253 88.090285
254 1.769846
255 1.969118
256 6.786481
257 52.138130
258 83.408203
259 93.979614
260 96.100727
261 98.389098
262 97.393068
263 96.379116
264 94.254211
265 95.934741
266 94.798001
267 92.439068
268 92.786098
269 93.196724
270 92.870650
271 90.884510
272 91.195737
273 91.116896
274 90.364608
275 90.295660
276 90.195921
277 90.122851
278 89.332320
279 89.692400
280 89.632713
281 89.153302
282 88.905300
283 88.930812
284 89.175559
285 88.790954
286 88.838005
287 88.864945
288 88.622252
289 88.793439
290 88.511056
291 88.489750
292 88.297398
293 88.269432
294 88.431207
295 88.474893
296 88.303523
297 88.187926
298 88.575321
299 88.553654
300 88.385757
301 88.260490
302 88.269183
303 88.382479
304 88.320949
305 88.232541
306 88.297732
307 88.277768
308 88.312024
309 88.282599
310 88.190094
311 88.180457
312 88.283677
313 88.256051
314 88.221074
315 88.293575
316 88.124594
317 88.456710
318 88.348976
319 88.190896
320 88.169169
321 88.191991
322 88.301124
323 88.238891
324 88.042762
325 88.221874
326 88.192253
327 88.286963
328 88.134760
329 88.170629
330 88.184310
331 88.354825
332 88.127624
333 88.298123
334 88.149751
335 88.171585
336 88.322122
337 88.294539
338 88.213518
339 88.094163
340 88.145522
341 88.365363
342 88.206773
343 88.205444
344 88.258004
345 88.151047
346 88.273163
347 88.135759
348 88.288936
349 88.231626
350 88.260236
351 88.161675
352 88.305477
353 88.198122
354 88.056002
355 88.429739
356 88.158924
357 88.263522
358 88.194646
359 88.196547
360 89.614594
361 93.098810
362 91.090966
363 89.286765
364 88.294833
365 88.140185
366 87.977670
367 88.076813
368 88.033377
369 88.049417
370 88.018619
371 88.170035
372 88.005885
373 88.072538
374 88.304505
375 88.150607
376 88.127574
377 88.170218
378 88.137464
379 88.235202
380 88.246221
381 88.271399
382 88.110845
383 88.058374
384 88.224647
385 88.232538
386 88.181854
387 88.248564
388 88.124353
389 88.140218
390 88.197583
391 88.284250
392 88.150499
393 88.261318
394 88.231925
395 88.240006
396 88.191520
397 88.258950
398 88.222457
399 88.191540
400 88.275411
401 82.754819
402 82.585215
403 82.752482
404 82.632106
405 82.669489
406 82.764696
407 82.715206
408 82.729628
409 82.678365
410 82.781011
411 82.651224
412 82.723210
413 82.804003
414 82.740574
415 82.700758
416 82.778225
417 82.643034
418 82.652873
419 82.742930
420 82.655177
421 82.684620
422 87.849669
423 87.611060
424 85.042211
425 80.291203
426 83.873177
427 86.772374
428 84.194062
429 83.100094
430 83.367923
431 83.935202
432 81.797801
433 82.132549
434 83.370994
435 82.669267
436 82.123546
437 82.498020
438 83.072427
439 81.948559
440 81.996874
441 82.657961
442 82.412740
443 82.194396
444 82.350411
445 82.736873
446 82.203337
447 82.162910
448 82.719185
449 82.407997
450 82.251928
451 82.367470
452 82.420760
453 82.361031
454 82.268458
455 82.389996
456 82.440010
457 82.372138
458 82.213156
459 82.494095
460 82.394562
461 82.329358
462 82.378826
463 82.393914
464 82.326659
465 82.394928
466 82.360221
467 82.618864
468 82.293882
469 82.390452
470 82.369195
471 82.314197
472 82.367749
473 82.418828
474 82.364718
475 82.461531
476 82.385192
477 82.355744
478 82.356687
479 82.367894
480 82.378242
481 82.314853
482 82.279505
483 82.336226
484 82.302528
485 82.399010
486 82.605256
487 82.284660
488 82.341650
489 82.365945
490 82.316603
491 82.367563
492 82.394405
493 82.374103
494 82.358031
495 82.315113
496 82.323492
497 82.368446
498 82.286051
499 82.439276
500 82.330274
501 82.397911
502 82.390513
503 82.377512
504 82.535202
505 82.623750
506 82.388056
507 82.559428
508 82.445922
509 82.567602
510 82.560866
511 131.898537
