 1   0 75.189472
 1  10 81.005470
 1  20 73.219008
 1  30 69.365796
 1  40 193.537113
 1  50 198.424263
 1  60 197.277583
 1  70 191.428568
 1  80 187.468151
 1  90 188.323092
 1 100 185.536267
 1 110 181.381664
 1 120 178.241948
 1 130 173.422299
 1 140 176.342545
 1 150 164.659924
 1 160 161.765840
 1 170 163.090667
 1 180 153.687588
 1 190 156.388155
 1 200 154.135081
 1 210 153.256310
 1 220 147.728397
 1 230 149.207327
 1 240 146.140672
 1 250 148.049812
 1 260 138.702489
 1 270 137.674074
 1 280 139.499080
 1 290 137.333599
 1 300 136.417878
 1 310 133.556931
 1 320 134.198190
 1 330 135.287313
 1 340 131.413234
 1 350 132.566850
 1 360 133.319662
 1 370 163.578562
 1 380 168.129175
 1 390 172.047632
 2   0 74.080565
 2  10 75.462887
 2  20 72.188034
 2  30 77.381399
 2  40 187.524426
 2  50 198.483796
 2  60 189.506723
 2  70 192.329485
 2  80 185.661079
 2  90 187.117836
 2 100 188.126353
 2 110 185.208153
 2 120 172.686855
 2 130 171.557626
 2 140 169.367746
 2 150 161.674570
 2 160 158.500662
 2 170 160.386271
 2 180 157.566997
 2 190 154.336841
 2 200 149.607766
 2 210 152.260196
 2 220 146.507510
 2 230 144.395906
 2 240 145.329420
 2 250 140.399094
 2 260 137.624185
 2 270 137.269675
 2 280 138.895318
 2 290 138.996946
 2 300 133.398885
 2 310 137.008878
 2 320 131.557005
 2 330 131.494099
 2 340 135.139515
 2 350 132.170136
 2 360 131.473318
 2 370 160.746369
 2 380 160.023004
 2 390 156.368852
 3   0 73.461623
 3  10 88.753488
 3  20 73.311321
 3  30 73.657307
 3  40 199.653522
 3  50 200.594280
 3  60 200.236176
 3  70 197.548369
 3  80 192.540598
 3  90 187.641881
 3 100 190.153464
 3 110 184.644604
 3 120 180.609026
 3 130 178.384986
 3 140 178.133940
 3 150 165.673813
 3 160 170.477899
 3 170 163.433195
 3 180 162.312834
 3 190 163.415443
 3 200 157.504119
 3 210 151.671003
 3 220 150.608658
 3 230 149.530150
 3 240 146.490943
 3 250 147.393641
 3 260 142.521300
 3 270 144.451041
 3 280 142.299862
 3 290 143.030821
 3 300 141.255114
 3 310 138.387757
 3 320 135.384194
 3 330 138.256142
 3 340 136.246744
 3 350 137.274770
 3 360 137.124510
 3 370 158.857956
 3 380 155.210071
 3 390 159.645395
 4   0 75.082210
 4  10 75.058824
 4  20 64.625490
 4  30 71.487758
 4  40 193.277111
 4  50 198.237473
 4  60 189.362745
 4  70 198.363679
 4  80 186.581720
 4  90 184.565430
 4 100 182.451951
 4 110 181.355259
 4 120 167.955742
 4 130 173.518910
 4 140 173.233143
 4 150 162.591938
 4 160 164.305650
 4 170 166.956749
 4 180 157.557537
 4 190 155.322072
 4 200 151.457841
 4 210 152.343052
 4 220 150.273142
 4 230 150.110030
 4 240 146.241996
 4 250 144.214982
 4 260 141.371347
 4 270 136.612108
 4 280 139.397785
 4 290 134.405660
 4 300 134.454607
 4 310 133.402628
 4 320 133.456890
 4 330 134.230075
 4 340 133.295973
 4 350 131.471780
 4 360 134.436156
 4 370 161.463813
 4 380 174.194934
 4 390 153.896804
 5   0 73.057636
 5  10 76.197342
 5  20 63.893822
 5  30 72.128734
 5  40 178.550502
 5  50 191.238775
 5  60 178.526407
 5  70 181.412725
 5  80 178.285733
 5  90 180.349367
 5 100 171.629852
 5 110 168.626484
 5 120 168.958451
 5 130 161.379166
 5 140 161.410246
 5 150 156.438882
 5 160 153.345238
 5 170 150.330079
 5 180 150.474599
 5 190 146.328361
 5 200 144.550127
 5 210 143.279514
 5 220 139.264017
 5 230 141.216073
 5 240 138.246436
 5 250 134.390571
 5 260 133.286065
 5 270 132.380123
 5 280 135.034715
 5 290 131.492849
 5 300 127.368518
 5 310 126.427571
 5 320 125.506651
 5 330 122.652620
 5 340 126.114312
 5 350 124.273986
 5 360 120.799247
 5 370 155.297245
 5 380 147.431310
 5 390 152.245414
 6   0 75.471039
 6  10 83.275281
 6  20 75.713333
 6  30 76.550294
 6  40 182.425103
 6  50 190.421881
 6  60 184.419917
 6  70 178.559835
 6  80 182.344090
 6  90 175.387272
 6 100 171.472926
 6 110 165.468267
 6 120 166.475673
 6 130 163.428004
 6 140 164.001805
 6 150 159.226492
 6 160 158.033818
 6 170 152.420963
 6 180 150.560959
 6 190 149.230115
 6 200 147.231704
 6 210 144.275958
 6 220 138.506899
 6 230 142.389774
 6 240 138.331158
 6 250 135.298428
 6 260 137.156501
 6 270 134.211908
 6 280 132.212513
 6 290 130.422269
 6 300 130.196173
 6 310 130.084797
 6 320 125.433412
 6 330 126.421941
 6 340 126.267918
 6 350 123.596086
 6 360 128.297222
 6 370 155.353209
 6 380 143.651728
 6 390 149.060791
 7   0 67.470944
 7  10 65.157426
 7  20 55.903846
 7  30 65.778985
 7  40 175.383477
 7  50 178.395004
 7  60 162.925916
 7  70 173.468437
 7  80 169.333204
 7  90 161.597542
 7 100 165.396728
 7 110 162.088266
 7 120 157.638530
 7 130 158.049260
 7 140 152.601805
 7 150 155.198882
 7 160 151.434378
 7 170 138.790759
 7 180 147.348692
 7 190 140.531843
 7 200 144.354416
 7 210 134.645497
 7 220 139.247192
 7 230 132.358126
 7 240 131.393866
 7 250 128.387016
 7 260 128.507731
 7 270 120.826322
 7 280 121.484099
 7 290 123.468561
 7 300 119.516397
 7 310 120.610533
 7 320 116.609455
 7 330 116.621042
 7 340 116.721710
 7 350 119.491887
 7 360 113.694586
 7 370 134.300159
 7 380 133.884278
 7 390 129.911831
 8   0 74.969479
 8  10 64.316501
 8  20 53.799663
 8  30 72.546714
 8  40 186.281887
 8  50 190.539678
 8  60 192.203721
 8  70 187.483498
 8  80 184.605523
 8  90 180.459815
 8 100 178.518561
 8 110 174.650860
 8 120 166.631965
 8 130 169.460028
 8 140 166.573422
 8 150 166.253276
 8 160 159.614962
 8 170 160.133204
 8 180 158.129109
 8 190 156.133395
 8 200 153.300878
 8 210 150.278013
 8 220 149.060394
 8 230 142.595822
 8 240 143.204224
 8 250 140.313927
 8 260 139.070504
 8 270 141.116297
 8 280 135.262063
 8 290 137.127988
 8 300 132.374735
 8 310 132.334260
 8 320 130.346475
 8 330 130.399675
 8 340 132.334871
 8 350 133.135593
 8 360 132.324559
 8 370 166.889532
 8 380 159.745600
 8 390 154.075162
 9   0 73.906194
 9  10 74.725610
 9  20 64.454545
 9  30 68.517855
 9  40 188.372399
 9  50 192.311051
 9  60 192.343591
 9  70 180.694224
 9  80 178.343631
 9  90 185.215449
 9 100 178.152698
 9 110 175.385916
 9 120 169.404451
 9 130 169.319324
 9 140 163.506524
 9 150 162.383180
 9 160 161.356081
 9 170 160.245647
 9 180 154.461086
 9 190 149.481428
 9 200 153.159516
 9 210 145.544722
 9 220 151.069888
 9 230 146.136771
 9 240 138.585941
 9 250 135.449582
 9 260 133.754680
 9 270 135.316937
 9 280 130.746449
 9 290 134.076568
 9 300 130.453058
 9 310 131.168562
 9 320 128.477052
 9 330 126.624459
 9 340 128.385217
 9 350 129.461698
 9 360 124.497107
 9 370 151.346790
 9 380 153.296577
 9 390 155.394331
10   0 74.902202
10  10 76.880342
10  20 68.886667
10  30 84.557304
10  40 196.179087
10  50 198.401942
10  60 192.439487
10  70 192.423735
10  80 187.612233
10  90 181.606393
10 100 182.391077
10 110 177.459312
10 120 171.632076
10 130 176.111682
10 140 172.185704
10 150 168.311434
10 160 160.541760
10 170 164.378896
10 180 155.684246
10 190 154.235392
10 200 156.126671
10 210 149.359337
10 220 150.168397
10 230 146.544221
10 240 148.001410
10 250 146.065078
10 260 143.061194
10 270 140.306031
10 280 138.130413
10 290 137.274934
10 300 134.336239
10 310 133.333607
10 320 135.074476
10 330 134.178805
10 340 129.535568
10 350 135.068709
10 360 131.550586
10 370 155.317175
10 380 166.049465
10 390 163.388859
11   0 77.935602
11  10 66.181818
11  20 63.399598
11  30 77.393009
11  40 212.698160
11  50 212.384945
11  60 212.435080
11  70 207.417010
11  80 205.241281
11  90 200.575372
11 100 198.153798
11 110 191.496855
11 120 189.406982
11 130 186.554993
11 140 185.531117
11 150 179.364559
11 160 176.587843
11 170 178.213478
11 180 170.505236
11 190 167.444160
11 200 162.709517
11 210 164.174091
11 220 163.107940
11 230 162.214583
11 240 157.203871
11 250 155.316968
11 260 153.119779
11 270 155.262704
11 280 147.326140
11 290 148.219869
11 300 146.320699
11 310 146.294744
11 320 141.325243
11 330 145.305069
11 340 145.319211
11 350 143.207710
11 360 144.585747
11 370 167.747444
11 380 167.453991
11 390 174.240403
12   0 75.769444
12  10 77.840909
12  20 66.487705
12  30 74.295885
12  40 191.497637
12  50 204.333333
12  60 199.338722
12  70 194.268137
12  80 187.527073
12  90 185.350315
12 100 188.418135
12 110 181.523807
12 120 179.250522
12 130 172.361997
12 140 167.587014
12 150 167.527457
12 160 166.378169
12 170 165.070699
12 180 155.594789
12 190 156.027407
12 200 154.460114
12 210 152.060207
12 220 149.340467
12 230 148.465412
12 240 146.150245
12 250 143.441588
12 260 142.291314
12 270 142.035572
12 280 139.191623
12 290 140.127842
12 300 135.297129
12 310 135.244446
12 320 136.257035
12 330 132.446641
12 340 132.426587
12 350 132.485452
12 360 135.087368
12 370 157.772386
12 380 161.525575
12 390 165.431025
13   0 75.011062
13  10 77.370079
13  20 60.465251
13  30 72.391254
13  40 196.578508
13  50 209.369369
13  60 210.128361
13  70 196.344164
13  80 196.192820
13  90 191.407700
13 100 184.710973
13 110 186.421551
13 120 183.324747
13 130 179.326472
13 140 176.302757
13 150 174.382253
13 160 167.553774
13 170 169.312425
13 180 163.535449
13 190 159.661422
13 200 162.220320
13 210 153.630935
13 220 152.551837
13 230 151.525516
13 240 146.473143
13 250 151.027692
13 260 148.319044
13 270 140.475096
13 280 141.364741
13 290 143.126260
13 300 137.436789
13 310 141.088424
13 320 137.214207
13 330 134.472006
13 340 136.322821
13 350 136.154082
13 360 136.242989
13 370 162.641032
13 380 168.675550
13 390 157.581529
14   0 75.138991
14  10 85.331715
14  20 70.471910
14  30 76.611320
14  40 192.621884
14  50 196.274388
14  60 191.298281
14  70 190.423912
14  80 187.557460
14  90 182.807571
14 100 180.433770
14 110 186.186490
14 120 170.007011
14 130 175.163003
14 140 171.230005
14 150 172.956939
14 160 166.380274
14 170 168.214047
14 180 163.132899
14 190 156.346257
14 200 158.226513
14 210 152.397214
14 220 148.523162
14 230 148.102047
14 240 142.675357
14 250 144.301795
14 260 141.463115
14 270 140.437697
14 280 136.610240
14 290 137.414512
14 300 136.451313
14 310 138.962772
14 320 138.234469
14 330 134.297677
14 340 130.787509
14 350 137.710982
14 360 134.396237
14 370 156.051342
14 380 165.526686
14 390 154.523516
15   0 73.306848
15  10 75.761438
15  20 66.800752
15  30 81.537171
15  40 204.196734
15  50 202.533164
15  60 209.214334
15  70 199.402886
15  80 198.392793
15  90 190.744283
15 100 190.301986
15 110 189.224529
15 120 181.571821
15 130 179.267531
15 140 174.387108
15 150 173.335236
15 160 169.465064
15 170 169.328350
15 180 164.548506
15 190 160.532827
15 200 157.518497
15 210 158.218591
15 220 154.563017
15 230 153.255719
15 240 152.340459
15 250 147.282904
15 260 144.579023
15 270 145.195639
15 280 141.457263
15 290 142.247356
15 300 139.235611
15 310 138.316642
15 320 137.188640
15 330 135.263670
15 340 137.123127
15 350 136.125830
15 360 142.974937
15 370 177.254182
15 380 164.666319
15 390 161.137344
16   0 76.101618
16  10 78.033030
16  20 65.233051
16  30 71.413735
16  40 214.373042
16  50 213.339673
16  60 214.508249
16  70 210.494906
16  80 206.413503
16  90 200.344411
16 100 197.548550
16 110 192.339640
16 120 192.301991
16 130 184.553898
16 140 180.469883
16 150 175.732047
16 160 179.413528
16 170 173.548449
16 180 176.192974
16 190 172.196670
16 200 162.346818
16 210 166.273005
16 220 161.243948
16 230 161.142015
16 240 159.237369
16 250 153.196461
16 260 151.258256
16 270 151.205703
16 280 150.106068
16 290 145.623046
16 300 148.183168
16 310 142.437091
16 320 146.942154
16 330 144.110993
16 340 142.414213
16 350 142.215615
16 360 141.768956
16 370 170.268814
16 380 165.438751
16 390 165.335650
17   0 74.225021
17  10 78.547917
17  20 59.598712
17  30 78.518987
17  40 207.271718
17  50 212.317852
17  60 200.836471
17  70 203.363853
17  80 197.403108
17  90 194.350071
17 100 193.430305
17 110 185.586001
17 120 182.578492
17 130 184.398294
17 140 177.505258
17 150 173.449197
17 160 177.216581
17 170 166.425989
17 180 168.125203
17 190 168.984719
17 200 158.710111
17 210 157.455797
17 220 154.381203
17 230 155.327292
17 240 149.373752
17 250 150.260581
17 260 147.340682
17 270 145.531943
17 280 141.369358
17 290 143.141177
17 300 144.026869
17 310 140.283830
17 320 140.157296
17 330 137.301445
17 340 139.168128
17 350 138.218356
17 360 131.787954
17 370 156.794319
17 380 157.560872
17 390 149.959148
18   0 74.860674
18  10 64.364979
18  20 63.963235
18  30 76.562066
18  40 197.098276
18  50 200.560202
18  60 192.690341
18  70 193.534179
18  80 190.452849
18  90 187.516136
18 100 185.499004
18 110 180.609624
18 120 182.297003
18 130 176.207532
18 140 173.438369
18 150 173.424571
18 160 164.537815
18 170 162.435265
18 180 162.226477
18 190 157.476355
18 200 156.421159
18 210 151.562055
18 220 155.998994
18 230 151.192421
18 240 144.473964
18 250 144.165752
18 260 142.505015
18 270 142.129067
18 280 141.044707
18 290 140.362284
18 300 138.103929
18 310 133.531111
18 320 134.395506
18 330 133.437553
18 340 134.113347
18 350 130.410233
18 360 135.215370
18 370 150.176188
18 380 168.912729
18 390 162.203247
19   0 75.185639
19  10 78.726141
19  20 57.177043
19  30 69.382035
19  40 204.298368
19  50 212.538349
19  60 206.299516
19  70 205.470573
19  80 200.382534
19  90 195.509479
19 100 192.411366
19 110 191.491453
19 120 185.318132
19 130 180.660020
19 140 177.387218
19 150 177.432070
19 160 173.454320
19 170 173.476121
19 180 168.480389
19 190 163.409856
19 200 166.398280
19 210 163.907497
19 220 157.354724
19 230 154.259389
19 240 149.633670
19 250 149.334914
19 260 149.246931
19 270 145.383085
19 280 146.314687
19 290 142.621334
19 300 138.663416
19 310 139.683101
19 320 140.242630
19 330 137.295233
19 340 138.168793
19 350 137.288880
19 360 135.307642
19 370 161.354487
19 380 164.548685
19 390 168.880886
20   0 71.746529
20  10 69.331169
20  20 55.509524
20  30 57.115703
20  40 191.371482
20  50 202.402139
20  60 198.532453
20  70 190.439723
20  80 186.709577
20  90 191.270600
20 100 187.383843
20 110 179.543084
20 120 173.365155
20 130 175.467466
20 140 170.381930
20 150 170.385054
20 160 165.441549
20 170 162.333823
20 180 160.271112
20 190 153.563013
20 200 147.773031
20 210 151.595635
20 220 151.333156
20 230 142.697568
20 240 148.150384
20 250 143.395945
20 260 141.569532
20 270 138.598155
20 280 139.515382
20 290 137.397726
20 300 133.349242
20 310 134.320527
20 320 132.413710
20 330 133.437426
20 340 128.352198
20 350 131.362812
20 360 128.378218
20 370 50.303461
20 380 148.506568
20 390 148.832017
21   0 73.259388
21  10 76.138507
21  20 68.067901
21  30 72.378503
21  40 199.411030
21  50 206.470878
21  60 205.696302
21  70 201.454694
21  80 201.264287
21  90 199.115315
21 100 188.331235
21 110 193.257363
21 120 182.422704
21 130 183.418919
21 140 177.362627
21 150 175.554408
21 160 171.321457
21 170 174.068450
21 180 167.369885
21 190 164.465151
21 200 161.496162
21 210 157.566501
21 220 156.447127
21 230 156.286727
21 240 153.199710
21 250 150.438071
21 260 148.429788
21 270 145.360373
21 280 144.254012
21 290 144.202414
21 300 142.117246
21 310 136.640788
21 320 141.038269
21 330 138.212087
21 340 136.349150
21 350 139.070584
21 360 139.367469
21 370 160.653887
21 380 174.904232
21 390 160.094071
22   0 74.930868
22  10 74.751485
22  20 73.931159
22  30 71.453108
22  40 198.357869
22  50 202.261831
22  60 196.584573
22  70 193.467998
22  80 186.610485
22  90 184.651523
22 100 185.572242
22 110 184.325152
22 120 180.445002
22 130 175.600594
22 140 174.249954
22 150 173.996194
22 160 164.605080
22 170 167.368900
22 180 161.329089
22 190 161.293253
22 200 154.430309
22 210 157.172618
22 220 152.127485
22 230 147.419446
22 240 145.298519
22 250 141.475934
22 260 141.451736
22 270 138.616877
22 280 141.967191
22 290 140.266963
22 300 137.250926
22 310 138.011665
22 320 132.498388
22 330 135.359890
22 340 134.009572
22 350 133.117378
22 360 132.575481
22 370 150.732360
22 380 157.294700
22 390 153.624012
23   0 78.401659
23  10 79.036232
23  20 75.982394
23  30 73.590060
23  40 201.415909
23  50 205.263521
23  60 200.648942
23  70 204.390253
23  80 189.670203
23  90 188.546458
23 100 182.805834
23 110 186.462775
23 120 182.468678
23 130 181.452172
23 140 175.621241
23 150 176.374683
23 160 170.431791
23 170 166.506798
23 180 165.534811
23 190 160.454329
23 200 156.407498
23 210 160.209714
23 220 156.364325
23 230 151.363032
23 240 153.006390
23 250 147.295423
23 260 145.189722
23 270 145.081319
23 280 143.247257
23 290 140.270191
23 300 138.379319
23 310 137.353841
23 320 132.661584
23 330 135.332962
23 340 135.273377
23 350 132.486587
23 360 132.423093
23 370 164.718561
23 380 164.299384
23 390 157.718525
24   0 73.586495
24  10 75.430435
24  20 65.977733
24  30 74.346052
24  40 196.438353
24  50 204.377671
24  60 199.373221
24  70 193.707584
24  80 190.507537
24  90 190.341864
24 100 189.358175
24 110 182.324494
24 120 181.351617
24 130 176.546678
24 140 176.260919
24 150 172.436840
24 160 168.416604
24 170 167.272016
24 180 161.511821
24 190 161.200063
24 200 156.741329
24 210 153.377778
24 220 151.328790
24 230 151.295622
24 240 149.061222
24 250 143.406061
24 260 144.180619
24 270 141.256013
24 280 143.996044
24 290 138.404451
24 300 137.306628
24 310 133.444037
24 320 136.027009
24 330 136.081752
24 340 130.640829
24 350 133.255558
24 360 131.397267
24 370 156.674512
24 380 157.334923
24 390 162.011320
