0 85.5508 4.7354
1 79.8658 7.2598
2 87.2921 7.0643
3 92.4126 5.9215
4 60.5491 2.6649
5 78.7484 5.4576
6 94.2672 8.7511
7 107.701 8.8367
8 100.245 7.8019
9 118.421 7.9194
10 99.3535 7.3548
11 136.299 11.3649
12 105.77 9.3802
13 121.365 9.7369
14 104.44 7.2486
15 136.617 13.7838
16 114.989 11.399
17 125.601 7.2721
18 117.473 5.3737
19 105.486 4.2073
20 110.27 4.4829
21 116.285 6.8191
22 106.79 3.8319
23 118.476 11.4945
24 131.235 9.5851
25 105.683 4.2825
26 109.766 5.1841
27 103.176 5.7099
28 108.182 6.3707
29 108.897 5.86
30 108.939 7.0844
31 209.211 18.8373
32 101.866 7.5981
33 93.7325 6.2292
34 86.1033 5.0594
35 99.7443 6.0232
36 96.4983 5.3128
37 96.5262 4.3469
38 117.355 6.2533
39 105.744 7.2819
40 104.95 4.2768
41 104.161 4.1741
42 119.436 8.4843
43 109.923 7.017
44 106.285 6.1379
45 121.151 6.2014
46 99.0338 7.5194
47 72.1654 1.1963
48 102.743 5.1604
49 95.0685 7.1416
50 100.128 6.7806
51 104.033 5.6964
52 110.163 7.0728
53 173.985 20.3777
54 193.932 20.0322
55 190.64 20.576
56 112.493 7.179
57 120.253 6.9902
58 115.037 3.3141
59 121.141 8.4804
60 120.582 6.1667
61 128.762 6.0205
62 126.194 7.1243
63 109.073 9.9005
64 94.6166 4.6526
65 91.9546 3.7651
66 76.8758 2.6995
67 78.508 2.3741
68 85.3327 2.1206
69 131.348 12.5413
70 107.39 9.9554
71 84.7872 4.4946
72 88.6499 3.4165
73 94.1328 3.6537
74 101.708 6.6221
75 95.8618 4.927
76 95.2347 5.0105
77 93.6959 4.1214
78 95.0701 3.1244
79 92.5368 4.978
80 119.16 6.6994
81 115.055 5.9881
82 118.793 8.1037
83 127.584 8.9782
84 102.264 5.451
85 120.835 6.7956
86 119.26 7.1611
87 119.116 6.8107
88 191.951 20.9446
89 114.076 7.6211
90 111.428 7.2691
91 109.045 12.8556
92 110.445 13.4726
93 124.545 11.8561
94 121.513 13.9051
95 131.709 18.6129
96 125.52 11.0861
97 126.184 10.4629
98 137.662 16.343
99 122.868 16.0635
100 109.424 13.5089
101 103.788 12.0696
102 121.469 15.6751
103 106.957 12.8092
104 89.335 11.153
105 98.9847 12.7434
106 122.144 12.245
107 132.862 8.4287
108 82.1661 3.4653
109 84.0841 4.5251
110 105.867 3.9863
111 88.3152 3.1642
112 89.4183 5.4143
113 93.0277 3.1465
114 114.957 8.4219
115 125.877 9.0874
116 109.038 6.5783
117 94.4566 5.2952
118 120.756 8.3941
119 107.119 5.6707
120 119.672 7.6221
121 109.832 7.8634
122 106.552 7.5571
123 98.7736 5.4878
124 121.915 7.0319
125 116.485 7.9352
126 109.116 8.1884
127 116.23 7.5003
128 111.714 6.5247
129 109.872 7.6445
130 101.304 5.8514
131 110.569 6.6909
132 111.748 6.8716
133 126.437 4.0739
134 123.81 5.4256
135 126.488 5.2523
136 118.556 8.3193
137 113.55 4.7073
138 137.629 8.9293
139 113.144 5.6564
140 145.121 8.5054
141 203.348 13.7507
142 158.727 6.1692
143 158.051 3.5936
144 203.542 11.3825
145 108.384 4.5924
146 194.656 6.7559
147 170.729 9.2257
148 84.4238 3.2471
149 79.8824 3.4397
150 86.016 3.3316
151 95.7449 5.5603
152 88.384 5.07
153 129.165 6.8313
154 124.327 8.7639
155 122.89 10.0312
156 118.055 6.9644
157 92.1402 4.899
158 113.674 6.1899
159 103.848 5.5632
160 104.141 5.8963
161 108.704 5.8181
162 118.306 9.9426
163 134.164 9.4995
164 98.0981 4.8886
165 113.148 6.3756
166 117.069 8.5644
167 119.419 8.4046
168 102.038 6.3483
169 117.671 5.9812
170 95.6698 7.4108
171 119.221 7.6759
172 109.521 8.5409
173 102.505 7.0192
174 109.96 8.0508
175 79.3153 0.7343
176 103.07 4.2514
177 111.981 10.1624
178 118.201 9.6321
179 92.2064 4.3441
180 80.7059 3.6177
181 90.838 5.3484
182 110.33 6.2056
183 86.0562 3.667
184 77.6048 2.551
185 123.076 8.113
186 93.4195 6.5558
187 118.736 7.2176
188 108.644 6.4653
189 111.982 6.3904
190 105.727 7.3194
191 108.753 7.1269
192 98.5782 5.3902
193 105.867 7.3712
194 112.994 5.8738
195 101.276 6.9587
196 103.889 5.061
197 117.117 5.7114
198 125.75 9.2757
199 121.965 9.1117
200 113.965 8.0683
201 113.333 7.4941
202 102.535 6.8122
203 106.185 7.4456
204 97.794 6.6664
205 100.942 8.0747
206 116.988 7.205
207 77.8229 2.4308
208 78.1478 3.3974
209 118.85 7.3035
210 83.8899 3.6495
211 121.885 7.8057
212 114.175 4.6907
213 130.039 12.4163
214 127.773 9.04
215 125.494 10.5501
216 113.073 8.1911
217 130.864 11.5125
218 116.626 6.3472
219 130.839 11.6376
220 118.496 10.6867
221 117.141 10.0483
222 116.646 10.7037
223 117.748 9.0468
224 121.426 8.2664
225 109.734 6.2355
226 95.4761 3.6482
227 93.3441 4.8834
228 136.461 11.5214
229 128.919 8.9136
230 127.412 10.7868
231 129.402 9.6937
232 120.043 10.2399
233 113.948 9.4315
234 110.766 9.0312
235 125.287 11.3574
236 112.06 9.3156
237 115.036 7.809
238 126.251 12.5462
239 119.209 9.0713
240 120.106 9.9481
