0 86.4157 4.7387
1 81.5286 7.5426
2 88.4334 7.1034
3 93.6154 5.8131
4 60.8768 2.5872
5 79.7217 5.4453
6 95.897 8.828
7 109.538 8.8104
8 100.744 7.5551
9 118.976 7.4365
10 100.012 7.3504
11 137.428 11.119
12 106.668 9.1809
13 122.161 9.3993
14 105.315 7.1758
15 138.583 13.2405
16 116.489 11.1268
17 126.253 6.9258
18 117.394 5.1699
19 105.874 4.2128
20 110.513 4.5421
21 116.499 6.796
22 107.127 3.8428
23 120.41 11.1407
24 131.831 8.9814
25 106.915 4.2951
26 110.956 5.2623
27 104.634 5.6798
28 109.943 6.5579
29 110.517 5.8941
30 110.987 7.2819
31 206.609 17.2669
32 103 7.3243
33 94.33 6.0771
34 86.632 5.0541
35 100.242 5.8016
36 97.1872 5.1427
37 96.97 4.1674
38 117.921 6.1236
39 106.829 6.6333
40 105.823 4.1756
41 104.843 4.2198
42 121.267 8.6405
43 111.003 6.9407
44 107.793 6.0223
45 122.866 6.4465
46 100.663 7.3876
47 72.3003 1.1787
48 103.389 4.9996
49 96.293 7.0231
50 101.69 6.6169
51 104.179 5.5734
52 111.14 7.0729
53 175.878 19.5916
54 195.541 19.1961
55 192.712 20.5261
56 113.191 6.9635
57 121.419 7.046
58 115.522 3.3307
59 122.093 8.2631
60 121.488 6.1006
61 129.329 5.8373
62 126.605 6.9122
63 109.946 9.1528
64 95.1811 4.5381
65 92.4304 3.6393
66 76.966 2.6706
67 78.9605 2.3637
68 85.6377 2.0922
69 133.838 12.4951
70 109.191 9.9609
71 85.5277 4.3969
72 89.4249 3.4448
73 94.8796 3.6039
74 104.048 6.5749
75 96.8461 4.9968
76 96.2307 4.8965
77 94.6867 4.1184
78 95.826 3.0348
79 93.6634 4.809
80 120.31 6.652
81 116.493 5.6882
82 119.88 7.558
83 129.038 8.4386
84 103.444 4.8946
85 121.343 6.4029
86 120.46 6.7855
87 119.656 6.2718
88 190.52 18.878
89 115.026 7.3069
90 113.24 6.3357
91 39.864 14.5561
92 40.691 15.526
93 57.9093 10.7148
94 52.48 13.9442
95 63.6783 19.6118
96 57.5789 9.9394
97 58.8904 9.2482
98 68.4818 15.4436
99 60.9553 17.1113
100 46.322 14.8681
101 41.5754 14.1275
102 57.8533 16.4506
103 41.5821 15.1531
104 11.5597 17.3677
105 25.1308 16.8886
106 59.0735 10.9509
107 133.247 7.7812
108 83.4235 3.1622
109 85.8807 4.1248
110 107.737 3.7812
111 89.6329 2.908
112 91.9922 5.0728
113 94.702 3.0217
114 118.055 7.8223
115 129.325 8.3795
116 112.11 6.342
117 96.6696 5.2269
118 123.929 7.7332
119 108.873 5.6762
120 122.113 7.4477
121 111.96 7.4806
122 108.212 7.2452
123 100.502 5.3528
124 122.687 6.4541
125 118.071 7.8194
126 111.02 7.8459
127 117.52 7.4641
128 113.848 6.4569
129 111.224 7.3126
130 102.826 5.818
131 111.721 6.4752
132 113.617 6.9132
133 127.854 4.1259
134 125.377 5.3869
135 128.008 5.5543
136 120.699 8.3063
137 114.797 4.5211
138 139.942 8.8356
139 113.921 5.8103
140 146.564 8.1617
141 204.155 13.4475
142 159.774 5.7477
143 158.118 3.5423
144 199.286 10.6238
145 108.138 4.3294
146 193.235 6.344
147 170.994 8.9091
148 84.5698 3.1908
149 79.9839 3.4456
150 86.3689 3.2106
151 95.5477 5.35
152 88.8118 4.9334
153 129.024 6.5472
154 125.604 9.1299
155 122.765 9.3415
156 118.203 6.7966
157 92.221 4.7702
158 114.388 5.9772
159 103.911 5.172
160 104.54 5.7427
161 109.261 5.8225
162 120.551 9.927
163 134.992 9.1668
164 98.5877 4.6321
165 113.791 6.0138
166 116.928 7.8704
167 120.067 7.7812
168 102.46 6.0277
169 117.997 5.8045
170 95.7188 7.424
171 119.776 7.3212
172 111.127 8.1293
173 104.236 7.036
174 111.224 8.1548
175 79.4844 0.7469
176 104.093 4.2498
177 114.736 9.7573
178 120.477 9.3503
179 92.7226 4.3044
180 81.1815 3.4367
181 91.5597 5.3449
182 111.148 6.0477
183 86.3708 3.55
184 77.9271 2.4556
185 124.066 7.7525
186 94.2357 6.4316
187 118.813 7.0764
188 108.758 6.2394
189 111.744 6.3515
190 106.513 7.0419
191 109.145 7.1087
192 98.898 5.5022
193 106.817 7.4254
194 113.095 5.6629
195 101.61 6.7512
196 103.935 4.8974
197 117.527 5.5332
198 126.418 8.5782
199 122.962 8.949
200 114.124 8.0705
201 113.845 7.0899
202 103.656 6.4026
203 107.132 6.9625
204 98.9758 6.3772
205 102.002 7.3843
206 117.473 6.8392
207 78.1801 2.4652
208 78.5437 3.5608
209 120.538 7.3698
210 85.0272 3.5721
211 123.231 7.6029
212 115.485 4.5754
213 133.426 12.1936
214 130.928 9.3452
215 126.483 10.0238
216 114.286 7.8727
217 131.698 10.8
218 117.582 6.1838
219 131.628 10.563
220 120.195 10.9744
221 118.726 9.623
222 118.466 10.6383
223 119.546 9.5648
224 125.07 7.3592
225 112.332 6.0022
226 97.0365 3.5305
227 95.3007 4.8229
228 140.331 10.9308
229 132.128 8.2363
230 129.9 10.0348
231 133.352 9.3637
232 123.601 10.0462
233 116.484 9.2448
234 113.836 8.9656
235 128.261 10.5918
236 114.888 8.8886
237 117.728 8.0167
238 128.342 11.7067
239 121.303 8.4773
240 121.596 9.7071
