0 81.0795 4.0417
1 72.4339 6.1617
2 79.2233 5.4896
3 86.6492 4.82
4 58.2506 2.1604
5 73.4171 4.5562
6 84.6782 7.3482
7 97.3507 7.6352
8 91.8973 6.3067
9 109.096 6.1799
10 90.2986 6.323
11 122.087 9.0735
12 94.7694 7.3319
13 110.751 7.7559
14 96.8244 5.9297
15 122.39 10.8826
16 102.72 9.1529
17 119.5 5.9863
18 112.335 4.5929
19 102.283 3.6984
20 106.764 3.9996
21 109.806 5.7794
22 103.753 3.3929
23 108.12 9.0079
24 123.019 7.7018
25 102.588 3.6559
26 105.84 4.556
27 98.1715 4.7252
28 102.555 5.4747
29 103.911 5.0428
30 101.614 5.9516
31 196.839 17.934
32 94.0881 6.313
33 87.3633 5.3599
34 80.9288 4.0879
35 92.4065 4.8501
36 91.0591 4.341
37 91.7967 3.6451
38 109.451 4.8991
39 97.4879 5.8374
40 100.672 3.4739
41 99.8688 3.4295
42 109.001 6.8607
43 101.592 5.4911
44 99.936 5.0698
45 113.573 5.2806
46 91.4487 6.1513
47 71.6904 1.0969
48 97.3814 4.0795
49 88.8586 5.8287
50 93.8291 5.3422
51 97.3318 4.4313
52 103.007 6.0238
53 155.023 18.8076
54 182.694 21.2695
55 177.153 21.1181
56 105.032 5.904
57 112.968 5.8921
58 111.715 2.7887
59 111.346 6.7728
60 114.147 5.4429
61 122.146 5.0102
62 118.173 5.7249
63 98.6069 8.0484
64 90.2357 4.1402
65 88.2985 3.1365
66 73.9911 2.2935
67 76.0839 1.9809
68 83.523 1.7604
69 116.749 10.1237
70 96.7386 8.5351
71 80.0259 3.775
72 85.4545 2.9824
73 90.2288 3.11
74 95.096 5.4645
75 90.0967 4.2283
76 89.6187 4.337
77 89.1414 3.4153
78 92.3059 2.6789
79 87.3683 4.2515
80 111.456 5.3207
81 108.643 4.748
82 108.574 6.3697
83 117.028 7.2515
84 97.0788 4.1447
85 113.296 5.4962
86 112.164 5.685
87 111.811 5.1007
88 183.847 20.2947
89 106.168 5.9131
90 105.155 5.4443
91 88.32 5.6115
92 90.4942 6.3124
93 101.455 5.2384
94 95.9705 6.0668
95 98.0787 8.7554
96 109.442 4.5876
97 104.772 4.3484
98 100.717 6.8868
99 100.667 7.4959
100 92.6697 5.8637
101 95.2382 5.1476
102 97.874 6.7575
103 90.2471 5.6817
104 81.3655 4.8072
105 79.2188 5.0454
106 104.003 4.5333
107 123.919 6.3471
108 77.1556 3.0799
109 78.8764 3.5382
110 101.386 3.2806
111 85.1735 2.7042
112 83.5804 4.2095
113 89.9275 2.6106
114 105.966 6.7383
115 115.684 7.0535
116 101.91 5.2011
117 88.5384 4.3063
118 111.315 6.6848
119 101.098 4.8269
120 110.243 5.9699
121 100.927 6.1895
122 97.773 6.1398
123 92.737 4.2849
124 114.912 5.554
125 106.97 6.5881
126 97.5337 6.3833
127 106.934 6.2288
128 105.116 5.4549
129 101.519 6.3877
130 95.1404 4.8488
131 103.429 5.1854
132 104.663 5.756
133 124.506 3.7201
134 120.079 4.6175
135 122.584 4.7886
136 111.672 6.9425
137 110.276 3.7704
138 131.204 7.5471
139 108.049 4.9756
140 138.314 6.824
141 120.748 1.0344
142 154.704 4.8997
143 153.365 2.9827
144 188.795 11.3502
145 105.152 3.8085
146 186.342 6.4596
147 160.021 7.4858
148 81.2716 2.7385
149 76.1369 2.8663
150 82.7862 2.778
151 88.9173 4.4652
152 82.8167 4.0855
153 120.605 5.5451
154 113.126 7.1638
155 109.839 7.6265
156 110.309 5.7936
157 86.8346 4.0971
158 107.007 5.1959
159 97.8143 4.2946
160 99.0936 5.1085
161 102.159 4.8624
162 107.259 8.0352
163 122.986 7.4003
164 93.6168 3.6847
165 106.735 4.7219
166 108.03 6.9136
167 110.105 6.6729
168 95.0879 5.2864
169 110.765 4.7623
170 87.3024 6.1407
171 111.692 6.1353
172 99.4964 6.7683
173 95.4541 5.6068
174 102.138 7.1898
175 79.4108 0.7536
176 99.1713 3.4577
177 102.343 8.1624
178 107.864 7.7674
179 88.1765 3.7014
180 77.7585 3.082
181 85.3333 4.3711
182 103.851 5.1374
183 82.4877 3.0965
184 75.2314 2.2213
185 115.198 6.6548
186 86.3293 5.4865
187 110.695 5.8824
188 101.366 5.2356
189 104.093 5.2007
190 98.0356 5.8746
191 99.8095 5.6141
192 92.3383 4.6168
193 97.7086 6.2244
194 106.825 4.7868
195 93.3266 5.7525
196 98.2318 4.2462
197 110.938 4.8076
198 116.442 7.8356
199 112.647 7.429
200 105.944 6.8713
201 104.89 5.9161
202 95.6738 5.6727
203 99.0752 6.0581
204 91.368 5.2237
205 93.1167 6.2256
206 109.521 5.6082
207 75.9448 2.1746
208 75.0564 3.0231
209 110.517 6.0271
210 81.1808 3.0755
211 113.868 6.5113
212 109.752 3.7741
213 117.137 10.2643
214 118.32 7.7754
215 114.296 8.263
216 104.07 6.6623
217 117.961 8.887
218 110.365 5.2344
219 118.361 8.9094
220 106.758 8.8376
221 106.563 7.8346
222 105.729 8.7573
223 107.484 7.6939
224 112.844 8.3526
225 102.909 5.3471
226 92.2406 3.236
227 88.1211 4.2549
228 122.795 9.5106
229 120.127 7.2631
230 115.207 8.8554
231 119.115 8.0831
232 104.46 5.8764
233 102.368 7.6293
234 100.868 7.7193
235 112.436 8.911
236 101.613 7.7352
237 104.835 6.5057
238 113.392 10.1076
239 109.15 7.0639
240 109.626 8.4644
