0 85.8791 4.8522
1 81.2115 7.7596
2 87.7475 7.1024
3 93.1955 5.9993
4 60.7812 2.6877
5 79.2695 5.6902
6 94.6059 8.5495
7 108.954 9.2372
8 100.373 7.3988
9 118.608 7.4878
10 99.4551 7.4638
11 137.038 11.4229
12 105.624 8.9242
13 122.526 9.8743
14 104.73 7.124
15 138.018 14.1972
16 115.931 11.4746
17 127.071 7.2463
18 118.239 5.4547
19 106.227 4.3297
20 110.864 4.4087
21 117.09 7.583
22 107.636 3.9102
23 121.039 11.7201
24 133.317 9.6693
25 106.488 4.2483
26 110.407 5.2515
27 104.228 5.6693
28 109.267 6.5629
29 110.135 6.109
30 109.946 7.1921
31 206.769 17.4107
32 103.487 7.9001
33 95.1455 6.5713
34 87.2203 5.2562
35 101.223 6.2804
36 97.6396 5.6816
37 97.1965 4.604
38 118.598 6.5637
39 107.752 7.3582
40 105.21 4.1569
41 104.424 4.1703
42 120.098 8.8384
43 110.196 6.8898
44 106.642 5.9383
45 121.364 6.4798
46 99.6322 7.459
47 72.3124 1.1662
48 102.898 5.352
49 95.4196 7.322
50 100.753 6.714
51 103.576 5.8849
52 110.835 7.4117
53 176.284 21.2796
54 194.816 19.9661
55 191.98 20.765
56 112.885 7.3198
57 121.312 7.7005
58 115.086 3.5138
59 122.283 8.9973
60 121.591 6.8221
61 129.559 6.4142
62 127.572 7.2251
63 109.716 9.7038
64 94.9473 4.8003
65 92.2723 3.8138
66 77.0375 2.7044
67 78.6763 2.3004
68 85.3561 2.0846
69 132.798 12.9241
70 108.079 10.2072
71 85.3515 4.4998
72 89.0971 3.5186
73 94.5074 3.7073
74 103.177 6.8614
75 96.5934 5.3972
76 95.2816 4.9873
77 94.0558 4.4245
78 95.0602 3.0838
79 92.8815 5.0504
80 120.303 6.7786
81 115.825 5.9035
82 119.44 8.0425
83 128.104 8.5378
84 103.081 5.1248
85 121.245 6.7944
86 120.058 6.9915
87 119.487 6.7842
88 193.024 20.1978
89 114.271 7.621
90 113.118 6.9016
91 39.6534 14.1316
92 39.1502 15.1746
93 57.406 10.9602
94 52.3869 13.7514
95 61.7937 19.9507
96 57.6595 9.8147
97 57.8259 9.318
98 68.0747 15.5731
99 59.4956 16.9814
100 44.6086 15.1514
101 40.0605 14.1068
102 56.9018 15.9159
103 41.0286 15.4166
104 13.8087 16.8717
105 24.9693 16.4879
106 58.1339 10.9256
107 133.647 8.3587
108 83.1235 3.285
109 85.2391 4.1311
110 107.318 3.8318
111 89.4847 3.0082
112 91.6623 5.0471
113 94.5725 2.9672
114 117.888 7.9663
115 128.692 8.5079
116 112.733 6.3944
117 96.6965 5.2528
118 124.406 8.1918
119 108.974 5.8205
120 122.58 7.8792
121 112.15 7.981
122 108.913 7.649
123 100.66 5.7413
124 122.666 6.7714
125 117.612 7.9303
126 110.474 8.323
127 117.422 7.7922
128 113.012 6.4563
129 111.157 7.7614
130 102.443 6.0251
131 111.986 6.7679
132 112.945 7.1471
133 126.874 4.2998
134 124.55 5.3543
135 127.081 5.5787
136 119.725 8.409
137 114.016 4.5669
138 138.946 9.4335
139 112.905 6.0198
140 146.119 8.3721
141 221.118 20.5756
142 159.578 5.6069
143 158.292 3.5928
144 200.263 11.3377
145 108.016 4.5162
146 193.124 6.3436
147 171.144 9.0995
148 84.3736 3.1857
149 80.1002 3.6064
150 86.2112 3.4341
151 95.725 5.8038
152 88.7995 5.107
153 129.245 6.9788
154 125.794 9.1171
155 123.697 9.7452
156 118.671 6.7718
157 92.5384 4.828
158 114.478 6.4057
159 104.411 5.631
160 104.473 6.1167
161 109.567 5.9492
162 120.799 10.2237
163 135.263 9.4335
164 98.2719 4.7707
165 113.588 6.1092
166 116.72 8.6578
167 119.849 8.165
168 102.411 6.2448
169 117.528 5.9038
170 95.6338 7.9588
171 119.665 7.7857
172 110.268 8.6416
173 103.237 6.904
174 110.395 8.0734
175 79.6577 0.7693
176 103.772 4.3589
177 113.822 10.0154
178 119.662 9.6885
179 92.5908 4.5208
180 80.9986 3.7256
181 91.2976 5.5053
182 111.648 6.4422
183 86.2348 3.6617
184 77.5369 2.5806
185 124.575 8.2119
186 94.6315 6.9347
187 119.209 7.1574
188 109.034 6.1904
189 112.372 6.6787
190 106.477 7.3812
191 109.346 6.9829
192 99.1508 5.3869
193 107.146 7.4835
194 113.661 5.8233
195 101.728 7.12
196 104.013 5.1261
197 117.806 5.7834
198 126.605 9.5631
199 123.425 9.6869
200 114.317 8.0391
201 114.338 7.4941
202 103.687 6.6535
203 107.075 7.3758
204 99.0002 6.5478
205 101.699 7.7506
206 117.056 7.2935
207 77.994 2.4422
208 78.4299 3.5173
209 119.657 7.3213
210 84.534 3.5638
211 122.631 7.8525
212 114.714 4.4677
213 132.428 13.0443
214 129.05 9.6409
215 126.345 10.0347
216 114.765 8.2994
217 132.046 11.2069
218 117.544 6.4139
219 132.036 11.155
220 119.918 11.2481
221 118.595 10.3346
222 117.773 10.9493
223 118.53 9.6258
224 124.51 7.032
225 112.498 6.0942
226 97.27 3.4224
227 95.3072 4.8233
228 140.373 11.3181
229 131.758 8.5632
230 130.478 10.2025
231 132.59 9.4891
232 123.636 11.2794
233 117.28 9.1662
234 114.701 9.4957
235 129.399 11.3544
236 115.715 9.5021
237 118.235 8.384
238 129.441 12.1749
239 121.862 8.9801
240 121.42 10.1175
