0 81.6089 4.083
1 73.5969 6.4497
2 80.0384 5.664
3 87.3847 4.904
4 58.7572 2.188
5 73.8383 4.6191
6 85.7099 7.4052
7 98.5171 7.2098
8 93.3679 6.3101
9 110.293 6.3125
10 91.3528 6.4545
11 123.997 9.4145
12 97.2225 7.5633
13 112.491 8.1641
14 97.6779 6.0236
15 123.883 10.9915
16 104.416 9.3926
17 120.319 6.0678
18 112.817 4.6715
19 102.473 3.7425
20 107.139 4.1335
21 111.148 5.8397
22 104.183 3.4666
23 109.596 9.1432
24 124.086 7.6103
25 103.315 3.7198
26 106.709 4.6271
27 99.5821 4.8614
28 104.083 5.7297
29 104.662 5.1326
30 103.081 5.9625
31 202.415 18.3469
32 95.5051 6.4002
33 88.4454 5.0986
34 81.3711 4.1838
35 93.976 4.9382
36 91.8617 4.487
37 92.5379 3.6112
38 111.041 5.1907
39 98.9274 5.9031
40 102.222 3.7398
41 101.172 3.6271
42 112.275 7.0497
43 103.438 5.8659
44 101.862 5.4495
45 116.125 5.3849
46 93.9678 6.3354
47 71.8513 1.109
48 98.2807 3.929
49 89.9167 5.9323
50 95.4222 5.7386
51 98.4501 4.5685
52 103.913 5.7703
53 159.716 19.3812
54 184.43 20.9885
55 180.008 21.5614
56 106.35 6.1184
57 114.014 6.0488
58 112.031 2.7739
59 113.371 7.2359
60 114.836 5.4287
61 123.28 5.0538
62 119.742 6.0235
63 99.7082 8.1539
64 90.9352 3.9468
65 88.7134 3.1325
66 74.3843 2.3052
67 76.643 1.9694
68 83.9404 1.8928
69 119.753 10.889
70 99.1474 8.7748
71 80.8173 3.7631
72 86.2046 2.8964
73 91.0127 3.0733
74 96.5805 5.5248
75 90.5355 4.3483
76 90.4794 4.2495
77 90.3095 3.5098
78 92.8575 2.6313
79 88.7799 4.227
80 113.244 5.5696
81 110.22 4.8311
82 110.602 6.4871
83 119.301 6.7959
84 98.1216 4.0924
85 114.558 5.1701
86 113.49 5.5242
87 113.332 5.3447
88 186.38 19.5218
89 107.587 6.1614
90 107.805 5.4739
91 -3.5558 19.3799
92 8.1497 18.0433
93 36.9848 11.5251
94 25.1 16.0036
95 29.9954 22.0556
96 39.8901 11.0545
97 38.8756 10.0591
98 41.4291 17.2845
99 30.2192 19.5766
100 14.6434 18.1274
101 8.0569 17.2765
102 28.8102 18.8648
103 4.9263 18.937
104 -60.9965 24.0273
105 -11.8751 19.6166
106 38.8599 11.936
107 125.282 6.5782
108 79.8457 3.0013
109 81.2337 3.543
110 103.371 3.1895
111 86.3324 2.5534
112 86.1501 4.1829
113 91.5163 2.565
114 109.595 6.5318
115 118.568 6.4888
116 105.393 5.3645
117 91.4092 4.4068
118 115.149 6.5473
119 103.699 4.8504
120 113.253 6.0862
121 104.664 6.5516
122 100.444 6.2523
123 94.8755 4.5054
124 116.863 5.588
125 108.568 6.6597
126 100.015 6.8445
127 108.897 6.4508
128 106.336 5.5502
129 103.208 6.4454
130 96.5646 4.8627
131 104.731 5.4694
132 106.038 6.0283
133 124.498 3.6752
134 120.915 4.7246
135 123.036 4.8567
136 112.763 6.9616
137 110.924 3.9232
138 131.675 7.1416
139 108.56 4.881
140 138.724 6.971
141 198.464 15.8944
142 155.681 5.0881
143 153.908 3.1172
144 189.359 10.9754
145 105.672 3.9965
146 186.754 6.5929
147 161.298 7.8763
148 81.963 2.8616
149 76.7023 3.0226
150 83.4623 2.9588
151 90.1967 4.7993
152 83.9581 4.3051
153 122.367 5.9499
154 115.423 7.4745
155 111.934 8.3306
156 111.735 5.9463
157 87.9102 4.2681
158 108.126 5.2332
159 98.797 4.7211
160 100.279 5.7028
161 103.42 4.8706
162 109.471 8.3193
163 125.549 7.7019
164 94.1054 4.1199
165 107.972 5.2091
166 108.93 6.9518
167 111.63 6.8624
168 95.6602 4.9604
169 111.63 4.8397
170 88.3464 6.3779
171 112.925 6.4814
172 101.138 6.9177
173 96.4753 5.591
174 102.998 6.686
175 79.3025 0.7271
176 99.5133 3.536
177 103.766 8.2537
178 109.19 8.0702
179 88.6169 3.7497
180 77.7692 3.0896
181 85.8579 4.5502
182 104.261 5.2145
183 82.7178 3.0973
184 75.4495 2.258
185 114.884 6.7275
186 86.2972 5.7523
187 111.633 6.0972
188 102.01 5.5533
189 104.596 5.3523
190 98.9849 6.1553
191 101.102 6.0149
192 92.7129 4.656
193 97.7011 6.1108
194 107.171 4.9693
195 93.7296 5.9619
196 98.48 4.3201
197 111.559 4.7509
198 116.983 7.7924
199 114.235 7.8068
200 107.476 7.1757
201 107.548 6.1202
202 97.57 5.8767
203 101.114 6.0307
204 93.0157 5.7235
205 95.5594 6.1473
206 111.764 5.8385
207 76.2614 2.2054
208 75.6558 3.0597
209 111.443 6.0062
210 81.6625 3.1424
211 115.049 6.6005
212 110.265 3.9521
213 118.905 10.4233
214 120.158 8.0175
215 116.797 8.542
216 106.054 7.033
217 120.52 9.0568
218 111.904 5.4585
219 120.138 8.5898
220 109.208 9.6019
221 108.627 8.2366
222 107.714 9.0251
223 109.27 7.7987
224 117.641 6.6624
225 105.732 5.2377
226 93.4403 3.0775
227 90.1114 4.1767
228 127.213 9.118
229 122.943 7.0501
230 118.613 8.4338
231 122.407 7.9854
232 107.614 5.9922
233 107.016 7.7238
234 104.445 7.674
235 116.291 9.1103
236 104.966 7.656
237 108.446 6.4554
238 116.994 9.797
239 112.168 7.2082
240 113.879 8.4565
