0 85.8107 4.6672
1 80.8171 7.3902
2 87.6696 6.8036
3 92.8026 5.8611
4 60.7345 2.6092
5 78.8606 5.3369
6 94.6999 8.3952
7 108.701 9.1005
8 100.385 7.415
9 118.847 7.2939
10 99.9372 7.3657
11 137.529 11.1873
12 106.719 8.7651
13 122.449 9.7997
14 105.522 7.0966
15 139.089 13.5152
16 116.452 11.3935
17 126.261 6.9301
18 117.139 5.3492
19 105.96 4.314
20 110.435 4.6021
21 116.835 6.8644
22 107.243 3.8981
23 120.492 11.6137
24 132.107 9.3795
25 106.203 4.3124
26 110.405 5.2584
27 103.773 5.6211
28 108.881 6.3297
29 109.137 5.9425
30 109.134 7.1426
31 206.837 18.2266
32 103.09 7.4205
33 94.1906 6.2858
34 86.5052 5.0776
35 99.9027 5.8994
36 97.2755 5.4014
37 96.8768 4.293
38 118.022 6.3931
39 106.75 7.0494
40 105.549 4.1666
41 104.439 4.0714
42 120.13 8.4805
43 110.172 6.7203
44 106.861 6.0872
45 121.768 6.2714
46 99.6402 7.2061
47 72.3806 1.1914
48 102.748 4.8387
49 95.3271 6.7799
50 100.811 6.7175
51 103.729 5.8246
52 110.22 7.2754
53 174.385 20.4453
54 195.792 20.9151
55 190.809 20.1597
56 112.733 6.6727
57 121.187 7.0066
58 115.13 3.4429
59 121.84 8.4443
60 121.269 6.2643
61 129.102 6.0565
62 126.618 7.1448
63 109.619 9.3179
64 95.2963 4.6232
65 92.2841 3.6961
66 76.977 2.7058
67 78.8136 2.2571
68 85.5596 2.0867
69 132.549 12.3783
70 108.558 10.1801
71 85.0394 4.4626
72 89.2359 3.456
73 94.4551 3.6689
74 103.137 6.6411
75 95.7494 5.021
76 95.5039 4.9629
77 94.2035 4.0792
78 95.2902 3.0043
79 93.1174 4.9497
80 119.385 6.5084
81 115.901 5.9482
82 119.635 7.5888
83 127.877 8.8952
84 102.624 5.0696
85 121.239 6.7128
86 119.962 6.8794
87 119.22 6.4627
88 98.4481 1.7369
89 114.564 7.5888
90 112.462 6.6613
91 97.6288 7.0272
92 100.273 7.4943
93 110.028 6.3801
94 105.251 7.0611
95 111.619 10.7196
96 115.543 5.7156
97 111.496 5.1937
98 111.33 8.3004
99 111.87 8.6961
100 101.407 7.2137
101 103.655 6.5027
102 108.605 8.5304
103 99.443 7.1044
104 88.0867 6.0255
105 86.0419 6.0923
106 110.583 5.6513
107 133.416 7.9842
108 83.522 3.2755
109 85.7141 4.294
110 107.406 3.8895
111 89.243 3.0101
112 91.5133 5.0986
113 94.4878 3.1153
114 117.109 7.8271
115 128.956 8.2417
116 111.943 6.5949
117 96.4715 5.1719
118 123.839 8.1375
119 109.354 5.768
120 122.151 7.6972
121 112.218 7.8263
122 109.076 7.5816
123 100.455 5.4297
124 122.475 6.333
125 117.269 7.864
126 110.05 7.9903
127 116.947 7.5949
128 112.842 6.5032
129 110.631 7.4504
130 102.166 6.0108
131 111.314 6.4905
132 112.86 7.0144
133 127.234 4.1415
134 124.709 5.3473
135 127.208 5.3356
136 119.539 8.2199
137 114.343 4.4953
138 138.898 8.602
139 113.223 5.8953
140 146.432 8.2557
141 86.1231 5.3064
142 85.2435 4.9525
143 88.3185 2.8443
144 86.5669 3.1228
145 89.6714 3.8046
146 113.027 6.1674
147 117.253 7.0928
148 84.5443 3.248
149 80.1091 3.5437
150 86.3553 3.4296
151 95.7502 5.5624
152 88.9439 4.9268
153 129.171 6.7701
154 125.575 8.9877
155 123.683 9.7238
156 118.326 6.7761
157 92.5588 4.7941
158 114.212 6.228
159 103.857 5.2057
160 104.541 6.0691
161 109.554 5.8735
162 120.331 9.8312
163 135.134 9.4628
164 98.2457 4.815
165 113.605 6.1297
166 116.635 7.8392
167 120.191 8.0292
168 102.414 6.3112
169 117.842 5.9092
170 95.5317 7.6631
171 119.387 7.2438
172 111.415 8.6921
173 103.976 7.12
174 99.8802 8.4954
175 97.9406 6.4642
176 102.592 4.2892
177 128.409 10.0085
178 113.063 9.2922
179 92.8508 4.3701
180 80.9964 3.6618
181 91.5103 5.2542
182 110.915 6.1493
183 86.5946 3.7015
184 77.8758 2.5106
185 124.317 7.8
186 93.9688 6.5946
187 119.186 7.1003
188 109.108 6.4513
189 112.142 6.2598
190 106.905 7.1211
191 109.398 7.2545
192 99.4555 5.644
193 107.402 7.5168
194 114.042 5.898
195 102.484 7.0443
196 104.138 5.0791
197 117.97 5.8677
198 128.149 9.3082
199 124.094 9.2898
200 114.797 8.1111
201 113.993 7.0163
202 103.593 6.6211
203 107.706 7.3379
204 98.7189 6.482
205 101.811 7.3157
206 117.345 7.0928
207 78.1637 2.4527
208 78.7045 3.4767
209 119.443 7.2601
210 84.8963 3.5716
211 122.66 7.7408
212 114.858 4.5209
213 131.648 12.406
214 129.577 8.9713
215 126.566 10.1618
216 114.391 8.1271
217 132.085 10.8314
218 117.826 6.2876
219 131.781 11.0963
220 120.029 10.8344
221 118.918 9.9155
222 118.43 10.3982
223 130.488 9.7347
224 124.926 7.7769
225 112.414 6.2178
226 97.0313 3.5678
227 95.1384 4.9138
228 139.232 11.0766
229 131.764 8.5895
230 130.475 10.3835
231 132.577 9.5824
232 124.136 10.3783
233 116.762 8.9312
234 114.597 9.3482
235 129.208 11.1713
236 115.635 9.2664
237 117.983 8.1572
238 129.772 12.048
239 122.086 8.7797
240 122.033 10.1754
