0 85.7409 4.697
1 81.2061 7.6317
2 87.8945 7.1951
3 93.1955 5.8209
4 60.8544 2.5057
5 79.2262 5.4517
6 94.67 8.9203
7 108.841 8.8954
8 100.873 7.4209
9 119.07 7.5392
10 100.046 7.5282
11 137.918 11.9297
12 107.046 9.143
13 122.721 10.0007
14 105.464 7.5884
15 139.09 13.3868
16 116.717 11.2015
17 126.923 7.1625
18 118.03 5.4034
19 106.292 4.3973
20 110.841 4.5289
21 117.177 6.9945
22 107.397 3.8213
23 120.476 11.7845
24 132.462 9.7337
25 106.43 4.1099
26 110.451 5.1683
27 103.564 5.6378
28 108.848 6.5534
29 109.741 5.7901
30 109.78 7.2902
31 198.375 13.6731
32 102.95 7.2563
33 94.5235 6.5622
34 86.604 4.9916
35 100.372 5.9307
36 96.8737 5.4852
37 96.8635 4.3994
38 117.702 6.5706
39 106.275 6.9907
40 105.856 4.2445
41 104.802 4.0918
42 121.359 8.896
43 110.785 6.9922
44 107.646 6.4589
45 122.799 6.5497
46 100.579 7.6394
47 72.3044 1.1937
48 103.119 5.0858
49 95.6934 7.5346
50 101.273 6.7144
51 103.726 5.7903
52 110.847 7.9088
53 176.402 20.6845
54 194.287 19.3879
55 191.672 20.2818
56 113.125 6.918
57 121.721 7.1117
58 115.323 3.5218
59 121.988 8.715
60 121.336 6.4194
61 129.256 6.3174
62 126.599 7.2401
63 109.971 9.7102
64 94.9636 4.7552
65 92.3036 3.6626
66 76.9154 2.6009
67 78.8242 2.26
68 85.6977 2.0895
69 133.884 13.1987
70 109.022 10.9209
71 85.2016 4.5497
72 89.1865 3.3662
73 94.5816 3.6038
74 103.526 6.6908
75 96.0588 5.0984
76 96.1693 5.0724
77 94.8491 4.2716
78 95.6637 3.0739
79 93.8901 4.9459
80 120.485 6.7791
81 116.671 5.7667
82 120.096 7.9305
83 128.884 8.6406
84 103.42 5.0687
85 121.736 6.402
86 120.347 7.274
87 119.81 6.7535
88 190.39 18.9226
89 114.8 7.2826
90 113.195 6.3508
91 39.0307 14.5778
92 39.7183 15.6854
93 57.6198 10.3008
94 52.0459 13.9278
95 63.1816 18.7845
96 57.2554 10.1659
97 58.314 9.3475
98 68.0108 15.1902
99 61.0613 16.9793
100 45.6105 14.902
101 41.6438 14.0008
102 57.5714 16.9634
103 42.1893 14.8886
104 8.6885 17.5137
105 26.6123 15.4828
106 58.2365 10.7415
107 133.347 7.8662
108 83.2935 3.2813
109 85.4246 4.2884
110 107.454 3.8884
111 89.4087 3.1444
112 91.4752 5.2483
113 94.5196 3.1549
114 117.568 8.1313
115 128.71 8.6256
116 111.648 6.4525
117 96.8427 5.1902
118 123.847 8.2943
119 109.048 5.5997
120 121.614 7.644
121 111.739 7.9734
122 108.39 7.6418
123 100.364 5.5574
124 122.682 6.421
125 117.589 7.5403
126 110.235 8.3533
127 116.914 7.6615
128 113.004 6.4489
129 111.445 7.4515
130 102.445 5.7257
131 111.199 6.5378
132 113.163 7.0899
133 127.121 4.148
134 124.796 5.3213
135 127.269 5.4744
136 120.165 8.6751
137 114.175 4.6814
138 138.624 9.0691
139 112.799 5.9703
140 145.514 8.2567
141 216.556 17.6777
142 160.277 6.2566
143 158.32 3.5067
144 201.731 11.4013
145 108.273 4.4408
146 193.674 6.6794
147 171.613 9.1417
148 84.5135 3.2149
149 79.8366 3.4653
150 86.1645 3.4505
151 95.4824 5.5974
152 88.9356 5.0141
153 128.821 7.0945
154 125.817 9.2568
155 122.955 9.6308
156 117.753 6.7994
157 92.1049 4.8029
158 114.305 6.1348
159 103.763 5.3337
160 104.313 5.7175
161 108.863 5.8668
162 120.387 9.9727
163 134.34 9.3603
164 98.2482 4.8006
165 113.392 6.3973
166 116.592 8.7203
167 119.881 8.1996
168 102.531 6.5151
169 117.995 6.0051
170 95.47 7.9079
171 119.889 7.558
172 110.622 8.3736
173 103.805 6.8394
174 110.53 8.3566
175 79.458 0.7744
176 103.767 4.3727
177 113.549 9.853
178 119.575 9.6517
179 93.272 4.5569
180 81.2929 3.6284
181 91.9256 5.4559
182 111.699 6.2813
183 86.7018 3.6509
184 78.1511 2.6254
185 124.969 8.4337
186 94.7814 6.9951
187 119.45 7.4542
188 109.246 6.7204
189 112.563 6.533
190 107.334 7.4655
191 109.84 7.1009
192 99.5384 5.6146
193 107.882 7.7884
194 113.954 5.8637
195 102.349 7.1673
196 104.129 5.4374
197 118.069 6.2389
198 127.172 9.4446
199 123.985 9.6157
200 113.99 8.1061
201 114.241 7.5392
202 103.711 6.4563
203 106.896 7.0329
204 98.9971 6.6657
205 101.907 7.6428
206 117.349 7.4084
207 78.122 2.3671
208 78.3994 3.4909
209 119.768 7.2892
210 84.4656 3.6086
211 122.664 7.8539
212 114.785 4.558
213 132.4 12.1839
214 129.956 9.4013
215 126.91 10.0643
216 114.552 8.326
217 132.151 10.7388
218 118.085 6.5344
219 132.067 11.0337
220 120.38 11.3177
221 118.705 9.8488
222 118.617 10.7878
223 118.764 9.2985
224 124.845 7.1774
225 111.795 6.2555
226 96.9252 3.4892
227 95.1139 5.0329
228 139.701 11.1059
229 131.886 8.4839
230 129.802 9.9955
231 133.199 9.403
232 121.619 13.11
233 116.992 8.997
234 114.539 9.373
235 129.498 11.0697
236 115.491 9.4063
237 117.941 8.3109
238 129.225 12.8804
239 121.925 8.9125
240 121.967 9.9327
