0 81.0031 3.932
1 72.2321 6.4028
2 78.8352 5.8332
3 86.6146 4.8485
4 58.2642 2.1981
5 73.099 4.7497
6 84.1512 7.5663
7 97.0823 7.4765
8 91.0981 6.121
9 109.321 6.6045
10 90.3546 6.4849
11 122.291 9.6235
12 95.3565 7.1645
13 110.878 8.2966
14 97.0314 6.1579
15 122.703 11.3645
16 102.708 9.7158
17 121.211 6.2235
18 114.219 4.8062
19 103.025 3.7789
20 107.916 4.2115
21 111.086 5.6382
22 104.827 3.5061
23 110.298 9.9281
24 124.813 8.1698
25 102.678 3.65
26 106.064 4.6182
27 98.4005 4.7659
28 102.751 5.5086
29 104.227 5.1249
30 101.747 6.1157
31 200.055 19.5844
32 93.9674 6.3677
33 87.2624 5.2164
34 81.0209 4.4848
35 92.3264 4.94
36 91.2815 4.4555
37 91.7667 3.632
38 109.441 5.2847
39 97.4358 6.1469
40 101.184 3.5574
41 100.379 3.6008
42 109.669 7.1115
43 101.725 5.8951
44 100.425 5.2152
45 114.538 5.4801
46 92.2027 6.8745
47 71.6668 1.1021
48 97.7439 4.1809
49 89.3707 5.8293
50 94.0297 5.8658
51 97.8039 4.891
52 103.396 6.1818
53 156.756 20.1092
54 185.051 22.22
55 179.71 23.1098
56 105.077 6.1244
57 113.321 6.0316
58 111.642 2.7739
59 111.112 7.2027
60 114.13 5.1479
61 121.956 5.2948
62 118.113 6.0758
63 98.2272 7.9866
64 90.1038 4.0076
65 88.2378 3.2573
66 73.891 2.2934
67 76.3484 1.9474
68 83.4874 1.8326
69 116.651 10.3168
70 96.3979 9.1849
71 80.0249 3.755
72 85.4469 2.9658
73 90.1241 3.0912
74 94.9047 5.5895
75 90.0017 4.4107
76 89.706 4.403
77 88.9691 3.609
78 92.3036 2.6524
79 87.4111 4.1094
80 111.446 5.7587
81 108.57 4.9118
82 108.715 6.7214
83 116.901 7.4961
84 97.2807 4.2709
85 113.693 5.3446
86 112.271 6.0431
87 111.998 5.6065
88 188.298 22.6556
89 106.058 6.6121
90 105.145 5.8083
91 88.4081 5.9084
92 90.1587 6.4189
93 101.31 5.529
94 95.782 6.0934
95 97.7188 8.7838
96 109.286 4.8058
97 104.515 4.5539
98 100.111 6.938
99 101.287 7.6136
100 93.1889 5.9787
101 95.5354 5.5788
102 98.6299 7.6124
103 90.6631 6.0548
104 81.7642 5.3293
105 79.718 5.3405
106 104.55 4.8828
107 123.734 6.8456
108 77.1222 3.1099
109 78.6548 3.7023
110 101.26 3.365
111 85.1304 2.6443
112 83.4291 4.2646
113 89.7219 2.8159
114 105.496 6.965
115 115.682 7.3367
116 101.912 5.117
117 88.4588 4.4935
118 111.232 6.8969
119 100.985 4.6668
120 110.216 5.9934
121 100.782 6.2431
122 97.6415 6.4862
123 92.737 4.4278
124 115.318 5.4072
125 106.975 6.7259
126 97.6912 6.4771
127 107.042 6.3234
128 105.615 5.5603
129 101.515 6.2637
130 95.1243 4.8847
131 103.649 5.5114
132 104.713 6.03
133 124.766 3.7283
134 120.425 4.5861
135 122.861 4.891
136 111.715 7.1565
137 110.805 3.8851
138 131.253 7.4992
139 108.328 5.2509
140 138.558 7.2443
141 120.771 1.0117
142 154.877 4.742
143 153.436 3.0861
144 188.889 11.3023
145 105.073 4.0018
146 186.52 6.7302
147 160.046 7.7494
148 81.205 2.7646
149 75.9619 2.9308
150 82.7448 2.8466
151 88.9654 4.7388
152 82.852 4.3766
153 120.936 5.6613
154 113.083 7.4404
155 109.809 8.0284
156 110.276 5.8008
157 86.6321 4.173
158 106.985 4.9295
159 97.5645 4.5894
160 99.3398 4.9251
161 102.085 5.1595
162 107.449 8.3509
163 122.656 8.4417
164 93.6253 3.9352
165 107.082 5.3356
166 108.27 6.4495
167 110.212 7.1418
168 95.0666 5.3142
169 111.148 4.8175
170 87.8284 6.7802
171 111.777 6.3074
172 99.7698 6.993
173 95.3671 5.4529
174 102.249 6.8092
175 79.4467 0.7423
176 99.4452 3.4269
177 102.612 8.2383
178 107.973 8.1495
179 87.7238 3.8423
180 77.3171 3.0854
181 84.6863 4.6074
182 103.142 5.1825
183 82.0682 3.0326
184 75.0472 2.2255
185 113.803 6.6759
186 85.937 5.6195
187 110.445 6.3302
188 101.227 5.3335
189 103.872 5.5017
190 97.6236 6.1544
191 99.9076 5.8941
192 91.8972 4.5337
193 97.1369 6.4712
194 106.061 4.8827
195 92.5764 6.2915
196 97.9033 4.2366
197 110.029 5.0246
198 115.949 7.7774
199 111.721 7.7228
200 106.022 6.8931
201 105.195 6.1339
202 95.6814 5.982
203 99.3631 6.3084
204 91.3766 5.814
205 93.1116 6.3124
206 109.734 5.8831
207 75.8097 2.1259
208 74.892 2.9894
209 109.876 6.1398
210 80.8636 3.1215
211 113.17 6.8322
212 109.18 3.9267
213 115.901 10.1646
214 117.155 7.7903
215 113.824 8.6434
216 104.168 7.0289
217 118.405 8.9131
218 110.309 5.365
219 118.202 9.0775
220 106.732 9.3193
221 106.828 8.3185
222 105.772 8.9643
223 107.714 8.0947
224 112.814 7.5487
225 102.1 5.1743
226 91.6896 3.0784
227 87.4293 4.2578
228 121.301 9.7839
229 118.577 7.3198
230 113.627 8.7294
231 117.962 7.9317
232 104.361 5.7475
233 102.196 7.6339
234 100.601 7.9979
235 112.162 9.7756
236 101.401 7.7128
237 104.874 6.6306
238 113.386 10.5981
239 109.156 7.3185
240 109.339 8.5034
