0 81.9916 4.0766
1 74.3384 6.9206
2 80.9019 6.2097
3 87.8753 5.0201
4 58.7969 2.352
5 74.2956 4.9093
6 87.1001 7.5674
7 99.396 7.9253
8 93.2192 6.535
9 110.487 6.7258
10 91.657 6.6968
11 124.237 9.8156
12 97.2136 8.1091
13 113.171 8.4222
14 97.9602 6.5144
15 124.112 11.2252
16 104.892 10.109
17 121.002 6.545
18 113.577 4.7379
19 103.053 3.8862
20 107.844 4.2234
21 111.635 6.1211
22 104.615 3.4987
23 110.461 10.14
24 125.193 8.2696
25 103.455 3.8126
26 107.004 4.842
27 99.8798 5.0167
28 104.477 5.8967
29 105.039 5.1001
30 103.333 6.0565
31 220.606 24.4975
32 96.1582 6.5567
33 88.7741 5.5925
34 81.5104 4.4916
35 94.3649 5.3179
36 92.284 4.7692
37 92.7623 3.9652
38 111.592 5.7462
39 99.5894 6.1723
40 101.955 3.8075
41 101.174 3.6762
42 112.308 7.2645
43 103.586 6.1797
44 101.644 5.3854
45 116.156 5.5952
46 93.7842 6.3435
47 71.947 1.122
48 98.3977 4.5401
49 90.0266 6.2752
50 95.5639 6.2484
51 98.4912 5.0582
52 104.432 6.1255
53 159.27 21.105
54 186.239 21.7219
55 180.407 21.4436
56 106.576 6.1965
57 114.26 6.1863
58 111.948 2.8103
59 113.107 7.1106
60 114.919 5.6445
61 123.323 5.1389
62 119.86 6.3586
63 98.9886 8.1845
64 90.5637 3.7669
65 88.5579 3.1129
66 74.4471 2.3834
67 76.507 1.8902
68 83.8886 1.8419
69 119.153 11.4414
70 98.207 8.7073
71 80.7844 3.9268
72 86.1453 2.9573
73 91.3136 3.2298
74 97.0548 5.6661
75 91.296 4.4194
76 90.619 4.4526
77 90.1404 3.5238
78 92.9708 2.6516
79 88.6354 4.0831
80 113.5 5.704
81 110.21 4.773
82 110.966 6.9348
83 119.428 7.5022
84 98.1882 4.193
85 114.337 5.1625
86 113.673 6.1401
87 112.921 5.2301
88 187.314 20.6369
89 107.588 6.2346
90 107.576 5.6672
91 89.8075 5.6677
92 91.6412 6.5504
93 102.132 5.4441
94 96.9205 6.3163
95 100.341 9.2843
96 110.047 4.8294
97 105.318 4.5984
98 101.608 6.9359
99 102.247 7.755
100 94.0258 6.0711
101 96.4214 5.5064
102 99.6282 7.2038
103 91.3818 5.9407
104 82.2179 5.1065
105 80.1304 5.3934
106 104.684 5.0645
107 125.003 6.9536
108 80.359 2.892
109 81.7831 3.5238
110 103.953 3.2518
111 86.9605 2.658
112 86.609 4.3255
113 91.591 2.6179
114 110.225 6.8657
115 119.023 6.8249
116 105.509 5.5903
117 91.51 4.5954
118 114.734 6.5631
119 103.714 4.7171
120 113.109 6.1816
121 104.923 6.8996
122 100.197 6.5876
123 94.9487 4.7996
124 116.554 5.6571
125 108.264 6.7026
126 99.3536 6.7887
127 108.493 6.3843
128 105.83 5.5886
129 103.047 6.595
130 96.115 4.8654
131 104.542 5.8027
132 105.66 6.1866
133 124.282 3.785
134 120.653 4.681
135 122.703 4.7623
136 112.201 7.4182
137 110.722 4.0727
138 131.3 7.9457
139 108.26 5.4384
140 138.595 7.2694
141 200.173 16.437
142 155.508 5.1677
143 153.686 3.3084
144 189.158 11.4444
145 105.289 4.1877
146 186.479 6.6112
147 161.211 7.9305
148 81.3676 2.8086
149 76.4633 3.1806
150 82.7334 2.8768
151 89.5134 5.1353
152 83.202 4.5395
153 120.941 5.8543
154 114.083 7.5389
155 110.603 8.0532
156 110.682 6.0836
157 87.0962 4.2964
158 107.385 5.2022
159 98.3951 4.4575
160 99.532 5.2938
161 102.657 5.0849
162 109.161 8.3117
163 125.107 7.893
164 94.0789 4.3309
165 107.936 5.0151
166 109.202 7.6344
167 112.101 6.7232
168 95.8736 5.5314
169 111.876 5.4917
170 88.3834 6.5611
171 112.743 6.4343
172 101.19 7.3029
173 96.8526 5.9991
174 103.146 7.0976
175 79.5985 0.7994
176 99.7765 3.7303
177 103.812 8.7736
178 109.466 8.397
179 88.4827 3.9048
180 77.9265 3.2289
181 86.2602 4.7813
182 104.605 5.2547
183 82.7189 3.1541
184 75.3701 2.3218
185 115.794 6.8699
186 86.7865 5.8317
187 112.011 6.3304
188 102.301 5.7632
189 104.964 5.7019
190 99.0568 6.6911
191 101.673 6.2187
192 92.677 4.9626
193 97.7551 6.2512
194 107.166 5.1097
195 93.4774 5.9046
196 98.3677 4.2972
197 111.408 4.8556
198 117.102 7.7209
199 114.487 7.8348
200 107.174 6.9885
201 106.795 6.2476
202 97.3789 6.1563
203 100.421 6.2254
204 92.9536 5.9123
205 95.045 6.6146
206 111.048 6.0806
207 76.1156 2.2194
208 75.4486 3.0474
209 111.02 6.1261
210 81.4587 3.132
211 114.552 6.7112
212 109.875 3.9376
213 117.52 10.3485
214 119.609 7.8289
215 117.435 9.0706
216 106.403 7.1146
217 120.674 9.6824
218 112.065 5.5488
219 120.142 9.0274
220 109.852 9.7503
221 109.138 8.6
222 107.733 8.8739
223 109.53 7.9705
224 118.265 5.8761
225 105.813 5.0925
226 93.4431 3.079
227 89.8522 4.0971
228 126.882 9.3495
229 123.014 7.3756
230 117.982 8.4523
231 122.039 8.0182
232 107.696 5.8058
233 106.678 8.042
234 104.433 8.0263
235 116.918 9.1205
236 104.322 7.9103
237 108.432 6.6968
238 117.52 10.6585
239 112.159 7.3245
240 113.074 8.5936
