0 87.2178 4.7713
1 83.7066 7.481
2 90.571 7.297
3 95.1045 5.8592
4 61.5011 2.623
5 80.8129 5.5111
6 97.6655 9.2014
7 112.221 9.2271
8 103.525 7.759
9 122.282 7.8508
10 102.359 7.6235
11 141.901 11.6989
12 110.638 9.373
13 125.619 9.7941
14 107.966 7.5724
15 143.608 13.8157
16 120.4 11.7836
17 128.856 7.3159
18 119.311 5.4907
19 107.627 4.4409
20 112.324 4.6874
21 119.139 7.0944
22 108.074 3.9059
23 123.482 11.4153
24 135.88 9.7012
25 107.792 4.4875
26 112.83 5.5676
27 106.042 5.8892
28 111.698 6.7671
29 112.2 6.1137
30 112.976 7.4106
31 208.036 16.9295
32 105.591 7.5964
33 96.808 6.3935
34 88.6624 5.3814
35 102.84 6.1948
36 99.5284 5.4532
37 98.7984 4.5233
38 120.657 6.5329
39 109.635 7.1734
40 107.612 4.384
41 106.321 4.2542
42 124.161 8.7017
43 114.01 7.3274
44 109.404 6.2768
45 124.75 6.6348
46 102.749 7.4776
47 72.8057 1.1896
48 105.138 5.3253
49 98.0005 7.2495
50 103.778 7.0273
51 106.041 5.8961
52 113.283 7.5806
53 180.323 19.4319
54 196.288 19.305
55 193.71 19.4258
56 116.057 7.3211
57 124.602 7.5165
58 116.456 3.4312
59 126.112 9.0373
60 124.108 6.6756
61 132.132 6.2342
62 131.032 7.6559
63 113.869 9.6188
64 97.0729 4.8675
65 93.7997 3.7832
66 77.6037 2.769
67 79.6837 2.3527
68 86.2449 2.1662
69 138.661 13.1053
70 112.206 10.2617
71 87.1729 4.5817
72 90.6831 3.5653
73 95.7764 3.7542
74 106.07 6.8965
75 98.2381 5.2454
76 98.22 5.1435
77 96.2456 4.457
78 96.6822 3.2387
79 95.2089 5.1134
80 123.044 6.7955
81 118.62 5.9992
82 122.926 8.0998
83 133.104 9.1706
84 105.23 5.3554
85 124.334 6.8112
86 123.386 7.5297
87 122.113 6.7042
88 99.1971 1.7701
89 117.684 8.0472
90 115.718 6.8293
91 41.2531 15.1394
92 44.2729 16.0008
93 59.7528 11.4105
94 53.8567 14.4506
95 68.5507 20.0659
96 58.6593 10.5282
97 59.8662 9.9582
98 72.2935 16.3123
99 64.9145 17.5758
100 48.991 15.2313
101 43.8509 14.4754
102 60.8672 16.9168
103 44.5048 15.2005
104 14.2983 17.5531
105 27.1792 17.2193
106 58.6556 11.4727
107 136.098 8.1864
108 84.455 3.4915
109 87.3738 4.4633
110 108.839 3.9324
111 90.8415 3.2226
112 93.7403 5.2876
113 96.0557 3.1675
114 121.328 8.2452
115 132.115 8.7144
116 115.197 7.0414
117 98.4994 5.3115
118 126.659 8.2673
119 110.942 5.8962
120 125.288 7.8652
121 115.166 8.274
122 111.734 7.9935
123 102.358 5.6353
124 125.068 6.8899
125 121.882 8.2769
126 114.976 8.4345
127 121.401 7.837
128 116.551 6.8266
129 114.254 7.929
130 105.181 6.1059
131 114.453 6.6855
132 116.959 7.4395
133 128.248 4.2485
134 126.706 5.5978
135 129.091 5.6761
136 123.337 8.726
137 115.759 4.8128
138 142.247 9.2135
139 115.443 6.3064
140 148.868 8.7886
141 88.8036 5.627
142 86.9991 4.9921
143 89.2922 2.9809
144 87.5064 3.1823
145 91.0955 3.9685
146 115.55 6.2512
147 120.591 7.7099
148 85.6333 3.4074
149 81.4645 3.5358
150 87.7063 3.5194
151 98.6218 5.6902
152 90.7831 5.1421
153 132.397 7.0548
154 129.779 9.2829
155 128.15 10.1886
156 122.227 7.3705
157 94.7159 4.9809
158 117.274 6.3549
159 106.441 5.5765
160 106.694 6.0257
161 112.091 6.0806
162 124.457 10.3927
163 139.839 9.6446
164 100.261 4.8983
165 116.136 6.3354
166 119.356 8.1823
167 122.526 8.3336
168 104.444 6.4304
169 119.69 6.2902
170 98.147 7.8985
171 122.021 7.5113
172 114.79 9.4324
173 106.233 7.1977
174 104.175 8.9569
175 101.109 6.8022
176 104.123 4.3321
177 132.544 10.349
178 117.022 9.9805
179 94.4447 4.5792
180 82.919 3.7513
181 31.3174 0.2639
182 114.085 6.3181
183 87.7763 3.768
184 78.5704 2.6338
185 127.604 8.2895
186 96.7888 6.7401
187 122.349 7.4768
188 111.988 6.6043
189 115.334 6.618
190 110.233 7.498
191 112.635 7.4901
192 101.913 5.7463
193 111.226 7.9498
194 116.652 6.1719
195 105.243 7.5084
196 106.359 5.4298
197 120.333 5.9866
198 131.617 9.6908
199 127.53 9.4445
200 117.539 8.2418
201 117.44 7.4223
202 106.158 6.8525
203 110.266 7.3353
204 101.599 6.8777
205 104.769 7.9362
206 119.733 6.9272
207 78.7638 2.4659
208 79.9898 3.5761
209 122.932 7.2705
210 86.5831 3.8013
211 125.998 8.056
212 116.513 4.7463
213 137.188 12.5764
214 133.628 9.6848
215 131.31 10.4014
216 118.143 8.4776
217 136.887 11.3722
218 120.888 6.4709
219 137.295 11.5035
220 125.163 11.7571
221 123.213 10.276
222 123.886 11.2884
223 134.398 10.3855
224 127.606 7.54
225 114.927 6.3849
226 98.3243 3.666
227 96.9058 5.027
228 144.798 11.4641
229 135.488 8.8564
230 134.837 10.6777
231 137.354 9.9573
232 127.222 10.9805
233 120.28 9.5371
234 117.82 9.5792
235 133.086 11.1797
236 118.408 9.1299
237 121.218 8.3099
238 133.147 12.2738
239 125.206 9.2193
240 126.327 10.3125
