0 88.4219 5.0345
1 85.8332 7.7825
2 92.7082 7.4302
3 96.3922 6.0731
4 61.9915 2.6576
5 82.3719 5.7742
6 99.7335 9.0448
7 115.049 9.7957
8 105.534 8.0498
9 124.388 8.1899
10 104.85 7.8235
11 144.155 11.9676
12 113.105 9.7661
13 128.328 10.4495
14 109.635 7.6532
15 146.676 14.0605
16 122.826 12.1698
17 129.905 7.5009
18 119.578 5.6558
19 107.872 4.5211
20 112.541 4.8049
21 119.463 7.2097
22 108.352 4.0199
23 125.143 11.7195
24 136.872 9.9998
25 108.232 4.6103
26 113.349 5.6182
27 106.63 6.0181
28 112.654 7.0066
29 112.66 6.3984
30 114.016 7.6263
31 207.878 16.8744
32 107.796 7.9033
33 98.0183 6.729
34 90.0497 5.5564
35 104.711 6.4052
36 101.305 5.8643
37 100.401 4.7318
38 122.639 6.9198
39 112.146 7.6644
40 108.43 4.4736
41 106.837 4.3373
42 125.769 9.0232
43 114.966 7.2644
44 110.713 6.4764
45 125.528 6.8277
46 103.99 7.8063
47 72.5676 1.2016
48 105.285 5.5176
49 99.2983 7.6576
50 104.394 7.0555
51 106.416 5.9744
52 114.619 7.7688
53 181.078 19.5081
54 195.343 18.9707
55 195.723 20.1655
56 117.259 7.5733
57 125.763 7.7828
58 116.801 3.5468
59 127.486 9.361
60 125.364 6.8621
61 133.507 6.5619
62 132.573 7.7898
63 115.476 10.0373
64 97.5696 5.0176
65 93.9033 3.8192
66 78.3325 2.8164
67 79.7522 2.3582
68 86.4655 2.1744
69 139.581 13.2025
70 113.622 10.4737
71 88.2018 4.8548
72 91.43 3.5645
73 96.6996 4.0089
74 107.289 7.053
75 99.7244 5.473
76 99.2907 5.2997
77 96.9345 4.4818
78 97.4489 3.3198
79 96.0413 5.396
80 124.063 7.1017
81 119.783 6.2642
82 124.695 8.4026
83 135.021 9.2842
84 105.629 5.4786
85 124.767 7.0072
86 123.924 7.5183
87 123.095 6.9372
88 99.14 1.8145
89 118.937 8.0013
90 115.874 7.236
91 46.0134 14.951
92 48.2773 16.0474
93 62.4307 11.6933
94 57.3973 14.6375
95 73.7865 20.1897
96 61.1604 10.8088
97 62.8074 10.0414
98 75.6681 16.2463
99 68.341 17.656
100 52.1638 15.1407
101 46.6695 14.3949
102 65.011 16.8544
103 47.9054 15.2691
104 20.6386 16.7721
105 31.2365 16.9666
106 61.1098 11.5408
107 137.436 8.2514
108 84.4627 3.4679
109 87.6228 4.6782
110 108.779 4.2345
111 90.8151 3.293
112 93.6601 5.3942
113 95.648 3.3447
114 121.545 8.7948
115 132.969 9.315
116 114.352 7.1989
117 98.3162 5.6125
118 126.805 8.5665
119 111.153 5.9017
120 125.478 8.1976
121 115.59 8.5762
122 112.593 8.1544
123 102.799 5.9069
124 125.098 6.9259
125 122.926 8.4666
126 116.375 8.6741
127 122.272 7.9269
128 117.273 6.9315
129 115.494 8.1709
130 105.548 6.1946
131 115.383 6.751
132 117.492 7.5239
133 128.994 4.3115
134 127.494 5.7437
135 129.833 5.7704
136 124.501 9.0372
137 116.347 4.8557
138 144.015 9.4088
139 116.557 6.364
140 150.227 8.8374
141 89.3009 5.5876
142 87.4993 5.1075
143 89.6822 3.1365
144 87.8605 3.1724
145 91.7953 4.0298
146 116.494 6.6494
147 121.876 7.5109
148 86.494 3.3503
149 82.1834 3.7678
150 88.5953 3.6659
151 99.7139 5.9802
152 92.0887 5.2993
153 134.488 7.5097
154 131.667 9.5698
155 130.669 10.5316
156 123.907 7.5997
157 95.8553 5.1504
158 118.749 6.6684
159 107.215 5.702
160 107.941 6.2961
161 113.003 6.2895
162 126.358 10.6434
163 141.618 10.3008
164 100.872 5.0192
165 117.208 6.5908
166 121.031 8.3658
167 124.084 8.4436
168 105.646 6.6949
169 120.911 6.2589
170 100.208 8.1891
171 123.48 7.7812
172 116.885 9.4716
173 106.941 7.1825
174 106.106 9.146
175 101.523 6.9577
176 105 4.6382
177 134.248 10.5788
178 118.35 10.2491
179 95.1163 4.6092
180 83.3623 3.7071
181 31.4786 0.5523
182 115.073 6.4957
183 88.4039 3.8357
184 79.0995 2.7262
185 129.51 8.4838
186 98.0828 7.0735
187 123.754 7.5813
188 113.45 6.8969
189 116.836 6.9095
190 111.474 7.7609
191 113.864 7.6118
192 102.037 5.6969
193 111.559 8.1042
194 116.749 6.1544
195 105.771 7.5127
196 106.923 5.4019
197 120.435 6.0276
198 131.853 9.8118
199 127.333 9.4588
200 119.421 8.8748
201 118.142 7.761
202 107.066 7.2016
203 111.443 7.929
204 102.381 6.7118
205 105.605 7.8711
206 121.072 7.4058
207 79.1564 2.5037
208 80.6588 3.6405
209 124.908 7.6123
210 87.0941 3.8208
211 127.615 8.0249
212 117.303 4.7514
213 138.729 12.9417
214 135.216 9.6225
215 132.814 10.9605
216 119.721 8.8066
217 139.214 11.7158
218 121.876 6.6514
219 138.92 11.7792
220 127.5 12.0807
221 125.475 10.6157
222 125.453 11.3429
223 135.387 10.5499
224 127.414 8.157
225 115.018 6.6794
226 98.3248 3.8633
227 97.058 5.2393
228 144.86 11.9191
229 136.163 8.9685
230 136.31 11.3817
231 137.427 10.513
232 128.296 11.4401
233 120.328 9.9364
234 118.614 9.9663
235 134.069 11.6385
236 118.918 9.9567
237 122.105 8.9031
238 133.754 12.7956
239 125.483 9.2857
240 126.355 10.4256
