0 88.5967 5.167
1 85.8603 7.8318
2 93.1506 7.6236
3 97.0115 6.2398
4 62.0211 2.7195
5 82.6842 5.8949
6 100.662 9.498
7 115.292 9.7273
8 106.454 8.1928
9 124.589 8.2552
10 105.228 8.0666
11 144.962 11.9565
12 114.137 9.8593
13 129.417 10.4532
14 110.509 7.8384
15 148.142 14.2485
16 123.714 12.0787
17 130.278 7.4804
18 120.525 5.7431
19 108.068 4.5205
20 113.069 4.8724
21 120.332 7.3409
22 108.696 4.0418
23 126.051 12.2178
24 137.925 9.9778
25 109.041 4.6763
26 114.463 5.8701
27 107.313 6.1452
28 113.73 7.183
29 113.954 6.5695
30 115.345 7.7827
31 209.272 16.6358
32 108.445 8.1624
33 98.1787 6.8453
34 89.8712 5.5449
35 104.535 6.3635
36 101.317 5.8708
37 100.106 4.5342
38 122.633 6.8836
39 112.005 7.6432
40 108.634 4.5982
41 107.039 4.4644
42 125.96 8.9563
43 114.889 7.4372
44 110.854 6.4435
45 125.37 6.782
46 103.713 7.9001
47 72.5795 1.2042
48 105.468 5.4001
49 99.8268 7.5176
50 104.915 7.1975
51 106.85 5.8932
52 115.467 7.4698
53 181.745 19.5937
54 196.789 19.2952
55 194.427 19.3666
56 118.054 7.6543
57 126.904 7.7295
58 117.082 3.7125
59 128.224 9.2435
60 125.713 6.7109
61 133.505 6.2141
62 132.547 7.8703
63 116.253 10.1231
64 97.9082 5.0427
65 94.2109 3.7812
66 78.4816 2.8534
67 79.9567 2.4268
68 86.511 2.1925
69 141.081 13.2144
70 114.62 10.7855
71 88.0043 4.8774
72 91.3759 3.7406
73 96.7836 3.9449
74 107.644 7.1844
75 99.346 5.363
76 99.0727 5.2799
77 96.8792 4.5002
78 97.4461 3.3461
79 96.0016 5.381
80 124.076 7.1208
81 119.491 6.2631
82 124.38 8.6833
83 134.852 10.1171
84 105.028 5.616
85 124.299 7.1623
86 123.045 7.4214
87 122.234 6.9903
88 98.8137 1.8522
89 118.081 8.3405
90 115.127 7.2358
91 45.3948 15.0806
92 49.4521 16.0099
93 62.697 11.6976
94 57.9999 14.5937
95 74.4788 20.1744
96 62.0401 10.8687
97 63.1673 10.3302
98 75.7713 16.7288
99 69.3939 17.6813
100 53.0864 15.2394
101 47.2173 14.4074
102 65.8112 17.1105
103 48.8667 15.0665
104 21.4664 17.0365
105 32.4335 16.9147
106 62.2548 11.7463
107 138.3 8.3762
108 84.4223 3.6283
109 87.4755 4.708
110 108.827 4.3338
111 91.2067 3.4208
112 93.1868 5.5795
113 95.6779 3.4567
114 122.08 8.9535
115 133.221 9.4461
116 114.925 7.7704
117 98.7214 5.7201
118 127.645 8.875
119 111.537 6.1155
120 125.727 8.1507
121 115.517 8.3753
122 112.828 8.1479
123 103.156 6.1204
124 125.192 6.9286
125 122.352 8.5028
126 116.406 8.7471
127 121.986 7.955
128 117.469 6.7769
129 115.729 8.142
130 105.874 6.0901
131 115.811 7.1073
132 117.697 7.6596
133 129.376 4.4452
134 127.886 5.7547
135 130.271 5.7914
136 124.908 8.9969
137 117.182 4.9482
138 144.775 9.2853
139 116.299 6.3221
140 150.699 8.6997
141 90.1795 5.6458
142 87.7984 5.2097
143 90.0702 3.2089
144 88.3435 3.2138
145 92.372 4.0769
146 117.228 6.8634
147 122.785 7.623
148 86.841 3.4748
149 82.5065 3.8061
150 89.1163 3.6509
151 100.419 6.07
152 92.789 5.4932
153 135.883 7.7717
154 132.629 9.7914
155 133.176 10.6579
156 123.214 7.4278
157 95.93 5.228
158 118.285 6.5475
159 107.49 5.6463
160 107.744 6.0457
161 112.431 6.314
162 126.4 10.814
163 141.626 10.0589
164 101.164 5.2034
165 117.194 6.7925
166 121.757 8.9817
167 124.36 8.7601
168 106.013 6.8353
169 120.98 6.4619
170 100.476 8.1022
171 124.001 7.9663
172 118.586 9.7257
173 108.462 7.6413
174 107.264 9.4949
175 102.567 7.0506
176 105.791 4.6606
177 136.473 10.8955
178 120.287 10.2469
179 95.1528 4.6938
180 83.086 3.814
181 94.2296 5.1959
182 114.947 6.5109
183 88.7974 3.9666
184 79.3863 2.7338
185 129.718 8.6275
186 99.0021 7.1555
187 124.219 7.614
188 113.114 6.9262
189 116.215 6.8127
190 111.338 7.7877
191 114.163 7.7199
192 102.364 5.8
193 112.492 8.1429
194 117.366 6.3358
195 106.261 7.7397
196 107.513 5.4375
197 120.805 6.0245
198 131.946 10.2872
199 127.725 9.3593
200 119.522 8.8139
201 117.909 7.6524
202 106.805 7.243
203 111.452 7.9079
204 102.088 6.7796
205 105.322 8.2077
206 120.885 7.7321
207 79.1399 2.5414
208 80.7395 3.7049
209 125.423 7.9923
210 87.1554 3.83
211 128.528 8.3865
212 117.807 4.9706
213 141.232 13.1977
214 136.396 9.6699
215 132.932 11.0122
216 120.282 8.7434
217 139.361 12.0909
218 121.593 6.6186
219 139.878 11.9131
220 127.818 11.8785
221 125.853 10.6706
222 125.868 11.4726
223 138.029 11.1726
224 128.206 8.275
225 116.136 6.8109
226 98.4502 3.9654
227 97.3455 5.4104
228 146.489 12.2039
229 137.266 9.4081
230 137.559 11.7603
231 138.915 10.4324
232 129.375 11.2404
233 121.668 10.0948
234 119.434 10.0285
235 136.296 12.4444
236 120.492 10.0434
237 122.423 9.0707
238 135.987 13.5279
239 127.678 9.8029
240 126.827 10.5212
