0 87.0098 4.7647
1 82.9445 7.4734
2 89.843 6.9867
3 94.3219 5.8375
4 61.3378 2.5853
5 80.3246 5.5114
6 97.1156 8.9717
7 111.533 9.1253
8 103.002 7.6079
9 121.838 7.8904
10 102.137 7.6018
11 141.242 11.6445
12 109.738 9.1614
13 125.714 9.9683
14 107.565 7.4563
15 142.94 13.6643
16 120.373 11.608
17 128.308 7.1919
18 118.565 5.4222
19 107.21 4.3481
20 111.623 4.6468
21 118.802 6.9703
22 107.85 3.8739
23 122.64 11.6793
24 134.749 9.3739
25 107.239 4.3323
26 112.252 5.3777
27 105.333 5.8106
28 111.038 6.6081
29 111.612 5.9753
30 111.999 7.2736
31 211.202 18.2753
32 105.046 7.6324
33 96.3093 6.4615
34 88.0931 5.2733
35 102.246 6.1304
36 98.6129 5.427
37 98.2032 4.4171
38 119.973 6.4039
39 109.007 7.052
40 107.076 4.2833
41 105.473 4.0674
42 123.082 8.4074
43 112.622 6.9764
44 108.717 6.1172
45 123.746 6.3882
46 101.801 7.3566
47 72.4967 1.1645
48 104.204 5.1406
49 97.1851 7.2402
50 102.851 6.8207
51 105.101 5.5963
52 112.039 7.2033
53 178.857 19.3289
54 196.748 19.6181
55 193.023 19.5361
56 115.297 6.8321
57 123.818 7.2529
58 116.149 3.4589
59 124.871 8.8716
60 123.094 6.4505
61 131.668 6.2632
62 129.457 7.5226
63 112.136 9.4187
64 96.2716 4.6301
65 92.9878 3.6721
66 77.5197 2.6667
67 79.3086 2.2324
68 86.0199 2.1096
69 136.589 12.605
70 111.035 10.0742
71 86.9253 4.5964
72 90.3171 3.5346
73 95.4723 3.7266
74 105.919 6.7835
75 98.2693 5.1643
76 97.4276 4.9766
77 95.7793 4.211
78 96.3613 3.0876
79 94.8217 4.9608
80 122.098 6.5033
81 118.054 5.7799
82 121.545 7.8503
83 131.515 8.8282
84 104.549 4.9859
85 123.079 6.431
86 122.162 7.0189
87 120.951 6.3264
88 98.938 1.6748
89 116.927 7.5237
90 114.766 6.6768
91 40.2978 15.1048
92 42.5606 16.0011
93 58.3113 11.2284
94 52.7656 14.3721
95 67.3405 19.8484
96 57.4743 10.346
97 59.4248 9.8868
98 69.8793 15.5922
99 62.9457 17.311
100 48.1067 15.0588
101 42.9127 14.2632
102 59.7812 16.6954
103 43.2525 15.2249
104 12.4354 17.4102
105 26.3233 16.8433
106 58.2064 11.3622
107 134.972 7.921
108 84.7295 3.2152
109 88.3171 4.3592
110 109.331 3.8909
111 91.2775 3.0615
112 94.0288 5.1303
113 96.1071 3.0424
114 121.587 7.9815
115 132.934 8.4757
116 114.977 6.7819
117 98.3894 5.1729
118 126.756 8.1218
119 110.923 5.6163
120 124.941 7.6678
121 114.856 7.8312
122 110.996 7.556
123 102.412 5.6763
124 124.223 6.6085
125 120.275 8.12
126 113.052 8.1517
127 119.493 7.4183
128 114.672 6.4032
129 112.829 7.5354
130 103.957 5.8892
131 113.026 6.5962
132 114.955 7.256
133 127.927 4.2289
134 126.178 5.4213
135 128.548 5.6679
136 121.971 8.4599
137 115.053 4.5485
138 141.2 8.9737
139 114.243 5.8786
140 147.813 8.4154
141 87.592 5.2934
142 86.4054 4.5991
143 88.8221 2.9087
144 86.9986 3.1429
145 90.5896 3.9835
146 114.23 6.2692
147 119.41 7.2597
148 85.3263 3.342
149 80.7877 3.5604
150 87.282 3.4119
151 97.5592 5.6917
152 90.1258 4.9695
153 131.465 6.9735
154 128.781 9.1339
155 126.447 9.7117
156 120.947 7.1759
157 93.9335 4.9313
158 116.471 6.2628
159 105.571 5.3337
160 106.115 5.8933
161 111.655 6.1648
162 123.878 10.1346
163 138.763 9.6668
164 99.649 4.7761
165 115.379 6.479
166 118.631 8.1888
167 121.356 8.2216
168 104.145 6.3965
169 119.292 6.127
170 97.5018 7.7732
171 121.194 7.5466
172 113.419 8.9828
173 105.27 6.9309
174 102.384 8.7245
175 99.8681 6.5873
176 103.767 4.249
177 131.055 9.9013
178 115.684 9.5384
179 93.6805 4.383
180 82.4238 3.6862
181 31.3149 0.2559
182 113.368 6.1827
183 87.3234 3.6915
184 78.2915 2.6657
185 126.441 8.0099
186 95.9899 6.7323
187 120.829 7.0715
188 110.507 6.4016
189 113.91 6.616
190 108.247 7.3747
191 111.548 7.2959
192 100.36 5.4754
193 109.423 7.7386
194 115.063 5.8182
195 104.117 7.2211
196 105.399 5.186
197 119.681 5.8344
198 129.743 9.1202
199 126.22 9.2719
200 116.645 8.0432
201 116.735 7.5748
202 105.921 6.7024
203 109.463 7.3847
204 101.015 6.4964
205 104.322 7.7802
206 119.458 6.8165
207 78.7128 2.4788
208 79.6505 3.6361
209 122.869 7.5464
210 86.4022 3.7236
211 125.666 7.8289
212 116.619 4.6546
213 137.619 12.9189
214 133.694 9.6891
215 129.495 10.3156
216 116.397 8.1203
217 134.84 10.8276
218 119.592 6.4391
219 135.401 11.2529
220 123.725 11.0199
221 121.059 9.8153
222 122.016 10.7732
223 132.684 10.2886
224 128.961 7.2141
225 115.518 6.1452
226 98.4139 3.6044
227 97.2254 4.8715
228 144.58 11.3129
229 135.453 8.6619
230 135.226 10.6021
231 138.014 9.6712
232 127.017 10.9457
233 120.66 9.0763
234 118.116 9.4258
235 132.382 11.1033
236 118.705 9.4196
237 121.099 8.0035
238 133.208 12.0595
239 124.792 8.8984
240 125.49 9.8972
