0 88.1341 4.9603
1 84.3306 7.8366
2 92.2926 7.6691
3 96.1258 6.1196
4 61.8072 2.786
5 82.0632 5.8521
6 99.9314 9.5978
7 114.485 9.8682
8 104.524 8.0197
9 123.83 8.2946
10 104.156 8.002
11 143.592 12.0945
12 112.548 9.7791
13 127.721 10.2707
14 109.684 7.5914
15 146.655 14.5972
16 122.157 12.4241
17 128.431 7.2806
18 119.466 5.4933
19 107.476 4.5171
20 112.184 4.8166
21 118.672 7.1366
22 108.11 4.049
23 124.017 11.8131
24 135.87 9.8668
25 107.787 4.6057
26 112.99 5.6853
27 105.487 5.951
28 111.726 6.8946
29 111.869 6.3029
30 112.462 7.7285
31 206.49 16.9212
32 106.451 8.1889
33 96.9716 6.7742
34 88.839 5.4837
35 103.025 6.5289
36 99.8935 5.662
37 99.0482 4.5526
38 120.989 6.8623
39 110.183 7.4298
40 107.569 4.5971
41 106.26 4.5135
42 124.236 8.8944
43 113.232 7.3444
44 109.301 6.6465
45 124.007 6.7875
46 102.096 7.6483
47 72.5029 1.2259
48 104.826 5.522
49 98.8404 7.5254
50 103.934 7.259
51 106.484 6.2893
52 113.875 7.8444
53 180.165 20.1443
54 195.762 19.4427
55 194.904 20.4232
56 116.238 7.5252
57 124.854 7.8559
58 116.026 3.6518
59 125.478 9.022
60 124.12 6.7943
61 132.103 6.534
62 130.145 7.7912
63 113.788 10.1573
64 97.1093 5.0435
65 93.5073 3.8961
66 78.0849 2.8975
67 79.4152 2.4569
68 86.1441 2.3082
69 137.897 13.5059
70 112.143 10.5603
71 86.8251 4.6389
72 90.2846 3.8183
73 95.5409 3.9042
74 105.06 6.9897
75 97.4369 5.4534
76 97.3088 5.445
77 95.2379 4.5821
78 96.0734 3.3392
79 93.7742 5.3478
80 121.461 7.2609
81 116.94 6.4216
82 121.199 8.6824
83 131.301 9.9679
84 102.752 5.4761
85 121.879 6.9502
86 121.009 7.7957
87 120.758 7.135
88 98.1078 1.9461
89 116.6 7.9668
90 113.927 7.461
91 42.9144 15.6052
92 46.602 16.4682
93 61.0797 11.8193
94 55.5306 14.8956
95 70.9158 20.5235
96 60.4073 10.8223
97 61.7731 10.0018
98 73.6174 16.5429
99 66.1598 17.9769
100 50.4348 15.627
101 44.4935 14.8811
102 63.2064 17.2295
103 45.9995 15.8122
104 16.2308 17.8845
105 29.9719 17.2726
106 60.7278 11.8673
107 137.091 8.4008
108 84.3617 3.6958
109 86.8427 4.7046
110 108.272 4.2093
111 90.067 3.2899
112 92.6224 5.6419
113 94.9813 3.3464
114 120.638 8.5225
115 131.771 9.1237
116 113.384 7.0157
117 97.553 5.5356
118 125.873 8.5838
119 110.233 5.8009
120 124.119 8.3331
121 113.839 8.4112
122 111.222 8.184
123 101.863 5.8519
124 124.68 6.9346
125 121.037 8.2787
126 115.154 8.6498
127 120.706 7.9318
128 116.108 6.9279
129 114.013 7.9253
130 104.513 6.1677
131 114.419 6.9304
132 116.466 7.5762
133 128.451 4.4156
134 126.705 5.7256
135 128.977 5.6573
136 122.937 8.8555
137 115.986 4.8663
138 142.685 9.16
139 115.556 6.3085
140 149.795 9.1684
141 89.2307 5.7058
142 87.2808 5.0065
143 89.5547 3.1987
144 87.7531 3.2428
145 91.5461 4.2458
146 116.093 6.6329
147 121.217 7.7057
148 86.1312 3.5504
149 81.7358 3.775
150 88.2449 3.6369
151 98.6043 5.9858
152 91.3579 5.4748
153 133.758 7.3687
154 129.3 9.502
155 129.715 10.6554
156 121.652 7.439
157 94.875 5.1424
158 117.012 6.4816
159 106.26 5.7771
160 106.771 6.197
161 111.094 6.2863
162 124.093 10.6178
163 139.674 10.0458
164 100.404 5.1237
165 116.334 6.2771
166 120.223 8.6873
167 123.192 8.5109
168 104.64 6.63
169 120.122 6.5379
170 98.8034 8.1335
171 122.645 7.7222
172 116.324 9.4942
173 106.277 7.2567
174 105.393 9.354
175 101.045 6.8762
176 104.287 4.4321
177 132.787 10.4222
178 117.019 10.0095
179 94.2127 4.4991
180 82.1231 3.8435
181 93.0563 5.2609
182 112.827 6.3207
183 87.9371 3.9168
184 78.7859 2.6729
185 127.109 8.1647
186 96.4518 7.0366
187 121.925 7.5713
188 111.36 6.7866
189 114.451 6.7143
190 109.896 7.669
191 112.148 7.4907
192 101.339 5.8338
193 110.668 8.1171
194 115.865 6.16
195 105.18 7.397
196 106.554 5.6242
197 119.868 5.9895
198 130.401 9.6077
199 126.276 9.9658
200 119.081 8.8028
201 117.663 7.8492
202 106.521 7.3567
203 111.353 7.7209
204 101.574 6.9897
205 105.124 8.1641
206 120.779 7.614
207 78.9229 2.5438
208 80.2077 3.7024
209 123.692 7.7191
210 86.4953 3.9308
211 126.984 8.1493
212 116.739 4.9266
213 138.64 12.9268
214 134.385 9.8092
215 131.391 10.9115
216 118.669 8.6228
217 137.038 11.9156
218 120.473 6.7678
219 137.749 12.0077
220 125.974 11.7837
221 123.969 10.7384
222 124.191 11.3801
223 135.297 10.5079
224 128.36 8.4719
225 116.19 6.8572
226 98.6088 3.9682
227 97.0321 5.4567
228 145.977 12.1527
229 136.77 9.61
230 137.242 11.9429
231 138.708 10.8235
232 127.279 11.6139
233 119.884 10.0171
234 117.526 9.9969
235 133.812 12.2721
236 118.735 9.6757
237 121.276 8.7715
238 134.375 12.96
239 125.969 9.4618
240 126.835 10.5951
