0 89.6413 5.4559
1 87.0943 8.2012
2 94.5778 8.2741
3 97.6414 6.3754
4 62.6069 2.8465
5 83.6058 6.1355
6 102.382 9.7128
7 116.861 10.5111
8 107.373 8.5502
9 126.205 8.3081
10 106.71 8.3052
11 147.184 12.4024
12 115.048 10.2117
13 130.463 10.7044
14 111.265 8.4623
15 150.079 14.8614
16 125.227 12.752
17 130.855 7.7593
18 120.489 5.7631
19 108.13 4.6327
20 112.89 5.0016
21 121.308 7.9381
22 109.145 4.2322
23 127.428 12.7775
24 138.31 10.9028
25 108.987 4.8173
26 114.658 5.9791
27 107.514 6.1558
28 113.95 7.5076
29 113.894 6.6159
30 115.926 8.321
31 201.948 14.3467
32 108.035 8
33 98.5324 7.1266
34 90.3836 5.7072
35 104.851 6.4201
36 101.827 6.2972
37 100.406 4.8267
38 123.056 7.2241
39 112.686 7.9678
40 109.676 4.9442
41 108.43 4.5208
42 129.261 9.5903
43 116.78 7.6041
44 112.643 6.7131
45 127.985 7.534
46 106.501 8.3328
47 72.9262 1.2173
48 106.336 5.4567
49 100.888 7.9799
50 106.222 7.7366
51 107.982 6.2579
52 116.322 8.1675
53 183.578 19.4406
54 204.494 22.9256
55 197.894 20.8585
56 119.697 8.2573
57 128.802 8.3365
58 118.1 3.7595
59 130.367 9.7957
60 127.314 7.1293
61 135.429 7.1419
62 135.273 8.5725
63 118.044 10.5273
64 98.6715 5.0689
65 94.941 3.8666
66 78.9919 2.9613
67 80.3234 2.4739
68 87.0264 2.4309
69 142.378 14.2304
70 116.53 11.4443
71 89.2782 5.037
72 92.4207 3.9021
73 97.6465 4.2008
74 109.655 7.5432
75 101.392 6.002
76 99.9516 5.6794
77 97.9407 4.6612
78 97.7553 3.3379
79 96.944 5.5516
80 125.415 7.3914
81 120.757 6.6514
82 125.912 8.826
83 136.811 9.9708
84 106.844 5.5462
85 126.094 7.0747
86 125.81 7.7869
87 124.507 7.4249
88 99.5305 2.0324
89 120.089 8.4105
90 118.042 7.5687
91 46.6717 14.943
92 51.2099 15.9596
93 62.967 11.762
94 59.4949 14.7591
95 76.3539 20.1895
96 62.131 10.8901
97 62.778 10.3417
98 77.6138 16.6439
99 70.9115 18.1939
100 53.0547 15.4289
101 46.949 14.507
102 66.0394 17.2625
103 48.914 15.1318
104 16.0754 18.3078
105 33.1721 16.4039
106 62.0473 11.635
107 140.662 9.1763
108 85.7454 3.8485
109 89.3083 4.7281
110 110.552 4.4059
111 92.2878 3.4832
112 95.4872 5.7369
113 97.0362 3.5224
114 124.059 9.3034
115 134.844 9.4061
116 116.849 8.6017
117 100.287 5.8001
118 129.845 8.9082
119 112.714 6.3439
120 128.383 8.6906
121 117.72 8.7565
122 115.135 8.5589
123 104.661 6.0656
124 126.684 7.0855
125 124.427 9.1187
126 118.681 8.8799
127 124.184 8.4813
128 118.733 7.1635
129 116.82 8.8109
130 106.759 6.603
131 116.368 7.343
132 118.678 7.8827
133 129.577 4.4736
134 128.438 5.8419
135 130.999 6.176
136 125.501 9.2926
137 117.62 5.3133
138 145.625 9.5612
139 117.484 7.019
140 152.226 9.9001
141 90.8535 5.942
142 88.5119 5.4233
143 90.5565 3.142
144 88.3125 3.5017
145 92.9462 4.386
146 117.827 6.9548
147 124.048 8.1651
148 87.1092 3.7079
149 82.9626 3.7965
150 89.2029 3.774
151 100.923 6.2556
152 92.9553 5.4941
153 136.114 8.0154
154 133.973 10.1223
155 133.771 11.0783
156 125.363 8.1478
157 97.2343 5.4303
158 120.386 6.8953
159 108.987 5.7341
160 109.539 6.072
161 114.126 6.5743
162 129.088 10.9914
163 144.262 10.7635
164 102.006 5.3836
165 117.928 6.5649
166 123.51 9.3994
167 126.188 9.3733
168 107.217 6.8317
169 122.136 6.881
170 102.132 8.4643
171 125.546 8.4434
172 118.874 9.9352
173 109.272 7.8268
174 108.435 10.0069
175 103.405 7.4024
176 105.993 4.721
177 136.895 11.0785
178 120.264 10.4749
179 96.0157 4.8487
180 83.7636 3.9243
181 95.0704 5.3746
182 116.692 6.8616
183 89.4212 3.9576
184 79.8058 2.8332
185 131.249 8.8851
186 100.086 7.2382
187 125.977 8.1049
188 114.387 7.3884
189 118.073 6.9717
190 113.492 8.0162
191 116.276 7.94
192 103.685 6.1409
193 113.425 8.2874
194 118.451 6.5787
195 108.324 7.835
196 108.878 5.6834
197 122.052 6.125
198 134.301 10.3882
199 130.54 10.3707
200 122.219 9.3405
201 120.213 8.3452
202 108.605 7.6218
203 113.022 7.7174
204 104.063 7.2322
205 107.192 8.1239
206 122.262 7.962
207 79.6493 2.4911
208 81.3738 3.8235
209 126.134 8.1315
210 87.6579 3.9989
211 129.809 8.6073
212 118.422 5.1892
213 142.23 13.6448
214 137.436 10.0565
215 135.07 11.1013
216 121.634 9.0108
217 141.307 12.6255
218 123.177 6.7382
219 142.646 12.8859
220 129.493 12.3945
221 128.016 11.4713
222 127.142 11.6742
223 138.206 11.0923
224 131.262 8.1073
225 118.802 7.1538
226 100.359 3.9946
227 99.7235 5.4834
228 151.468 12.9335
229 140.737 9.9692
230 140.946 12.1859
231 142.823 11.4695
232 129.048 13.3423
233 123.766 9.9047
234 121.137 10.6092
235 137.502 12.5253
236 122.512 10.6061
237 123.975 8.9458
238 138.091 14.0211
239 128.473 9.781
240 129.48 11.472
