0 88.3905 4.923
1 86.0398 7.7915
2 92.8397 7.5067
3 96.4714 6.1584
4 62.1091 2.7256
5 82.4395 5.8202
6 99.9824 9.1772
7 114.872 9.7225
8 106.175 7.9833
9 124.338 8.1072
10 104.544 7.81
11 144.408 12.1136
12 113.043 9.7501
13 128.225 10.1842
14 110.201 7.556
15 146.816 14.274
16 122.83 12.3322
17 130.287 7.6019
18 119.797 5.5936
19 108.165 4.5167
20 112.855 4.8878
21 119.654 7.1925
22 108.531 3.9856
23 124.953 12.0885
24 137.01 10.1673
25 108.443 4.5751
26 113.824 5.6011
27 106.837 5.9677
28 113.137 6.8521
29 113.07 6.3356
30 114.504 7.7343
31 209.093 17.1066
32 108.326 8.0808
33 98.3398 6.6836
34 90.1475 5.6544
35 104.903 6.54
36 101.689 6.0065
37 100.541 4.8874
38 122.945 7.0383
39 112.347 7.529
40 108.985 4.6591
41 107.523 4.4824
42 127.204 9.1287
43 115.954 7.5187
44 111.686 6.545
45 126.497 6.9764
46 104.986 7.8172
47 72.8939 1.2235
48 105.459 5.4761
49 99.355 7.4618
50 104.506 7.0327
51 106.486 5.986
52 114.959 7.7716
53 181.534 19.44
54 196.255 18.8809
55 194.441 19.4482
56 117.515 7.4289
57 126.346 7.6278
58 116.859 3.6114
59 127.902 9.3837
60 125.721 6.8754
61 133.653 6.6926
62 133.008 7.8961
63 116.185 10.0851
64 97.9794 5.0521
65 94.451 4.0284
66 78.3693 2.8843
67 79.8749 2.508
68 86.548 2.2056
69 141.212 13.2653
70 114.464 10.833
71 87.7773 4.6926
72 91.3169 3.619
73 96.3542 3.8078
74 107.289 6.9527
75 99.0951 5.462
76 99.0097 5.4177
77 96.901 4.4724
78 97.2434 3.3773
79 95.7821 5.2869
80 123.909 7.1332
81 119.353 6.3222
82 124.811 8.833
83 135.038 9.5403
84 106.007 5.6428
85 125.225 6.8021
86 124.183 7.5769
87 123.559 7.2248
88 99.1365 1.8019
89 118.925 7.9547
90 115.929 6.9486
91 45.5939 15.136
92 47.8863 16.2458
93 62.6697 11.6457
94 56.7172 14.4684
95 73.5407 20.2439
96 61.0819 10.5842
97 62.6404 10.0505
98 75.9294 16.3085
99 68.1089 17.6567
100 52.2015 15.1485
101 46.4382 14.5254
102 64.7636 16.8645
103 48.0897 15.4258
104 18.3476 17.2506
105 31.6615 16.8111
106 61.285 11.6378
107 137.815 9.0123
108 84.4149 3.5326
109 87.8357 4.7368
110 108.786 4.0743
111 91.0597 3.2888
112 93.5824 5.477
113 95.7447 3.3907
114 121.677 8.6841
115 133.387 9.2649
116 114.865 7.1212
117 98.4458 5.6417
118 127.163 8.5268
119 111.661 6.129
120 125.922 8.3578
121 115.678 8.288
122 112.718 8.2729
123 102.731 5.7946
124 125.766 7.1343
125 123.285 8.3267
126 116.693 8.7103
127 122.537 8.0514
128 117.373 6.9901
129 116.325 8.2313
130 105.987 6.1218
131 115.862 6.9391
132 118.144 7.6522
133 128.913 4.357
134 127.494 5.6593
135 129.891 5.8125
136 124.753 9.1815
137 116.456 4.8485
138 144.123 9.2992
139 116.392 6.3982
140 150.497 8.9355
141 88.984 5.6421
142 87.5227 4.8846
143 89.7012 3.1619
144 87.9021 3.2422
145 91.55 4.0621
146 116.378 6.6377
147 122.019 7.5039
148 86.5323 3.425
149 82.0458 3.6766
150 88.4429 3.5859
151 99.3744 5.8303
152 91.9525 5.2472
153 134.228 7.4743
154 131.229 9.4633
155 130.194 10.4102
156 123.551 7.4376
157 95.5602 5.1174
158 118.509 6.5316
159 106.991 5.6794
160 107.855 6.3863
161 112.626 6.4023
162 125.942 10.7322
163 141.429 10.0093
164 101.368 5.1872
165 117.354 6.5638
166 121.087 8.8326
167 124.783 8.7332
168 105.831 6.657
169 121.439 6.5308
170 100.895 8.5323
171 124.034 8.0087
172 117.225 9.4682
173 106.95 7.4086
174 106.23 9.2978
175 101.66 6.9794
176 105.1 4.5846
177 134.92 10.6541
178 118.702 9.966
179 95.2785 4.5794
180 83.383 3.8292
181 31.2702 0.1813
182 115.201 6.4056
183 88.65 3.8484
184 79.1395 2.7018
185 129.866 8.5023
186 98.3468 6.9691
187 123.97 7.7608
188 113.568 6.871
189 117.05 6.9682
190 111.93 7.8973
191 114.117 7.5213
192 102.888 5.9573
193 112.489 8.3057
194 117.699 6.2916
195 107.104 7.6609
196 107.523 5.4616
197 121.431 6.1587
198 133.578 10.1525
199 128.802 9.6708
200 120.192 8.7199
201 118.6 8.1287
202 107.561 7.0877
203 111.98 7.866
204 102.63 7.0384
205 106.329 7.9251
206 121.516 7.8435
207 79.3643 2.543
208 80.7946 3.7246
209 125.889 7.7475
210 87.7075 3.9663
211 128.913 8.411
212 118.362 5.118
213 140.996 13.3962
214 137.076 10.0532
215 132.455 10.5234
216 119.402 8.6067
217 138.955 11.9889
218 121.818 6.7424
219 138.569 11.6791
220 127.032 11.9269
221 125.35 10.7221
222 124.938 11.2019
223 135.531 10.22
224 128.915 8.08
225 116.3 6.8916
226 99.0081 3.8735
227 98.0417 5.4466
228 147.096 12.1469
229 138.061 9.2305
230 138.61 11.5072
231 139.824 10.4912
232 127.772 11.8987
233 120.388 9.7976
234 118.888 9.9869
235 134.233 11.7834
236 119.501 9.8629
237 122.554 8.6669
238 134.213 12.5987
239 125.658 9.4211
240 127.423 10.6532
