0 88.186 4.9365
1 85.4412 7.7826
2 92.5077 7.406
3 96.11 6.0916
4 61.9436 2.7109
5 82.1404 5.5753
6 99.5245 9.1754
7 114.527 9.614
8 106.46 7.9887
9 124.239 8.1548
10 104.815 7.9119
11 144.589 11.8311
12 113.377 9.7268
13 128.378 10.1665
14 110.108 7.5293
15 147.132 14.3069
16 123.005 12.1415
17 131.305 7.7206
18 121.16 5.7928
19 108.539 4.657
20 113.714 4.9621
21 120.432 7.5731
22 109.255 4.0486
23 126.67 12.6111
24 138.541 10.1966
25 107.969 4.5768
26 113.256 5.5365
27 106.402 5.884
28 112.335 6.9011
29 112.401 6.1877
30 113.638 7.5546
31 209.502 17.5226
32 106.923 7.8455
33 97.3015 6.5529
34 89.274 5.463
35 103.424 6.422
36 100.578 5.7452
37 99.6869 4.591
38 121.602 6.6449
39 110.89 7.3959
40 108.886 4.6688
41 107.261 4.4423
42 126.671 9.1734
43 115.489 7.4431
44 111.317 6.6208
45 126.369 6.851
46 104.891 7.9426
47 72.798 1.2247
48 105.475 5.5067
49 99.4614 7.4003
50 104.45 7.2856
51 106.471 5.897
52 114.757 7.6483
53 181.258 19.4082
54 196.394 19.2425
55 194.88 19.7291
56 117.357 7.3833
57 125.611 7.589
58 116.833 3.5705
59 127.704 9.1016
60 125.418 6.8164
61 133.695 6.4664
62 132.396 7.8623
63 115.503 10.2063
64 97.733 4.9128
65 93.9302 3.8299
66 78.3384 2.8066
67 79.6863 2.3501
68 86.5159 2.2099
69 139.972 12.9734
70 113.707 10.3896
71 88.1964 4.831
72 91.4125 3.548
73 96.6766 3.9735
74 107.353 7.0351
75 99.24 5.4083
76 99.1332 5.3354
77 96.8385 4.548
78 97.4047 3.3362
79 95.9819 5.2399
80 123.974 6.9022
81 119.674 6.1457
82 124.641 8.6583
83 134.916 10.0161
84 106.429 5.5779
85 126.096 7.0027
86 125.13 7.5639
87 124.637 7.2262
88 99.2057 1.8488
89 119.654 8.1935
90 116.468 7.3524
91 45.1414 14.9985
92 47.7721 16.0457
93 62.1595 11.623
94 56.7363 14.6064
95 73.2891 20.0788
96 60.7847 10.7412
97 62.3206 10.1831
98 74.9012 16.3355
99 68.0366 17.592
100 51.3756 15.1626
101 46.2161 14.6767
102 64.478 16.8871
103 47.8674 15.2132
104 21.0593 16.524
105 31.0411 16.8798
106 60.8625 11.6157
107 137.479 8.6692
108 84.3011 3.4805
109 87.5807 4.7506
110 108.861 4.135
111 91.0798 3.3116
112 93.4356 5.4666
113 95.7001 3.4032
114 121.427 8.8052
115 133.083 9.1925
116 115.297 7.2006
117 98.8202 5.7157
118 127.875 8.9088
119 111.752 6.2051
120 126.725 8.5937
121 116.648 8.4915
122 113.386 8.2244
123 103.446 5.925
124 126.086 7.1504
125 122.728 8.4619
126 115.529 8.706
127 121.887 7.9391
128 116.802 6.9197
129 115.48 8.1297
130 105.507 6.1416
131 115.213 6.9878
132 117.248 7.6298
133 128.899 4.3529
134 127.646 5.7522
135 129.758 5.6864
136 124.512 8.9469
137 116.286 4.8153
138 143.989 9.0789
139 116.369 6.3082
140 150.291 8.7862
141 88.9495 5.603
142 87.5375 5.1064
143 89.6745 3.1605
144 87.9753 3.2421
145 91.4351 4.1264
146 116.255 6.4431
147 121.666 7.6697
148 86.4931 3.4383
149 81.985 3.6882
150 88.3997 3.6289
151 99.0708 5.8435
152 91.7365 5.2596
153 133.731 7.4891
154 131.232 9.5752
155 129.848 10.3266
156 123.471 7.4061
157 95.7711 5.1094
158 118.464 6.4786
159 107.009 5.6022
160 107.921 6.1815
161 112.708 6.1884
162 126.011 10.598
163 141.372 10.2368
164 100.669 5.0828
165 116.804 6.4123
166 120.766 8.5524
167 123.699 8.4448
168 105.382 6.6109
169 120.748 6.3414
170 99.9502 8.3837
171 123.006 7.8252
172 116.977 9.5705
173 106.865 7.1668
174 105.859 9.3982
175 101.373 6.9457
176 105.013 4.5191
177 134.454 10.5245
178 118.203 9.9831
179 94.8328 4.6289
180 83.2944 3.7725
181 31.5086 0.5093
182 114.996 6.3924
183 88.362 3.9423
184 79.0539 2.7518
185 129.317 8.7457
186 98.1235 6.929
187 123.384 7.4669
188 112.973 6.7657
189 116.405 6.7572
190 110.925 7.636
191 113.645 7.5007
192 101.987 5.6252
193 111.467 7.9518
194 116.534 6.2116
195 105.732 7.4218
196 106.99 5.5523
197 120.4 6.1085
198 131.961 9.5313
199 127.337 9.6395
200 119.518 8.7647
201 118.096 7.9816
202 107.035 7.1205
203 111.856 7.7713
204 102.174 6.9827
205 105.315 8.0068
206 120.972 7.4919
207 79.1955 2.5482
208 80.6191 3.6582
209 124.955 7.8068
210 87.156 3.8416
211 127.646 8.1436
212 117.395 4.8509
213 138.996 12.9593
214 135.341 9.4798
215 132.502 10.7593
216 119.207 8.4915
217 138.593 11.7772
218 121.523 6.7487
219 138.474 11.6451
220 127.08 11.6276
221 125.336 10.6671
222 125.116 11.4615
223 135.288 10.3175
224 127.573 8.1259
225 115.583 6.6426
226 98.5949 3.8517
227 97.4882 5.3676
228 145.597 12.1201
229 136.794 9.2765
230 136.87 11.5904
231 138.229 10.3806
232 127.662 11.282
233 120.306 10.434
234 117.98 9.6828
235 133.574 11.7356
236 118.465 9.8104
237 121.49 8.8076
238 133.398 12.7669
239 125.072 9.2663
240 126.334 10.3623
