0 88.0143 5.0045
1 84.9303 7.7122
2 92.6766 7.4332
3 96.5447 6.2306
4 61.8807 2.6315
5 82.3521 5.7305
6 99.8372 9.3491
7 114.645 10.0623
8 106.348 7.9947
9 124.124 8.0991
10 104.508 7.9252
11 143.965 11.9594
12 113.284 9.6353
13 128.285 10.1081
14 109.919 7.7423
15 147.251 14.352
16 122.475 12.0191
17 129.658 7.445
18 119.981 5.6636
19 107.873 4.5298
20 112.465 4.8136
21 120.043 7.3142
22 108.589 4.0664
23 125.055 11.8818
24 137.134 10.4327
25 108.53 4.6477
26 113.746 5.7584
27 106.743 6.0612
28 113.311 7.0651
29 113.085 6.3073
30 114.161 7.7024
31 208.651 16.9947
32 107.53 8.0834
33 97.5068 6.7052
34 89.3377 5.4475
35 103.973 6.3729
36 100.594 5.9711
37 99.6744 4.5794
38 121.798 6.8351
39 111.397 7.4988
40 108.316 4.7162
41 106.978 4.46
42 125.773 8.9815
43 114.717 7.3083
44 110.477 6.4381
45 125.168 6.895
46 103.844 7.6243
47 72.8255 1.2103
48 105.083 5.2773
49 99.5498 7.4729
50 104.443 6.9861
51 106.466 6.2453
52 114.887 7.6614
53 180.995 19.7043
54 196.452 19.3306
55 195.1 20.0777
56 117.205 7.6137
57 126.141 7.873
58 116.642 3.626
59 127.025 9.4344
60 125.215 6.8733
61 133.024 6.5143
62 131.557 7.9172
63 116.442 10.3213
64 97.8175 5.0922
65 94.207 4.0281
66 78.1383 2.9428
67 80.0361 2.4525
68 86.5665 2.2733
69 141.494 13.7313
70 114.485 10.9724
71 87.8089 4.8488
72 91.3183 3.7849
73 96.5776 3.9195
74 107.37 7.1712
75 99.2808 5.5935
76 98.5924 5.3337
77 96.5657 4.4634
78 97.0233 3.3021
79 95.5217 5.2148
80 123.799 7.0829
81 119.046 6.3178
82 123.886 8.5604
83 134.51 9.4714
84 105.296 5.3974
85 124.925 7.236
86 123.823 7.4581
87 123.041 7.1749
88 98.9126 1.8743
89 118.687 8.2102
90 115.608 7.3733
91 44.899 15.0998
92 48.4369 16.1784
93 62.3531 11.6717
94 57.293 14.5701
95 73.2506 20.2763
96 61.5505 10.6237
97 62.5786 10.0768
98 75.008 16.4374
99 68.2027 17.8413
100 52.3658 15.207
101 46.2429 14.608
102 64.4707 16.8816
103 47.7331 15.2016
104 21.3271 16.7196
105 31.5665 17.0621
106 61.8233 11.6597
107 137.681 8.7273
108 84.3154 3.619
109 87.2014 4.7558
110 108.506 4.2445
111 90.6655 3.3693
112 93.0897 5.3185
113 95.3967 3.4209
114 121.208 8.7265
115 132.083 9.1952
116 114.086 7.1955
117 98.1002 5.6819
118 126.886 8.7525
119 110.581 6.1164
120 125.103 8.4255
121 115.022 8.4758
122 112.237 8.1206
123 102.561 5.8508
124 125.933 7.2361
125 121.833 8.3858
126 116.094 8.6714
127 121.751 7.9045
128 116.862 6.7652
129 115.34 8.1307
130 105.528 6.0614
131 115.167 6.9381
132 117.282 7.5143
133 128.715 4.352
134 127.391 5.5636
135 129.782 5.8456
136 123.94 8.7478
137 116.466 4.8519
138 144.018 9.0845
139 116.055 6.3992
140 150.65 8.8721
141 89.8393 5.7063
142 87.7709 4.959
143 89.9681 3.1443
144 88.1465 3.4211
145 91.983 4.1517
146 116.849 6.5715
147 122.17 7.5703
148 86.4106 3.3842
149 82.3144 3.797
150 88.7142 3.6206
151 99.6634 6.0768
152 91.9869 5.3962
153 134.763 7.5157
154 130.906 9.6257
155 131.674 10.6772
156 123.119 7.2867
157 95.5527 5.1184
158 118.155 6.4795
159 107.215 5.7506
160 107.641 6.2032
161 112.224 6.1495
162 125.624 10.527
163 140.829 10.1781
164 101.375 5.1915
165 117.532 6.6667
166 121.947 9.0392
167 124.722 8.8665
168 106.619 6.9339
169 121.677 6.3845
170 101.182 8.3371
171 124.603 8.0502
172 117.928 9.9253
173 107.635 7.5144
174 106.693 9.498
175 101.731 7.2035
176 105.373 4.7322
177 135.147 10.8204
178 119.306 9.9729
179 94.6515 4.5325
180 82.673 3.7818
181 93.7315 5.1959
182 114.127 6.4166
183 88.4899 3.7975
184 79.0724 2.7425
185 128.925 8.5513
186 98.0582 7.0289
187 124.104 7.6167
188 113.164 6.8337
189 116.163 6.7908
190 111.764 7.7375
191 114.152 7.7028
192 102.372 5.899
193 112.31 8.1167
194 117.339 6.2973
195 106.692 7.8072
196 107.586 5.6085
197 121.101 6.0703
198 132.304 9.944
199 128.39 9.5259
200 119.873 8.3684
201 118.237 7.8263
202 107.062 7.1542
203 111.637 7.9252
204 101.836 6.933
205 105.003 8.176
206 120.496 7.4069
207 79.1107 2.5918
208 80.6281 3.7343
209 125.126 7.9347
210 87.2617 3.9134
211 128.561 8.3592
212 118.027 4.9252
213 141.613 13.2682
214 136.784 9.7752
215 132.315 10.8119
216 119.475 8.6674
217 138.31 11.8872
218 121.211 6.6055
219 139.129 11.7546
220 126.849 11.9843
221 125.493 10.8704
222 125.209 11.4754
223 137.441 10.8407
224 128.072 8.0224
225 116.044 6.831
226 98.4137 3.853
227 97.119 5.2623
228 145.754 12.1966
229 136.501 9.3516
230 136.95 11.6047
231 138.388 10.5132
232 127.774 11.4017
233 120.544 10.0779
234 118.518 9.8053
235 134.611 12.045
236 119.367 9.9399
237 121.912 8.7272
238 134.958 12.6164
239 126.353 9.589
240 127.01 10.6792
