0 91.6925 5.405
1 90.9477 8.4673
2 98.1743 8.1494
3 101.519 6.78
4 64.0603 2.8175
5 86.9307 6.413
6 107.211 10.4103
7 123.432 10.6573
8 112.755 9.0565
9 131.13 9.1559
10 112.833 8.8562
11 155.287 13.1302
12 122.315 10.7609
13 137.493 11.547
14 116.954 8.5194
15 160.025 16.4834
16 133.756 14.4637
17 136.104 8.8392
18 124.985 6.2526
19 111.383 5.0673
20 116.67 5.3977
21 125.896 8.7775
22 111.238 4.4597
23 135.087 13.8914
24 145.969 11.9978
25 111.261 5.0649
26 117.429 6.2049
27 110.857 6.5621
28 118.142 7.7591
29 117.667 7.0291
30 120.108 8.3212
31 200.878 12.9407
32 115.264 9.1369
33 103.506 7.5601
34 94.5267 6.3654
35 110.454 7.1411
36 106.161 6.4314
37 104.506 5.187
38 129.114 7.8748
39 119.127 8.4956
40 112.181 4.985
41 110.75 4.7659
42 134.887 10.3055
43 121.255 8.5399
44 116.12 7.2784
45 131.513 7.7072
46 109.507 8.4275
47 73.3845 1.2233
48 109.121 6.0171
49 104.659 8.1802
50 110.309 8.0269
51 110.885 6.601
52 120.382 8.8053
53 187.695 19.0319
54 206.531 21.0395
55 194.653 17.2723
56 124.06 8.8369
57 132.002 8.5387
58 119.722 3.9953
59 134.994 10.1646
60 131.671 7.5886
61 138.662 7.4698
62 138.682 8.4918
63 124.396 11.3023
64 102.265 5.4321
65 97.2712 4.3351
66 80.534 3.1929
67 81.7875 2.6957
68 88.1111 2.4782
69 154.157 14.9274
70 124.012 11.8891
71 91.6109 5.4117
72 93.7666 3.9735
73 99.6764 4.2952
74 113.159 7.5998
75 103.378 6.036
76 102.518 5.8273
77 100.147 4.9953
78 99.5356 3.4945
79 99.5469 5.8533
80 129.458 7.9494
81 123.95 6.7732
82 131.558 10.1215
83 141.689 10.5364
84 109.456 6.0389
85 130.448 7.5972
86 129.778 8.4843
87 128.176 8.2136
88 198.471 19.7197
89 124.33 9.0531
90 121.587 8.3307
91 56.2738 14.6889
92 61.5825 16.2725
93 71.962 12.4537
94 70.1663 14.8637
95 89.0337 20.5019
96 69.7154 11.6605
97 70.9271 11.004
98 88.5032 18.0916
99 82.5906 18.1988
100 63.6145 15.0998
101 58.4741 14.1843
102 77.7413 17.3104
103 58.6785 14.9654
104 35.001 15.3596
105 45.1573 15.9757
106 70.6624 12.207
107 144.437 9.7308
108 87.2171 4.1586
109 91.2612 5.0596
110 112.015 4.659
111 93.3662 3.7241
112 97.787 6.1705
113 98.2861 3.8442
114 128.622 10.0418
115 140.072 10.5021
116 119.855 8.7435
117 102.969 6.2583
118 133.867 9.6587
119 115.589 6.7596
120 131.979 9.1365
121 123.069 9.8677
122 118.813 9.0922
123 107.464 6.6808
124 130.724 7.7793
125 130.666 9.6221
126 123.645 9.3405
127 129.684 8.6744
128 123.043 7.776
129 122.178 9.2607
130 111.041 6.8727
131 121.345 7.8121
132 124.029 8.1492
133 131.497 4.7347
134 131.461 6.3885
135 133.947 6.4821
136 130.725 9.9558
137 119.644 5.4074
138 149.733 10.6773
139 119.315 7.2502
140 155.588 9.5471
141 93.7556 6.5688
142 91.7883 5.9551
143 91.8607 3.5351
144 90.5849 3.6327
145 94.7623 4.5388
146 122.4 7.4856
147 128.113 8.5606
148 88.9504 3.7768
149 84.8679 4.1888
150 91.1175 3.9456
151 104.493 6.5291
152 96.1376 5.7771
153 141.554 8.2024
154 140.112 10.6812
155 140.173 11.6707
156 130.426 8.5492
157 100.105 5.5766
158 124.2 7.2027
159 112.239 6.2614
160 112.083 6.4894
161 117.967 6.9875
162 134.69 11.9576
163 149.903 11.1587
164 104.413 5.7015
165 121.314 7.3138
166 127.964 9.5357
167 130.297 9.6411
168 110.967 7.5423
169 125.65 7.2181
170 107.365 9.2253
171 129.288 8.8005
172 123.671 10.5099
173 113.172 8.1408
174 112.72 10.0518
175 106.438 7.5181
176 108.268 4.9084
177 142.346 11.5007
178 127.484 11.1748
179 98.6331 5.1772
180 85.5376 4.2108
181 97.6205 5.6008
182 120.026 7.153
183 91.5712 4.3327
184 81.0291 2.9472
185 135.952 9.1852
186 104.602 7.9053
187 130.563 8.2995
188 118.418 7.6296
189 121.644 7.4919
190 118.186 8.5092
191 120.428 8.4009
192 107.318 6.3093
193 119.328 9.2634
194 123.017 7.244
195 114.012 8.6422
196 111.947 6.0673
197 126.065 6.766
198 141.373 11.1396
199 137.247 11.439
200 126.483 9.9913
201 124.08 8.6308
202 112.36 7.8932
203 117.415 8.7049
204 107.571 7.5481
205 111.088 9.3599
206 126.962 8.5127
207 80.3733 2.6659
208 83.6596 4.0682
209 132.622 8.6864
210 89.9563 4.1888
211 134.988 8.8498
212 121.185 5.3131
213 152.461 14.7202
214 144.288 11.2941
215 142.656 12.0799
216 126.394 9.6059
217 148.231 13.2211
218 127.073 7.5179
219 149.304 13.4693
220 136.553 13.7029
221 134.292 12.2015
222 134.774 12.4585
223 144.071 11.9442
224 133.833 8.1891
225 120.657 7.4522
226 101.522 4.1122
227 100.973 5.7234
228 155.753 13.5355
229 144.897 10.6151
230 146.524 12.5385
231 147.027 11.6995
232 136.784 13.303
233 129.015 10.8609
234 127.245 11.0892
235 144.594 13.6048
236 127.154 10.7944
237 128.791 9.8555
238 143.891 14.5614
239 133.334 10.9967
240 134.389 11.9564
