0 91.4034 5.2679
1 90.4654 8.36
2 97.036 7.7225
3 100.432 6.6939
4 63.5541 2.8482
5 86.3784 6.319
6 106.105 9.8797
7 122.196 10.6635
8 111.161 8.4361
9 129.748 8.622
10 110.462 8.216
11 152.557 12.6827
12 120.12 10.1955
13 135.446 11.007
14 115.092 8.3597
15 157.017 15.0718
16 130.045 12.6972
17 133.67 7.978
18 122.863 6.0486
19 109.794 4.7138
20 114.85 5.1022
21 124.107 7.9165
22 110.017 4.1963
23 131.273 13.0686
24 141.91 10.5412
25 111.271 4.9741
26 117.407 6.1331
27 110.929 6.5523
28 118.324 7.6565
29 117.884 6.9995
30 119.636 8.1342
31 214.195 16.5974
32 112.984 8.7136
33 102.084 7.1685
34 93.1163 5.8821
35 108.166 6.8288
36 104.256 6.1469
37 103.304 4.9631
38 126.966 7.4325
39 116.284 7.8527
40 111.457 4.8859
41 110.093 4.5978
42 133.157 9.7829
43 119.746 7.7818
44 115.144 6.8573
45 129.825 7.2589
46 108.5 8.3039
47 73.2118 1.1962
48 108.414 5.6539
49 103.254 8.1562
50 108.931 7.8399
51 109.88 6.4737
52 119.354 8.2558
53 186.442 18.8051
54 198 17.9211
55 196.745 18.7629
56 123.325 8.4096
57 131.767 8.4451
58 119.231 3.9934
59 134.289 9.9906
60 130.784 7.625
61 138.496 7.308
62 138.582 8.5852
63 121.624 10.5491
64 100.71 5.2863
65 96.4282 4.176
66 79.8641 3.0094
67 81.1015 2.5658
68 87.5193 2.306
69 149.51 14.1589
70 121.002 11.161
71 91.0698 5.1125
72 93.6823 4.0635
73 99.2149 4.2875
74 113.106 7.6679
75 103.296 6.0093
76 102.852 5.6927
77 100.051 4.7807
78 99.4248 3.4481
79 99.553 5.6511
80 129.673 7.6397
81 124.059 6.6739
82 131.639 9.5795
83 142.686 10.3901
84 109.705 5.7108
85 130.767 7.8474
86 130.273 8.1175
87 128.749 7.5416
88 100.43 2.0587
89 124.705 8.9555
90 122.237 7.7203
91 52.7206 14.8235
92 57.4609 15.9165
93 69.2914 12.2819
94 66.0753 14.8487
95 84.766 20.3506
96 66.9616 11.1271
97 68.1983 10.8405
98 84.6394 16.9594
99 79.3145 18.0756
100 59.6471 15.0956
101 54.8905 14.2188
102 73.9376 17.0172
103 56.7005 15.1322
104 31.2059 16.0859
105 42.1937 16.1859
106 67.9511 12.2812
107 144.384 9.6531
108 86.9004 3.977
109 91.1298 4.9571
110 112.132 4.433
111 93.5986 3.4942
112 97.92 5.8651
113 98.435 3.6307
114 128.198 9.1164
115 139.352 9.5528
116 121.702 8.2027
117 103.862 6.0475
118 135.346 9.3219
119 116.568 6.8165
120 133.35 9.1428
121 123.531 9.392
122 119.916 9.0167
123 107.732 6.4848
124 130.089 7.5521
125 130.097 9.2359
126 123.589 9.273
127 129.247 8.6559
128 122.895 7.5979
129 121.936 8.6927
130 110.758 6.7177
131 121.138 7.6301
132 124.201 8.2536
133 131.057 4.6442
134 130.541 6.1462
135 133.121 6.1807
136 129.534 9.383
137 119.486 5.3785
138 148.545 9.8134
139 118.829 6.8829
140 154.023 9.3854
141 93.2294 6.2224
142 90.9347 5.3206
143 91.4545 3.2282
144 89.8129 3.5959
145 94.2748 4.4025
146 121.088 7.1628
147 127.186 8.1528
148 88.6529 3.7666
149 84.6448 4.1318
150 91.2535 3.9279
151 104.689 6.4235
152 95.9633 5.7098
153 141.234 8.3602
154 139.954 10.5648
155 140.664 11.6088
156 129.122 8.0279
157 99.5162 5.5339
158 123.106 6.9872
159 111.57 6.1301
160 111.676 6.4325
161 117.232 6.7352
162 133.781 11.3726
163 148.854 11.1109
164 103.835 5.5668
165 120.72 7.171
166 127.28 9.5489
167 128.993 9.0809
168 109.898 7.2103
169 124.051 6.8467
170 105.32 8.8291
171 128.229 8.3902
172 123.046 10.2484
173 112.039 7.7438
174 111.717 10.062
175 105.604 7.4533
176 107.612 4.8588
177 141.572 11.2334
178 125.879 10.7278
179 97.7759 4.9223
180 84.9368 3.9398
181 97.0844 5.6034
182 119.071 7.0935
183 90.9335 4.1424
184 80.5887 2.9345
185 134.68 9.259
186 103.341 7.6249
187 129.258 8.0736
188 117.123 7.2459
189 120.498 7.3743
190 116.45 8.2739
191 119.252 8.215
192 106.542 6.2817
193 117.812 8.7865
194 121.898 6.7223
195 111.734 8.1199
196 111.034 6.0413
197 125.06 6.5538
198 139.334 10.6529
199 135.016 10.4349
200 125.096 9.3385
201 122.834 8.2178
202 112.078 7.5417
203 115.884 8.0899
204 106.876 7.3773
205 110.503 8.4289
206 125.561 8.1391
207 80.2861 2.6084
208 82.8075 3.8243
209 130.542 8.3759
210 89.296 4.0099
211 133.177 8.8816
212 120.533 5.2956
213 150.164 14.1056
214 143.045 10.3624
215 140.737 11.4172
216 125.059 9.3959
217 146.629 12.5036
218 125.627 7.0998
219 147.028 12.6401
220 134.407 12.5019
221 132.546 11.5003
222 133.391 12.247
223 142.205 11.2368
224 133.728 7.9031
225 120.748 7.1187
226 101.262 4.1035
227 100.559 5.4826
228 154.403 12.6482
229 144.634 9.8808
230 145.053 11.997
231 147.082 11.1724
232 135.434 13.364
233 128.614 10.0467
234 125.912 10.3672
235 143.814 12.6533
236 126.666 10.3172
237 128.128 8.9549
238 143.299 13.835
239 132.668 10.0362
240 134.508 11.043
