0 94.7635 5.5603
1 95.1898 8.6774
2 102.496 8.3888
3 104.707 6.8956
4 64.6211 2.9818
5 89.4525 6.545
6 112.32 10.4468
7 127.936 10.8984
8 116.1 8.7748
9 137.302 9.2517
10 117.694 8.9479
11 162.224 13.3653
12 128.272 11.0769
13 143.495 11.5358
14 121.232 8.7225
15 166.435 15.6917
16 140.166 14.1299
17 140.003 8.6408
18 127.482 6.4808
19 113.269 5.1604
20 118.224 5.4674
21 129.797 8.5245
22 113.132 4.5572
23 139.232 13.4229
24 149.735 11.6464
25 113.002 5.1088
26 118.9 6.242
27 113.347 6.7804
28 121.713 7.9518
29 120.736 7.1863
30 123.826 8.6697
31 210.882 14.8788
32 118.615 9.0396
33 105.807 7.6402
34 96.5247 6.0467
35 112.019 6.8604
36 108.489 6.4137
37 106.396 5.2507
38 132.214 7.9218
39 121.534 8.3101
40 114.086 4.9959
41 112.885 4.8152
42 139.109 9.9314
43 124.993 8.2182
44 118.896 7.146
45 134.558 7.5022
46 110.372 8.6267
47 85.6972 3.3135
48 111.304 6.0345
49 108.509 8.4378
50 114.096 8.1048
51 113.922 6.8475
52 124.995 8.8037
53 192.824 18.0358
54 202.137 17.5754
55 199.198 17.9688
56 128.106 8.8688
57 136.406 8.6239
58 121.252 4.0013
59 139.494 10.3816
60 135.459 7.4917
61 142.17 7.312
62 142.811 8.79
63 129.43 11.33
64 104.12 5.6736
65 98.7456 4.361
66 81.3382 3.1399
67 82.4278 2.6446
68 88.9337 2.5019
69 160.062 15.0274
70 129.451 11.4855
71 93.588 5.31
72 95.389 4.0683
73 101.126 4.3428
74 115.964 7.8351
75 105.6 6.0845
76 105.7 5.8754
77 102.636 5.0642
78 101.39 3.6637
79 102.759 5.9186
80 134.452 7.9831
81 128.128 6.9945
82 136.145 9.4253
83 148.16 10.9494
84 112.67 6.0583
85 133.731 7.8632
86 134.136 8.505
87 132.003 8.2013
88 197.464 17.0259
89 129.005 9.1933
90 125.994 8.4361
91 125.447 8.5119
92 132.263 9.2265
93 134.08 7.6583
94 136.561 9.1113
95 146.368 12.7897
96 116.538 7.0628
97 125.884 6.5036
98 143.499 10.3047
99 145.871 11.3245
100 131.781 9.4596
101 124.905 8.6148
102 141.182 10.6277
103 125.637 8.8943
104 125.394 7.5437
105 116.689 7.7898
106 125.555 7.2857
107 146.973 9.3212
108 89.0289 4.4099
109 93.868 5.2299
110 114.079 4.6916
111 94.7638 3.6535
112 101.615 6.3364
113 100.23 3.8102
114 133.235 9.7494
115 143.842 10.0419
116 124.717 8.7557
117 105.715 6.285
118 138.727 9.8307
119 119.147 6.8393
120 137.316 9.5656
121 127.296 9.52
122 122.847 9.174
123 110.7 6.7073
124 134.634 7.7679
125 134.83 9.4405
126 129.012 9.604
127 133.811 8.9652
128 126.645 7.6744
129 125.818 8.8832
130 113.32 6.8718
131 124.04 7.77
132 127.417 8.5935
133 134.454 4.9719
134 134.434 6.5317
135 137.319 6.6062
136 136.009 10.2331
137 122.505 5.4986
138 155.11 10.5161
139 123.349 7.2025
140 161.273 10.499
141 97.0046 6.5041
142 94.7538 5.8024
143 93.3298 3.4844
144 91.7905 3.8157
145 97.1902 4.5947
146 125.851 7.6878
147 133.237 8.784
148 90.656 3.9538
149 86.6567 4.3434
150 93.5039 4.097
151 108.038 6.6993
152 99.7696 6.0439
153 145.611 8.4626
154 146.207 10.8691
155 146.632 11.9447
156 133.665 8.3825
157 102.517 5.696
158 127.724 7.3962
159 114.694 6.3041
160 114.717 6.5127
161 121.329 7.13
162 140.535 12.2202
163 154.78 11.2552
164 107.055 5.7421
165 125.49 7.489
166 131.819 9.8955
167 134.571 9.7764
168 113.279 7.3166
169 129.194 7.3772
170 110.772 9.0739
171 133.693 9.0826
172 128.823 10.9132
173 116.371 8.2106
174 117.756 10.4407
175 109.897 7.6611
176 110.313 5.0608
177 147.69 11.9723
178 133.042 11.4449
179 100.23 5.1547
180 87.1691 4.2801
181 100.298 5.7212
182 124.002 7.3541
183 93.2299 4.3922
184 82.1962 3.042
185 139.658 9.429
186 108.234 7.7321
187 134.806 8.5635
188 121.548 7.5243
189 125.248 7.6646
190 121.374 8.5151
191 123.581 8.618
192 110.166 6.4694
193 123.204 9.2404
194 125.932 7.0915
195 111.981 8.0047
196 114.325 6.0702
197 129.172 6.8711
198 145.014 11.1656
199 141.859 11.0483
200 131.34 9.8461
201 129.854 9.0052
202 117.922 8.3694
203 123.168 8.995
204 112.334 7.8547
205 116.807 9.253
206 130.901 8.4335
207 102.51 2.9694
208 113.641 4.5399
209 149.561 10.344
210 120.16 4.9029
211 163.308 10.3626
212 146.204 6.282
213 183.868 14.9227
214 168.182 13.1638
215 154.055 13.1466
216 164.12 10.3889
217 157.487 14.4142
218 133.454 8.1098
219 159.643 14.212
220 154.041 14.4601
221 158.423 12.9894
222 150.645 14.0146
223 149.226 12.1503
224 137.825 7.9946
225 124.444 7.5791
226 102.88 4.2918
227 103.115 5.701
228 161.756 13.191
229 149.724 10.4681
230 152.11 12.3223
231 154.305 11.6384
232 144.345 12.7131
233 134.885 10.5455
234 133.454 11.1166
235 151.129 13.2725
236 133.556 11.019
237 133.922 9.621
238 152.28 14.2187
239 137.958 10.5404
240 142.808 12.1545
