0 92.1976 5.4599
1 91.4717 8.5503
2 98.6357 8.1427
3 101.56 6.6689
4 63.6997 2.9752
5 86.9944 6.3437
6 108.146 10.5375
7 124.544 10.9429
8 112.665 8.7603
9 130.439 8.8987
10 111.666 8.5254
11 153.836 12.6627
12 121.746 10.4385
13 136.149 11.1481
14 115.806 8.3431
15 158.419 15.3567
16 131.87 13.0487
17 135.194 7.9675
18 124.033 6.0673
19 110.728 4.8259
20 115.695 5.1947
21 125.788 8.0791
22 110.501 4.2194
23 133.45 13.1415
24 144.018 10.9743
25 111.651 5.0204
26 117.86 6.1445
27 111.757 6.5309
28 119.45 7.7191
29 118.713 6.9445
30 121.097 8.545
31 210.185 15.3089
32 114.647 8.8745
33 103.425 7.4671
34 94.0935 5.9191
35 109.224 6.9217
36 105.644 6.4316
37 103.954 5.1311
38 128.328 7.4516
39 117.437 8.1294
40 111.98 4.9487
41 110.956 4.7623
42 134.774 10.2019
43 122.031 8.0591
44 115.909 6.8472
45 131.642 7.4726
46 109.359 8.4784
47 73.2491 1.1943
48 109.3 5.9778
49 104.815 8.1362
50 110.266 7.8121
51 111.074 6.6128
52 120.42 8.3151
53 187.148 18.5991
54 199.537 18.2156
55 197.784 18.7052
56 124.903 8.4006
57 133.557 8.8062
58 119.816 4.0121
59 136.269 10.413
60 131.77 7.7005
61 139.646 7.5335
62 140.229 8.7426
63 123.517 10.8629
64 101.456 5.4084
65 96.8345 4.1217
66 80.332 3.0737
67 81.3567 2.6074
68 87.8944 2.4469
69 152.648 14.6949
70 122.924 11.4464
71 91.0474 5.1725
72 93.6171 4.026
73 98.9917 4.1838
74 112.567 7.459
75 102.983 5.7389
76 102.668 5.7
77 99.9771 4.777
78 99.4761 3.4572
79 99.5421 5.7768
80 130.189 7.9071
81 124.288 6.7703
82 131.833 9.4376
83 142.486 10.2847
84 110.274 5.9159
85 130.804 7.6817
86 130.897 8.1411
87 129.248 7.7867
88 196.2 17.3663
89 126.092 9.0365
90 123.566 8.1256
91 122.511 8.3076
92 128.548 9.1905
93 131.212 7.712
94 133.979 9.0533
95 141.357 12.8007
96 113.757 6.9001
97 123.118 6.4177
98 140.836 10.3412
99 140.657 10.8363
100 127.899 9.3136
101 121.118 8.3129
102 136.259 10.1121
103 122.287 8.7872
104 121.441 7.3952
105 113.313 7.907
106 122.83 7.4615
107 146.238 9.6266
108 87.6639 4.1591
109 92.1408 4.9241
110 113.023 4.5304
111 94.0061 3.523
112 99.1301 5.8472
113 99.0789 3.6571
114 130.337 9.6482
115 141.948 9.9026
116 122.627 8.5242
117 104.949 6.255
118 136.798 9.6378
119 117.705 6.6729
120 134.874 9.1596
121 125.091 9.6877
122 120.455 8.8855
123 109.026 6.5789
124 131.557 7.588
125 130.699 9.2942
126 124.273 9.4148
127 129.381 8.7902
128 123.608 7.553
129 121.934 8.6452
130 111.258 6.8049
131 121.334 7.6041
132 124.1 8.2023
133 131.125 4.7104
134 130.695 6.1359
135 133.494 6.2528
136 130.224 9.7629
137 119.378 5.2178
138 148.698 9.7719
139 119.424 6.7419
140 155.85 9.881
141 94.3234 6.3541
142 91.8607 5.6436
143 91.9123 3.3347
144 90.4505 3.5872
145 95.1821 4.4691
146 122.381 7.3292
147 128.317 8.2329
148 88.8583 3.8764
149 84.8514 4.1927
150 91.3775 3.9364
151 104.703 6.5105
152 96.2382 5.7136
153 141.464 8.1303
154 140.635 10.584
155 140.5 11.4845
156 129.926 8.201
157 99.9609 5.6155
158 124.19 7.1051
159 112.35 6.2231
160 111.634 6.3966
161 117.829 6.7924
162 135.282 11.6868
163 150.153 11.039
164 104.466 5.3701
165 121.598 7.1376
166 128.01 9.3399
167 130.243 9.3482
168 110.982 7.2064
169 125.576 6.8644
170 107.246 9.0363
171 128.792 8.3487
172 125.105 10.5567
173 113.73 8.044
174 113.629 10.3772
175 107.153 7.5649
176 108.607 5.0009
177 143.414 11.7674
178 128.538 10.9875
179 99.1508 5.0783
180 86.0312 4.1684
181 98.3735 5.6522
182 120.906 7.1444
183 91.9617 4.3868
184 81.2875 2.9015
185 136.68 9.3388
186 105.263 7.81
187 130.944 8.4028
188 118.799 7.1841
189 122.167 7.4066
190 118.305 8.4728
191 120.465 8.503
192 107.676 6.4524
193 119.478 8.8505
194 123.61 6.9292
195 113.638 8.3975
196 111.853 5.9162
197 126.705 6.6294
198 141.542 10.6421
199 137.567 10.7726
200 126.404 9.3308
201 124.985 8.4323
202 113.419 7.6975
203 118.073 8.3973
204 108.698 7.5671
205 112.252 8.6167
206 126.384 8.0301
207 101.672 2.9168
208 111.602 4.4745
209 143.877 10.3529
210 117.965 4.8192
211 157.66 10.4162
212 142.887 6.2221
213 176.197 15.3739
214 163.079 12.9604
215 146.772 12.8272
216 158.161 9.9804
217 149.202 13.8935
218 128.508 7.7886
219 151.305 13.9353
220 146.139 13.6214
221 151.819 12.3659
222 144.696 13.4215
223 144.648 11.6437
224 135.913 7.8726
225 122.671 7.3616
226 102.42 4.2533
227 102.055 5.7275
228 159.016 12.9422
229 147.371 10.3039
230 148.445 12.1922
231 150.223 11.3626
232 138.597 12.6505
233 130.903 10.4071
234 128.29 10.7139
235 146.619 12.904
236 128.383 10.8235
237 129.267 9.3441
238 145.303 14.1167
239 134.065 10.1494
240 135.57 11.6916
