0 93.8522 5.571
1 94.1711 8.7222
2 100.964 8.31
3 104.034 6.7302
4 64.4488 2.9642
5 89.1714 6.4683
6 111.045 10.5665
7 127.056 10.955
8 114.401 8.8494
9 135.299 9.1563
10 115.71 8.8015
11 160.199 13.241
12 127.825 11.1405
13 141.827 11.615
14 119.558 8.5951
15 164.41 15.6312
16 138.534 13.9693
17 137.976 8.404
18 126.184 6.3665
19 112.256 5.0636
20 117.387 5.3399
21 128.016 8.3394
22 112.101 4.4537
23 137.834 13.9014
24 148.134 11.2941
25 112.256 5.1142
26 118.939 6.3439
27 112.712 6.6874
28 120.268 7.8365
29 119.849 7.1213
30 122.575 8.7808
31 209.085 14.7912
32 117.857 9.0884
33 105.077 7.4621
34 96.1774 6.0761
35 111.534 7.1279
36 107.785 6.6955
37 105.462 5.2017
38 131.063 7.8272
39 121.172 8.5151
40 114.478 5.257
41 113.104 4.9756
42 139.308 10.5776
43 124.854 8.4755
44 119.182 7.3766
45 134.764 8.0335
46 112.714 8.8679
47 73.4586 1.2018
48 110.652 5.9966
49 107.413 8.5279
50 112.585 8.1642
51 112.852 6.5619
52 123.08 8.9184
53 190.215 18.2745
54 200.715 18.2086
55 197.639 18.0331
56 127.874 8.8519
57 136.491 9.0706
58 121.283 4.146
59 139.819 10.5928
60 134.618 7.8948
61 142.333 7.6178
62 143.117 8.9585
63 129.174 11.5236
64 103.571 5.6476
65 98.2992 4.4135
66 80.8879 3.2024
67 82.3986 2.7439
68 88.6294 2.5136
69 158.995 15.2555
70 127.878 12.2402
71 93.2519 5.2888
72 94.9242 4.0539
73 100.84 4.3485
74 115.26 7.7488
75 104.844 6.1058
76 104.872 5.9442
77 102.114 5.0508
78 100.663 3.6419
79 101.718 5.957
80 132.877 8.0974
81 126.394 6.9998
82 134.783 9.8208
83 146.694 11.0248
84 111.251 6.2536
85 132.261 8.3016
86 132.559 8.8501
87 130.499 8.177
88 195.074 17.5766
89 126.832 9.1489
90 124.402 8.4556
91 124.231 8.4502
92 130.882 9.2048
93 132.586 7.6184
94 134.957 8.9383
95 144.049 12.6418
96 114.847 6.8059
97 124.488 6.5125
98 141.189 10.0789
99 145.41 11.0951
100 131.235 9.2483
101 124.047 8.5407
102 139.319 10.4955
103 125.265 8.7851
104 124.268 7.6694
105 116.647 8.125
106 125.315 7.5622
107 148.506 9.8622
108 88.7538 4.4489
109 93.1835 5.3073
110 113.666 4.7974
111 94.3217 3.7306
112 100.279 6.3645
113 99.7396 3.829
114 132.268 9.9767
115 143.289 10.2633
116 123.829 8.7716
117 104.94 6.3323
118 137.575 9.9194
119 118.04 6.825
120 136.178 9.2506
121 126.31 9.7803
122 122.137 9.5442
123 109.659 6.7465
124 133.587 8.002
125 133.799 9.4138
126 127.454 9.4917
127 132.888 8.8334
128 125.659 7.6876
129 124.821 8.9659
130 112.617 6.7965
131 123.261 7.629
132 127.029 8.6922
133 132.713 4.7625
134 132.854 6.2358
135 135.544 6.4682
136 133.458 10.2724
137 121.089 5.4031
138 152.632 10.5769
139 121.609 7.1028
140 158.985 9.8924
141 95.9136 6.3925
142 93.0302 5.7212
143 92.6221 3.4027
144 91.1071 3.6317
145 96.2822 4.5939
146 124.949 7.571
147 131.248 8.6523
148 90.02 3.9256
149 85.8507 4.1277
150 92.524 4.0365
151 106.597 6.6079
152 98.6852 6.0186
153 142.975 8.2157
154 143.864 10.8057
155 144.783 11.8927
156 132.964 8.4836
157 102.045 5.7916
158 127.378 7.3287
159 114.259 6.4209
160 114.3 6.6411
161 121.047 7.0129
162 139.123 12.0655
163 154.014 11.6561
164 106.023 5.6593
165 124.07 7.503
166 130.892 9.8722
167 132.52 9.4171
168 112.431 7.293
169 127.6 7.1763
170 108.897 9.2371
171 132.275 8.7315
172 127.78 10.5512
173 116.057 8.3963
174 117.088 10.7323
175 109.722 7.8222
176 109.944 5.1485
177 147.202 12.0173
178 132.303 11.4414
179 100.053 5.1467
180 86.7234 4.2704
181 99.8986 5.8499
182 122.859 7.3614
183 93.0259 4.3903
184 81.921 2.9796
185 138.762 9.3929
186 107.042 7.7222
187 134.575 8.6137
188 121.686 7.6026
189 124.86 7.6
190 121.424 8.7243
191 123.508 8.6989
192 109.63 6.5999
193 122.6 9.2184
194 126.108 7.1699
195 160.083 2.9186
196 113.328 6.3108
197 127.935 7.0818
198 144.384 11.2802
199 140.04 11.1915
200 131.391 10.2984
201 128.441 8.9663
202 116.591 8.3269
203 121.212 9.0966
204 110.938 7.9559
205 115.523 9.3395
206 130.491 8.7609
207 102.521 2.9991
208 113.784 4.6259
209 149.21 10.6513
210 120.297 4.9217
211 162.367 10.5847
212 146.412 6.3685
213 183.775 15.4124
214 168.788 13.1725
215 151.768 13.0135
216 161.992 10.1751
217 154.908 14.309
218 131.922 7.8909
219 156.55 14.0961
220 151.928 14.3776
221 156.242 12.8095
222 148.41 13.8394
223 148.118 11.8447
224 137.462 8.1177
225 124.212 7.7813
226 103.168 4.4145
227 103.339 5.915
228 160.7 13.3791
229 149.34 10.5904
230 152.064 12.8099
231 152.789 11.9652
232 141.593 12.595
233 133.4 10.3998
234 131.626 11.266
235 150.197 13.5871
236 131.604 11.0228
237 132.038 9.6962
238 148.804 14.346
239 136.445 10.7313
240 141.138 12.2226
