0 95.2538 5.7254
1 96.306 9.077
2 103.002 8.6582
3 105.775 7.1762
4 65.0834 3.1285
5 90.4004 6.6487
6 113.633 11.167
7 130.552 11.6152
8 116.273 9.1077
9 137.767 9.4953
10 117.909 9.139
11 164.465 13.8276
12 130.415 11.5716
13 144.223 12.0807
14 122.025 9.0199
15 167.847 16.2114
16 141.073 14.7311
17 139.222 8.7982
18 126.246 6.4064
19 112.896 5.0803
20 117.993 5.5254
21 129.511 8.7148
22 112.613 4.5686
23 139.144 14.0489
24 150.122 11.738
25 113.256 5.269
26 119.902 6.6417
27 113.351 6.8382
28 122.279 8.0906
29 121.18 7.4141
30 124.412 9.123
31 216.253 16.3494
32 121.24 9.88
33 108.127 8.3421
34 97.8719 6.4894
35 114.445 7.5215
36 110.366 7.1653
37 107.704 5.6101
38 134.708 8.2933
39 124.875 8.9862
40 115.678 5.4303
41 114.579 5.2571
42 141.728 11.0319
43 127.463 8.9064
44 121.676 7.9463
45 137.308 8.2336
46 106.631 9.1519
47 76.0569 1.6544
48 111.826 6.1663
49 109.163 8.8376
50 114.567 8.3576
51 114.114 6.9768
52 125.559 9.1621
53 193.167 18.4813
54 200.044 17.3155
55 198.741 18.3397
56 128.72 8.908
57 137.191 9.1928
58 121.392 4.0828
59 140.128 10.571
60 136.042 8.0931
61 142.342 7.5072
62 144.609 9.1707
63 131.559 11.9653
64 104.822 5.8983
65 99.1554 4.6168
66 81.8144 3.309
67 82.9544 2.8369
68 89.2595 2.6082
69 162.19 15.6698
70 130.564 12.2965
71 94.4281 5.503
72 96.1409 4.2508
73 102.206 4.6127
74 117.591 8.1569
75 106.729 6.3822
76 106.521 6.1238
77 103.303 5.321
78 101.737 3.7054
79 103.884 6.2172
80 135.292 8.1928
81 128.51 7.3309
82 137.602 10.0854
83 149.324 11.4379
84 113.448 6.1281
85 133.973 8.1632
86 134.984 9.1643
87 132.422 8.4279
88 195.161 17.0267
89 129.962 9.6987
90 125.846 8.3842
91 129.106 9.0952
92 135.049 9.6935
93 136.544 8.1169
94 139.661 9.5465
95 150.088 13.3667
96 117.987 7.2793
97 127.575 6.8553
98 147.238 10.9384
99 148.892 11.8982
100 134.935 10.0518
101 126.597 9.0743
102 142.888 10.9401
103 128.143 9.3191
104 127.055 7.7836
105 119.032 8.4695
106 127.855 8.0548
107 148.602 10.0129
108 90.1176 4.7948
109 95.2728 5.5103
110 115.321 4.9448
111 95.5114 3.7868
112 102.43 6.5171
113 101.027 3.9056
114 135.322 10.1382
115 146.812 10.8052
116 125.367 9.1101
117 106.715 6.6631
118 140.04 10.4073
119 119.92 7.3082
120 137.169 9.7511
121 128.355 9.9428
122 124.063 9.7352
123 111.053 6.6519
124 135.27 8.2218
125 136.27 9.6697
126 130.98 9.7888
127 134.325 9.1892
128 129.122 8.1657
129 127.627 9.5163
130 114.803 7.1999
131 126.164 7.9549
132 128.912 8.9136
133 133.747 4.9148
134 133.881 6.4265
135 136.926 6.7701
136 135.526 10.4561
137 122.597 5.7676
138 155.748 10.9605
139 123.149 7.5684
140 161.981 10.5602
141 97.542 6.6578
142 94.6386 6.0279
143 93.5031 3.5744
144 91.9275 3.7893
145 97.8686 4.9043
146 126.899 7.8987
147 134.048 9.0041
148 91.6678 4.1612
149 87.1692 4.4473
150 93.7069 4.2501
151 108.166 6.8083
152 100.824 6.2806
153 147.624 9.1701
154 147.15 11.2652
155 150.005 12.6858
156 135.878 9.023
157 103.543 6.029
158 129.184 7.8097
159 115.882 6.5754
160 115.58 6.7136
161 122.079 7.3137
162 141.425 12.5601
163 156.346 11.965
164 107.823 6.0597
165 126.881 7.9024
166 134.249 10.4056
167 137.448 10.3521
168 115.567 8.0614
169 131.092 7.6721
170 112.938 9.8889
171 136.281 9.3644
172 131.358 11.4688
173 119.15 8.9779
174 120.399 11.4953
175 111.988 8.3244
176 111.811 5.5071
177 151.125 12.6738
178 137.182 12.1274
179 101.467 5.4026
180 88.4439 4.4936
181 102.022 6.2114
182 125.06 7.7417
183 94.4962 4.7102
184 82.8671 3.1965
185 142.611 9.7661
186 109.694 8.3012
187 135.915 8.7138
188 123.35 8.0043
189 126.207 7.9795
190 123.238 9.0912
191 125.273 8.9759
192 111.349 6.8739
193 125.4 9.6869
194 127.388 7.46
195 114.094 8.6481
196 115.711 6.6155
197 130.275 7.3313
198 146.709 11.703
199 143.866 11.4809
200 132.317 10.2217
201 129.462 9.1355
202 118.29 8.6783
203 123.234 9.4417
204 112.035 8.139
205 116.839 9.5778
206 131.726 8.7923
207 103.105 3.1069
208 114.76 4.8269
209 150.813 10.8363
210 121.512 5.0991
211 165.335 10.8888
212 147.821 6.694
213 186.861 15.596
214 169.973 13.4897
215 155.589 13.7431
216 165.513 10.7495
217 160.175 14.914
218 134.342 8.3419
219 161.048 14.8263
220 155.504 14.7729
221 160.471 13.1938
222 152.832 14.707
223 152.147 12.7501
224 140.296 8.3161
225 126.69 8.0375
226 103.919 4.5347
227 105.037 6.0488
228 164.795 13.7706
229 152.263 11.0041
230 156.552 13.3296
231 156.255 12.4126
232 146.781 13.8245
233 135.192 10.9159
234 134.456 11.5407
235 152.503 14.2287
236 134.229 11.6175
237 134.687 10.2747
238 153.34 15.2482
239 139.011 10.9889
240 142.843 12.6894
