0 97.9446 5.8821
1 101.831 9.4096
2 108.166 9.0903
3 109.19 7.4514
4 66.1852 3.1448
5 94.0267 7.0889
6 119.965 11.2621
7 136.266 11.853
8 121.244 9.4887
9 141.37 9.6852
10 121.631 9.3263
11 169.907 13.6874
12 135.381 11.8557
13 148.611 12.2639
14 125.472 9.0968
15 174.528 16.1983
16 147.228 14.9271
17 144.777 9.2278
18 130.264 6.7983
19 115.812 5.4556
20 121.152 5.9151
21 133.973 9.207
22 115.166 4.92
23 147.196 14.9917
24 156.168 12.3586
25 114.441 5.3455
26 122.262 6.7345
27 116.468 7.1772
28 126.622 8.6589
29 124.164 7.5948
30 128.839 9.5092
31 214.367 14.6886
32 125.291 9.8542
33 110.46 8.0863
34 100.34 6.4374
35 117.048 7.4992
36 112.553 6.99
37 109.857 5.4787
38 137.397 8.2452
39 127.41 8.9153
40 117.085 5.3254
41 115.728 5.2771
42 145.783 10.914
43 131.226 8.9405
44 123.744 7.7248
45 139.425 8.26
46 109.66 9.3743
47 75.9966 1.5132
48 114.939 6.4137
49 113.905 9.2364
50 118.781 8.6876
51 117.617 7.2414
52 129.86 9.3917
53 197.905 17.6176
54 202.286 16.8926
55 200.726 17.2952
56 134.083 9.2752
57 142.046 9.4169
58 123.421 4.3084
59 146.161 11.083
60 140.312 8.3167
61 147.107 8.0089
62 149.256 9.5939
63 136.606 12.0709
64 107.434 5.8866
65 101.655 4.6541
66 83.1083 3.3674
67 83.9983 2.9608
68 90.2782 2.6228
69 171.587 15.8086
70 138.253 12.9884
71 96.7014 5.5721
72 97.7712 4.3618
73 104.329 4.5598
74 121.548 8.4162
75 109.487 6.4955
76 108.995 6.1953
77 105.254 5.3261
78 102.817 3.7985
79 105.908 6.2084
80 137.958 8.4591
81 130.82 7.4452
82 140.777 10.3227
83 153.102 11.6362
84 115.573 6.5449
85 137.951 8.5774
86 137.849 9.0043
87 135.024 8.4771
88 197.285 16.8021
89 132.738 9.7962
90 129.814 8.8195
91 132.444 9.2822
92 139.496 10.0529
93 139.534 8.1739
94 143.064 9.6876
95 156.003 13.5978
96 120.795 7.5477
97 130.514 7.0895
98 150.924 11.1402
99 153.504 12.07
100 137.964 9.966
101 130.381 9.3535
102 147.663 11.32
103 131.651 9.5742
104 129.553 7.9491
105 121.728 8.5518
106 130.017 7.9145
107 152.914 10.1908
108 92.0478 5.0211
109 97.4394 5.5468
110 117.803 5.0662
111 97.0242 3.8498
112 105.407 6.7145
113 102.611 4.0383
114 140.293 10.6815
115 151.095 10.7768
116 129.734 9.103
117 109.95 6.7335
118 145.778 10.3572
119 123.571 7.3493
120 141.828 10.01
121 134.009 10.4086
122 128.074 9.6063
123 114.602 6.9841
124 138.419 8.2354
125 144.702 10.4081
126 138.344 10.336
127 141.929 9.5963
128 134.31 8.5743
129 134.323 9.8354
130 120.028 7.534
131 131.333 8.5076
132 135.359 9.4813
133 136.042 5.1493
134 137.314 6.7773
135 140.584 6.9209
136 141.186 10.8302
137 124.889 5.9183
138 160.816 11.331
139 125.916 7.483
140 166.888 10.8297
141 101.21 6.9652
142 97.7056 6.0848
143 95.3764 3.6549
144 71.9356 0.7855
145 100.23 4.9119
146 130.898 8.0427
147 139.194 9.3418
148 93.2937 4.307
149 88.9884 4.4551
150 95.5213 4.357
151 111.957 7.0829
152 103.418 6.3705
153 150.866 9.0845
154 153.062 11.5078
155 156.164 12.7687
156 141.918 9.4112
157 107.496 6.1988
158 134.012 8.087
159 120.201 6.9539
160 118.328 6.7306
161 126.638 7.8097
162 150.058 13.0932
163 164.712 12.3524
164 109.891 6.0459
165 129.832 8.0807
166 138.079 10.4933
167 140.087 10.4183
168 118.073 7.9832
169 133.362 7.7443
170 116.457 10.0102
171 138.902 9.6667
172 135.13 11.3421
173 122.289 8.9889
174 123.226 11.1608
175 114.252 8.2621
176 112.935 5.4167
177 155.814 12.785
178 141.671 12.2351
179 103.953 5.4676
180 89.8658 4.556
181 105.403 6.2756
182 128.685 7.8277
183 96.389 4.68
184 84.1374 3.1709
185 147.234 10.194
186 113.678 8.347
187 141.587 9.0986
188 128.312 8.2853
189 131.497 8.2902
190 128.82 9.3042
191 130.804 9.2268
192 114.229 6.801
193 129.358 9.83
194 130.367 7.413
195 117.185 8.6145
196 117.931 6.4595
197 132.758 7.2016
198 151.029 11.6692
199 148.708 11.551
200 137.071 10.5388
201 134.281 9.3713
202 122.587 8.7923
203 127.627 9.4065
204 116.45 8.4663
205 121.314 9.7108
206 134.589 8.8606
207 104.117 3.0979
208 116.898 4.869
209 157.81 11.0901
210 123.694 5.1933
211 171.689 11.0627
212 150.81 6.7719
213 194.242 14.6604
214 177.919 13.5042
215 161.168 13.8745
216 169.582 10.8837
217 166.226 15.0072
218 137.134 8.5415
219 167.762 14.8772
220 162.09 14.9446
221 165.22 13.117
222 158.465 14.6346
223 155.682 12.8361
224 143.309 8.4727
225 129.386 8.0207
226 105.565 4.5384
227 107.16 6.0015
228 170.764 13.6454
229 157.525 10.9111
230 160.933 13.3135
231 162.822 12.6603
232 154.351 13.9728
233 141.311 11.2163
234 141.115 12.0378
235 160.611 14.2835
236 141.292 11.895
237 140.423 10.483
238 155.702 14.6654
239 144.697 11.4721
240 149.459 12.7713
