0 94.4047 5.6576
1 95.0945 8.5901
2 102.02 8.4902
3 104.735 6.9537
4 64.6075 3.0153
5 89.4218 6.5553
6 112.369 10.729
7 128.556 11.1175
8 116.642 9.2421
9 136.964 9.3519
10 116.994 8.9745
11 162.67 13.5129
12 128.623 11.1634
13 143.04 11.8028
14 121.165 8.6172
15 165.873 15.6077
16 139.488 14.0792
17 138.658 8.388
18 125.955 6.2909
19 112.422 4.999
20 117.3 5.3672
21 129.127 8.3919
22 112.161 4.4754
23 138.718 13.629
24 148.747 11.2604
25 112.783 5.1534
26 119.502 6.5323
27 112.926 6.7783
28 121.409 8.0341
29 119.948 7.1111
30 123.29 8.7529
31 213.872 16.1439
32 118.862 9.3182
33 106.165 7.5375
34 96.4489 6.2304
35 112.497 7.1041
36 108.753 6.7075
37 106.368 5.3985
38 132.347 7.8082
39 122.611 8.4955
40 114.566 5.2074
41 113.27 5.0375
42 140.001 10.4728
43 125.694 8.5237
44 119.528 7.5693
45 135.467 7.843
46 106.574 9.0011
47 76.5818 1.7014
48 111.227 6.1412
49 108.538 8.7775
50 113.787 8.2117
51 113.934 6.9642
52 124.76 8.9001
53 192.732 18.2394
54 202.139 17.9779
55 198.964 17.9475
56 128.083 8.9329
57 136.726 8.95
58 121.378 4.0509
59 140.356 10.5551
60 135.478 7.9855
61 142.27 7.5182
62 143.791 9.0841
63 129.474 11.4528
64 104.065 5.6313
65 98.6405 4.4329
66 81.3835 3.1452
67 82.4237 2.7573
68 88.9746 2.5413
69 159.84 15.2007
70 128.836 11.9387
71 93.7622 5.3658
72 95.6272 4.1996
73 101.657 4.4076
74 116.832 7.7654
75 105.663 6.1926
76 105.41 5.9996
77 102.268 5.1128
78 100.971 3.6699
79 102.34 6.0479
80 133.871 8.1263
81 127.413 7.1873
82 135.754 10.0756
83 147.374 11.4034
84 112.96 6.4829
85 134.199 8.2378
86 134.51 8.9166
87 132.264 8.5366
88 197.67 17.5415
89 128.6 9.2482
90 125.306 8.5919
91 125.78 8.6173
92 132.349 9.4314
93 133.958 7.6835
94 136.298 9.1294
95 147.599 12.9638
96 116.092 6.8701
97 125.885 6.588
98 143.306 10.2601
99 145.998 11.3383
100 131.942 9.5452
101 125.14 8.5693
102 140.847 10.5046
103 125.989 9.1267
104 125.273 7.6543
105 117.178 8.1191
106 126.212 7.5354
107 148.87 10.0388
108 88.9737 4.5212
109 93.5107 5.2601
110 113.719 4.7315
111 94.2554 3.6472
112 100.855 6.3693
113 99.8236 3.8985
114 132.015 9.9822
115 143.465 10.6297
116 124.412 8.8849
117 105.525 6.4882
118 138.65 10.0657
119 118.804 7.0805
120 136.187 9.5693
121 126.779 9.9788
122 123.245 9.3201
123 110.372 6.888
124 135.141 8.2123
125 135.264 9.5331
126 128.854 9.72
127 133.479 9.0051
128 127.187 7.776
129 126.43 9.0072
130 113.626 6.7516
131 124.983 7.8498
132 127.421 8.6975
133 133.471 4.9053
134 133.749 6.4626
135 136.436 6.5708
136 134.757 10.2316
137 121.687 5.5014
138 153.95 10.8897
139 122.057 7.2855
140 160.274 10.1842
141 96.4276 6.6304
142 93.949 5.8466
143 92.6633 3.4732
144 91.6098 3.7115
145 96.8189 4.5528
146 125.334 7.7065
147 132.096 8.8284
148 90.4304 3.9306
149 86.3914 4.2468
150 92.8675 4.026
151 107.387 6.7169
152 99.0247 6.0374
153 145.246 8.6655
154 145.089 10.864
155 146.864 12.1459
156 133.994 8.6143
157 102.846 5.8286
158 127.827 7.3996
159 114.95 6.5347
160 115.055 6.5728
161 121.098 7.2583
162 140.092 11.9838
163 154.507 11.6266
164 106.492 5.8112
165 125.381 7.6546
166 132.022 10.2085
167 134.211 9.8145
168 113.194 7.5972
169 129.033 7.3617
170 110.406 9.6051
171 133.887 9.0115
172 129.021 11.105
173 117.029 8.5444
174 118.328 10.7623
175 110.055 7.9467
176 110.598 5.2371
177 148.194 12.2554
178 134.055 11.7677
179 101.424 5.2997
180 88.1397 4.4841
181 101.287 6.083
182 125.552 7.7239
183 93.9484 4.6227
184 82.7385 3.1609
185 142.635 10.028
186 109.591 8.2101
187 135.875 8.941
188 122.92 7.9447
189 126.613 7.8928
190 122.972 8.8308
191 125.629 8.9578
192 109.502 6.5112
193 122.599 9.3234
194 125.447 7.0596
195 112.293 8.1453
196 113.965 6.1024
197 128.471 7.0668
198 144.027 11.095
199 140.769 11.0365
200 130.776 9.9151
201 128.445 9.0125
202 116.688 8.3402
203 122.031 9.3291
204 110.808 7.9027
205 115.437 9.4176
206 130.006 8.8058
207 102.467 2.964
208 113.656 4.5544
209 149.266 10.419
210 120.265 4.9931
211 163.317 10.503
212 146.124 6.335
213 184.66 15.1362
214 168.689 13.157
215 154.461 13.5143
216 164.223 10.2508
217 158.136 14.5196
218 133.921 8.2806
219 159.77 14.4897
220 153.724 14.2273
221 159.425 12.9477
222 150.949 14.2226
223 149.536 12.2977
224 138.213 8.2417
225 124.935 7.7912
226 102.962 4.3779
227 103.864 5.975
228 162.241 13.4475
229 150.13 10.8876
230 153.319 13.2158
231 154.527 12.3572
232 143.338 13.6344
233 133.431 10.6206
234 132.074 11.4019
235 150.691 13.7388
236 132.25 11.1906
237 132.678 9.8471
238 151.526 15.3019
239 137.301 10.9558
240 140.34 12.0422
