0 97.2353 6.0195
1 99.1645 9.2864
2 105.737 8.9741
3 108.16 7.4018
4 65.724 3.1391
5 93.0309 6.9184
6 118.22 11.2725
7 134.003 11.9129
8 119.006 9.3058
9 140.74 9.6858
10 120.546 9.2735
11 167.713 13.7368
12 133.563 11.6503
13 147.343 12.063
14 125.146 9.4304
15 172.23 16.1758
16 145.429 14.9405
17 142.406 9.1207
18 128.387 6.5805
19 114.573 5.3519
20 119.491 5.6773
21 132.371 8.9633
22 113.952 4.717
23 144.029 14.4134
24 153.712 12.1146
25 114.628 5.4021
26 121.595 6.645
27 115.707 7.1118
28 124.728 8.246
29 123.118 7.4552
30 127.549 9.2526
31 231.234 18.8936
32 122.707 9.5319
33 109.285 8.1096
34 99.0455 6.529
35 115.381 7.4809
36 111.442 6.8363
37 108.391 5.4651
38 135.766 8.1993
39 125.942 8.9584
40 115.89 5.205
41 114.669 5.0857
42 143.228 10.6757
43 128.589 8.6763
44 122.048 7.6237
45 137.588 7.9742
46 106.892 9.1618
47 76.4715 1.6403
48 113.659 6.1841
49 111.523 9.0606
50 116.733 8.4331
51 116.173 7.0489
52 128.043 9.3098
53 197.334 18.2414
54 202.424 17.4209
55 200.543 17.9514
56 131.096 8.9276
57 140.001 9.1646
58 122.808 4.1984
59 143.25 10.561
60 138.206 8.141
61 144.952 7.6586
62 146.887 9.1764
63 134.055 11.8879
64 106.026 5.8638
65 100.309 4.6148
66 82.5127 3.1816
67 83.3849 2.8155
68 89.7756 2.6042
69 166.854 15.4197
70 134.329 12.5651
71 95.7603 5.5694
72 97.2543 4.327
73 103.528 4.6244
74 120.108 8.3386
75 108.463 6.3995
76 108.143 6.1977
77 104.895 5.2875
78 102.691 3.7645
79 105.315 6.2107
80 136.857 8.4082
81 130.403 7.4103
82 140.258 10.5085
83 151.906 11.195
84 116.308 6.6346
85 138.581 8.5158
86 139.416 9.2175
87 136.908 8.7003
88 198.72 16.7728
89 134.153 9.6934
90 129.825 9.0173
91 129.848 8.8949
92 136.155 9.6664
93 137.167 7.9173
94 140.719 9.3974
95 152.094 13.2634
96 118.749 7.237
97 128.603 6.8004
98 147.577 10.4931
99 151.171 11.7452
100 136.504 10.0937
101 128.383 9.2051
102 145.063 10.94
103 129.712 9.2771
104 128.408 7.9318
105 120.684 8.5627
106 129.021 7.8544
107 151.349 10.1417
108 91.0917 5.1068
109 96.6713 5.6185
110 116.589 5.0162
111 96.5335 3.9113
112 104.283 6.6697
113 102.162 4.0368
114 137.982 10.5194
115 149.669 10.9755
116 127.67 9.2047
117 108.308 6.7655
118 143.122 10.5164
119 121.797 7.1217
120 139.91 9.6957
121 131.283 10.1862
122 126.254 9.7108
123 112.964 6.954
124 138.102 8.5397
125 141.943 10.0118
126 136.74 10.4422
127 139.174 9.4752
128 132.997 8.4436
129 132.531 9.7491
130 118.327 7.5244
131 129.955 8.44
132 133.758 9.4029
133 135.262 5.0274
134 135.864 6.6327
135 138.93 6.8134
136 138.264 10.7269
137 123.875 5.7686
138 158.1 11.2599
139 124.726 7.5885
140 164.055 10.3498
141 99.7754 7.0715
142 96.6404 6.1969
143 94.4313 3.7154
144 93.451 4.042
145 98.9007 4.9148
146 129.669 8.2407
147 137.884 9.392
148 92.5903 4.3498
149 88.4737 4.5647
150 95.0585 4.3403
151 111.181 7.0347
152 102.646 6.4436
153 150.245 9.0878
154 151.278 11.5891
155 154.954 13.0754
156 138.507 8.9537
157 105.438 6.117
158 131.515 7.7212
159 117.966 6.7589
160 116.926 6.7985
161 124.363 7.4471
162 145.046 12.5511
163 159.899 12.0639
164 109.063 6.1744
165 129.137 8.0824
166 136.841 10.7558
167 139.089 10.2729
168 117.178 8.0849
169 132.749 7.8444
170 115.475 10.2398
171 138.392 9.6548
172 134.061 11.6252
173 121.424 9.0276
174 122.79 11.2762
175 113.427 8.2811
176 112.84 5.4006
177 154.393 12.7456
178 140.382 12.363
179 101.868 5.3816
180 89.08 4.5247
181 103.105 6.0877
182 126.652 7.7644
183 95.1039 4.5847
184 83.3175 3.0957
185 143.5 9.9733
186 110.807 8.3343
187 139.597 9.181
188 126.016 8.1395
189 129.525 8.3701
190 126.811 9.3943
191 128.804 9.1866
192 111.985 6.7598
193 126.732 9.6209
194 128.629 7.5051
195 115.184 8.4973
196 116.319 6.4116
197 131.073 7.3386
198 148.281 11.7277
199 145.199 11.7835
200 134.621 10.5574
201 131.968 9.2817
202 120.59 8.7483
203 125.647 9.4428
204 114.55 8.3309
205 119.761 9.666
206 133.408 8.8239
207 103.819 3.1202
208 116.019 4.8103
209 154.435 10.9847
210 122.749 5.1045
211 168.585 11.1488
212 149.648 6.7191
213 191.196 15.0693
214 174.497 13.6784
215 157.496 13.4845
216 166.344 10.6685
217 162.097 14.8163
218 135.023 8.2971
219 162.934 14.4459
220 157.736 14.9466
221 162.347 13.4796
222 154.65 14.4698
223 155.039 12.7837
224 142.105 8.4984
225 128.579 8.0302
226 104.933 4.5411
227 106.496 6.1058
228 168.033 13.8335
229 155.39 11.1694
230 158.576 13.1242
231 159.741 12.6002
232 150.397 13.9971
233 139.326 11.0434
234 138.263 11.7919
235 156.795 14.031
236 138.27 11.6921
237 138.311 10.4038
238 155.05 14.9819
239 142.923 11.315
240 146.172 12.4852
