0 96.8379 5.8955
1 99.8729 9.2695
2 106.099 8.7915
3 107.652 7.3735
4 65.8259 3.0705
5 92.7562 7.0147
6 118.349 11.2401
7 134.051 11.5826
8 121.089 9.69
9 141.632 9.6626
10 121.645 9.328
11 169.851 13.9669
12 135.664 12.0854
13 148.646 12.3036
14 125.235 9.3595
15 174.244 16.2929
16 146.915 14.8598
17 142.555 8.9462
18 128.354 6.5299
19 114.441 5.2697
20 119.674 5.706
21 132.628 8.877
22 113.91 4.7344
23 143.919 14.6289
24 153.304 12.181
25 114.675 5.4269
26 122.221 6.714
27 115.929 7.0868
28 125.243 8.6049
29 123.574 7.4521
30 127.909 9.3386
31 214.571 15.4337
32 124.502 9.8823
33 110.049 8.0064
34 100.063 6.5006
35 116.614 7.6465
36 112.681 7.0739
37 109.52 5.6827
38 136.896 8.2289
39 126.986 9.02
40 116.859 5.3933
41 115.734 5.291
42 144.76 10.9559
43 130.608 9.0404
44 123.195 7.7308
45 138.689 8.3457
46 108.418 9.3203
47 76.1026 1.5555
48 114.496 6.5462
49 112.791 9.015
50 118.317 8.7171
51 117.448 7.3098
52 129.031 9.3008
53 197.648 17.9605
54 201.923 16.814
55 199.468 17.2609
56 133.017 9.311
57 141.106 9.4407
58 123.228 4.327
59 145.169 10.9871
60 140.142 8.248
61 146.896 7.9837
62 148.812 9.3644
63 136.497 11.9027
64 107.004 5.9523
65 101.483 4.5982
66 82.7788 3.4014
67 84.1833 2.9211
68 90.1846 2.6491
69 170.56 15.8055
70 137.592 12.8991
71 96.8493 5.7219
72 97.844 4.4002
73 104.334 4.7834
74 121.6 8.5048
75 109.926 6.4667
76 109.548 6.4047
77 105.429 5.352
78 102.986 3.8633
79 106.701 6.3571
80 138.508 8.535
81 131.649 7.6272
82 141.474 10.5624
83 154.326 11.6671
84 115.483 6.4822
85 137.525 8.3431
86 137.632 8.9759
87 134.593 8.6623
88 197.498 16.8176
89 132.268 9.6035
90 128.668 8.8749
91 130.222 8.9449
92 137.182 9.8194
93 137.735 8.0268
94 140.702 9.3076
95 152.774 13.4958
96 119.31 7.168
97 128.828 6.9539
98 148.093 10.754
99 152.34 11.9807
100 137.3 10.1689
101 129.354 9.1483
102 146.267 11.1031
103 131.226 9.4432
104 128.621 7.9137
105 121.428 8.5712
106 129.347 8.0967
107 152.88 10.3954
108 92.1759 5.2656
109 97.3487 5.8289
110 118.05 5.253
111 97.5737 4.0932
112 105.66 6.8945
113 102.898 4.2343
114 141.024 10.9817
115 150.983 11.3
116 128.282 9.1497
117 108.687 6.7188
118 143.503 10.5237
119 122.478 7.339
120 140.304 9.8429
121 132.432 10.7238
122 126.785 9.9442
123 113.595 7.2364
124 137.688 8.555
125 141.175 10.0899
126 134.871 10.2478
127 138.898 9.4075
128 131.865 8.4439
129 131.698 9.6171
130 117.985 7.3221
131 128.968 8.2093
132 132.565 9.2392
133 135.574 5.1674
134 136.537 6.7072
135 140.033 7.1089
136 139.479 10.7891
137 124.122 5.8434
138 160.301 11.5944
139 124.663 7.5602
140 165.577 10.8776
141 100.027 6.9744
142 96.7697 6.2454
143 94.7402 3.6926
144 93.5056 3.9423
145 99.3172 4.9176
146 129.973 8.0615
147 137.763 9.2423
148 93.0851 4.4048
149 88.9201 4.5477
150 95.5317 4.2617
151 112.215 7.1999
152 103.119 6.3714
153 151.24 9.0711
154 152.497 11.7137
155 156.671 13.1309
156 139.923 9.2367
157 106.234 6.1888
158 131.96 7.8781
159 119.103 6.9582
160 117.581 6.6402
161 124.935 7.5907
162 146.695 13.0221
163 160.821 12.38
164 109.297 5.9749
165 128.821 7.978
166 137.555 10.6718
167 139.175 10.566
168 117.377 8.0229
169 132.422 7.9457
170 115.167 9.9967
171 138.342 9.6018
172 133.656 11.5292
173 121.09 9.0151
174 122.289 11.223
175 113.435 8.2378
176 112.59 5.4803
177 154.084 12.5939
178 140.15 12.0761
179 102.981 5.5361
180 89.6979 4.6588
181 104.819 6.3492
182 127.993 7.855
183 96.0843 4.6754
184 83.8137 3.2174
185 145.986 10.3636
186 112.581 8.3621
187 139.922 9.181
188 126.95 8.1454
189 130.116 8.1673
190 127.315 9.26
191 129.225 9.1704
192 113.909 6.8529
193 128.167 9.7557
194 129.863 7.5534
195 116.473 8.4702
196 117.184 6.4372
197 132.428 7.2787
198 150.252 11.6704
199 147.294 11.8252
200 137.622 10.7435
201 133.686 9.6444
202 122.057 9.0716
203 127.675 9.694
204 115.465 8.413
205 121.017 9.9777
206 134.302 9.0004
207 103.993 3.1693
208 116.551 4.8328
209 157.022 11.227
210 123.62 5.2128
211 170.518 11.0615
212 150.388 6.8693
213 193.462 15.2941
214 176.897 13.6137
215 159.676 14.0031
216 169.102 10.7679
217 165.548 14.9027
218 136.606 8.4985
219 165.944 15.0505
220 160.817 15.1087
221 164.781 13.5513
222 156.96 14.7392
223 154.883 12.9804
224 142.74 8.4718
225 129.452 8.2449
226 105.6 4.6448
227 107.213 6.2532
228 169.463 14.1595
229 157.122 11.4558
230 160.143 13.4756
231 161.834 12.9827
232 153.259 14.2443
233 140.482 11.4272
234 139.875 12.2713
235 159.524 14.6536
236 140.206 12.3039
237 139.74 10.7904
238 156.545 15.08
239 144.88 11.6894
240 148.29 13.0622
