0 94.804 5.6113
1 95.365 8.8714
2 102.264 8.4691
3 104.94 7.1564
4 64.7021 3.0032
5 89.8013 6.6832
6 112.845 10.5459
7 128.618 11.2717
8 115.355 8.782
9 137.565 9.3261
10 117.782 9.0857
11 163.374 13.5586
12 129.267 11.4304
13 143.786 11.8962
14 121.786 9.095
15 166.728 16.0251
16 140.27 14.5471
17 138.298 8.4773
18 125.56 6.22
19 112.389 5.0186
20 117.183 5.3849
21 128.054 8.3424
22 111.78 4.3851
23 137.95 13.4833
24 147.932 11.2866
25 112.915 5.1301
26 119.294 6.3484
27 113.2 6.7035
28 121.33 7.953
29 120.355 7.1287
30 123.84 8.8561
31 212.453 15.1823
32 119.093 9.3096
33 105.691 7.561
34 96.4321 6.1956
35 112.209 7.1985
36 108.718 6.6136
37 106.354 5.2145
38 132.596 7.9439
39 122.522 8.5328
40 114.197 5.1159
41 112.866 4.9002
42 138.95 10.3651
43 124.898 8.6204
44 119.226 7.3014
45 134.785 7.7798
46 108.256 8.825
47 76.4416 1.6929
48 110.86 6.0681
49 108.322 8.3762
50 113.669 8.0533
51 113.321 6.6397
52 124.118 8.723
53 192.173 18.2332
54 199.715 17.1689
55 198.057 17.8396
56 129.002 8.8012
57 137.441 8.8942
58 121.63 4.1979
59 140.867 10.8359
60 135.751 7.9687
61 143.27 7.5687
62 143.94 8.853
63 129.865 11.5055
64 104.192 5.8179
65 98.8845 4.4424
66 81.1696 3.2326
67 82.8124 2.6948
68 89.0783 2.5397
69 160.567 15.179
70 129.376 11.9414
71 93.8203 5.3152
72 95.6027 4.1398
73 101.755 4.5026
74 116.682 7.9155
75 106.273 6.1786
76 104.98 5.8732
77 101.923 5.0237
78 101.105 3.6362
79 102.341 5.8982
80 132.762 7.7626
81 126.548 6.8465
82 134.028 9.5429
83 145.959 10.7308
84 111.896 6.0772
85 133.11 7.9594
86 133.29 8.7221
87 131.196 8.1818
88 195.089 16.9322
89 127.712 9.487
90 124.378 8.2479
91 125.995 8.6222
92 132.477 9.4494
93 134.044 7.7657
94 136.622 9.1686
95 146.789 12.7149
96 116.027 6.9864
97 125.506 6.5303
98 143.164 10.2372
99 145.614 11.168
100 132.002 9.5788
101 124.8 8.7267
102 140.566 10.4711
103 125.302 8.983
104 125.028 7.4644
105 116.594 8.115
106 125.456 7.4137
107 148.758 9.7756
108 89.2286 4.5927
109 93.899 5.3183
110 114.096 4.778
111 94.6205 3.7481
112 101.177 6.4177
113 100.058 3.9108
114 132.588 10.0559
115 143.672 10.2603
116 123.858 9.0212
117 105.42 6.3641
118 137.937 9.9067
119 118.372 7.0097
120 135.821 9.5408
121 126.521 9.788
122 122.555 9.3381
123 109.868 6.7759
124 133.746 7.971
125 135.07 9.486
126 128.637 9.5934
127 133.459 8.9562
128 126.894 7.7742
129 126.156 9.2886
130 113.339 6.8599
131 124.737 7.6226
132 127.215 8.5315
133 134.505 5.0026
134 134.53 6.4931
135 137.193 6.5367
136 136.173 10.3198
137 122.593 5.5929
138 155.274 10.9434
139 122.988 7.2438
140 161.257 10.4355
141 97.1756 6.7373
142 94.5383 5.9162
143 93.2581 3.5464
144 92.0473 3.7552
145 97.1962 4.7306
146 126.487 7.8214
147 133.624 9.0209
148 90.7309 4.0652
149 86.8305 4.3291
150 93.3518 4.1719
151 108.017 6.674
152 99.6111 6.0998
153 146.276 8.8383
154 145.764 10.7306
155 148.187 12.2725
156 133.824 8.5222
157 102.732 5.77
158 127.459 7.3992
159 114.691 6.34
160 114.67 6.4129
161 120.85 7.1951
162 139.398 12.0432
163 154.063 11.4325
164 106.372 5.8222
165 125.029 7.4071
166 131.781 10.0434
167 134.432 9.8423
168 112.93 7.5057
169 128.76 7.4154
170 110.381 9.4764
171 133.736 8.9827
172 128.365 10.9706
173 116.723 8.5212
174 117.895 10.6698
175 109.716 7.9059
176 110.278 5.1636
177 147.661 12.2021
178 133.097 11.6116
179 100.411 5.0443
180 87.4068 4.3371
181 100.245 5.8273
182 123.925 7.2711
183 93.3391 4.4108
184 82.2549 3.0882
185 140.078 9.781
186 108.457 7.759
187 134.494 8.5648
188 121.914 7.6566
189 125.092 7.9188
190 121.383 8.7059
191 123.772 8.5472
192 109.835 6.5992
193 123.099 9.3413
194 125.784 7.1577
195 111.941 8.0977
196 113.855 6.2636
197 129.138 6.9203
198 144.35 11.2373
199 140.971 11.0619
200 131.422 10.2763
201 128.93 9.0828
202 117.543 8.475
203 122.627 9.1119
204 111.684 8.0908
205 116.354 9.1013
206 131.21 8.8303
207 102.602 3.0048
208 114.176 4.6356
209 149.607 10.4682
210 120.896 4.9429
211 164.041 10.5429
212 146.924 6.345
213 185.365 15.1983
214 169.636 13.4036
215 152.797 13.22
216 162.689 10.1562
217 156.76 14.404
218 132.49 8.1644
219 157.93 14.5025
220 152.234 14.3023
221 157.743 12.83
222 149.219 13.8464
223 149.493 12.0521
224 138.569 8.2583
225 125.146 7.8485
226 103.158 4.4194
227 104.09 6.0029
228 161.99 13.5675
229 150.43 10.6418
230 152.896 12.7737
231 154.431 12.2333
232 143.586 13.4309
233 134.273 10.7034
234 132.246 11.3138
235 150.794 13.505
236 132.023 11.1939
237 133.107 9.6998
238 151.406 14.8832
239 137.611 10.6316
240 141.544 12.2372
