0 96.594 5.6775
1 98.4556 9.0022
2 105.141 8.7521
3 107.594 7.3014
4 65.5955 3.097
5 92.1422 6.8323
6 116.682 10.8073
7 132.498 11.7508
8 118.215 9.2581
9 141.596 9.6152
10 121.032 9.338
11 168.606 13.8834
12 133.478 11.6843
13 148.158 12.2199
14 125.414 9.2988
15 172.98 15.8583
16 145.806 15.1532
17 140.851 8.7203
18 127.362 6.453
19 113.702 5.188
20 118.527 5.5208
21 131.148 8.5712
22 113.079 4.5633
23 141.526 14.1537
24 151.554 11.9887
25 114.629 5.3931
26 121.957 6.7592
27 115.954 7.1105
28 125.39 8.3237
29 123.578 7.5869
30 127.859 9.4115
31 216.476 15.0939
32 122.227 9.5678
33 109.05 8.0116
34 98.7662 6.2211
35 114.873 7.3269
36 111.23 6.9147
37 108.228 5.4
38 135.069 8.1582
39 125.376 8.6703
40 115.742 5.2777
41 114.578 5.1143
42 144.08 10.8815
43 128.556 8.7319
44 122.314 7.6657
45 137.888 8.1533
46 106.457 8.9879
47 76.5055 1.6578
48 113.293 6.3687
49 110.545 8.934
50 116.107 8.4541
51 115.357 7.1604
52 127.604 9.1305
53 195.07 17.571
54 201.565 17.0453
55 199.092 17.6708
56 131.217 8.9656
57 139.916 9.1948
58 122.771 4.2447
59 143.935 10.9879
60 138.335 8.2825
61 145.244 7.677
62 147.262 9.0522
63 134.236 11.3645
64 106.132 5.7934
65 100.159 4.4679
66 82.3485 3.2178
67 83.4131 2.8536
68 89.7022 2.5782
69 166.541 15.2932
70 133.577 12.3349
71 95.6177 5.4823
72 97.0353 4.29
73 103.244 4.6174
74 119.306 8.2318
75 107.806 6.3197
76 107.522 6.1028
77 104.578 5.098
78 102.349 3.7084
79 104.606 6.1116
80 135.854 8.3096
81 129.34 7.2048
82 138.204 10.0624
83 150.36 11.1819
84 114.745 6.4042
85 136.352 8.4441
86 137.235 9.0867
87 134.681 8.6142
88 197.081 16.8839
89 131.473 9.9422
90 127.83 8.6922
91 130.513 9.1512
92 137.286 9.819
93 138.048 8.0585
94 142.045 9.6018
95 152.88 13.5535
96 119.442 7.3274
97 129.601 6.9605
98 148.842 10.7837
99 149.827 11.341
100 135.486 9.9332
101 127.709 8.9848
102 144.212 10.9547
103 128.811 9.1376
104 127.851 7.8452
105 119.526 8.4138
106 128.095 7.7711
107 150.744 10.0379
108 90.6566 4.9405
109 96.1127 5.5702
110 115.915 4.9733
111 95.8444 3.807
112 103.394 6.6745
113 101.651 4.0517
114 136.022 10.4683
115 148.161 10.7555
116 128.009 9.2888
117 108.243 6.7447
118 141.991 10.3608
119 121.07 7.2308
120 139.345 9.901
121 130.25 10.1069
122 125.412 9.4637
123 112.414 7.1241
124 136.464 8.376
125 139.439 9.9981
126 133.645 10.0201
127 136.912 9.2149
128 131.01 8.2105
129 129.893 9.3145
130 116.121 7.1962
131 127.75 7.9141
132 131.206 8.9782
133 135.143 5.0699
134 135.803 6.5599
135 138.442 6.7258
136 138.523 10.6107
137 123.66 5.845
138 157.952 10.9149
139 124.35 7.5336
140 164.092 10.5796
141 98.6286 6.8032
142 96.0323 6.0293
143 94.1254 3.568
144 92.9194 3.881
145 98.5832 4.9151
146 128.163 8.0231
147 136.362 9.2069
148 92.4975 4.3024
149 88.3812 4.4751
150 94.806 4.3455
151 110.982 7.0585
152 102.336 6.3796
153 149.575 9.0089
154 151.271 11.5596
155 154.186 12.6935
156 137.525 8.8548
157 104.821 5.9672
158 130.934 7.7859
159 117.109 6.7302
160 116.768 6.7431
161 123.772 7.3004
162 143.96 12.2161
163 158.488 11.6775
164 108.19 5.9444
165 128.297 7.9757
166 136.007 10.3748
167 137.915 10.2801
168 116.286 7.9604
169 131.677 7.6469
170 114.055 9.582
171 136.944 9.3209
172 132.517 11.533
173 119.733 8.8188
174 121.531 11.0619
175 112.227 7.9728
176 111.933 5.2864
177 152.411 12.3999
178 138.505 12.0067
179 102.787 5.4493
180 89.7225 4.5763
181 103.935 6.3057
182 128.258 7.838
183 95.7428 4.7733
184 83.7257 3.2056
185 146.33 10.3219
186 112.536 8.5382
187 138.128 8.8244
188 124.84 8.0153
189 128.198 7.9815
190 125.641 9.0415
191 127.061 8.8823
192 112.906 6.9216
193 127.223 9.6946
194 129.298 7.4271
195 115.791 8.5907
196 116.617 6.4977
197 131.702 7.3189
198 148.654 11.671
199 146.355 11.82
200 134.112 10.5134
201 131.304 9.1502
202 119.961 8.6431
203 124.794 9.1085
204 113.904 8.2626
205 118.354 9.4022
206 133.026 8.8737
207 103.505 3.0879
208 115.733 4.7066
209 154.042 10.8525
210 122.658 5.0755
211 167.816 10.9957
212 149.054 6.6643
213 190.86 15.3325
214 174.165 13.405
215 157.802 13.5609
216 166.982 10.6694
217 162.848 14.9065
218 135.371 8.4429
219 163.555 14.8795
220 158.195 14.6837
221 162.617 13.1183
222 154.895 14.5214
223 153.009 12.5798
224 141.022 8.3389
225 127.6 7.9872
226 104.579 4.4258
227 106.227 6.1168
228 166.989 13.8313
229 154.666 11.0093
230 157.639 13.2254
231 158.931 12.5402
232 149.574 13.8488
233 137.987 10.8848
234 137.294 11.7246
235 155.8 13.8979
236 136.922 11.5397
237 136.992 10.256
238 154.387 14.937
239 141.048 11.1714
240 144.925 12.5827
