0 97.3061 5.8733
1 99.9003 9.4951
2 106.116 9.0491
3 108.048 7.4219
4 65.6861 3.1906
5 92.8852 6.9668
6 118.656 11.3551
7 134.794 11.9474
8 120.45 9.6131
9 140.897 9.6303
10 120.63 9.4001
11 168.311 13.7376
12 134.76 11.9361
13 148.023 12.5262
14 124.52 9.4355
15 172.561 16.2523
16 145.613 15.1371
17 141.085 8.8515
18 127.174 6.5354
19 113.523 5.2155
20 118.5 5.5472
21 131.304 8.5788
22 113.088 4.6391
23 142.616 14.5546
24 152.028 11.9701
25 114.187 5.3743
26 121.778 6.6492
27 115.444 6.9026
28 124.571 8.3355
29 123.14 7.4744
30 127.347 9.1147
31 209.802 13.8693
32 123.692 9.7966
33 109.409 7.8957
34 99.3762 6.4521
35 115.74 7.5761
36 111.733 6.8829
37 108.859 5.5607
38 136.059 8.2504
39 126.151 9.0159
40 116.398 5.3739
41 115.121 5.2672
42 144.279 10.8487
43 129.152 8.952
44 122.732 7.7009
45 138.306 8.147
46 107.806 9.3594
47 76.0565 1.5568
48 114.289 6.4156
49 112.401 9.1061
50 117.987 8.7418
51 117.406 7.2131
52 128.881 9.4624
53 197.717 17.9135
54 202.26 16.917
55 201.225 17.4819
56 132.941 9.3571
57 141.753 9.3376
58 123.421 4.3137
59 145.692 11.2763
60 139.958 8.4339
61 147.191 7.9926
62 149.045 9.5577
63 135.655 12.0266
64 106.49 5.8533
65 100.876 4.5386
66 82.4973 3.3155
67 83.6077 2.8592
68 89.8312 2.6258
69 167.675 15.5355
70 135.345 12.6373
71 96.037 5.6727
72 97.2582 4.3575
73 103.686 4.7176
74 120.517 8.388
75 108.558 6.4771
76 108.419 6.2781
77 104.321 5.2478
78 102.426 3.7182
79 105.271 6.1929
80 136.519 8.2841
81 129.848 7.3682
82 139.409 10.2884
83 150.895 11.0647
84 114.93 6.4106
85 137.063 8.7047
86 137.524 9.0991
87 134.469 8.5788
88 197.165 17.0187
89 132.093 9.6582
90 128.192 8.7866
91 129.879 8.8344
92 136.358 9.7597
93 137.129 8.1453
94 140.075 9.4043
95 152.543 13.1053
96 118.897 7.3155
97 129.015 6.9693
98 147.456 10.6677
99 152.021 11.9081
100 136.865 10.238
101 128.978 9.2531
102 145.206 11.0578
103 130.758 9.2122
104 128.225 7.9859
105 121.037 8.6083
106 129.33 8.0991
107 153.737 10.3838
108 91.2072 4.9282
109 96.5562 5.5621
110 116.756 5.0614
111 96.8382 3.8976
112 103.972 6.611
113 102.063 4.0808
114 138.419 10.7089
115 149.305 10.5615
116 128.825 9.2304
117 109.307 6.8647
118 144.807 10.5437
119 122.862 7.4282
120 141.428 10.0099
121 132.402 10.2588
122 128.161 10.173
123 114.064 7.2758
124 137.383 8.4513
125 140.084 10.0932
126 134.298 10.165
127 137.699 9.3749
128 130.721 8.2123
129 131.025 9.5773
130 117.217 7.2899
131 128.11 8.1498
132 131.517 9.049
133 134.911 5.0437
134 135.645 6.5496
135 138.701 6.7861
136 137.834 10.7112
137 123.695 5.7087
138 158.522 11.4313
139 124.385 7.4822
140 164.838 10.7856
141 99.3318 6.9942
142 96.2205 6.1818
143 94.3037 3.6847
144 92.9988 3.8374
145 98.8603 4.9382
146 129.226 8.0983
147 136.828 9.2865
148 92.7293 4.3466
149 88.5225 4.5791
150 95.1218 4.4158
151 111.338 7.1408
152 102.651 6.4785
153 150.577 9.1048
154 152.132 11.5635
155 155.989 13.0648
156 139.103 9.1595
157 105.378 6.1184
158 131.84 7.8285
159 118.121 6.687
160 117.459 6.8622
161 124.084 7.3545
162 145.979 12.7837
163 160.02 12.0013
164 108.76 6.0906
165 128.576 7.93
166 136.645 10.7968
167 138.875 10.3282
168 117.103 7.9727
169 132.324 7.5345
170 114.97 9.8671
171 137.691 9.4114
172 133.312 11.5142
173 121.13 8.9864
174 122.092 11.3393
175 113.514 8.175
176 112.431 5.3863
177 153.803 12.6734
178 138.953 12.2667
179 102.574 5.5257
180 89.3282 4.6185
181 104.099 6.1849
182 127.317 7.7264
183 95.6786 4.6423
184 83.5271 3.215
185 145.333 10.349
186 111.805 8.4505
187 138.486 9.0759
188 125.652 8.129
189 128.834 8.0546
190 126.128 9.2318
191 128.27 9.0994
192 113.459 6.9052
193 128.11 9.6369
194 129.696 7.3931
195 116.003 8.5954
196 116.776 6.4593
197 132.069 7.2717
198 149.93 11.8379
199 147.335 11.699
200 136.514 10.9863
201 133.103 9.5582
202 121.683 8.9076
203 127.464 9.6035
204 115.075 8.5101
205 120.452 9.7953
206 133.847 9.1741
207 103.558 3.0794
208 115.548 4.7559
209 155.016 11.1396
210 122.271 5.0961
211 167.911 10.9843
212 149.082 6.7329
213 190.442 14.7729
214 174.003 13.4063
215 159.219 13.8508
216 168.824 11.0029
217 164.488 15.0348
218 136.702 8.4915
219 165.781 14.9407
220 159.722 15.1313
221 164.498 13.5569
222 156.759 14.6626
223 154.516 12.6534
224 143.458 8.5959
225 129.84 8.2351
226 105.592 4.5831
227 107.236 6.2136
228 170.157 14.0349
229 157.2 11.3733
230 161.043 13.5291
231 161.917 12.9811
232 151.102 14.1376
233 138.898 10.8381
234 138.601 11.8009
235 157.592 14.141
236 138.18 12.0859
237 137.754 10.2378
238 154.222 14.745
239 142.565 11.2116
240 148.065 12.7979
