0 94.9619 5.6287
1 95.7185 8.9036
2 102.564 8.5569
3 104.952 7.0874
4 64.7217 2.9988
5 89.8651 6.3797
6 113.299 10.6773
7 129.035 11.046
8 117.328 9.0951
9 137.536 9.3415
10 117.918 9.0578
11 163.658 13.6053
12 129.602 11.2378
13 144.484 11.7968
14 121.839 8.8813
15 167.388 15.8309
16 140.911 14.0386
17 140.946 8.8457
18 128.058 6.5032
19 113.781 5.3054
20 118.901 5.6712
21 131.055 8.7802
22 113.551 4.6299
23 141.972 14.2406
24 151.783 11.7736
25 113.287 5.2506
26 120.112 6.4203
27 113.768 6.854
28 122.424 7.9998
29 121.109 7.3267
30 124.43 8.7416
31 214.016 15.949
32 120.009 9.4191
33 107.033 7.7795
34 97.2839 6.2394
35 113.881 7.3664
36 109.507 6.659
37 107.011 5.4113
38 133.544 7.9105
39 123.495 8.6378
40 114.551 5.1973
41 113.429 5.0676
42 140.398 10.4756
43 126.125 8.2942
44 119.8 7.5158
45 135.518 7.9786
46 103.114 8.9993
47 76.5411 1.6907
48 111.84 6.2156
49 109.251 8.7071
50 114.306 8.1616
51 114.146 6.8178
52 125.397 8.8146
53 194.116 18.3775
54 199.882 17.1202
55 198.859 17.8694
56 128.713 8.8761
57 137.291 8.6053
58 121.73 4.1294
59 140.966 10.3763
60 136.125 8.0861
61 143.054 7.492
62 144.509 9.0174
63 131.052 11.4668
64 104.56 5.6662
65 99.3926 4.4686
66 81.8265 3.1641
67 82.7281 2.681
68 89.2453 2.5086
69 161.373 15.3194
70 130.274 12.2455
71 94.3314 5.3621
72 95.9677 4.2831
73 102.029 4.5155
74 117.343 8.0791
75 106.932 6.2317
76 106 6.0179
77 102.632 5.1793
78 101.437 3.6936
79 102.829 6.0194
80 133.845 8.0322
81 127.744 7.2077
82 136.247 9.8124
83 148.338 11.2214
84 112.607 6.3457
85 133.618 8.0982
86 133.865 8.9495
87 131.432 8.3717
88 195.839 17.3356
89 128.363 9.5649
90 124.231 8.2811
91 127.964 8.6983
92 134.96 9.6583
93 136.189 7.8539
94 139.161 9.4751
95 150.169 13.3607
96 117.549 7.1382
97 127.556 6.9063
98 145.909 10.6917
99 146.62 11.2206
100 132.65 9.7728
101 125.848 8.6806
102 141.831 10.5987
103 126.681 9.0876
104 126.266 7.6864
105 117.818 8.0336
106 126.201 7.5879
107 149.311 9.8291
108 89.3885 4.6183
109 94.0179 5.4057
110 114.17 4.8501
111 94.7879 3.7727
112 101.476 6.48
113 100.041 3.9041
114 133.499 10.2382
115 144.61 10.5227
116 124.092 9.3707
117 105.434 6.4549
118 138.452 10.124
119 118.46 7.0667
120 135.756 9.4797
121 126.796 9.9522
122 122.948 9.438
123 110.227 6.674
124 134.142 8.1699
125 136.382 9.7707
126 130.302 9.8049
127 134.75 8.9864
128 128.33 7.8512
129 127.486 9.2472
130 114.247 7.0648
131 125.703 7.8002
132 128.814 8.7621
133 133.838 4.9408
134 134.313 6.4727
135 136.842 6.5831
136 136.204 10.2601
137 122.002 5.6466
138 154.904 10.8799
139 122.522 7.4617
140 160.745 10.2826
141 96.9911 6.5903
142 94.5691 5.8972
143 93.1596 3.5738
144 91.933 3.6452
145 97.3375 4.634
146 126.582 7.6589
147 133.583 8.9421
148 90.8768 4.0245
149 86.8067 4.2541
150 93.2044 4.0631
151 107.812 6.5261
152 99.532 5.9501
153 145.414 8.5477
154 146.015 10.9946
155 148.162 12.1963
156 134.615 8.6822
157 103.086 5.7737
158 128.509 7.4521
159 115.228 6.544
160 114.88 6.6118
161 121.566 7.1685
162 140.156 12.2014
163 154.497 11.427
164 106.909 5.9752
165 126.1 7.7829
166 133.111 10.1245
167 135.297 10.0171
168 114.058 7.6549
169 129.815 7.5021
170 111.43 9.4505
171 134.529 9.0982
172 130.105 11.3566
173 117.645 8.5536
174 119.375 10.798
175 110.809 8.0991
176 111.165 5.2583
177 149.528 12.5762
178 135.348 11.8797
179 100.733 5.2242
180 88.0116 4.3495
181 101.215 5.8565
182 125.17 7.537
183 93.9392 4.5212
184 82.5973 3.0718
185 141.611 9.7696
186 109.328 8.0485
187 135.57 8.6775
188 122.501 7.7772
189 126.215 7.62
190 122.323 8.8597
191 124.951 8.8252
192 110.235 6.4638
193 123.349 9.2763
194 126.124 7.19
195 112.361 8.2
196 114.432 6.2017
197 129.055 6.9389
198 144.958 11.3021
199 141.363 11.0178
200 131.42 10.2936
201 128.936 9.1587
202 117.409 8.5547
203 122.453 9.0641
204 111.489 8.0125
205 115.668 9.0828
206 130.62 8.7253
207 102.768 3.0568
208 114.544 4.684
209 150.771 10.7051
210 121.366 4.9941
211 164.774 10.676
212 147.375 6.4195
213 186.191 15.0282
214 170.844 13.3744
215 153.702 13.3931
216 163.586 10.4055
217 157.608 14.583
218 132.891 8.2892
219 158.921 14.7255
220 153.035 14.6533
221 158.617 13.025
222 150.61 13.9592
223 150.564 12.6379
224 139.743 8.2508
225 126.536 7.9902
226 104.018 4.502
227 104.808 6.1644
228 164.977 13.8113
229 152.819 10.8479
230 155.74 13.101
231 157.361 12.6585
232 145.449 13.6714
233 134.405 10.9666
234 133.371 11.5036
235 151.504 13.8902
236 133.376 11.5513
237 133.742 10.0921
238 152.458 15.1278
239 138.389 11.0581
240 141.575 11.9672
