0 96.7861 5.8538
1 99.7598 9.4197
2 106.164 8.977
3 107.612 7.4497
4 65.8313 3.1073
5 92.7844 7.1119
6 118.094 11.2172
7 134.394 11.7137
8 121.775 9.7669
9 141.843 9.8481
10 121.74 9.3103
11 169.749 13.7994
12 135.542 12.0182
13 148.782 12.3999
14 125.107 9.3588
15 174.12 16.0942
16 146.729 14.8306
17 142.577 8.9704
18 128.363 6.5496
19 114.646 5.288
20 119.613 5.7407
21 132.745 8.9629
22 114.023 4.7855
23 144.342 14.5147
24 153.436 12.2866
25 114.708 5.3778
26 122.176 6.7847
27 116.433 7.2124
28 125.642 8.5578
29 123.851 7.6641
30 128.363 9.285
31 218.352 16.3008
32 125.681 10.0329
33 111.053 8.367
34 100.941 6.7139
35 117.676 7.7597
36 113.476 7.1353
37 110.229 5.7268
38 138.202 8.4661
39 128.786 9.1722
40 117.626 5.6811
41 116.553 5.3929
42 146.969 11.1866
43 131.744 9.2414
44 124.634 8.0748
45 140.795 8.5625
46 110.594 9.9096
47 76.0792 1.5637
48 114.293 6.4842
49 112.332 8.8754
50 117.706 8.4569
51 116.694 7.2776
52 128.698 9.2394
53 195.689 17.4848
54 201.836 16.9797
55 198.867 17.168
56 133.817 9.4569
57 142.344 9.6309
58 123.683 4.4488
59 145.988 11.2926
60 140.247 8.5093
61 147.48 8.1643
62 149.69 9.5229
63 135.805 12.1788
64 106.581 5.9066
65 101.083 4.6916
66 82.663 3.3497
67 84.0453 2.8839
68 90.065 2.6114
69 169.855 15.8116
70 136.709 12.8045
71 96.8061 5.5987
72 97.8638 4.3989
73 104.33 4.7403
74 122 8.5604
75 109.645 6.472
76 108.944 6.2249
77 104.846 5.3586
78 102.704 3.7794
79 106.085 6.2389
80 137.516 8.467
81 130.794 7.4929
82 140.423 10.0284
83 152.955 11.5865
84 115.368 6.4444
85 136.827 8.372
86 137.72 8.8163
87 134.298 8.3995
88 197.434 16.8514
89 132.016 9.4828
90 128.954 8.8604
91 130.183 9.0744
92 137.378 9.8558
93 137.761 8.1219
94 140.828 9.3967
95 153.028 13.4362
96 119.229 7.3451
97 128.862 7
98 148.317 10.6674
99 152.505 11.8441
100 137.393 10.1684
101 129.25 9.3349
102 146.31 11.2469
103 130.895 9.4153
104 128.51 8.0384
105 121.255 8.6305
106 128.963 7.9565
107 154.272 10.2536
108 91.3911 5.0211
109 96.8502 5.5486
110 117.06 5.0713
111 97.134 3.9492
112 104.665 6.6831
113 102.276 4.133
114 139.21 10.6445
115 149.755 10.8185
116 129.831 9.1654
117 109.615 6.7802
118 145.267 10.6608
119 123.589 7.2771
120 142.102 10.125
121 133.971 10.6884
122 128.175 9.9244
123 114.65 7.2499
124 137.498 8.3593
125 141.377 10.1954
126 134.997 10.0236
127 139.112 9.435
128 132.128 8.321
129 131.645 9.6039
130 117.898 7.4777
131 129.29 8.2199
132 132.539 9.1994
133 136.654 5.212
134 137.705 6.923
135 140.954 6.9947
136 141.05 11.017
137 125.291 5.8651
138 162.06 11.7674
139 126.456 7.7559
140 167.093 11.0168
141 101.394 7.1566
142 97.7036 6.4241
143 95.2527 3.7807
144 94.2324 3.996
145 100.139 5.0781
146 131.281 8.5599
147 139.342 9.573
148 93.1134 4.3376
149 88.8582 4.5632
150 95.6358 4.3952
151 112.092 7.0828
152 103.296 6.3628
153 151.245 9.1696
154 152.658 11.4165
155 156.454 12.9522
156 139.919 9.0265
157 106.356 6.1193
158 132.213 7.8405
159 119.168 6.7776
160 117.27 6.6162
161 125.068 7.5377
162 146.805 12.6001
163 161.186 12.0662
164 109.54 6.125
165 128.933 8.1236
166 137.683 10.6114
167 139.424 10.5234
168 117.398 8.0982
169 132.607 7.7374
170 115.397 9.9813
171 138.466 9.4521
172 133.895 11.6138
173 121.817 9.0317
174 122.812 11.3562
175 114.273 8.3599
176 112.75 5.405
177 154.857 12.7708
178 140.898 12.3091
179 103.232 5.428
180 89.5604 4.5399
181 104.894 6.2484
182 127.821 7.7366
183 95.9504 4.6354
184 83.731 3.1996
185 145.872 10.2096
186 112.431 8.3153
187 141.239 9.4565
188 128.09 8.346
189 131.549 8.4025
190 128.594 9.4205
191 130.784 9.3547
192 113.642 6.9177
193 127.837 9.6494
194 129.719 7.5161
195 116.19 8.5272
196 116.814 6.3454
197 132.174 7.3569
198 149.391 11.6903
199 147.106 11.6956
200 137.092 10.7364
201 133.54 9.4162
202 122.177 8.9769
203 126.977 9.5635
204 115.902 8.6214
205 120.857 9.9479
206 134.399 8.9524
207 103.913 3.1234
208 116.454 4.8684
209 157.012 11.3547
210 123.467 5.1696
211 170.633 11.1176
212 150.483 6.8235
213 193.307 15.2847
214 176.601 13.4714
215 159.077 13.7729
216 168.077 10.6735
217 164.84 15.0219
218 136.224 8.4647
219 165.337 14.9402
220 160.413 15.011
221 164.1 13.5231
222 156.568 14.4767
223 155.842 12.662
224 143.795 8.624
225 130.376 8.3426
226 106.004 4.7059
227 107.72 6.2589
228 170.538 14.0616
229 158.034 11.5592
230 161.633 13.7587
231 163.496 12.898
232 151.636 13.9992
233 139.396 10.9709
234 138.921 11.8038
235 158.594 14.2054
236 138.961 11.6838
237 138.979 10.4165
238 154.967 14.5492
239 143.724 11.2195
240 148.757 12.9039
