0 96.0687 5.7364
1 97.4464 9.077
2 104.502 8.7158
3 106.926 7.2668
4 65.2554 3.0398
5 91.433 6.8188
6 115.426 10.8145
7 131.56 11.4672
8 118.104 9.2208
9 140.487 9.6469
10 120.176 9.2841
11 167.574 13.8951
12 132.73 11.8622
13 147.022 12.3707
14 124.658 9.1208
15 171.314 16.1861
16 144.554 14.8932
17 140.652 8.7248
18 127.358 6.4404
19 113.893 5.2036
20 118.786 5.5511
21 130.62 8.8254
22 113.08 4.5615
23 140.696 13.9703
24 151.346 11.5755
25 113.989 5.3242
26 121.03 6.5304
27 114.621 6.987
28 123.881 8.154
29 121.887 7.3748
30 126.084 8.9983
31 207.235 13.4647
32 120.863 9.3372
33 108.112 7.8797
34 98.0782 6.2725
35 114.087 7.2997
36 110.452 6.779
37 107.545 5.4001
38 134.064 7.9307
39 124.183 8.6412
40 115.987 5.294
41 114.849 5.1614
42 143.377 10.8459
43 128.289 8.8221
44 122.066 7.7499
45 138.052 8.2728
46 106.8 9.3518
47 76.452 1.6508
48 112.428 6.2814
49 110.055 8.6814
50 115.515 8.5225
51 115.123 7.0493
52 126.726 8.8978
53 194.068 17.8611
54 201.293 17.3227
55 198.055 17.3947
56 130.053 8.9673
57 138.647 9.0721
58 122.377 4.1823
59 142.435 10.7036
60 137.189 8.1934
61 144.241 7.7011
62 145.956 9.1234
63 131.803 11.6914
64 105.216 5.6938
65 99.6406 4.5125
66 82.2619 3.167
67 83.0101 2.7242
68 89.5032 2.5587
69 163.862 15.2772
70 131.678 12.3267
71 95.1478 5.4909
72 96.6444 4.2029
73 103.089 4.6171
74 118.794 8.1407
75 107.492 6.2518
76 107.752 6.222
77 104.472 5.289
78 102.519 3.7823
79 104.906 6.0575
80 136.557 8.3675
81 129.588 7.3892
82 139.439 10.1431
83 151.184 11.3751
84 114.217 6.4499
85 135.595 8.2706
86 136.069 9.0905
87 133.837 8.6256
88 196.481 16.9533
89 130.773 9.5814
90 126.682 8.7416
91 130.208 9.0618
92 136.609 10.0465
93 137.589 8.1796
94 141.028 9.4596
95 152.042 13.3088
96 118.949 7.442
97 128.907 6.9659
98 148.16 10.9451
99 148.259 11.5314
100 134.466 9.9188
101 126.8 8.9626
102 143.046 10.8725
103 127.909 9.1497
104 127.281 7.7996
105 118.629 8.1863
106 127.18 7.7182
107 150.192 9.7832
108 90.5344 5.056
109 95.8982 5.5619
110 115.947 5.0044
111 96.1727 3.8497
112 103.511 6.5861
113 101.623 4.0754
114 136.033 10.4599
115 147.672 10.9035
116 127.115 9.347
117 107.741 6.7093
118 141.27 10.3259
119 120.502 6.9925
120 138.774 9.9093
121 129.872 10.0501
122 124.946 9.5554
123 112.072 6.8515
124 135.439 8.0333
125 138.173 9.8258
126 132.74 9.9124
127 135.95 9.194
128 130.009 8.2216
129 129.325 9.2474
130 115.689 7.1277
131 127.078 8.106
132 130.193 9.0215
133 134.543 4.9999
134 134.817 6.623
135 138.076 6.694
136 136.955 10.4431
137 123.207 5.623
138 157.11 11.3139
139 123.463 7.2854
140 162.61 10.4001
141 97.8134 6.644
142 95.1805 5.8925
143 93.7969 3.617
144 92.4301 3.8031
145 98.2695 4.7861
146 127.348 7.789
147 135.473 9.2372
148 91.6409 4.2079
149 87.4926 4.4126
150 93.8729 4.1539
151 109.019 6.8589
152 100.807 6.087
153 146.849 8.6508
154 147.756 11.0011
155 150.403 12.499
156 135.982 8.6519
157 103.928 5.885
158 129.694 7.641
159 116.207 6.3491
160 115.97 6.4836
161 122.679 7.255
162 142.481 12.4416
163 156.749 11.7803
164 108.392 5.908
165 128.129 8.0235
166 135.772 10.5339
167 138.116 10.582
168 116.451 8.1328
169 131.897 7.7609
170 114.002 9.8149
171 137.098 9.4638
172 131.547 11.0591
173 118.896 8.67
174 120.302 11.1122
175 111.321 7.8479
176 111.732 5.3669
177 150.982 12.4846
178 137.423 11.8126
179 102.562 5.5067
180 89.0567 4.4801
181 103.134 6.1588
182 127.019 7.7385
183 95.2789 4.6101
184 83.3028 3.2012
185 144.605 10.1478
186 111.289 8.246
187 137.103 8.9605
188 123.629 7.9364
189 127.044 7.9243
190 124.053 8.8259
191 126.656 8.841
192 111.453 6.7496
193 125.2 9.5927
194 127.459 7.4115
195 114.013 8.3226
196 115.287 6.2564
197 130.189 7.2566
198 145.559 11.3951
199 143.657 11.5549
200 134.153 10.5291
201 131.669 9.461
202 119.937 8.6237
203 125.344 9.4483
204 113.915 8.3507
205 118.7 9.7637
206 133.194 8.9885
207 103.366 3.0977
208 115.201 4.7802
209 153.109 10.8981
210 122.186 5.1522
211 167.374 10.9962
212 148.591 6.5189
213 188.821 15.143
214 172.564 13.4746
215 156.079 13.5382
216 166.064 10.5147
217 161.249 14.652
218 134.781 8.3555
219 162.102 14.6561
220 155.905 14.7646
221 161.83 13.1749
222 153.378 14.5359
223 152.498 12.3103
224 140.949 8.3873
225 127.377 8.1729
226 104.253 4.5045
227 105.622 6.1715
228 165.542 13.884
229 153.453 11.0272
230 156.42 13.2319
231 157.789 12.6398
232 147.986 14.0512
233 136.755 10.8462
234 135.485 11.7599
235 154.288 13.9509
236 135.865 11.5765
237 135.891 10.1902
238 153.888 15.2496
239 140.412 11.2121
240 145.71 12.8764
