0 98.2798 5.9757
1 103.091 9.6089
2 109.364 9.0976
3 109.988 7.4598
4 66.48 3.1624
5 94.4846 7.0587
6 121.283 11.4111
7 137.272 11.8911
8 122.936 9.6036
9 144.327 9.8313
10 124.466 9.4693
11 174.252 13.8913
12 137.958 11.8763
13 151.577 12.3363
14 127.312 9.6146
15 178.47 16.1258
16 151.496 15.3883
17 144.844 9.2086
18 129.691 6.6486
19 115.591 5.3934
20 120.749 5.8076
21 134.587 9.1523
22 114.616 4.7473
23 146.94 14.6369
24 156.52 12.566
25 115.269 5.4043
26 123.255 6.7788
27 117.679 7.2001
28 127.55 8.4708
29 125.188 7.6282
30 129.898 9.4514
31 220.068 15.9629
32 127.427 10.1115
33 112.133 8.2278
34 101.522 6.576
35 118.664 7.707
36 114.354 7.121
37 110.93 5.7279
38 139.167 8.4353
39 129.89 9.0459
40 118.42 5.453
41 116.835 5.2885
42 147.9 11.1329
43 132.837 9.0905
44 125.274 7.7856
45 140.753 8.2176
46 111.926 9.5186
47 75.9296 1.4834
48 115.931 6.6132
49 115.031 9.3256
50 120.318 8.9805
51 119.1 7.4313
52 131.459 9.6857
53 199.859 17.6174
54 204.925 17.3644
55 200.499 17.1222
56 135.585 9.5521
57 143.68 9.6038
58 124.162 4.3582
59 148.125 11.2641
60 142.023 8.4144
61 148.76 8.1092
62 150.915 9.6374
63 139.928 12.3273
64 108.965 6.0908
65 102.67 4.7715
66 83.9087 3.4318
67 84.5688 2.9522
68 90.8901 2.7474
69 175.215 15.6626
70 141.162 13.0652
71 98.0016 5.6764
72 98.8779 4.4296
73 105.426 4.7669
74 124.006 8.6602
75 111.295 6.489
76 110.41 6.3368
77 106.421 5.4329
78 103.808 3.9388
79 107.546 6.3847
80 139.876 8.6168
81 132.907 7.6044
82 143.227 10.4903
83 156.146 11.6673
84 117.83 6.6314
85 140.219 8.6555
86 140.534 9.5227
87 138.182 8.8475
88 197.477 16.1823
89 135.446 9.8801
90 131.356 9.1224
91 133.676 9.3077
92 140.774 10.0973
93 140.247 8.14
94 143.65 9.7532
95 158.087 13.7605
96 121.419 7.5378
97 131.437 7.1655
98 151.894 11.2727
99 155.493 11.9323
100 139.071 10.1827
101 131.74 9.4283
102 148.891 11.4488
103 133.005 9.5756
104 130.986 8.1413
105 123.375 8.6521
106 131.177 8.0822
107 154.637 10.2852
108 92.6215 5.1206
109 98.255 5.7922
110 118.215 5.2035
111 97.5103 3.9858
112 106.155 6.7713
113 103.004 4.079
114 141.176 10.7305
115 152.301 11.1193
116 131.013 9.1597
117 110.672 6.8764
118 147.292 10.957
119 124.311 7.468
120 142.715 9.9954
121 134.677 10.4474
122 129.251 9.8051
123 115.235 7.3678
124 140.138 8.5193
125 145.352 10.4
126 139.951 10.358
127 142.732 9.6621
128 135.133 8.5274
129 135.094 9.9527
130 120.194 7.5719
131 132.087 8.4742
132 135.857 9.4336
133 136.646 5.2184
134 138.842 6.9939
135 141.929 7.1728
136 142.655 10.9343
137 125.629 5.9435
138 162.514 11.7604
139 127.102 7.8932
140 168.207 11.1925
141 102.038 7.0606
142 98.76 6.3674
143 95.6949 3.6764
144 71.8747 0.8218
145 100.878 5.0702
146 132.243 8.2118
147 140.794 9.5367
148 94.2679 4.3857
149 89.6704 4.5455
150 96.3418 4.3302
151 113.404 7.0634
152 104.638 6.4211
153 152.76 9.1303
154 155.616 11.7652
155 158.269 12.6948
156 142.811 9.2433
157 107.302 6.1452
158 134.424 8.0201
159 120.759 6.9249
160 119.165 6.7402
161 127.577 7.7267
162 150.899 13.0224
163 164.98 12.2554
164 110.799 6.1816
165 131.526 8.316
166 140.062 10.7708
167 142.098 10.7041
168 119.593 8.3227
169 134.933 8.0681
170 118.237 10.0394
171 140.875 9.6425
172 136.871 11.5348
173 124.132 9.2196
174 125.659 11.2526
175 116.245 8.3611
176 114.3 5.5455
177 158.539 12.8693
178 144.206 12.3709
179 104.897 5.5772
180 90.7706 4.6836
181 106.826 6.4559
182 130.616 8.0605
183 97.405 4.7073
184 84.5289 3.3035
185 148.995 10.5332
186 115.081 8.5797
187 142.626 9.2462
188 129.096 8.2396
189 132.831 8.3772
190 130.032 9.414
191 132.368 9.4725
192 116.078 7.0919
193 132.014 10.008
194 132.461 7.5838
195 119.746 8.9586
196 119.256 6.6732
197 134.799 7.4451
198 154.195 12.0841
199 150.993 12.257
200 138.252 10.6825
201 135.452 9.5368
202 123.469 8.9358
203 129.316 9.6833
204 117.44 8.6454
205 122.215 9.7626
206 135.517 8.802
207 104.865 3.1793
208 118.002 5.0192
209 161.298 11.569
210 125.084 5.2933
211 174.294 11.3247
212 152.607 6.9593
213 197.634 14.8067
214 181.391 13.6959
215 163.341 13.7032
216 171.551 10.9761
217 168.805 15.1783
218 138.431 8.4455
219 169.97 14.725
220 164.289 15.0493
221 167.65 13.6135
222 161.224 14.851
223 158.806 13.174
224 144.864 8.9431
225 131.27 8.3336
226 106.842 4.7588
227 108.983 6.2055
228 172.954 14.1449
229 160.496 11.5627
230 164.013 13.5818
231 166.068 12.9648
232 156.022 14.0855
233 142.74 11.1168
234 142.203 12.2425
235 162.893 14.6325
236 142.749 12.1922
237 141.949 10.703
238 156.708 14.6007
239 145.814 11.5327
240 150.852 13.1766
