0 96.52 5.7336
1 99.4096 9.2065
2 105.764 8.8346
3 107.383 7.334
4 65.7393 3.1375
5 92.1858 6.9186
6 117.747 11.2326
7 133.76 11.7714
8 119.9 9.3133
9 139.602 9.5782
10 120.389 9.3483
11 167.703 13.9129
12 133.59 11.9818
13 146.657 12.3957
14 123.478 9.2766
15 171.147 16.4068
16 145.362 14.9622
17 142.118 8.939
18 127.97 6.6401
19 114.275 5.3867
20 119.197 5.7161
21 132.096 9.0492
22 113.169 4.5899
23 143.638 14.6248
24 153.934 12.3591
25 114.318 5.5287
26 121.638 6.6841
27 115.851 7.2072
28 125.285 8.5571
29 123.346 7.8209
30 127.91 9.5269
31 209.171 13.8979
32 124.265 10.0865
33 108.941 7.9381
34 99.2667 6.5981
35 115.727 7.6704
36 111.77 6.8249
37 108.766 5.6701
38 135.99 8.3151
39 126.106 8.9194
40 117.601 5.6474
41 116.093 5.3975
42 145.156 11.3893
43 130.814 9.3484
44 123.532 8.1972
45 138.67 8.5646
46 109.684 9.8651
47 75.6989 1.5822
48 114.529 6.7993
49 112.77 9.3772
50 118.231 9.0589
51 117.372 7.3035
52 129.02 9.6039
53 196.877 17.9113
54 202.345 17.2053
55 199.173 16.9536
56 131.85 9.5309
57 140.305 9.3059
58 122.497 4.3352
59 143.734 11.1031
60 139.123 8.3378
61 145.641 8.0013
62 147.55 9.5787
63 135.893 12.3921
64 106.976 6.0186
65 100.859 4.7262
66 82.6206 3.4212
67 83.9717 2.9524
68 89.9019 2.7018
69 167.498 16.1365
70 135.435 13.0433
71 95.8471 5.6753
72 97.3377 4.4544
73 103.882 4.7507
74 120.105 8.4978
75 108.502 6.3869
76 108.211 6.4877
77 104.72 5.6009
78 102.576 4.0472
79 104.835 6.4328
80 136.285 8.9707
81 129.973 7.6767
82 139.535 11.1264
83 151.921 12.3649
84 113.079 6.6967
85 134.159 8.8085
86 135.229 9.26
87 132.327 8.6608
88 195.954 17.6391
89 130.741 9.7896
90 127.528 8.9496
91 130.925 9.2027
92 138.366 10.0355
93 138.512 8.2913
94 142.022 9.6942
95 155.089 13.9168
96 119.962 7.4653
97 129.308 7.1928
98 150.296 11.1929
99 151.778 12.049
100 137.102 10.1916
101 128.507 9.1378
102 146.036 11.2861
103 130.526 9.6112
104 128.523 8.2307
105 121.344 8.8347
106 129.793 8.2213
107 152.195 10.4624
108 91.6078 5.1077
109 97.0771 5.6517
110 117.542 5.1429
111 96.9979 3.9703
112 104.475 6.8465
113 102.447 4.1311
114 140.296 11.0311
115 151.141 11.4284
116 129.363 9.4284
117 109.678 6.9379
118 145.365 11.0119
119 123.531 7.5828
120 141.24 10.0622
121 132.636 10.5747
122 127.764 9.883
123 113.554 7.2159
124 137.539 8.4806
125 141.01 10.1834
126 135.76 10.2494
127 139.081 9.5575
128 132.042 8.3545
129 131.435 9.8363
130 117.587 7.4127
131 129.669 8.2946
132 132.51 9.3229
133 135.314 5.1108
134 136.861 6.7406
135 140.079 7.0469
136 139.522 10.9756
137 124.294 5.9548
138 160.082 11.6991
139 125.699 7.804
140 166.988 11.3611
141 100.043 7.0869
142 97.0218 6.2943
143 94.9616 3.7167
144 71.6779 0.8255
145 99.6664 5.0531
146 130.118 8.2329
147 136.864 9.2532
148 93.2095 4.4282
149 88.7574 4.5232
150 95.4 4.4152
151 111.334 7.2562
152 103.207 6.5559
153 151.387 9.32
154 151.829 11.8635
155 155.212 13.1193
156 139.064 9.1508
157 104.964 6.1931
158 131.82 8.0133
159 118.02 6.9595
160 117.065 6.85
161 124.592 7.6628
162 145.221 12.9007
163 160.083 12.5001
164 108.897 6.1064
165 128.896 8.2056
166 136.561 10.5573
167 139.361 10.4587
168 116.892 7.9334
169 132.69 7.9038
170 114.787 9.9004
171 137.612 9.3492
172 133.827 11.4102
173 122.066 9.1692
174 122.945 11.5627
175 114.43 8.5084
176 112.778 5.5276
177 154.553 12.8793
178 139.791 12.2936
179 103.754 5.5422
180 89.9753 4.706
181 105.001 6.4702
182 127.707 8.0214
183 96.166 4.8577
184 83.8344 3.2972
185 146.632 10.4961
186 112.939 8.5305
187 139.083 9.1808
188 126.441 8.259
189 129.538 8.1959
190 126.385 9.2208
191 128.726 9.2669
192 112.94 6.8189
193 127.62 9.8783
194 128.957 7.6041
195 116.063 8.6001
196 116.955 6.6234
197 131.358 7.3514
198 149.816 12.0906
199 146.061 11.9558
200 135.424 10.7318
201 132.242 9.4253
202 120.354 8.8013
203 126.36 9.662
204 115.083 8.4281
205 119.277 9.7572
206 133.302 9.1203
207 103.929 3.1713
208 116.234 4.9216
209 156.33 11.1784
210 123.411 5.2897
211 169.611 11.253
212 150.216 6.8283
213 191.981 15.2527
214 175.732 13.6663
215 158.388 13.8279
216 167.59 10.7466
217 163.611 14.9747
218 135.995 8.4877
219 164.79 14.9867
220 158.832 15.1983
221 163.248 13.2952
222 156.407 14.8765
223 155.497 13.0162
224 142.993 8.6672
225 128.921 8.0122
226 105.292 4.5864
227 106.733 6.2361
228 167.631 14.0456
229 155.46 11.2967
230 159.573 13.7081
231 161.128 12.9328
232 151.554 14.3147
233 139.127 11.278
234 138.283 11.851
235 158.354 14.6958
236 139.03 12.1047
237 138.344 10.5382
238 154.988 14.6882
239 142.397 11.4862
240 146.938 12.8814
