0 98.2383 5.8098
1 101.861 9.8516
2 108.484 9.4466
3 109.912 7.8344
4 66.7611 3.2592
5 94.2689 7.1416
6 120.217 11.4833
7 136.386 12.327
8 122.141 9.5159
9 142.488 9.9037
10 123.793 9.7857
11 171.471 14.0866
12 136.568 12.2947
13 149.409 12.9982
14 126.48 9.9679
15 175.15 16.2937
16 149.451 15.7143
17 143.641 9.7793
18 129.313 7.0037
19 115.374 5.4863
20 120.594 6.0126
21 134.21 9.4892
22 114.28 4.8843
23 146.319 15.2605
24 155.102 13.3273
25 115.069 5.6522
26 122.555 7.0141
27 117.148 7.3679
28 126.275 8.9864
29 124.423 7.9637
30 128.682 9.8198
31 213.057 13.8104
32 125.956 10.3412
33 110.738 8.5596
34 100.983 6.8103
35 117.961 7.9321
36 112.916 7.3625
37 110.215 6.0312
38 137.643 8.8967
39 127.669 9.3134
40 118.021 5.7703
41 116.619 5.6539
42 145.678 11.9523
43 132.219 9.5547
44 124.972 8.3713
45 139.831 8.7505
46 111.138 10.2575
47 75.742 1.5217
48 115.143 7.0895
49 113.074 9.5444
50 118.175 9.4308
51 117.555 7.905
52 129.167 9.9697
53 195.635 17.6945
54 197.071 14.93
55 198.785 16.9225
56 132.959 10.0895
57 142.85 9.8558
58 123.74 4.5705
59 146.49 11.7963
60 140.826 9.0696
61 147.885 8.5264
62 149.5 9.9085
63 136.102 12.923
64 107.218 6.2904
65 101.118 4.8782
66 83.1031 3.5665
67 84.432 3.1219
68 90.2542 2.8064
69 170.74 16.395
70 137.048 13.3832
71 97.2116 6.0409
72 98.2906 4.6314
73 104.849 4.9399
74 121.811 8.7539
75 110.202 6.6891
76 109.941 6.5333
77 106.28 5.7656
78 103.961 4.1896
79 107.034 6.4804
80 139.536 8.9761
81 132.704 8.476
82 142.838 11.5571
83 156.053 12.5682
84 117.081 6.8735
85 139.469 9.4781
86 139.932 10.0403
87 137.307 9.2978
88 197.564 17.5765
89 135.047 10.8242
90 131.402 9.8802
91 133.966 9.5193
92 141.305 10.7062
93 140.769 8.9101
94 144.254 10.1904
95 157.742 14.7592
96 121.289 7.8333
97 131.387 7.5478
98 151.815 11.9182
99 153.538 12.4588
100 137.85 10.5044
101 129.682 9.5358
102 147.052 11.2891
103 131.336 9.8275
104 129.322 8.2107
105 122.225 8.7309
106 129.661 8.1853
107 154.684 11.144
108 93.2489 5.3206
109 98.8484 5.8331
110 118.994 5.1792
111 98.1683 4.0977
112 106.212 7.1984
113 103.481 4.2656
114 141.803 11.4607
115 152.1 11.5704
116 130.425 9.2607
117 110.566 7.2305
118 146.913 11.4647
119 124.111 7.749
120 142.474 10.6005
121 133.851 11.0831
122 129.34 10.2316
123 115.131 7.7668
124 139.881 9.2644
125 142.482 10.4684
126 137.21 10.6041
127 140.678 9.9501
128 132.762 8.6272
129 131.716 9.9862
130 118.103 7.7814
131 130.198 8.5667
132 133.985 9.9636
133 136.093 5.2615
134 137.955 6.9948
135 140.675 7.1822
136 140.446 11.343
137 125.066 6.1666
138 160.775 11.5956
139 126.384 8.2628
140 167.743 11.4109
141 101.523 7.5806
142 98.2238 6.5871
143 95.5846 3.9113
144 71.6374 0.8309
145 100.427 5.0335
146 131.435 8.5743
147 138.924 9.6584
148 93.9491 4.4737
149 89.3977 4.6249
150 95.9399 4.4918
151 112.302 7.4097
152 103.596 6.5279
153 150.585 9.2583
154 151.72 12.3812
155 154.058 13.2801
156 140.568 9.7216
157 106.555 6.5295
158 132.869 8.2675
159 119.702 7.2743
160 118.42 6.6723
161 126.147 8.1295
162 148.629 13.4745
163 162.762 12.8709
164 109.807 6.2443
165 129.973 8.1593
166 137.596 11.4187
167 140.483 10.718
168 118.586 8.7163
169 133.859 8.4965
170 116.422 10.4494
171 139.413 9.9291
172 135.979 12.35
173 123.601 9.5079
174 124.069 11.6053
175 116.183 8.7406
176 113.955 5.8062
177 157.237 13.5864
178 141.811 13.1489
179 104.474 5.7
180 90.4093 4.813
181 105.192 6.8444
182 128.046 8.2449
183 96.7748 5.0124
184 84.3915 3.4121
185 146.359 10.5935
186 113.082 8.763
187 141.38 10.0119
188 128.021 8.6248
189 131.239 8.6976
190 128.678 9.6299
191 131.24 9.7434
192 114.243 7.2921
193 129.417 10.5304
194 129.77 8.1416
195 117.255 8.8181
196 117.378 6.6966
197 132.753 7.4361
198 150.76 12.9028
199 147.126 12.402
200 137.182 11.2829
201 134.447 10.2364
202 122.201 9.3901
203 128.602 9.8956
204 116.307 8.9808
205 120.677 10.5711
206 135.348 9.4625
207 105.054 3.4008
208 117.187 5.2111
209 158.287 11.6434
210 124.267 5.4653
211 171.48 12.1158
212 151.749 7.2437
213 192.856 15.1059
214 177.809 14.5652
215 159.824 14.7597
216 169.082 11.2024
217 164.778 15.3364
218 136.809 8.8224
219 166.309 15.6334
220 161.118 15.7424
221 163.819 13.764
222 158.15 15.2066
223 157.437 13.4143
224 145.758 9.199
225 130.761 8.6942
226 106.505 4.7328
227 108.618 6.3577
228 171.295 14.6265
229 158.267 12.4522
230 161.928 14.0265
231 163.93 13.5157
232 154.395 14.4852
233 141.54 11.2116
234 140.6 12.6756
235 160.721 14.7064
236 140.616 12.3712
237 139.971 11.1027
238 156.016 15.728
239 144.665 12.1026
240 149.642 13.778
