0 100.542 6.059
1 105.969 9.7399
2 112.624 9.4634
3 112.645 7.692
4 67.4958 3.3146
5 97.3585 7.2317
6 125.877 11.7425
7 141.248 12.2339
8 126.524 9.9939
9 149.569 10.1324
10 129.673 9.8761
11 180.829 13.8547
12 145.415 12.7007
13 158.405 13.1297
14 131.426 9.7276
15 183.479 15.8328
16 157.687 15.9078
17 150.172 9.5961
18 133.84 7.0725
19 118.795 5.7576
20 124.186 6.1508
21 138.746 9.2326
22 116.988 5.0794
23 153.714 15.4608
24 162.208 12.8157
25 117.216 5.5827
26 125.691 7.0694
27 120.249 7.4401
28 131.005 8.8394
29 128.716 8.1482
30 134.007 9.8885
31 218.111 14.2739
32 130.699 10.2409
33 114.998 8.6412
34 103.845 6.7556
35 121.22 7.8778
36 116.927 7.2604
37 113.532 5.9803
38 143.294 8.5335
39 133.45 9.3168
40 121.018 5.6566
41 118.958 5.4213
42 152.24 11.4958
43 136.952 9.3465
44 129.777 8.0796
45 144.44 8.5921
46 115.616 9.6783
47 73.8394 1.1403
48 118.133 6.8203
49 118.211 9.6992
50 123.927 9.1177
51 121.584 7.6334
52 135.25 9.7231
53 201.296 16.94
54 202.725 15.953
55 200.512 16.3643
56 139.77 9.9033
57 148.227 9.8833
58 126.075 4.5656
59 153.319 11.7516
60 145.857 8.6311
61 152.042 8.3444
62 154.257 9.9011
63 143.883 12.6998
64 110.945 6.3056
65 103.958 4.85
66 84.7616 3.4665
67 85.5449 2.9274
68 91.4903 2.7816
69 181.003 15.35
70 146.607 13.5096
71 100.509 5.9067
72 100.793 4.6096
73 107.27 4.9721
74 127.543 8.8897
75 113.768 6.8401
76 113.088 6.4435
77 109.05 5.4113
78 105.238 3.9207
79 110.053 6.4523
80 143.079 8.8049
81 136.3 7.9783
82 147.466 10.7449
83 161.068 12.0597
84 120.153 6.7487
85 143.316 9.0229
86 144.693 9.8087
87 141.485 9.089
88 198.564 15.9584
89 138.771 10.1652
90 134.975 9.4294
91 137.458 9.5083
92 146.472 10.5267
93 145.262 8.6739
94 148.708 10.0272
95 164.172 13.9531
96 125.283 7.8413
97 135.207 7.4197
98 156.958 11.6482
99 160.923 12.6434
100 144.298 10.5499
101 135.902 9.6457
102 154.798 11.79
103 136.727 9.8829
104 134.763 8.5463
105 126.65 9.0911
106 134.98 8.3563
107 158.742 10.4889
108 94.3435 5.0764
109 100.345 5.79
110 119.986 5.2209
111 98.5996 3.9838
112 108.921 6.8614
113 104.523 4.2269
114 144.516 10.6982
115 156.996 11.3575
116 133.722 9.2737
117 112.967 7.0956
118 150.344 11.1343
119 126.732 7.6746
120 146.715 10.7047
121 137.092 10.5149
122 132.359 10.0949
123 117.138 7.3129
124 143.262 8.8126
125 149.831 10.5995
126 145.039 10.7201
127 147.722 9.9717
128 138.946 8.713
129 138.823 10.1194
130 122.911 7.7503
131 135.191 8.7859
132 139.485 9.7521
133 138.794 5.2617
134 141.017 7.0476
135 144.282 7.4535
136 147.34 11.5236
137 127.728 6.2113
138 166.219 11.8125
139 129.415 8.1579
140 171.427 11.2127
141 104.026 7.3226
142 101.229 6.6972
143 96.6786 3.8596
144 93.4096 3.5539
145 102.229 5.1991
146 135.649 8.5554
147 144.291 9.8267
148 95.8201 4.5079
149 91.7253 4.6967
150 98.0774 4.4778
151 116.359 7.452
152 107.147 6.6424
153 156.772 9.4798
154 160.607 12.1679
155 163.824 13.2628
156 145.87 9.4773
157 109.76 6.3714
158 137.523 8.1798
159 123.515 7.2427
160 121.319 6.854
161 130.798 7.979
162 155.231 13.6211
163 169.113 12.4966
164 113.582 6.6151
165 134.251 8.7321
166 143.45 11.2713
167 147.078 11.0652
168 123.326 8.5091
169 138.293 8.3274
170 122.121 10.4656
171 144.656 10.0889
172 143.048 12.1733
173 128.288 9.6832
174 129.5 11.6862
175 119.585 8.7152
176 116.581 5.6736
177 163.889 13.2248
178 148.795 12.9653
179 106.371 5.6679
180 92.3287 4.869
181 109.052 6.5883
182 133.748 8.3608
183 98.8878 4.9244
184 85.529 3.3207
185 153.675 10.7876
186 118.382 8.9904
187 147.922 9.9153
188 133.484 8.8216
189 137.124 8.7979
190 134.812 9.985
191 137.79 9.9644
192 118.721 7.3297
193 134.953 10.2312
194 135.444 8.0331
195 123.082 9.122
196 121.402 6.756
197 137.355 7.6731
198 158.922 12.6657
199 155.442 12.456
200 142.961 11.1882
201 138.69 9.8838
202 126.134 9.2114
203 132.219 10.0194
204 120.113 8.7529
205 125.859 10.3296
206 139.338 9.7978
207 105.618 3.2511
208 119.689 5.0997
209 165.801 11.7878
210 126.671 5.4195
211 178.389 11.3223
212 155.126 7.1987
213 203.462 14.77
214 186.494 13.6087
215 169.592 14.3491
216 176.038 11.1465
217 175.506 15.1504
218 142.271 8.8892
219 175.512 15.2261
220 169.031 15.3886
221 172.773 13.8434
222 167.701 15.3553
223 162.934 13.3346
224 150.781 9.6917
225 136.348 8.7168
226 109.45 4.9932
227 111.966 6.6148
228 181.195 14.2308
229 167.225 12.1681
230 172.543 13.9172
231 174.358 13.5783
232 161.678 13.894
233 147.965 11.7171
234 147.427 12.5396
235 167.733 14.5751
236 147.074 12.5435
237 145.236 10.9455
238 158.038 14.4919
239 150.146 12.0517
240 154.909 13.5796
