0 98.3306 6.014
1 102.589 9.5232
2 108.814 8.9947
3 109.579 7.4708
4 66.3388 3.1221
5 94.4691 7.0926
6 120.753 11.4202
7 136.981 12.0606
8 122.398 9.7377
9 142.698 9.6483
10 123.516 9.3
11 172.109 13.8472
12 138.262 12.0413
13 150.917 12.4238
14 126.192 9.3382
15 176.201 15.9774
16 149.759 15.0212
17 144.011 9.0398
18 129.203 6.6022
19 115.249 5.341
20 120.495 5.6211
21 133.827 9.0198
22 114.18 4.7122
23 146.284 14.9934
24 155.524 12.0133
25 115.083 5.3768
26 123.106 6.8686
27 117.073 7.2131
28 126.995 8.5254
29 125.229 7.7518
30 129.624 9.5476
31 215.967 14.8992
32 126.706 10.038
33 111.761 8.1569
34 101.042 6.4917
35 118.257 7.6233
36 113.965 7.0523
37 110.801 5.6769
38 139.013 8.4689
39 129.477 9.1065
40 118.883 5.5701
41 117.437 5.3981
42 148.688 11.2077
43 133.848 9.1975
44 126.039 8.1376
45 141.806 8.4521
46 113.298 9.8449
47 73.9552 1.2091
48 115.855 6.6491
49 114.826 9.3877
50 120.712 8.879
51 118.713 7.6013
52 130.768 9.3932
53 200.423 17.8472
54 201.939 16.1821
55 201.11 17.1975
56 135.304 9.4577
57 143.298 9.4169
58 123.895 4.2504
59 147.733 11.2682
60 140.858 8.3784
61 148.182 7.9486
62 149.469 9.2543
63 138.301 12.2292
64 108.185 6.0185
65 102.12 4.8243
66 83.3086 3.4113
67 84.4308 2.9244
68 90.553 2.6568
69 174.44 15.7849
70 140.413 13.2131
71 97.5816 5.6492
72 98.4617 4.3197
73 104.988 4.778
74 123.075 8.7203
75 110.75 6.5577
76 110.156 6.3598
77 106.794 5.4429
78 103.855 3.825
79 107.42 6.3016
80 140.021 8.5515
81 133.751 7.4743
82 143.663 10.5675
83 157.191 11.5507
84 117.87 6.7097
85 140.407 8.8049
86 141.359 9.3702
87 138.535 8.9468
88 198.704 16.6055
89 135.684 10.1125
90 131.781 9.1697
91 133.131 9.0611
92 140.264 10.0668
93 140.248 8.2806
94 143.445 9.8039
95 157.411 13.6359
96 121.267 7.5162
97 131.56 7.0949
98 151.001 10.9741
99 154.937 12.0404
100 139.024 10.217
101 131.44 9.2264
102 149.151 11.241
103 132.661 9.5256
104 130.733 8.0564
105 122.848 8.5807
106 131.194 8.095
107 153.942 10.0424
108 92.3406 5.0183
109 97.9595 5.5629
110 118.325 5.1314
111 97.237 3.9416
112 106.25 6.8525
113 103.029 4.1134
114 140.768 10.6603
115 152.928 11.1402
116 130.022 8.9652
117 110.395 6.9473
118 146.58 10.8253
119 124.301 7.4318
120 142.489 10.1432
121 134.228 10.4246
122 128.504 9.8069
123 114.642 7.1278
124 140.068 8.6501
125 144.915 10.3469
126 139.249 10.4171
127 142.547 9.5871
128 135.222 8.5266
129 134.833 9.924
130 119.854 7.5534
131 132.002 8.4782
132 135.444 9.4496
133 136.76 5.192
134 138.518 6.8833
135 141.626 7.1034
136 142.224 10.8839
137 125.747 5.9814
138 161.86 11.6193
139 126.588 7.7872
140 167.152 11.1846
141 101.339 7.1214
142 98.4629 6.4452
143 95.4948 3.7084
144 92.1505 3.5082
145 100.203 5.0073
146 132.209 8.382
147 139.534 9.5208
148 93.879 4.3145
149 89.159 4.4574
150 95.7444 4.393
151 112.582 6.9389
152 103.825 6.4348
153 152.053 9.155
154 154.01 11.6504
155 157.112 12.755
156 141.505 9.2478
157 106.955 6.216
158 133.891 7.9748
159 120.027 6.8889
160 118.734 6.5718
161 127.202 7.7744
162 149.673 13.187
163 163.264 12.2113
164 110.32 6.1436
165 130.597 8.2723
166 139.204 10.8606
167 141.878 10.5375
168 119.228 8.2148
169 134.589 7.8856
170 117.453 9.8548
171 139.788 9.6116
172 137.157 11.9161
173 123.877 9.3495
174 124.809 11.4458
175 115.501 8.4086
176 113.511 5.357
177 158.1 12.8536
178 143.14 12.3351
179 103.8 5.538
180 90.2856 4.6482
181 106.157 6.4512
182 129.333 7.9626
183 96.8676 4.7863
184 84.1682 3.2099
185 148.472 10.3419
186 114.277 8.4387
187 140.986 9.1775
188 127.846 8.2004
189 131.128 8.2864
190 128.254 9.4631
191 131.121 9.2891
192 115.121 6.9754
193 129.983 10.0345
194 131.713 7.6716
195 118.744 8.7794
196 118.192 6.6003
197 133.754 7.285
198 153.751 11.8735
199 149.842 12.0367
200 138.557 10.8372
201 134.777 9.3971
202 123.103 8.9165
203 128.899 9.8085
204 116.532 8.3915
205 121.55 9.6918
206 135.359 9.0726
207 104.76 3.1645
208 117.631 4.9788
209 161.152 11.7249
210 124.682 5.2883
211 174.372 11.2725
212 152.8 6.9129
213 197.247 14.8524
214 180.613 13.5938
215 162.646 13.7888
216 170.67 10.8174
217 168.231 14.9711
218 138.056 8.5621
219 168.572 14.713
220 162.983 15.2524
221 166.508 13.3306
222 160.075 14.5357
223 158.057 12.7773
224 147.092 9.2023
225 132.628 8.3954
226 107.706 4.8012
227 109.478 6.3004
228 175.111 14.0481
229 162.089 11.8356
230 166.487 13.8369
231 168.317 13.3185
232 155.262 14.0609
233 141.773 11.3117
234 141.973 12.0584
235 162.059 14.3964
236 141.825 12.0162
237 140.906 10.473
238 155.718 14.4326
239 145.136 11.6043
240 150.507 13.0504
