0 105.927 6.3917
1 115.8 10.397
2 121.487 9.916
3 120.348 8.2386
4 70.0758 3.4946
5 103.961 7.8485
6 138.93 12.5269
7 155.07 13.0013
8 137.06 10.5135
9 159.21 10.784
10 140.22 10.4205
11 194.134 13.7248
12 156.435 13.2107
13 167.845 13.177
14 139.987 10.4486
15 195.469 15.5957
16 168.748 16.0284
17 156.486 10.241
18 137.274 7.3453
19 121.9 6.0201
20 126.639 6.2839
21 145.918 10.0266
22 119.448 5.2582
23 161.941 15.6951
24 169.867 13.3429
25 121.432 5.8488
26 130.821 7.5112
27 126.556 8.0883
28 138.776 9.5874
29 136.303 8.6698
30 144.272 10.6438
31 217.615 13.688
32 143.087 11.1246
33 123.03 9.0613
34 111.066 7.1823
35 130.031 8.4275
36 124.13 7.7552
37 119.575 6.2877
38 152.12 9.1821
39 143.682 10.0324
40 127.671 6.3178
41 125.636 6.0399
42 166.569 12.5261
43 148.836 10.5358
44 139.511 9.0939
45 154.469 9.5641
46 127.879 10.7319
47 73.8477 1.0766
48 124.744 7.5159
49 128.405 10.5465
50 133.211 9.9196
51 130.032 8.3668
52 145.756 10.804
53 203.314 15.2869
54 205.656 14.9917
55 203.572 15.1799
56 150.464 10.613
57 158.53 10.6306
58 130.474 4.8463
59 165.143 12.4094
60 155.987 9.4362
61 160.967 8.9904
62 165.448 10.5648
63 159.822 13.3987
64 117.475 6.5431
65 108.29 5.0843
66 87.5664 3.6266
67 87.6115 3.1939
68 93.7582 2.9294
69 198.319 15.5325
70 161.784 14.4534
71 105.678 6.2025
72 104.629 4.8222
73 111.589 5.3151
74 135.86 9.4837
75 120.194 7.3146
76 118.99 7.0141
77 114.181 5.877
78 108.872 4.3094
79 116.036 7.0098
80 152.018 9.4327
81 143.519 8.4808
82 157.471 11.5455
83 171.604 12.5598
84 125.367 7.3266
85 150.13 9.6496
86 151.075 10.4351
87 147.595 9.7623
88 198.542 14.8323
89 146.692 10.8773
90 142.034 10.0647
91 146.128 9.973
92 157.681 11.1367
93 153.578 9.2301
94 158.917 10.6473
95 178.42 14.1558
96 132.98 8.404
97 143.115 7.9878
98 169.224 12.1326
99 172.125 12.9799
100 153.874 11.1855
101 143.908 10.1975
102 164.462 12.3566
103 146.135 10.5963
104 142.535 8.9857
105 134.996 9.5473
106 142.328 8.8783
107 168.719 11.2305
108 99.7573 3.9528
109 105.487 5.9544
110 125.242 5.5588
111 102.202 4.2858
112 115.419 7.3638
113 108.07 4.3029
114 155.806 11.7826
115 166.667 11.6685
116 141.387 9.5267
117 118.658 7.537
118 160.149 11.5775
119 133.145 8.1463
120 156.344 10.875
121 147.712 11.4433
122 142.017 10.9462
123 124.335 7.8342
124 149.932 9.5
125 163.306 11.4007
126 158.263 11.3767
127 161.491 10.676
128 149.596 9.613
129 150.813 11.064
130 132.15 8.4108
131 145.029 9.4209
132 150.677 10.5858
133 142.258 5.4859
134 146.689 7.322
135 150.115 7.8454
136 157.281 12.1121
137 132.564 6.5561
138 174.501 12.0149
139 136.598 8.8478
140 181.493 11.7392
141 111.523 7.8536
142 108.398 7.172
143 100.806 4.1779
144 97.0693 3.809
145 107.256 5.5644
146 144.698 9.3157
147 155.826 10.6267
148 101.007 4.977
149 96.4212 5.0682
150 102.666 4.8989
151 125.122 8.0848
152 115.253 6.9901
153 168.709 10.2386
154 176.337 12.6315
155 180.441 13.5451
156 157.051 10.1879
157 116.994 6.8786
158 147.184 8.8505
159 131.059 7.6487
160 127.838 7.1309
161 139.847 8.6685
162 170.891 14.2725
163 180.706 12.7805
164 119.536 6.9419
165 142.792 9.3642
166 153.95 11.761
167 158.205 11.9993
168 131.73 9.0717
169 146.422 8.8863
170 132.702 11.1622
171 154.935 10.7381
172 153.901 12.9654
173 137.563 10.1829
174 140.508 12.683
175 128.202 9.2063
176 121.438 6.0935
177 176.943 13.6422
178 161.747 13.4313
179 113.545 6.1626
180 97.712 5.1443
181 117.786 7.3429
182 144.643 9.1525
183 104.933 5.3529
184 89.0893 3.6752
185 168.662 11.995
186 130.194 9.6208
187 156.661 10.3305
188 141.617 9.1327
189 145.041 9.1285
190 143.475 10.2867
191 147.037 10.4232
192 126.751 7.8093
193 146.561 11.0169
194 144.857 8.7133
195 132.247 9.6314
196 128.19 7.2036
197 145.617 8.1838
198 170.801 12.9815
199 168.181 13.3249
200 154.671 12.0549
201 150.544 10.8213
202 136.654 10.0232
203 143.501 10.815
204 129.571 9.4903
205 136.418 11.0289
206 148.555 10.0789
207 108.15 3.405
208 124.551 5.5048
209 178.5 12.3554
210 131.708 5.792
211 191.694 11.5952
212 162.689 7.6722
213 210.544 13.2196
214 200.582 13.1515
215 182.935 14.3124
216 27.755 1.8192
217 188.169 14.8984
218 150.689 9.5135
219 188.229 14.7824
220 181.941 15.358
221 184.98 13.8297
222 179.673 14.569
223 174.41 13.7144
224 157.24 10.1037
225 142.83 8.9558
226 112.73 5.0891
227 116.922 6.7626
228 191.428 13.6276
229 175.928 12.2723
230 183.762 13.751
231 186.13 13.4446
232 175.312 15.2078
233 160.825 12.4325
234 160.83 13.2616
235 181.962 14.6193
236 160.274 13.2502
237 156.872 11.7776
238 164.024 13.6539
239 162.782 12.924
240 169.391 14.183
