0 105.09 6.5755
1 114.185 10.5432
2 119.884 9.974
3 119.064 8.2848
4 69.957 3.6114
5 102.874 7.9188
6 136.991 12.75
7 152.85 13.2696
8 136.395 10.9421
9 160.072 11.22
10 140.35 10.7963
11 194.291 14.1232
12 157.213 13.7977
13 169.891 14.0935
14 140.668 10.8192
15 196.397 16.2449
16 169.343 16.4368
17 155.046 10.1208
18 136.342 7.4024
19 121.165 6.0472
20 126.565 6.4436
21 143.747 10.3666
22 119.356 5.3781
23 161.891 16.0505
24 168.597 13.7365
25 120.453 5.9539
26 129.562 7.5316
27 124.651 8.0664
28 136.679 9.4155
29 134.065 8.5668
30 141.837 10.6197
31 230.531 16.7446
32 140.54 11.3356
33 122.129 9.1221
34 109.702 7.2446
35 128.852 8.5359
36 122.856 7.8623
37 118.387 6.2985
38 151.332 9.6214
39 142.073 10.2254
40 125.742 6.1545
41 123.469 5.9731
42 161.626 12.3336
43 144.766 10.0039
44 136.767 9.0056
45 151.068 9.3197
46 123.559 10.4846
47 73.8513 1.0876
48 122.736 7.4651
49 125.848 10.5319
50 131.135 10.0646
51 128.585 8.2365
52 143.301 10.7882
53 202.614 16.087
54 204.244 14.9882
55 204.809 16.4341
56 148.086 10.8607
57 156.669 10.6792
58 129.859 4.8905
59 162.331 12.4042
60 154.207 9.5346
61 159.488 9.0186
62 163.566 10.7079
63 156.583 13.5466
64 116.489 6.6598
65 107.855 5.2359
66 87.2778 3.6698
67 87.4298 3.2348
68 93.412 2.9618
69 194.748 15.5312
70 159.272 14.4707
71 104.831 6.3502
72 104.111 4.8863
73 111.325 5.3405
74 134.948 9.6914
75 120.028 7.4041
76 119.375 7.4643
77 114.819 6.1126
78 109.005 4.4417
79 116.353 7.2257
80 152.973 9.7509
81 144.668 8.8512
82 159.288 12.2465
83 173.654 12.7783
84 124.94 7.4524
85 149.051 9.6923
86 150.804 10.3692
87 146.696 9.7793
88 199.218 15.308
89 145.021 11.0833
90 141.147 10.3671
91 145.16 10.2383
92 156.411 11.4053
93 152.118 9.2173
94 157.551 10.7336
95 175.446 14.5759
96 131.631 8.409
97 141.545 8.0819
98 167.45 12.2056
99 169.822 13.0154
100 152.731 11.3134
101 143.219 10.3111
102 163.16 12.3605
103 144.653 10.567
104 141.491 9.1135
105 133.438 9.6649
106 140.54 8.7733
107 166.735 11.3919
108 99.7039 4.1858
109 105.784 6.2896
110 125.385 5.6966
111 102.697 4.4368
112 115.418 7.5184
113 108.43 4.6055
114 156.434 12.2521
115 167.566 12.1898
116 140.58 9.5545
117 118.095 7.4405
118 159.223 11.9717
119 132.477 8.2553
120 155.37 11.21
121 146.035 11.522
122 142.024 11.3566
123 123.295 8.0722
124 149.314 9.4377
125 159.359 11.4626
126 155.311 11.5151
127 157.823 10.7563
128 146.595 9.6046
129 147.954 10.9305
130 129.478 8.411
131 142.69 9.3956
132 147.799 10.4455
133 142.03 5.6291
134 145.998 7.6521
135 149.659 7.9824
136 155.922 12.4179
137 131.781 6.5125
138 173.687 12.4408
139 135.164 8.7355
140 179.053 11.5361
141 109.812 8.0185
142 106.28 7.1326
143 99.5986 4.1743
144 96.1947 3.9175
145 105.88 5.6046
146 142.83 9.4102
147 152.917 10.7602
148 99.5192 4.8488
149 94.8653 4.964
150 101.453 4.8024
151 122.08 7.832
152 112.988 7.0439
153 164.676 10.089
154 171.106 12.6281
155 176.578 14.054
156 155.888 10.4487
157 116.266 7.146
158 146.189 9.1387
159 131.012 7.8711
160 127.666 7.4327
161 138.854 8.7292
162 170.091 14.4155
163 179.622 12.9534
164 118.105 6.9732
165 140.478 9.1812
166 151.115 11.9372
167 155.84 12.1489
168 129.911 9.2334
169 144.28 8.9441
170 130.407 11.2609
171 152.174 10.7297
172 151.921 13.0109
173 135.893 10.2593
174 137.995 12.7066
175 125.877 9.2892
176 120.576 6.1754
177 173.778 13.9902
178 159.127 13.7534
179 110.952 6.1026
180 95.9086 5.1766
181 114.698 7.1772
182 141.073 9.0195
183 102.969 5.3582
184 88.1383 3.6274
185 163.352 11.7958
186 125.742 9.6829
187 154.903 10.3793
188 139.49 9.2409
189 143.551 9.3366
190 142.065 10.4587
191 144.963 10.5963
192 125.048 7.898
193 144.298 11.2784
194 142.936 8.7174
195 130.69 9.8278
196 126.899 7.3458
197 143.659 8.3415
198 168.3 13.292
199 165.002 13.4736
200 152.049 12.1186
201 146.675 10.6998
202 133.891 9.8481
203 140.575 10.8978
204 127.284 9.2725
205 133.952 11.0524
206 147.162 10.3723
207 107.647 3.392
208 123.323 5.4006
209 174.909 12.2165
210 130.379 5.609
211 186.987 11.6239
212 160.077 7.5851
213 209.642 14.1022
214 195.317 13.1258
215 180.275 14.6301
216 185.716 11.577
217 186.493 15.45
218 150.973 9.8291
219 186.877 15.2758
220 181.891 15.6748
221 184.262 14.1311
222 179.441 15.7001
223 172.432 13.9098
224 158.273 10.3868
225 143.534 9.2659
226 113.285 5.2324
227 117.342 7.0112
228 193.071 14.1607
229 176.361 12.5663
230 184.885 13.9017
231 185.563 13.7062
232 172.208 14.5516
233 157.719 12.5947
234 157.465 13.479
235 179.273 14.9407
236 157.65 13.2168
237 154.034 11.6505
238 162.924 13.8674
239 160.132 12.8053
240 166.301 14.2575
