0 105.095 6.4794
1 113.976 10.3422
2 120.171 9.9863
3 119.076 8.2763
4 69.8748 3.5012
5 102.873 7.7677
6 136.803 12.5565
7 152.825 13.1937
8 134.883 10.5991
9 159.129 10.9153
10 140.143 10.4454
11 193.677 13.8508
12 155.844 13.3938
13 167.693 13.4607
14 139.6 10.6387
15 195.162 15.9512
16 168.752 16.3493
17 154.767 10.1783
18 136.403 7.2281
19 120.986 5.9059
20 125.981 6.3017
21 143.881 9.9
22 118.887 5.1137
23 159.825 15.5286
24 167.824 13.25
25 120.448 5.8821
26 129.6 7.2994
27 125.043 7.9248
28 137.228 9.4018
29 134.522 8.5597
30 141.96 10.5421
31 219.893 14.1108
32 140.573 11.1205
33 121.605 8.9159
34 109.876 7.1345
35 128.368 8.4082
36 122.628 7.8004
37 118.428 6.2664
38 150.87 9.3728
39 141.387 9.946
40 126.573 6.1764
41 124.643 5.9503
42 164.087 12.4465
43 147.004 10.4361
44 138.126 9.1192
45 152.941 9.6206
46 125.806 10.5222
47 73.9421 1.0937
48 123.229 7.3901
49 126.843 10.431
50 131.674 9.9592
51 129.094 8.278
52 143.981 10.6618
53 205.164 16.6758
54 205.729 15.2744
55 203.708 15.5215
56 148.194 10.5843
57 157.031 10.5452
58 129.684 4.8278
59 162.944 12.287
60 154.044 9.447
61 159.617 9.0168
62 163.447 10.4986
63 156.234 13.4781
64 116.118 6.5731
65 107.554 5.1867
66 87.0367 3.6619
67 87.2604 3.17
68 93.2757 2.9145
69 194.207 15.2745
70 159.012 14.3091
71 104.265 6.1999
72 103.705 4.8623
73 110.8 5.2271
74 133.982 9.4181
75 118.909 7.2129
76 118.59 7.0001
77 113.557 5.8774
78 108.49 4.2105
79 115.56 6.9632
80 151.747 9.6043
81 143.21 8.5581
82 156.687 11.5529
83 170.864 12.6301
84 125.571 7.4051
85 149.527 9.4829
86 151.533 10.2256
87 147.269 9.7159
88 199.933 15.1587
89 146.035 10.8495
90 142.933 10.1691
91 145.252 10.2076
92 157.332 11.4502
93 152.904 9.2171
94 158.295 10.8791
95 176.712 14.541
96 132.073 8.5562
97 142.384 8.0569
98 168.825 12.237
99 170.082 12.9567
100 152.355 11.1009
101 143.572 10.345
102 162.833 12.3415
103 144.378 10.4847
104 141.156 9.0973
105 133.716 9.5089
106 140.556 8.9154
107 167.016 11.1603
108 99.8485 3.7231
109 106.278 5.9371
110 125.583 5.4099
111 102.606 4.1484
112 116.053 7.1544
113 108.485 4.3397
114 156.771 11.5202
115 167.602 11.4752
116 142.201 9.3217
117 119.175 7.2323
118 161.084 11.6606
119 133.631 7.9411
120 156.545 11.0138
121 148.098 11.282
122 142.923 10.9501
123 124.436 7.8915
124 151.036 9.3716
125 159.59 11.0703
126 154.93 11.3308
127 158.102 10.6058
128 146.776 9.4698
129 147.925 10.9452
130 129.551 8.4199
131 142.444 9.3281
132 147.597 10.4213
133 141.882 5.5889
134 145.66 7.5811
135 149.312 7.8113
136 156.008 12.3586
137 131.625 6.5697
138 173.219 12.163
139 135.361 8.5683
140 179.312 11.7165
141 110.455 7.9121
142 107.143 7.0303
143 100.252 4.1734
144 96.5306 3.8628
145 106.558 5.5471
146 143.153 9.2447
147 154.29 10.595
148 99.723 4.8021
149 94.9382 4.9026
150 101.638 4.7098
151 122.077 7.8768
152 113.069 6.9677
153 165.22 9.8352
154 171.032 12.5403
155 175.303 13.7198
156 154.327 10.1085
157 115.302 6.7969
158 144.548 8.7102
159 129.488 7.5757
160 126.694 7.1639
161 137.753 8.4981
162 168.331 14.0392
163 178.402 12.6059
164 118.427 6.9895
165 140.787 9.1867
166 151.552 11.8741
167 156.219 11.8475
168 129.846 9.0363
169 144.942 8.8131
170 130.985 11.1353
171 152.773 10.745
172 152.801 12.93
173 136.32 10.0827
174 138.355 12.6157
175 126.254 9.2328
176 120.696 6.1478
177 174.526 13.8241
178 159.987 13.6362
179 111.235 6.0221
180 96.1175 5.0323
181 115.132 6.9618
182 141.298 8.8436
183 102.92 5.2203
184 88.08 3.5651
185 163.693 11.6666
186 126.126 9.4049
187 154.449 10.1324
188 139.295 9.0752
189 143.327 9.0884
190 141.72 10.2317
191 145.169 10.2596
192 124.703 7.7113
193 144.132 10.8237
194 142.481 8.5495
195 129.681 9.5713
196 126.681 7.1205
197 143.37 8.1709
198 167.676 12.7178
199 164.646 12.9724
200 151.34 11.6458
201 147.51 10.5052
202 134.152 9.7776
203 140.363 10.4286
204 127.482 9.2766
205 134.112 10.8618
206 146.672 9.8801
207 107.635 3.3807
208 123.876 5.3775
209 176.132 12.2355
210 130.828 5.7224
211 188.766 11.6453
212 160.879 7.6437
213 209.789 13.6975
214 198.317 13.6598
215 178.902 14.3818
216 183.271 11.258
217 185.04 15.2514
218 149.312 9.4664
219 185.066 14.9534
220 179.665 15.3271
221 183.074 13.8713
222 178.485 15.5045
223 172.884 13.5836
224 159.686 10.0165
225 144.545 8.8816
226 113.301 5.0193
227 117.915 6.7638
228 193.158 13.6562
229 177.202 12.1757
230 185.256 13.5291
231 187.753 13.3314
232 174.851 15.4823
233 160.162 12.3349
234 160.305 13.0695
235 180.924 14.4992
236 160.04 13.0337
237 155.913 11.5729
238 163.09 13.6401
239 161.847 12.5819
240 168.026 13.9733
