0 103.035 6.4337
1 108.679 10.1128
2 116.025 9.7389
3 115.482 8.0494
4 68.5364 3.4522
5 99.6931 7.7315
6 130.81 12.2978
7 146.718 12.9047
8 129.103 10.3508
9 151.64 10.3275
10 131.855 10.0267
11 183.736 14.2326
12 147.682 13.0829
13 161.077 13.3231
14 133.254 9.9669
15 187.129 16.1614
16 159.579 15.836
17 150.258 9.5392
18 132.954 7.0559
19 118.638 5.7649
20 123.919 6.0853
21 138.672 9.644
22 116.742 5.1104
23 154.293 15.4016
24 162.446 13.1334
25 118.941 5.7992
26 127.17 7.2968
27 122.876 7.898
28 133.795 9.1413
29 132.152 8.4465
30 138.358 10.1275
31 222.639 15.0774
32 133.864 10.5882
33 117.667 8.8599
34 106.507 6.8742
35 124.244 8.0499
36 119.013 7.5683
37 115.607 6.1104
38 146.256 9.0345
39 136.879 9.6181
40 123.636 6.0263
41 121.614 5.7484
42 157.825 11.9869
43 140.947 9.7786
44 133.43 8.7724
45 148.479 9.1952
46 120.967 10.2168
47 73.8302 1.1289
48 119.675 6.9139
49 120.518 9.8284
50 125.965 9.5275
51 123.25 7.972
52 137.495 9.9334
53 201.013 16.463
54 203.515 15.836
55 202.381 16.6091
56 142.144 9.9519
57 149.937 10.0102
58 127.044 4.5399
59 156.142 11.8078
60 148.388 9.0086
61 153.78 8.4461
62 157.526 10.0599
63 149.121 12.9662
64 113.1 6.3918
65 105.722 5.0279
66 85.8298 3.5844
67 86.2185 3.1427
68 92.3047 2.8727
69 186.5 15.876
70 151.238 14.1391
71 102.32 6.1769
72 101.978 4.6698
73 108.769 5.1379
74 129.964 9.2457
75 115.779 7.0595
76 114.983 6.8897
77 110.663 5.635
78 106.073 4.1202
79 111.892 6.6083
80 146.205 9.1125
81 138.699 8.158
82 150.849 11.0725
83 164.743 12.3594
84 121.382 7.0245
85 144.081 9.112
86 145.779 9.7301
87 142.414 9.0917
88 198.442 15.7216
89 140.603 10.4778
90 137.126 9.673
91 139.289 9.8246
92 148.631 10.7404
93 146.635 8.7412
94 150.708 10.1678
95 167.179 14.1168
96 126.407 7.9677
97 136.56 7.5924
98 159.837 11.5969
99 163.826 12.7106
100 146.75 10.8614
101 137.938 9.8635
102 157.329 11.8009
103 139.442 10.1213
104 136.754 8.6753
105 129.235 9.2645
106 137.548 8.6733
107 160.795 10.7239
108 98.6584 4.2302
109 103.735 6.0126
110 124.007 5.4567
111 101.411 4.1348
112 113.595 7.3262
113 107.322 4.365
114 152.216 11.4476
115 162.793 11.5765
116 137.393 9.071
117 115.969 7.0046
118 154.197 10.8772
119 129.434 7.7118
120 150.523 10.4559
121 141.783 10.871
122 136.729 10.4245
123 120.35 7.4846
124 145.469 9.0687
125 152.989 10.9586
126 148.169 11.0152
127 150.84 10.3112
128 140.666 9.0369
129 141.342 10.3982
130 124.762 8.0108
131 137.336 9.0049
132 141.545 10.0147
133 139.731 5.4291
134 142.537 7.34
135 145.877 7.6223
136 149.51 11.9319
137 129.267 6.2255
138 168.962 12.2127
139 131.313 8.27
140 174.429 11.3733
141 106.12 7.5298
142 103.125 6.8558
143 97.6628 4.0187
144 94.4647 3.7699
145 103.538 5.3733
146 138.091 8.7927
147 147.584 10.1676
148 97.1138 4.5984
149 92.4978 4.853
150 99.0493 4.5782
151 117.746 7.4935
152 109.059 6.7062
153 158.945 9.6445
154 163.524 12.2955
155 166.317 13.3469
156 149.212 9.7004
157 111.778 6.5156
158 140.12 8.3758
159 125.896 7.3727
160 123.908 7.0831
161 133.733 8.1402
162 160.75 13.8563
163 172.297 12.6893
164 115.57 6.851
165 137.744 8.9711
166 147.173 11.5047
167 152.197 11.6976
168 126.502 8.9982
169 141.322 8.4933
170 126.327 10.9697
171 148.583 10.522
172 147.654 12.7531
173 132.047 10.1159
174 133.815 11.9657
175 122.776 9.1282
176 118.606 6.049
177 169.457 13.8453
178 154.203 13.5581
179 108.965 5.9874
180 94.2632 4.9649
181 112.027 6.9559
182 137.266 8.6704
183 100.671 5.1651
184 86.7571 3.5005
185 158.636 11.6008
186 121.528 9.2406
187 150.151 9.9811
188 135.582 8.9603
189 139.178 9.1039
190 137.254 10.1112
191 140.663 10.2273
192 120.511 7.5292
193 137.878 10.5185
194 137.462 8.1737
195 124.689 9.3027
196 123.178 6.9591
197 139.062 7.9865
198 161.794 12.8467
199 158.189 12.9412
200 146.584 11.3715
201 142.277 10.2545
202 129.345 9.4129
203 134.738 10.113
204 122.854 9.073
205 128.791 10.3976
206 141.891 9.5525
207 106.231 3.3153
208 120.633 5.1685
209 168.888 11.9676
210 127.366 5.487
211 180.952 11.4463
212 156.21 7.274
213 205.589 14.6644
214 188.554 13.8215
215 173.925 14.0427
216 179.908 11.3324
217 179.462 15.468
218 145.846 9.335
219 179.475 15.2481
220 173.81 15.4502
221 176.917 13.9798
222 172.971 15.5211
223 168.467 13.7302
224 154.732 9.9589
225 139.34 8.6768
226 110.88 4.9697
227 114.314 6.6355
228 186.764 13.9255
229 171.353 12.043
230 178.217 13.779
231 179.18 13.5322
232 166.269 13.9402
233 153.846 11.8972
234 153.465 12.7754
235 173.235 14.5287
236 152.262 12.5703
237 149.934 11.0256
238 160.096 14.0937
239 154.481 12.2104
240 159.942 13.4861
