0 102.327 6.3442
1 108.747 9.9507
2 115.509 9.7066
3 114.567 7.8897
4 68.3322 3.4004
5 99.1832 7.576
6 130.029 12.0039
7 145.873 12.5688
8 130.872 10.4667
9 154.149 10.6792
10 134.061 10.2125
11 186.805 13.9955
12 150.397 13.3392
13 163.389 13.5201
14 135.263 10.3653
15 189.844 16.2425
16 162.89 16.2861
17 153.114 10.266
18 135.931 7.3391
19 120.257 5.9363
20 126.273 6.4125
21 140.597 9.9844
22 118.397 5.2708
23 157.863 15.77
24 165.637 13.443
25 119.07 5.823
26 127.605 7.304
27 123.015 7.7231
28 134.553 9.1494
29 132.15 8.3623
30 138.205 10.2446
31 216.316 14.1589
32 135.766 10.7827
33 118.716 8.8948
34 106.921 7.0285
35 125.101 8.173
36 120.09 7.613
37 116.136 6.0846
38 146.86 9.055
39 137.604 9.7119
40 123.303 5.8755
41 121.63 5.7119
42 157.167 11.674
43 140.754 9.6602
44 132.975 8.5831
45 147.954 9.0214
46 120.285 10.1464
47 73.8283 1.1197
48 120.379 7.1074
49 121.918 9.9544
50 127.596 9.4868
51 124.051 7.8724
52 138.454 10.2631
53 200.004 15.5552
54 203.893 15.8274
55 203.136 16.5306
56 143.178 10.1089
57 151.119 10.1374
58 127.4 4.5759
59 157.427 11.9073
60 149.696 8.9977
61 154.921 8.6387
62 158.985 10.1055
63 150.082 12.9451
64 113.04 6.3839
65 105.628 5.0125
66 85.6503 3.584
67 86.4151 3.0836
68 92.2221 2.8472
69 186.703 15.7815
70 151.771 14.0956
71 102.577 6.168
72 102.239 4.7589
73 108.987 5.1091
74 130.811 9.1923
75 116.277 7.0439
76 116.053 7.0086
77 112.067 5.8251
78 107.198 4.2087
79 113.482 6.8467
80 148.513 9.4352
81 140.514 8.4939
82 152.76 11.2506
83 167.882 12.5582
84 122.098 7.1096
85 145.793 9.2642
86 147.718 10.0592
87 143.782 9.4615
88 198.562 15.515
89 141.775 10.5829
90 137.422 9.7036
91 141.199 9.9445
92 151.335 11.007
93 148.646 8.9074
94 153.142 10.4248
95 170.219 14.2628
96 128.026 8.1587
97 138.508 7.7594
98 162.183 12.0021
99 166.175 13.0012
100 149.071 11.0867
101 139.952 10.2315
102 159.903 12.2256
103 141.176 10.2907
104 138.819 8.9035
105 130.704 9.3799
106 138.807 8.7765
107 162.489 11.0545
108 96.918 4.8083
109 102.135 5.9549
110 121.64 5.3566
111 100.061 4.104
112 111.034 7.098
113 105.854 4.3576
114 148.308 11.2868
115 160.878 11.9578
116 138.566 9.5968
117 116.89 7.5727
118 156.543 11.6013
119 131.383 8.3902
120 153.974 11.1867
121 143.678 11.5771
122 138.18 10.8774
123 121.346 7.8638
124 146.059 9.1377
125 154.45 11.0532
126 150.114 11.1592
127 152.538 10.3574
128 141.563 9.0378
129 143.236 10.6809
130 125.706 8.0116
131 138.459 9.1074
132 143.195 10.0429
133 140.098 5.4781
134 143.044 7.2998
135 146.702 7.6167
136 151.017 12.0864
137 129.516 6.408
138 169.999 12.0485
139 131.881 8.3787
140 174.916 11.537
141 106.738 7.6703
142 103.583 6.8572
143 98.053 4.0796
144 94.8799 3.7617
145 104.168 5.4241
146 138.962 9.0125
147 148.534 10.2879
148 97.4508 4.6941
149 93.3893 4.9095
150 99.5396 4.6903
151 119.444 7.5913
152 109.843 6.8047
153 160.678 9.7966
154 165.696 12.5006
155 169.609 13.622
156 150.272 9.7714
157 112.551 6.6502
158 141.469 8.6269
159 126.404 7.5162
160 124.192 7.1077
161 133.949 8.2576
162 161.681 13.7877
163 173.403 12.8415
164 116.033 6.8467
165 138.445 9.162
166 147.989 11.7502
167 152.302 11.5234
168 126.705 8.8237
169 141.9 8.6749
170 127.265 11.1553
171 148.817 10.7097
172 148.719 12.8331
173 133.005 10.0613
174 134.74 12.5648
175 123.304 9.2868
176 118.749 5.9773
177 170.383 13.9357
178 155.539 13.7943
179 108.569 5.8609
180 93.819 4.984
181 111.703 6.8253
182 136.896 8.6066
183 100.734 5.1071
184 86.449 3.4272
185 158.005 11.2896
186 121.414 9.0678
187 151.235 10.086
188 136.45 8.9834
189 139.304 8.8926
190 137.981 10.1213
191 141.033 10.2646
192 121.014 7.5388
193 138.289 10.6246
194 137.852 8.2991
195 125.12 9.228
196 123.367 7
197 139.58 7.9699
198 161.689 12.6411
199 158.141 12.7319
200 147.506 11.6041
201 142.326 10.3383
202 129.872 9.7114
203 135.763 10.3245
204 122.981 9.0244
205 129.128 10.4678
206 142.755 9.9814
207 106.499 3.3341
208 121.262 5.2241
209 169.919 12.0878
210 128.096 5.4855
211 182.389 11.5051
212 157.236 7.3041
213 205.577 14.1821
214 190.755 13.7477
215 173.992 14.4937
216 179.676 11.2601
217 179.591 15.3913
218 145.412 9.344
219 179.906 15.253
220 173.842 15.6216
221 177.023 13.8784
222 173.116 15.1062
223 169.451 13.7582
224 152.185 9.6867
225 137.43 8.8179
226 109.961 4.9642
227 113.058 6.5791
228 184.036 13.9513
229 169.119 12.2046
230 175.88 13.8161
231 176.46 13.5584
232 165.914 13.8759
233 152.717 12.099
234 151.96 12.8808
235 172.733 14.6316
236 151.411 12.6337
237 148.986 11.3075
238 160.314 14.3522
239 154.809 12.4363
240 159.476 14.0108
