0 105.306 6.6273
1 114.189 11.119
2 120.198 10.285
3 119.07 8.5012
4 70.1537 3.6041
5 103.299 8.1908
6 137.731 13.1707
7 153.364 13.5891
8 135.835 10.812
9 159.64 11.3922
10 139.449 10.9463
11 192.721 13.9952
12 156.461 14.3918
13 168.434 14.14
14 139.711 11.0145
15 194.041 15.9845
16 167.794 16.8706
17 155.215 10.4175
18 136.465 7.5183
19 121.237 5.9175
20 126.575 6.5176
21 144.044 10.1659
22 119.328 5.3796
23 162.105 16.8605
24 168.723 14.1138
25 121.56 6.2355
26 131.394 8.0244
27 126.616 8.4639
28 138.811 9.9875
29 136.027 9.1322
30 143.791 11.354
31 231.745 18.4083
32 140.954 11.6857
33 122.372 9.311
34 110.379 7.4767
35 129.376 8.8636
36 123.296 7.9952
37 118.738 6.3189
38 151.588 9.5917
39 142.674 10.3551
40 126.261 6.4403
41 124.189 6.0634
42 162.255 12.4622
43 146.181 10.4277
44 137.508 9.1357
45 151.96 9.5429
46 124.372 10.6858
47 73.7473 1.0822
48 122.691 7.535
49 125.636 10.8482
50 130.634 10.5539
51 128.072 8.5085
52 142.832 10.8295
53 202.976 16.3885
54 201.481 14.5378
55 202.219 15.4707
56 148.396 10.7162
57 156.794 10.6841
58 130.082 5.0289
59 161.719 12.4659
60 154.112 9.7382
61 159.68 9.2939
62 163.028 10.7078
63 157.633 13.9838
64 117.365 6.9368
65 108.369 5.3026
66 87.6453 3.8865
67 87.973 3.3563
68 93.7682 3.0629
69 196.25 15.4521
70 160.376 14.9944
71 105.184 6.5542
72 104.494 5.0379
73 111.841 5.4496
74 135.219 9.8322
75 120.239 7.4976
76 118.725 7.4147
77 113.82 6.032
78 108.72 4.3348
79 115.765 7.2948
80 152.251 9.9642
81 144.215 8.7251
82 157.886 12.3546
83 172.102 13.4647
84 124.292 7.5326
85 148.753 9.8369
86 150.053 10.7262
87 145.947 10.0148
88 201.489 16.8738
89 144.721 11.411
90 140.617 10.4767
91 146.409 10.7927
92 157.98 11.8495
93 153.555 9.7328
94 159.184 11.3488
95 177.299 14.7393
96 132.568 8.7814
97 142.71 8.194
98 168.929 12.6777
99 170.367 13.4457
100 153.615 11.7566
101 143.187 10.3826
102 163.496 12.8776
103 145.271 11.0807
104 141.848 9.4773
105 133.944 9.7822
106 141.097 9.3684
107 167.928 11.5509
108 99.6026 4.0154
109 105.619 6.2996
110 124.851 5.6897
111 102.195 4.3293
112 114.887 7.603
113 107.907 4.5751
114 154.426 12.0231
115 166.925 12.5553
116 140.749 9.7262
117 118.496 7.5426
118 159.503 12.0495
119 133.29 8.2302
120 156.009 11.5092
121 146.382 11.7803
122 142.165 11.5521
123 123.344 7.9051
124 149.678 9.8888
125 159.125 11.513
126 155.323 11.7428
127 157.081 11.1586
128 146.475 9.7858
129 147.587 11.2161
130 129.305 8.7473
131 142.408 9.6277
132 147.32 11.1049
133 142.474 5.6248
134 146.655 7.7121
135 150.222 8.2529
136 155.587 12.7504
137 132.541 6.7664
138 174.27 12.6083
139 136.113 9.2148
140 179.452 12.2055
141 110.667 8.4311
142 107.25 7.2997
143 100.195 4.31
144 96.7483 3.959
145 106.309 5.6811
146 143.462 9.9296
147 153.557 11.0966
148 100.473 5.2689
149 95.9156 5.3527
150 102.468 4.9712
151 123.335 8.227
152 114.423 7.4861
153 166.549 10.6479
154 173.222 13.1647
155 178.896 14.3411
156 155.009 10.4405
157 116.165 7.1158
158 145.571 9.0608
159 130.318 7.7479
160 127.617 7.3689
161 138.191 8.9041
162 168.227 14.7991
163 178.85 13.1648
164 118.383 7.1908
165 140.477 9.4363
166 151.235 11.8416
167 156.538 12.2621
168 130.126 9.5349
169 145.273 9.125
170 131.016 11.524
171 152.693 11.1591
172 152.728 13.5547
173 137.082 10.3975
174 138.931 13.3166
175 127.544 9.7883
176 121.281 6.3627
177 174.303 14.0878
178 160.227 14.343
179 111.451 6.3476
180 96.3085 5.3066
181 114.837 7.3332
182 141.701 9.165
183 103.208 5.3533
184 88.4136 3.8931
185 163.706 11.9398
186 126.49 9.7734
187 154.611 10.681
188 139.599 9.2267
189 143.627 9.6489
190 141.769 10.8793
191 145.731 10.5057
192 125.542 8.0148
193 144.501 11.2316
194 143.078 8.8559
195 130.916 10.0324
196 127.446 7.3805
197 144.1 8.7275
198 169.121 13.3936
199 165.362 13.8108
200 152.762 12.8039
201 147.012 11.182
202 134.812 10.4707
203 141.305 11.1566
204 127.641 10.2198
205 135.061 10.9384
206 148.138 10.9157
207 108.242 3.4958
208 124.479 5.5432
209 176.768 12.1918
210 131.492 5.9982
211 189.053 11.8104
212 162.037 8.0508
213 210.527 14.1683
214 199.249 14.1001
215 179.218 14.785
216 184.724 11.5191
217 185.069 14.974
218 149.873 9.9874
219 186.215 15.4486
220 180.844 15.5032
221 184.527 14.3843
222 178.55 15.9388
223 174.04 14.5507
224 156.73 10.5822
225 142.598 9.1047
226 112.491 5.1148
227 116.621 6.924
228 190.917 13.9432
229 174.526 12.4534
230 182.044 13.5323
231 182.935 13.6507
232 172.888 17.3735
233 158.704 13.2933
234 158.479 13.5886
235 180.266 15.0349
236 158.562 13.3431
237 154.296 11.8129
238 163.16 14.399
239 160.672 13.375
240 167.093 14.7787
