0 102.91 6.2875
1 108.279 10.1203
2 115.442 9.6058
3 115.086 8.032
4 68.6578 3.4413
5 99.415 7.6392
6 130.22 12.245
7 145.725 12.6176
8 131.455 10.5238
9 150.977 10.3585
10 131.569 9.9669
11 183.319 13.9996
12 147.341 12.8815
13 160.428 13.1015
14 132.736 9.9547
15 186.415 15.8626
16 158.944 16.0143
17 151.048 9.8913
18 133.915 7.1202
19 119.202 5.8383
20 124.594 6.2985
21 139.325 9.6311
22 117.478 5.1626
23 155.706 15.4094
24 164.01 13.3303
25 118.463 5.6484
26 126.684 7.2002
27 122.01 7.7442
28 132.56 9.0671
29 130.82 8.2281
30 136.67 10.303
31 219.364 14.7702
32 133.803 10.5991
33 117.259 8.7534
34 106.112 6.8967
35 123.909 8.1908
36 118.87 7.6305
37 115.192 6.0971
38 146.09 8.9214
39 136.347 9.58
40 122.677 5.8418
41 120.623 5.6136
42 155.621 11.7336
43 139.418 9.5721
44 132.119 8.4166
45 146.471 8.8329
46 118.966 9.9485
47 73.8747 1.1253
48 119.575 6.9933
49 120.387 9.8009
50 125.86 9.3226
51 123.086 7.7141
52 137.235 10.0525
53 202.557 17.2742
54 203.253 15.7402
55 201.474 16.2949
56 142.028 10.0631
57 149.887 10.0676
58 127.023 4.6247
59 156.122 11.9922
60 148.013 8.9198
61 153.753 8.4947
62 157.618 9.9063
63 148 12.9256
64 112.517 6.3838
65 105.164 4.9806
66 85.5769 3.5157
67 85.8354 3.05
68 92.0133 2.8288
69 184.581 15.9159
70 149.987 13.7859
71 102.055 6.1249
72 101.755 4.7765
73 108.714 5.1473
74 130.049 9.22
75 115.671 6.9923
76 114.662 6.8629
77 110.435 5.6498
78 106.041 4.0975
79 111.428 6.7009
80 146.061 9.1417
81 138.286 8.3058
82 150.895 11.3618
83 164.482 12.4757
84 121.563 7.0639
85 144.573 9.1908
86 146.318 9.9499
87 142.945 9.2373
88 201.269 16.6421
89 141.122 10.4074
90 137.85 9.7463
91 139.008 9.7451
92 148.602 10.7292
93 146.447 8.8163
94 150.369 10.1558
95 166.793 14.2785
96 126.447 7.8707
97 136.451 7.5511
98 159.411 11.6172
99 163.665 12.6716
100 146.76 10.8532
101 137.936 10.0432
102 157.6 11.8892
103 139.447 10.122
104 136.734 8.7744
105 128.941 9.2233
106 137.427 8.5882
107 161.032 10.7275
108 96.9682 4.6528
109 102.16 5.8224
110 122.059 5.2782
111 99.956 4.0214
112 111.515 6.9968
113 105.866 4.2347
114 148.117 11.1377
115 159.358 11.3377
116 137.207 9.0786
117 115.253 7.1808
118 153.899 11.0157
119 129.37 7.7437
120 150.356 10.5393
121 141.467 10.6473
122 136.096 10.4139
123 120.266 7.6375
124 145.954 9.018
125 155.796 11.2419
126 151.171 11.2028
127 153.465 10.4633
128 142.951 9.3176
129 143.592 10.865
130 126.501 8.1567
131 139.723 9.217
132 143.969 10.3727
133 139.598 5.4137
134 142.251 7.2655
135 145.541 7.5746
136 148.95 11.8725
137 129.027 6.2556
138 168.111 12.0864
139 130.562 8.1423
140 173.911 11.4108
141 105.852 7.566
142 102.527 6.8284
143 97.4417 3.9763
144 94.2455 3.7576
145 103.454 5.2797
146 137.532 8.8433
147 147.108 10.2212
148 97.1437 4.578
149 92.7205 4.8392
150 99.2667 4.6082
151 118.346 7.5581
152 109.116 6.8
153 159.364 9.7368
154 163.996 12.2563
155 167.485 13.588
156 149.119 9.8356
157 111.801 6.5843
158 140.112 8.4332
159 125.942 7.4884
160 123.941 7.0715
161 133.696 8.1249
162 160.674 13.8175
163 172.506 12.67
164 114.478 6.6611
165 136.387 8.5631
166 145.26 11.5755
167 149.71 11.3254
168 125.023 8.7868
169 139.406 8.468
170 124.257 10.6695
171 146.554 10.1102
172 145.847 12.5866
173 130.672 9.619
174 132.156 12.1383
175 121.794 8.8848
176 117.322 5.8647
177 167.341 13.4508
178 151.831 13.1637
179 107.832 5.8038
180 93.7035 4.9669
181 110.844 6.8167
182 135.923 8.5731
183 100.123 5.0077
184 86.213 3.4631
185 156.52 11.2191
186 120.357 9.0886
187 148.699 9.865
188 134.085 8.7524
189 137.829 8.7344
190 135.769 9.9525
191 139.315 10.0783
192 120.096 7.3912
193 137.425 10.5834
194 137.108 8.1395
195 124.252 9.2412
196 122.78 6.8492
197 138.696 7.8071
198 160.834 12.5815
199 157.719 12.6114
200 146.217 11.2864
201 141.82 10.0874
202 129.043 9.4811
203 134.656 10.0331
204 122.497 8.98
205 128.286 10.2585
206 141.271 9.4512
207 106.369 3.2523
208 120.86 5.2308
209 169.303 12.0614
210 127.929 5.5192
211 181.046 11.3421
212 156.812 7.3661
213 204.944 13.997
214 189.269 13.7055
215 171.999 14.3338
216 178.111 11.1495
217 177.692 15.092
218 144.308 9.15
219 177.849 15.2683
220 171.939 15.3734
221 174.955 13.5457
222 171.021 15.4752
223 166.248 13.4765
224 154.337 9.9416
225 139.282 8.6338
226 110.973 4.9583
227 114.268 6.6302
228 186.841 14.0162
229 171.568 12.0464
230 177.812 13.7853
231 178.968 13.5262
232 166.65 13.3625
233 153.493 12.0869
234 152.93 12.7146
235 173.341 14.5605
236 152.069 12.5928
237 149.397 11.1046
238 159.962 13.9431
239 154.266 12.2283
240 158.975 13.5215
