0 101.851 6.1693
1 107.531 9.9398
2 114.596 9.5575
3 114.29 7.9308
4 68.3211 3.3423
5 98.6388 7.4208
6 128.206 12.0515
7 144.218 12.4164
8 129.537 10.1682
9 152.512 10.4608
10 132.844 9.9685
11 185.354 14.1511
12 148.579 12.9325
13 161.685 13.2395
14 133.847 10.0106
15 188.515 16.0409
16 161.288 16.0089
17 150.435 9.6004
18 133.461 6.9679
19 118.791 5.7167
20 123.866 6.0052
21 138.739 9.5379
22 116.801 5.002
23 154.564 15.1899
24 162.322 12.7818
25 119.107 5.809
26 127.706 7.1843
27 122.843 7.8944
28 133.857 9.1194
29 132.057 8.3321
30 138.445 10.2081
31 261.442 23.079
32 134.211 10.5648
33 117.644 8.7469
34 106.155 6.9943
35 124.178 8.0614
36 119.235 7.6305
37 115.792 6.1134
38 146.093 8.8525
39 136.827 9.7078
40 122.688 5.8143
41 120.424 5.4686
42 156.02 11.7935
43 139.47 9.5324
44 132.064 8.3821
45 147.101 8.8376
46 119.201 10.0548
47 73.6371 1.1177
48 120.398 7.1259
49 121.53 9.9478
50 126.961 9.5873
51 124.646 8.0483
52 138.925 10.2421
53 203.149 16.6414
54 205.249 15.7132
55 203.729 16.2115
56 143.205 10.2937
57 151.323 10.1161
58 127.459 4.6854
59 157.614 12.0465
60 149.077 9.1652
61 155.172 8.7371
62 158.193 10.2073
63 147.619 12.5194
64 112.433 6.2076
65 105.107 4.9946
66 85.4717 3.5493
67 85.8543 3.0288
68 91.9774 2.8052
69 185.051 15.9289
70 149.783 13.599
71 102.045 6.022
72 101.661 4.697
73 108.529 5.095
74 129.295 8.9416
75 115.278 6.9617
76 115.442 6.8548
77 110.992 5.7178
78 106.458 4.1539
79 112.46 6.7553
80 146.88 9.1399
81 139.371 8.4743
82 151.42 11.2711
83 165.492 12.3973
84 121.129 7.0214
85 143.751 9.027
86 145.202 9.721
87 142.276 9.1017
88 199.451 15.9171
89 140.028 10.3219
90 136.468 9.547
91 140.096 9.8904
92 149.664 10.7652
93 147.7 8.837
94 152.275 10.2836
95 168.838 14.3675
96 127.289 7.935
97 137.772 7.7035
98 160.724 11.781
99 163.459 12.6706
100 146.422 10.7177
101 138.163 9.952
102 156.617 11.9695
103 138.774 9.9973
104 136.355 8.6414
105 128.537 9.0575
106 136.577 8.4749
107 162.362 10.9442
108 96.4301 4.786
109 101.717 5.7716
110 121.598 5.2741
111 99.8321 4.0481
112 111.147 6.9661
113 105.543 4.1837
114 148.268 11.0879
115 159.196 11.085
116 138.603 9.288
117 116.423 7.3467
118 156.579 11.3507
119 130.492 7.8067
120 152.771 10.744
121 143.383 11.2976
122 138.338 10.5219
123 121.342 7.7515
124 145.443 8.8701
125 153.037 10.9442
126 148.025 10.8229
127 150.542 10.0307
128 140.614 9.0419
129 141.75 10.3212
130 124.712 7.8816
131 137.342 8.7877
132 141.546 9.8144
133 139.725 5.4124
134 142.352 7.2284
135 145.742 7.4922
136 149.644 11.8492
137 129.023 6.3149
138 168.488 12.3613
139 131.135 8.2091
140 173.635 11.4341
141 105.897 7.4904
142 102.689 6.6499
143 97.3486 3.8994
144 94.3265 3.667
145 103.387 5.3709
146 137.433 8.7547
147 147.293 10.1215
148 96.9629 4.6616
149 92.5941 4.825
150 99.1987 4.6364
151 118.534 7.5543
152 109.349 6.7738
153 159.661 9.7024
154 164.394 12.3431
155 167.904 13.4616
156 148.838 9.7756
157 111.404 6.5013
158 139.682 8.3503
159 125.443 7.3176
160 123.392 7.0132
161 133.387 8.1137
162 160.018 13.7595
163 172.23 12.522
164 114.685 6.5636
165 135.826 8.5621
166 145.285 11.3561
167 149.021 11.0744
168 124.27 8.6822
169 139.139 8.3045
170 123.869 10.5322
171 146.042 10.0353
172 145.406 12.6647
173 130.466 9.6935
174 132.041 12.0795
175 121.948 8.827
176 117.761 5.8272
177 166.829 13.52
178 151.859 13.0161
179 107.741 5.7291
180 93.2524 4.7779
181 110.814 6.7439
182 136.08 8.4416
183 100.134 5.0205
184 86.1491 3.4471
185 156.476 10.9305
186 120.73 9.1805
187 150.643 10.1585
188 135.921 8.8669
189 139.309 8.8912
190 137.988 10.1011
191 140.859 10.0346
192 120.313 7.4803
193 138.11 10.6224
194 137.56 7.9631
195 124.9 9.2293
196 122.899 6.8705
197 139.066 7.6706
198 161.412 12.594
199 158.387 12.5864
200 146.251 11.4283
201 142.479 10.0892
202 129.727 9.3424
203 135.006 10.0651
204 122.703 9.0398
205 128.389 10.3926
206 141.128 9.5448
207 106.717 3.3058
208 121.07 5.2613
209 169.937 12.1975
210 128.056 5.5975
211 182.094 11.3875
212 157.483 7.3898
213 207.232 14.6394
214 190.318 13.6658
215 172.182 14.4023
216 178.172 11.1884
217 177.89 15.0789
218 144.201 9.2406
219 178.423 15.2966
220 171.962 15.3478
221 175.119 13.7628
222 171.077 15.2001
223 166.355 13.6046
224 151.904 9.4735
225 137.688 8.559
226 109.989 4.8585
227 113.126 6.4012
228 185.466 13.6314
229 169.4 11.9138
230 175.805 13.6506
231 176.733 13.1434
232 167.911 13.6014
233 154.43 12.2993
234 153.881 13.0452
235 173.974 14.7354
236 153.476 12.6887
237 150.549 11.3078
238 161.751 14.2341
239 155.597 12.5664
240 159.273 13.7028
