0 103.138 6.2851
1 110.476 10.233
2 116.725 9.6701
3 116.095 7.917
4 69.0175 3.4041
5 100.174 7.6005
6 131.943 12.2511
7 147.734 12.5923
8 132.004 10.4009
9 155.36 10.6272
10 135.181 10.2678
11 188.218 13.9291
12 151.419 13.2064
13 164.709 13.6498
14 136.265 10.3152
15 190.883 15.7826
16 163.91 16.0201
17 152.175 9.7725
18 134.592 7.1468
19 119.665 5.7795
20 125.093 6.1722
21 140.752 9.7514
22 117.812 5.1274
23 156.8 15.2722
24 164.165 13.0148
25 120.171 5.8978
26 129.352 7.4544
27 124.498 7.8939
28 136.54 9.4296
29 133.824 8.5711
30 140.423 10.3283
31 213.852 12.6361
32 138.258 10.9521
33 119.981 8.9563
34 108.53 7.1428
35 126.996 8.2988
36 121.437 7.7928
37 117.18 6.3154
38 149.43 9.384
39 140.361 9.8998
40 124.733 6.0279
41 123.158 5.841
42 159.996 12.2811
43 143.086 9.8922
44 135.022 8.79
45 150.538 9.1878
46 122.78 10.4063
47 73.9381 1.1307
48 121.441 7.3221
49 123.268 10.3802
50 128.963 9.7897
51 125.707 7.8949
52 140.522 10.4182
53 202.874 16.5141
54 205.858 15.9853
55 202.902 15.9414
56 145.074 10.3153
57 153.573 10.2758
58 128.335 4.7422
59 159.001 12.1969
60 151.139 9.3005
61 156.429 8.6232
62 160.479 10.3062
63 152.783 13.1703
64 114.833 6.538
65 106.754 5.1348
66 86.4703 3.6609
67 86.7463 3.1535
68 92.7987 2.8639
69 190.645 15.9739
70 154.77 14.2121
71 103.139 6.1651
72 102.778 4.7311
73 109.518 5.1525
74 131.789 9.1538
75 116.949 7.0272
76 116.165 6.9057
77 111.776 5.7056
78 106.904 4.1003
79 112.843 6.7141
80 148.525 9.3256
81 140.399 8.332
82 152.588 11.3492
83 166.864 12.4019
84 122.521 7.1748
85 147.126 9.2654
86 148.808 9.9744
87 144.844 9.3431
88 201.262 15.1695
89 143.867 10.4908
90 140.675 9.8712
91 142.824 9.9415
92 153.38 11.1033
93 149.954 8.9797
94 154.801 10.5266
95 171.766 14.4892
96 129.137 7.9532
97 139.831 7.8887
98 164.142 12.14
99 165.609 12.8126
100 149.123 10.9375
101 139.929 10.0499
102 159.783 12.1528
103 140.926 10.122
104 138.514 8.8623
105 130.622 9.1403
106 137.976 8.645
107 164.437 11.1617
108 98.2572 4.0438
109 103.868 5.7765
110 123.307 5.1771
111 101.471 3.9596
112 113.92 6.8841
113 107.357 4.1794
114 154.038 11.1414
115 165.139 11.1259
116 140.981 9.0271
117 118.153 7.1584
118 158.87 11.1759
119 132.346 7.8441
120 155.09 10.6753
121 145.228 11.1376
122 140.272 10.5101
123 122.61 7.6715
124 149.323 9.0326
125 155.876 11.0656
126 151.905 11.198
127 154.292 10.452
128 143.648 9.3157
129 144.239 10.6273
130 126.715 8.1168
131 139.492 9.1417
132 144.746 10.3161
133 140.656 5.532
134 143.774 7.4079
135 147.415 7.654
136 152.284 11.9154
137 130.044 6.3319
138 170.667 12.1575
139 132.597 8.4751
140 176.062 11.7637
141 108.144 7.6234
142 105.314 6.9715
143 98.8131 4.0991
144 95.5755 3.8484
145 105.129 5.5543
146 140.742 9.2914
147 151.066 10.5696
148 97.8457 4.6945
149 93.6645 4.9307
150 99.996 4.6817
151 120.052 7.7552
152 110.658 6.9679
153 161.545 9.8225
154 167.007 12.614
155 170.677 13.6318
156 151.335 10.0012
157 112.775 6.5979
158 141.937 8.6013
159 127.144 7.3947
160 124.566 6.8799
161 135.256 8.3349
162 163.814 13.9477
163 174.257 12.5232
164 115.844 6.9197
165 138.107 9.0919
166 147.768 11.5867
167 152 11.6499
168 126.593 8.713
169 141.71 8.5869
170 127.442 10.8799
171 148.751 10.5911
172 148.626 12.7516
173 133.482 10.0127
174 135.202 12.4471
175 124.168 9.2853
176 118.844 5.9792
177 170.186 13.6857
178 155.993 13.5471
179 109.332 5.8647
180 94.4777 4.992
181 112.576 6.9451
182 137.841 8.5786
183 101.136 5.1247
184 86.7482 3.5304
185 158.883 11.4897
186 121.969 9.1494
187 150.746 10.0054
188 136.445 8.828
189 139.467 8.876
190 138.07 10.2342
191 141.401 10.1489
192 121.42 7.5678
193 139.314 10.5462
194 138.903 8.3545
195 126.103 9.2107
196 124.384 6.9853
197 140.478 7.9411
198 163.569 12.5124
199 160.418 12.809
200 148.417 11.486
201 144.195 10.2044
202 131.472 9.663
203 137.123 10.0803
204 125.025 9.2962
205 130.704 10.2142
206 143.613 9.6739
207 106.867 3.3463
208 121.767 5.3682
209 171.658 12.0307
210 128.887 5.5088
211 184.202 11.5633
212 158.506 7.485
213 208.835 14.7778
214 192.245 13.3916
215 174.683 14.4019
216 179.919 11.2563
217 179.688 15.1636
218 145.992 9.2459
219 180.276 14.9507
220 174.54 15.2913
221 178.077 13.6435
222 173.31 15.2082
223 169.223 13.8282
224 155.785 9.717
225 141.444 8.5542
226 111.629 4.9146
227 115.453 6.4572
228 189.656 13.4363
229 173.326 11.7664
230 180.995 13.385
231 182.423 12.9886
232 170.672 13.8235
233 157.27 11.8658
234 156.236 12.6404
235 177.285 14.1838
236 155.976 12.6788
237 152.987 11.1395
238 161.828 13.5731
239 157.615 12.1564
240 163.734 13.7364
