0 107.753 6.6593
1 118.556 10.6626
2 124.449 10.1894
3 122.817 8.5005
4 70.8022 3.5821
5 106.241 7.9308
6 142.092 12.8269
7 158.283 13.2187
8 141.129 10.9439
9 166.079 11.4954
10 146.355 10.9679
11 200.897 14.3007
12 163.247 13.8916
13 175.221 13.5416
14 145.117 10.9109
15 201.546 15.2204
16 176.452 16.4372
17 159.086 10.2746
18 139.099 7.5456
19 123.237 6.1732
20 128.809 6.4932
21 147.38 10.1542
22 120.848 5.3634
23 165.872 15.8795
24 173.746 13.3444
25 122.078 6.0613
26 132.026 7.5971
27 127.79 8.2383
28 140.65 9.463
29 138.048 8.7567
30 145.51 10.69
31 208.897 10.4966
32 145.906 11.3884
33 125.379 9.2782
34 112.4 7.3944
35 132.001 8.7052
36 126.243 8.0286
37 121.051 6.3244
38 154.605 9.4771
39 145.844 10.1109
40 128.11 6.2282
41 125.91 6.0128
42 168.418 12.3572
43 149.414 10.1594
44 140.322 8.9929
45 155.36 9.2956
46 128.816 10.4215
47 73.7974 1.0475
48 125.598 7.5292
49 129.894 10.5853
50 134.825 10.1112
51 130.64 8.4794
52 146.44 10.7641
53 202.926 15.5048
54 204.674 14.7864
55 202.44 15.1696
56 153.281 10.8383
57 161.323 10.8202
58 131.604 4.9201
59 167.751 12.454
60 158.325 9.6968
61 162.914 9.1087
62 168.753 10.6639
63 162.25 13.5712
64 118.683 6.7802
65 108.999 5.2259
66 88.1737 3.7281
67 88.285 3.2417
68 94.0724 2.9423
69 199.569 15.0405
70 164.466 14.3736
71 107.475 6.4222
72 105.739 4.9018
73 112.499 5.343
74 138.561 9.6739
75 122.19 7.3829
76 121.37 7.2343
77 116.115 5.9399
78 110.361 4.3099
79 118.603 7.0899
80 155.809 9.652
81 146.943 8.5608
82 162.185 11.8487
83 176.878 12.5778
84 127.963 7.4263
85 153.576 9.65
86 155.339 10.2932
87 150.938 9.8562
88 199.585 14.4685
89 150.749 11.0113
90 146.276 10.2326
91 149.706 10.4113
92 161.508 11.6568
93 157.627 9.5838
94 162.691 11.0844
95 183.254 14.4801
96 135.961 8.5496
97 145.779 8.1857
98 173.43 12.3757
99 175.187 12.9957
100 157.046 11.5299
101 146.475 10.315
102 167.169 12.4219
103 148.847 10.7665
104 144.728 9.2742
105 137.77 9.6448
106 144.049 8.991
107 171.865 11.3211
108 100.702 3.903
109 108.028 6.1757
110 127.94 5.7157
111 103.798 4.2971
112 118.619 7.4913
113 109.768 4.51
114 160.266 11.9387
115 171.709 11.9192
116 146.15 9.7506
117 122.912 7.7506
118 165.514 11.8921
119 137.389 8.4963
120 162.297 11.5424
121 153.302 11.9431
122 147.417 11.4709
123 128.588 8.2798
124 153.469 9.5942
125 165.514 11.4657
126 160.332 11.3813
127 162.248 10.8546
128 150.683 9.6688
129 153.065 11.1523
130 133.282 8.5922
131 146.372 9.5216
132 151.603 10.689
133 143.676 5.6984
134 148.361 7.6049
135 151.763 7.857
136 160.276 12.4936
137 134.122 6.7471
138 177.396 12.1225
139 138.121 9.0792
140 183.053 11.7611
141 112.691 8.0567
142 109.549 7.2515
143 101.527 4.342
144 97.518 3.9108
145 108.201 5.6429
146 146.143 9.2435
147 158.725 11.0248
148 102.111 5.0449
149 98.028 5.1803
150 104.342 4.984
151 127.316 8.2688
152 117.098 7.2768
153 172.053 10.3754
154 180.649 12.8069
155 184.433 13.724
156 160.946 10.635
157 119.796 7.2735
158 150.672 9.1316
159 134.471 7.9991
160 130.592 7.3654
161 143.57 8.9486
162 177.161 14.3766
163 186.322 12.5699
164 121.533 7.4085
165 145.995 9.7844
166 157.585 12.3976
167 161.995 12.3139
168 133.793 9.6015
169 148.744 9.2565
170 136.977 11.7949
171 158.966 11.2477
172 157.252 13.3304
173 139.643 10.4074
174 142.846 12.8449
175 131.29 9.2648
176 122.738 6.1922
177 179.34 13.7085
178 165.186 13.7149
179 113.72 6.2731
180 97.9427 5.2202
181 118.235 7.2183
182 144.75 9.1566
183 104.916 5.329
184 89.3419 3.6934
185 168.999 11.9136
186 130.711 9.8732
187 158.87 10.5528
188 143.127 9.2974
189 146.755 9.4076
190 146.009 10.5603
191 149.816 10.5952
192 128.11 8.096
193 148.647 11.2775
194 146.758 8.8533
195 134.049 9.9823
196 129.76 7.3851
197 147.096 8.5489
198 173.901 13.1458
199 170.814 13.4243
200 156.986 12.1993
201 153.251 11.0441
202 139.355 10.2257
203 145.829 11.1197
204 131.976 9.808
205 139.486 11.2357
206 151.622 10.4149
207 109.008 3.5013
208 126.212 5.5253
209 181.495 12.2771
210 133.094 5.951
211 194.292 11.5055
212 164.313 7.8058
213 216.456 14.242
214 203.49 12.874
215 185.031 14.2385
216 188.475 11.1863
217 191.136 14.5447
218 153.114 9.7373
219 192.672 15.024
220 185.767 15.3161
221 188.342 13.6835
222 184.175 15.1899
223 178.437 13.8303
224 162.442 10.6989
225 147.518 9.1709
226 115.46 5.3046
227 120.047 6.9707
228 195.708 13.208
229 182.519 12.2574
230 187.336 13.245
231 190.74 13.309
232 181.113 15.2782
233 165.072 12.6224
234 166.177 13.4005
235 185.554 14.3707
236 165.212 13.2305
237 160.282 11.695
238 165.507 13.1755
239 167.115 12.9435
240 175.381 14.2664
