0 111.354 6.9287
1 123.997 11.1968
2 128.883 10.6424
3 127.02 8.7596
4 72.5415 3.7212
5 109.788 8.181
6 148.513 13.5785
7 165.373 13.9232
8 145.28 11.2955
9 170.977 11.7106
10 150.798 11.2249
11 201.496 13.5226
12 168.101 13.8928
13 180.981 13.7595
14 148.747 11.3305
15 201.891 14.7199
16 181.417 16.4046
17 163.504 10.7851
18 141.843 7.8135
19 125.279 6.249
20 130.96 6.68
21 151.455 10.7805
22 122.666 5.6266
23 171.595 15.8995
24 177.784 13.6825
25 124.498 6.334
26 135.533 7.9194
27 131.466 8.6436
28 145.447 10.2221
29 142.062 9.2213
30 150.758 11.2701
31 222.798 14.0481
32 152.197 11.8075
33 130.281 9.5126
34 116.547 7.675
35 137.47 9.1562
36 130.201 8.3967
37 124.726 6.6714
38 160.053 10.0315
39 151.827 10.8485
40 132.791 6.751
41 129.513 6.3968
42 176.631 12.7996
43 156.622 11.0089
44 146.05 9.3748
45 160.926 10.0306
46 135.851 11.4414
47 73.7762 1.0398
48 129.532 7.8866
49 135.814 11.3335
50 140.441 10.5654
51 134.993 8.7961
52 152.71 11.4328
53 203.624 14.9969
54 204.971 14.2076
55 205.523 15.5531
56 160.303 11.5547
57 168.839 11.5829
58 134.824 5.3099
59 175.378 12.9669
60 163.591 10.3364
61 169.069 9.7395
62 175.596 11.267
63 168.387 14.0325
64 121.801 7.0822
65 111.113 5.3718
66 90.2025 3.8994
67 89.6839 3.3665
68 95.2804 3.0836
69 202.702 14.7266
70 170.996 14.9393
71 110.759 6.667
72 108.103 5.175
73 116.058 5.6401
74 143.464 10.0804
75 125.72 7.7669
76 125.176 7.6431
77 119.261 6.2073
78 112.335 4.5496
79 121.745 7.303
80 159.519 10.1224
81 150.327 9.0582
82 166.99 12.5419
83 180.723 12.8713
84 130.433 7.9097
85 157.342 10.5241
86 159.015 11.1609
87 153.623 10.4235
88 202.501 15.19
89 153.984 11.8634
90 148.679 10.8851
91 153.418 10.6912
92 166.444 11.7033
93 160.959 9.6861
94 167.181 11.2464
95 189.652 14.2937
96 139.017 8.8537
97 149.361 8.4836
98 177.771 12.413
99 182.68 13.3617
100 162.987 12.0114
101 152.476 10.9131
102 173.805 12.7376
103 154.427 11.2255
104 149.022 9.7887
105 141.805 10.1624
106 149.038 9.5603
107 178.925 11.8147
108 101.987 4.4572
109 110.695 6.6689
110 130.775 6.1653
111 106.23 4.657
112 121.995 8.1064
113 111.835 4.891
114 166.665 12.8048
115 177.304 12.383
116 147.669 10.1611
117 124.947 8.0418
118 168.519 12.3512
119 139.796 8.8474
120 164.279 11.8048
121 155.32 12.171
122 149.76 11.5335
123 130.063 8.5513
124 157.531 10.2162
125 172.109 11.856
126 166.842 11.9773
127 168.204 11.3215
128 156.047 10.1249
129 159.446 11.5745
130 137.678 8.7995
131 151.878 10.0731
132 157.647 11.2329
133 146.058 5.8008
134 152.03 7.949
135 155.277 8.2062
136 166.036 13.0359
137 137.053 7.024
138 182.405 12.4876
139 141.353 9.332
140 187.156 11.7359
141 116.663 8.5781
142 113.293 7.689
143 103.226 4.4772
144 99.4782 4.0441
145 111.136 5.8434
146 150.628 9.8871
147 164.853 11.5339
148 103.999 5.1596
149 99.0837 5.2715
150 105.549 5.1257
151 130.033 8.5574
152 120.097 7.4779
153 175.197 10.7041
154 184.537 12.7665
155 188.776 13.7607
156 165.283 10.936
157 122.995 7.511
158 153.826 9.3998
159 136.961 8.2227
160 133.271 7.2508
161 146.476 9.0814
162 180.457 14.3965
163 189.072 12.7845
164 123.542 7.5384
165 149.046 10.0243
166 161.469 12.4822
167 164.677 12.5035
168 136.548 9.7001
169 151.409 9.5728
170 139.997 12.0767
171 161.102 11.4777
172 163.548 13.7697
173 145.027 10.9793
174 150.135 13.6605
175 135.976 10.0569
176 125.916 6.5895
177 186.872 14.0836
178 172.928 14.2166
179 116.66 6.5276
180 99.8682 5.3588
181 122.634 7.6018
182 149.586 9.4859
183 107.633 5.5741
184 91.0126 3.868
185 174.599 12.3211
186 135.487 10.1238
187 165.013 11.0948
188 150.214 9.8999
189 153.286 9.7823
190 153.606 11.2578
191 156.539 11.4398
192 132.395 8.4588
193 154.372 11.9243
194 151.644 9.4484
195 139.648 10.4358
196 134.385 7.7224
197 151.132 8.6909
198 179.541 13.3438
199 177.364 13.675
200 162.558 12.7019
201 157.238 11.4628
202 143.266 10.5701
203 149.699 11.5872
204 134.585 10.1054
205 142.313 11.5784
206 154.597 10.9534
207 110.138 3.587
208 128.686 5.7055
209 187.94 12.3401
210 135.739 6.0557
211 199.358 11.2434
212 168.018 8.1172
213 213.245 12.5873
214 210.59 13.4387
215 190.757 14.3166
216 194.956 11.3707
217 198.426 14.8724
218 158.421 10.1355
219 198.653 15.0116
220 192.599 15.1019
221 194.161 13.6389
222 191.202 15.0784
223 184.905 14.0849
224 164.529 10.7545
225 149.233 9.5289
226 116.851 5.4742
227 122.209 7.2274
228 197.467 13.5343
229 186.103 12.4531
230 186.783 13.4059
231 190.327 13.2183
232 191.3 17.8253
233 171.669 13.8729
234 172.328 14.2096
235 190.49 14.4704
236 171.455 14.0119
237 166.197 12.1882
238 169.135 13.8387
239 173.245 13.6765
240 177.719 14.5245
