0 107.861 6.6885
1 118.639 10.5762
2 124.781 10.3209
3 122.672 8.5579
4 71.0417 3.6175
5 106.579 8.0483
6 142.782 13.0791
7 158.135 13.3728
8 138.23 10.713
9 163.551 11.1743
10 144.348 10.8312
11 197.515 13.6742
12 160.762 13.649
13 172.712 13.4825
14 143.443 10.799
15 199.118 15.2071
16 174.073 16.1212
17 158.005 10.3192
18 138.339 7.3864
19 122.856 6.133
20 127.884 6.3742
21 146.579 10.1478
22 120.207 5.3061
23 163.82 15.6769
24 171.767 13.192
25 123.186 6.1723
26 132.879 7.747
27 128.802 8.4224
28 141.464 9.7564
29 139.178 8.9897
30 146.863 10.8541
31 208.972 10.8055
32 144.774 11.3996
33 124.591 9.246
34 112.173 7.268
35 130.865 8.5725
36 126.125 7.92
37 120.655 6.3489
38 153.905 9.3603
39 145.629 10.0982
40 127.62 6.071
41 125.394 5.9269
42 167.323 12.4357
43 148.544 10.0706
44 139.674 8.9204
45 154.503 9.2283
46 126.843 10.4141
47 73.8537 1.0359
48 125.013 7.4689
49 129.416 10.4863
50 133.578 9.9805
51 129.989 8.4311
52 145.684 10.5587
53 203.301 16.0394
54 204.883 14.8893
55 203.89 15.8533
56 151.631 10.7484
57 159.576 10.6977
58 131.194 4.9396
59 166.486 12.4531
60 157.046 9.639
61 161.387 9.0415
62 166.796 10.4759
63 160.092 13.6071
64 117.903 6.7359
65 108.806 5.1686
66 88.1067 3.7013
67 88.0747 3.2222
68 94.0274 2.9557
69 198.723 15.28
70 163.888 14.4961
71 107.204 6.3714
72 105.495 4.9494
73 112.688 5.2791
74 138.309 9.3515
75 122.256 7.377
76 121.875 7.4152
77 116.483 6.0308
78 110.378 4.3413
79 118.937 7.111
80 156.252 9.7839
81 147.051 8.4521
82 162.794 11.8114
83 177.37 12.4769
84 128.012 7.4723
85 152.998 9.4952
86 155.392 10.1641
87 149.994 9.468
88 199.72 14.4289
89 149.509 10.7287
90 145.457 10.2076
91 146.361 10.1213
92 158.454 11.0889
93 154.251 9.2122
94 159.081 10.754
95 179.126 14.0836
96 133.48 8.3502
97 143.073 7.8597
98 169.993 12.2147
99 174.16 12.8815
100 156.406 11.3602
101 145.587 10.2789
102 166.511 12.525
103 148.091 10.6467
104 144.138 9.192
105 137.019 9.8337
106 143.659 8.9276
107 170.678 11.2907
108 100.18 3.9141
109 106.66 6.1118
110 126.375 5.7476
111 103.092 4.3246
112 116.912 7.5452
113 108.98 4.5264
114 157.091 11.9564
115 168.772 11.9127
116 142.783 9.5981
117 120.594 7.5467
118 162.527 11.8164
119 135.32 8.1514
120 158.408 11.132
121 150.078 11.7188
122 144.461 11.0373
123 126.073 8.1243
124 152.393 9.5472
125 164.87 11.5584
126 159.393 11.4416
127 162.001 10.8247
128 150.495 9.5949
129 152.61 11.1147
130 133.194 8.6348
131 145.9 9.4877
132 151.358 10.5444
133 143.781 5.6734
134 148.074 7.6841
135 151.902 8.0008
136 159.682 12.5938
137 134.381 6.7291
138 176.682 12.2453
139 138.173 8.7225
140 182.835 11.668
141 112.265 8.0484
142 109.146 7.2379
143 101.55 4.2999
144 97.4834 3.9379
145 108.023 5.6759
146 145.846 9.5279
147 157.336 10.969
148 101.242 4.9269
149 96.6174 5.0207
150 103.044 4.9199
151 125.161 8.0631
152 115.622 7.1103
153 168.771 10.1221
154 177.081 12.7371
155 180.327 13.792
156 158.163 10.3895
157 118.588 7.1268
158 148.438 9.0378
159 132.76 7.7759
160 129.436 7.3044
161 141.125 8.7251
162 173.895 14.4294
163 182.787 12.5834
164 119.845 7.0959
165 143.146 9.529
166 154.388 12.0431
167 158.305 11.97
168 131.34 9.1555
169 146.268 9.0087
170 133.145 11.189
171 155.541 10.9767
172 155.926 13.3256
173 139.706 10.5474
174 142.387 12.7321
175 130.633 9.6211
176 122.654 6.3038
177 178.856 13.9561
178 164.821 13.7857
179 113.401 6.2765
180 97.7905 5.1707
181 117.712 7.2817
182 144.689 9.0961
183 104.933 5.4554
184 89.1448 3.6666
185 168.758 11.9621
186 130.509 9.7826
187 158.185 10.4448
188 143.295 9.4134
189 146.467 9.269
190 145.561 10.611
191 148.759 10.6136
192 127.543 8.0276
193 147.835 11.3043
194 146.203 8.9513
195 133.307 9.9526
196 128.943 7.4416
197 146.927 8.4638
198 172.013 13.1326
199 170.126 13.4885
200 154.552 11.9572
201 150.071 10.8483
202 136.693 10.0643
203 143.239 10.872
204 130.197 9.596
205 137.396 11.1296
206 149.146 10.0325
207 108.409 3.377
208 125.18 5.4287
209 179.264 12.0958
210 132.243 5.739
211 191.879 11.31
212 162.787 7.6479
213 219.003 15.4076
214 201.577 13.0231
215 186.301 14.3133
216 190.032 11.3042
217 192.941 15.127
218 153.922 9.8539
219 192.643 15.1502
220 185.799 15.1634
221 189.096 13.7161
222 184.232 15.224
223 177.53 13.7429
224 158.954 10.358
225 143.689 9.0897
226 113.709 5.2341
227 118.066 6.8421
228 193.76 13.9725
229 178.577 12.2228
230 185.843 13.7248
231 187.593 13.2021
232 178.03 15.3034
233 163.172 12.7472
234 163.813 13.5659
235 184.713 14.4835
236 162.822 13.1724
237 159.222 11.6747
238 165.17 13.6226
239 165.545 13.0225
240 170.943 14.3385
