0 108.715 6.7083
1 119.295 10.635
2 124.808 10.4482
3 123.268 8.4815
4 71.3494 3.6057
5 107.171 7.9138
6 142.876 13.336
7 159.596 13.7161
8 139.275 10.8641
9 165.434 11.6319
10 146.121 10.8143
11 199.928 14.0283
12 163.339 13.9524
13 175.222 13.6714
14 145.15 10.8222
15 199.972 15.0377
16 176.089 16.235
17 158.614 10.628
18 138.672 7.6109
19 123.11 6.1574
20 128.363 6.2944
21 147.212 10.4346
22 120.53 5.2012
23 165.564 16.3797
24 173.07 13.3748
25 122.857 6.2734
26 132.767 7.675
27 128.871 8.2608
28 141.483 9.9298
29 138.568 9.0389
30 146.877 11.0346
31 317.203 28.8918
32 146.786 11.3607
33 126.619 9.7167
34 113.586 7.5293
35 133.643 8.8009
36 127.224 8.0883
37 121.861 6.4075
38 155.872 9.8714
39 147.611 10.4754
40 130.279 6.666
41 127.798 6.1768
42 173.201 12.6849
43 153.036 10.9924
44 142.993 9.2755
45 159.017 9.9986
46 133.16 11.2659
47 73.7351 1.0366
48 126.115 7.6691
49 130.498 10.6664
50 135.239 10.2606
51 131.036 8.6453
52 147.386 11.1226
53 203.188 15.1452
54 202.11 13.8268
55 203.537 15.3124
56 154.059 11.1825
57 162.441 11.0984
58 131.954 4.9823
59 169.213 12.4912
60 158.358 9.773
61 163.131 9.3563
62 169.275 10.9684
63 162.758 13.9703
64 119.093 6.8863
65 109.325 5.2697
66 88.7633 3.7469
67 88.3582 3.2693
68 94.3596 2.9863
69 202.941 16.2733
70 165.41 14.8095
71 108.061 6.5034
72 106.458 5.1412
73 113.679 5.4506
74 140.265 9.8369
75 123.155 7.529
76 123.52 7.6114
77 118.139 6.2754
78 111.301 4.5403
79 120.608 7.3545
80 158.133 10.0113
81 148.941 8.6578
82 165.271 12.0522
83 180.479 12.667
84 128.9 7.571
85 154.137 9.9666
86 156.861 10.6708
87 151.376 9.9297
88 200.566 14.5376
89 150.974 11.0676
90 147.85 10.3419
91 148.638 10.4271
92 160.007 11.4436
93 156.167 9.3518
94 161.378 10.8875
95 183.267 14.2021
96 134.828 8.5775
97 145.213 8.1236
98 171.749 12.4645
99 177.089 13.2724
100 158.642 11.8852
101 147.915 10.6939
102 169.022 12.6695
103 149.824 11.0523
104 145.931 9.6744
105 138.514 9.9825
106 145.53 9.3879
107 172.437 11.8785
108 102.353 4.1967
109 110.982 6.3308
110 131.293 5.8484
111 106.025 4.4143
112 122.694 7.7526
113 111.777 4.611
114 166.332 12.5163
115 177.628 12.0838
116 148.356 9.7078
117 123.897 7.7802
118 167.096 12.0845
119 137.93 8.4246
120 162.881 11.6777
121 154.599 11.9928
122 148.374 11.3327
123 129.229 8.5146
124 154.587 9.7847
125 166.993 11.8858
126 161.726 11.7557
127 163.612 10.9199
128 151.991 9.9468
129 154.749 11.5762
130 133.917 8.7385
131 147.489 9.8329
132 153.096 10.9347
133 143.97 5.7849
134 148.937 7.858
135 152.069 8.0152
136 161.191 12.955
137 134.452 6.8879
138 178.197 12.5489
139 138.689 8.8765
140 184.141 11.7669
141 113.553 8.3182
142 110.361 7.3743
143 101.969 4.3867
144 97.9872 3.9671
145 109.115 5.9577
146 147.353 9.8297
147 160.656 11.2259
148 102.356 5.0747
149 97.5124 5.2203
150 103.938 5.0344
151 126.706 8.268
152 117.187 7.3596
153 170.604 10.4418
154 180.034 13.0544
155 183.856 13.8838
156 160.698 10.5895
157 119.828 7.3447
158 150.114 9.2618
159 134.009 7.8961
160 130.332 7.232
161 143.188 8.8274
162 176.327 14.4394
163 185.634 12.9556
164 121.254 7.4367
165 145.366 9.5768
166 157.094 12.7447
167 161.248 12.9251
168 133.666 9.5281
169 148.873 9.3034
170 135.732 11.7009
171 158.002 11.5623
172 158.132 13.3768
173 140.852 10.6327
174 145.16 13.3892
175 132.219 10.0415
176 123.27 6.4291
177 180.579 14.1491
178 166.794 14.38
179 115.279 6.5872
180 99.0009 5.2961
181 120.222 7.5413
182 147.142 9.6528
183 106.172 5.5213
184 90.2035 3.8734
185 170.89 12.2247
186 132.445 9.9611
187 158.649 10.654
188 143.669 9.3347
189 147.391 9.289
190 147.035 10.8448
191 149.926 11.0705
192 128.607 8.1666
193 148.66 11.5096
194 146.684 9.1586
195 134.301 10.2331
196 130.19 7.5168
197 147.323 8.6242
198 174.197 13.3828
199 171.083 13.2544
200 158.048 12.5664
201 154.004 11.445
202 140.284 10.5196
203 145.931 11.2735
204 132.644 9.8738
205 140.164 11.3677
206 152.779 10.8734
207 108.85 3.4958
208 126.237 5.6928
209 182.557 12.476
210 133.301 5.8641
211 194.755 11.6607
212 164.338 7.8877
213 207.326 11.1337
214 204.172 12.9771
215 186.911 14.1662
216 189.798 11.1666
217 194.099 14.9687
218 154.462 9.9444
219 192.995 15.1166
220 188.526 15.8028
221 190.937 14.2994
222 185.46 14.9712
223 179.986 13.9671
224 166.676 9.9537
225 150.841 9.3968
226 116.839 5.4167
227 121.984 6.995
228 197.509 13.4089
229 185.505 12.3827
230 188.571 13.4767
231 192.119 13.3412
232 184.854 15.2828
233 168.475 13.2358
234 169.025 13.7083
235 186.933 14.1959
236 167.723 13.4462
237 163.042 12.0879
238 166.557 13.3218
239 169.901 12.9471
240 177.253 14.5748
