0 107.529 6.5867
1 118.391 10.7342
2 124.174 10.1816
3 122.398 8.4431
4 70.7557 3.5808
5 106.014 7.8689
6 141.637 12.8357
7 157.962 13.2106
8 138.413 10.7022
9 164.67 11.1256
10 145.124 10.7525
11 199.745 14.1177
12 161.831 13.5915
13 174.045 13.6377
14 143.846 10.7325
15 201.545 15.6065
16 175.075 16.2052
17 157.942 10.2029
18 138.273 7.31
19 122.935 6.0203
20 128.191 6.4688
21 146.578 10.2607
22 120.232 5.3026
23 164.806 15.7874
24 172.933 13.4753
25 122.318 6.1504
26 132.187 7.6597
27 127.979 8.2846
28 140.693 9.6218
29 138.044 8.7259
30 145.464 10.6405
31 219.171 13.6184
32 146.615 11.4306
33 126.076 9.3399
34 112.874 7.3408
35 132.673 8.6969
36 126.451 7.9307
37 121.202 6.3719
38 155.116 9.5853
39 146.614 10.1744
40 128.446 6.2837
41 126.476 6.0049
42 169.319 12.3845
43 150.327 10.3788
44 140.633 8.9067
45 156.021 9.5529
46 129.256 10.534
47 73.9054 1.0475
48 126.308 7.5912
49 130.494 10.8172
50 135.279 10.2775
51 131.269 8.3754
52 147.035 10.8467
53 201.482 14.799
54 204.856 14.4326
55 203.145 14.8561
56 153.345 10.8642
57 161.205 10.7319
58 131.665 4.9285
59 167.796 12.2717
60 158.386 9.6384
61 163.155 9.2157
62 168.942 10.7966
63 162.675 13.6424
64 118.746 6.7709
65 108.949 5.1528
66 88.1811 3.695
67 88.2127 3.2536
68 94.0574 2.9754
69 199.555 15.0391
70 164.656 14.4944
71 108.241 6.5042
72 106.32 5.0922
73 113.187 5.5122
74 139.732 9.8108
75 123.216 7.5451
76 122.18 7.3354
77 116.844 6.0964
78 110.838 4.3761
79 119.479 7.3348
80 156.589 9.8735
81 147.926 8.7787
82 163.312 11.8459
83 177.993 12.6412
84 127.974 7.4373
85 153.779 9.809
86 155.83 10.6351
87 151.449 9.8925
88 201.279 15.0325
89 151.055 11.2544
90 146.268 10.4521
91 149.645 10.3478
92 161.544 11.4772
93 157.395 9.4878
94 162.542 11.1723
95 183.171 14.4493
96 135.952 8.6998
97 145.619 8.267
98 173.313 12.5471
99 175.378 13.0078
100 157.676 11.4663
101 147.033 10.403
102 167.975 12.4259
103 149.11 10.724
104 145.37 9.256
105 138.097 9.8247
106 144.578 9.1012
107 172.032 11.419
108 100.328 3.9622
109 107.201 6.1832
110 127.025 5.6635
111 103.392 4.3362
112 117.71 7.3945
113 109.291 4.5545
114 158.685 11.8421
115 169.975 11.7375
116 143.84 9.6723
117 121.672 7.5451
118 163.379 11.7799
119 136.06 8.2472
120 160.16 11.4595
121 151.368 11.7988
122 145.46 11.0847
123 127.121 8.1743
124 153.806 9.7651
125 165.555 11.5404
126 160.207 11.4048
127 162.452 10.8581
128 150.919 9.5628
129 153.13 11.1133
130 133.409 8.7004
131 146.32 9.3325
132 151.732 10.6231
133 143.687 5.6935
134 148.238 7.6922
135 151.796 8.0165
136 160.305 12.6206
137 134.069 6.7382
138 177.406 12.524
139 138.31 8.9837
140 183.011 11.773
141 112.745 8.0573
142 109.563 7.2691
143 101.595 4.2977
144 97.5327 3.9358
145 108.192 5.7112
146 145.971 9.4549
147 158.507 10.9375
148 101.619 5.0086
149 97.4196 5.1241
150 103.782 4.9355
151 126.37 8.0924
152 116.225 7.2419
153 170.266 10.3838
154 178.874 12.695
155 182.552 13.7587
156 159.411 10.373
157 118.698 7.1534
158 149.392 9.0193
159 133.446 7.7311
160 129.78 7.2378
161 142.229 8.7743
162 175.103 14.1994
163 184.218 12.7033
164 121.511 7.4024
165 146.161 9.4977
166 157.901 12.3689
167 162.108 12.3376
168 134.074 9.6323
169 148.899 9.0217
170 136.947 11.6559
171 158.849 11.2867
172 157.631 13.3077
173 139.969 10.4501
174 142.873 12.8588
175 131.126 9.6895
176 122.783 6.1996
177 179.381 13.4388
178 165.476 13.6554
179 113.443 6.2716
180 97.7651 5.1301
181 117.968 7.1418
182 144.627 9.09
183 104.875 5.326
184 89.3147 3.6588
185 169.026 11.9781
186 130.525 9.7041
187 158.925 10.3631
188 143.159 9.3415
189 146.824 9.3601
190 146.039 10.5823
191 149.879 10.7752
192 128.075 8.0868
193 148.846 11.3011
194 146.855 8.9228
195 134.35 10.0592
196 129.781 7.3936
197 147.227 8.394
198 173.854 13.1325
199 170.715 13.3134
200 155.725 11.8788
201 151.935 10.8908
202 138.071 10.1453
203 144.76 10.7162
204 130.76 9.5205
205 137.794 11.0512
206 149.794 10.1372
207 108.533 3.4451
208 125.609 5.5017
209 179.891 12.1665
210 132.37 5.7848
211 193.002 11.5422
212 163.155 7.6891
213 209.089 12.5376
214 201.416 12.8906
215 184.963 14.1521
216 188.846 11.3618
217 191.648 14.9154
218 153.523 9.7466
219 191.992 14.8123
220 185.633 14.9058
221 188.667 13.7431
222 184.42 15.1054
223 178.618 13.7412
224 160.605 10.4406
225 146.042 9.1408
226 114.732 5.2081
227 119.374 6.9012
228 194.957 13.3441
229 181.258 12.3275
230 186.674 13.5009
231 189.297 13.0781
232 180.169 15.6334
233 164.753 12.9802
234 165.61 13.5326
235 185.437 14.3399
236 164.875 13.441
237 159.966 11.7602
238 165.766 13.658
239 166.913 13.084
240 172.853 14.2626
