0 108.8 6.815
1 120.161 10.7882
2 125.625 10.268
3 123.827 8.4502
4 71.327 3.6444
5 107.3 7.9883
6 144.201 13.1523
7 161.034 13.4913
8 140.953 10.8795
9 165.025 11.2855
10 145.856 10.898
11 198.19 13.5872
12 163.052 13.449
13 174.733 13.557
14 144.345 10.9153
15 199.822 14.9604
16 175.933 16.2317
17 160.119 10.524
18 139.502 7.5333
19 123.729 6.1421
20 128.729 6.4564
21 149.003 10.3325
22 121.427 5.5348
23 167.603 15.8231
24 174.563 13.4185
25 123.605 6.187
26 133.646 7.7958
27 129.378 8.2907
28 142.029 9.6185
29 139.31 8.9996
30 147.417 10.7863
31 211.509 10.7261
32 147.661 11.5149
33 127.113 9.3627
34 114.035 7.5589
35 134.139 8.9157
36 127.431 8.1266
37 122.096 6.5267
38 156.871 9.6813
39 148.58 10.3525
40 129.395 6.302
41 126.905 6.1439
42 170.672 12.4933
43 151.78 10.3381
44 141.925 9.1908
45 156.865 9.5042
46 130.496 10.7614
47 73.7905 1.0508
48 127.381 7.677
49 132.296 10.9223
50 137.1 10.1281
51 132.475 8.6146
52 149.021 10.9777
53 205.296 15.8426
54 208.924 15.5074
55 204.325 15.1797
56 155.414 11.1031
57 163.497 10.923
58 132.489 5.0838
59 170.007 12.7404
60 159.461 9.9121
61 164.483 9.3242
62 170.576 10.986
63 164.269 13.7234
64 119.654 6.8879
65 109.627 5.2995
66 88.7461 3.7452
67 88.6376 3.2825
68 94.5163 3.0298
69 200.468 14.5974
70 167.314 14.4105
71 108.011 6.3296
72 106.42 4.9761
73 113.342 5.3656
74 140.125 9.7827
75 123.002 7.4035
76 123.039 7.4788
77 117.32 6.1126
78 110.936 4.3848
79 119.8 7.315
80 157.009 9.8167
81 148.074 8.8897
82 163.518 12.2597
83 178.407 12.687
84 129.127 7.6305
85 155.142 10.0936
86 157.153 10.6404
87 152.295 10.2074
88 200.952 14.6755
89 151.405 11.5367
90 146.494 10.5326
91 149.216 10.1382
92 161.225 11.5241
93 157.111 9.4066
94 162.146 11.1353
95 183.609 14.3978
96 135.484 8.6789
97 145.558 8.1859
98 172.946 12.3263
99 177.887 13.1647
100 158.818 11.5675
101 148.744 10.6449
102 169.323 12.6195
103 150.579 10.9533
104 146.19 9.3792
105 138.949 9.8692
106 145.743 9.1746
107 173.922 11.4961
108 100.578 4.0511
109 107.374 6.2962
110 127.055 5.6904
111 103.725 4.407
112 118.048 7.6751
113 109.364 4.6664
114 159.144 12.0274
115 170.434 11.9844
116 145.081 9.6584
117 122.611 8.0479
118 164.93 12.2816
119 137.189 8.6025
120 161.195 11.8139
121 152.378 12.2156
122 146.48 11.3166
123 127.864 8.4239
124 154.352 9.9266
125 168.687 11.6723
126 163.72 11.8073
127 164.817 11.0908
128 153.675 9.9513
129 155.99 11.444
130 135.299 8.8014
131 148.824 9.788
132 154.775 11.0099
133 144.33 5.7364
134 149.737 7.6976
135 152.801 7.9965
136 161.928 12.6995
137 135.016 6.8139
138 178.435 12.3048
139 139.166 9.1175
140 184.762 11.6996
141 113.356 8.2157
142 110.602 7.3291
143 102.066 4.3146
144 98.0007 4.0009
145 108.8 5.7378
146 147.346 9.5521
147 160.579 11.174
148 102.083 5.0268
149 97.6054 5.105
150 103.899 4.9709
151 127.331 8.1982
152 117.008 7.2516
153 171.14 10.4111
154 180.315 12.7042
155 183.686 13.6998
156 163.002 10.7926
157 121.237 7.4244
158 151.816 9.1725
159 135.564 8.1301
160 131.498 7.443
161 144.64 9.1478
162 178.911 14.5899
163 187.138 12.7668
164 121.577 7.2215
165 146.078 9.6434
166 157.961 12.3488
167 161.641 12.3794
168 134.084 9.5083
169 148.807 9.3033
170 136.386 11.4697
171 158.386 11.1215
172 158.338 13.3513
173 141.033 10.5623
174 144.432 13.1027
175 132.56 9.6702
176 123.381 6.3413
177 180.847 13.7142
178 166.508 13.9657
179 114.715 6.3659
180 98.2658 5.2094
181 118.962 7.3725
182 145.793 9.1585
183 105.796 5.3947
184 89.9165 3.7069
185 170.35 11.8798
186 131.752 9.8605
187 160.528 10.6157
188 145.73 9.6198
189 149.333 9.5348
190 148.77 10.6633
191 152.045 10.924
192 130.014 8.1028
193 150.93 11.2643
194 148.207 8.9041
195 136.075 10.1402
196 130.969 7.5492
197 148.909 8.5582
198 176.019 13.3373
199 172.539 13.4344
200 157.344 12.1187
201 153.491 11.2745
202 139.32 10.2121
203 145.323 11.2404
204 132.013 9.5022
205 138.435 11.2809
206 150.816 10.5925
207 108.835 3.4718
208 126.364 5.5926
209 182.174 12.108
210 133.33 5.8455
211 194.126 11.3042
212 164.39 7.8773
213 213.93 13.4734
214 203.141 12.9783
215 187.147 14.2504
216 190.49 11.3252
217 195.067 15.1549
218 154.965 9.9189
219 193.241 14.8208
220 188.141 15.3354
221 190.034 13.541
222 185.32 15.0733
223 179.631 13.8659
224 162.933 11.2752
225 148.171 9.5841
226 116.224 5.5232
227 120.938 7.1802
228 197.912 13.8054
229 184.371 12.4801
230 189.681 13.9236
231 192.73 13.5142
232 183.911 16.442
233 166.575 13.3761
234 166.962 13.8846
235 187.778 14.6113
236 166.285 13.8096
237 161.134 12.2023
238 166.769 14.0305
239 168.791 13.2978
240 173.178 14.24
