0 110.21 6.7836
1 121.196 10.9081
2 126.667 10.6114
3 124.83 8.6418
4 71.9014 3.6128
5 108.797 8.1875
6 146.066 13.5485
7 162.616 13.9066
8 143.161 11.3833
9 167.239 11.4563
10 147.455 10.928
11 199.894 13.7621
12 164.483 13.9095
13 176.822 13.6594
14 146.264 10.9914
15 202.335 15.4614
16 177.284 16.2671
17 161.347 10.6292
18 140.3 7.6038
19 124.29 6.1905
20 129.584 6.5878
21 149.883 10.5728
22 121.724 5.5231
23 169.131 15.8434
24 175.962 13.5071
25 123.813 6.1844
26 133.694 7.7703
27 129.904 8.4997
28 142.983 9.8732
29 139.971 8.9228
30 147.807 10.9544
31 209.626 10.7608
32 148.761 11.714
33 127.921 9.3554
34 114.354 7.5883
35 134.52 8.9376
36 128.428 8.132
37 122.908 6.6009
38 157.819 9.6601
39 149.387 10.3393
40 130.186 6.4152
41 127.364 6.1109
42 172.575 12.655
43 153.328 10.596
44 142.649 9.249
45 157.896 9.717
46 132.372 10.8531
47 73.7087 1.0317
48 127.136 7.7052
49 132.775 10.9606
50 136.907 10.3488
51 132.042 8.5317
52 149.188 11.1847
53 203.548 15.5077
54 206.483 15.0637
55 202.02 14.9015
56 155.65 11.1521
57 163.743 11.1353
58 132.908 5.0825
59 170.403 12.6056
60 159.806 9.9831
61 164.825 9.3179
62 171.555 11.1517
63 165.487 13.9561
64 120.679 6.97
65 110.465 5.384
66 89.0405 3.8076
67 89.2962 3.3347
68 94.9016 3.0322
69 201.761 14.8017
70 168.598 14.7413
71 109.035 6.5443
72 107.105 5.0281
73 114.505 5.4544
74 141.877 9.9101
75 124.658 7.5533
76 125.031 7.5717
77 119.33 6.1862
78 112.246 4.4458
79 122.21 7.3331
80 160.205 9.991
81 150.993 8.8334
82 167.88 11.8044
83 182.254 12.5955
84 130.634 7.5493
85 156.073 9.7017
86 158.704 10.2905
87 153.391 9.6369
88 199.678 13.8686
89 153.868 11.1031
90 149.745 10.3054
91 152.357 10.6199
92 164.573 11.8573
93 159.919 9.7628
94 165.937 11.292
95 187.858 14.4912
96 138.066 8.8164
97 148.503 8.5054
98 176.557 12.5892
99 180.597 13.1804
100 162.036 12.0263
101 151.048 11.0143
102 172.502 12.7295
103 152.962 11.3043
104 148.141 9.7181
105 140.912 10.2472
106 148.108 9.4417
107 174.701 11.6009
108 102.726 4.3271
109 112.975 6.1059
110 132.995 5.7619
111 107.055 4.3402
112 124.937 7.6031
113 113.082 4.538
114 171.352 12.0827
115 182.291 11.7369
116 151.086 9.8151
117 126.692 7.6702
118 170.913 11.7398
119 140.441 8.3411
120 165.614 11.2922
121 157.288 11.9374
122 151.388 11.3256
123 130.924 8.3329
124 156.704 9.6641
125 168.958 11.7966
126 163.61 11.6832
127 164.969 11.0005
128 153.303 9.9597
129 155.861 11.428
130 135.11 8.7953
131 149.079 9.876
132 154.381 10.8983
133 144.635 5.735
134 150.165 7.8358
135 153.415 8.1538
136 162.69 12.8934
137 135.561 6.9023
138 180.434 12.4326
139 139.452 8.9155
140 185.326 11.747
141 114.675 8.2929
142 111.468 7.5129
143 102.481 4.3984
144 98.5914 4.0156
145 109.979 5.891
146 148.964 9.7186
147 162.002 11.2923
148 103.315 5.2249
149 98.7509 5.3705
150 104.968 5.1674
151 129.361 8.5774
152 118.48 7.5416
153 174.067 10.6065
154 182.918 12.9519
155 186.741 13.8828
156 163.305 10.9098
157 121.794 7.5816
158 152.31 9.4443
159 136.201 8.0896
160 132.202 7.3902
161 145.901 9.2106
162 181.333 14.4738
163 189.939 12.7076
164 122.239 7.3829
165 147.3 9.9161
166 159.642 12.4504
167 162.99 12.5381
168 135.174 9.6758
169 150.184 9.3207
170 138.056 11.9932
171 159.339 11.4087
172 159.839 13.3979
173 142.781 10.5816
174 147.103 12.9916
175 133.859 9.8091
176 124.445 6.4645
177 182.787 13.9236
178 169.192 14.0645
179 116.415 6.5183
180 99.9568 5.3147
181 121.962 7.6195
182 148.964 9.5274
183 106.908 5.6645
184 90.8439 3.8473
185 173.336 12.3535
186 134.733 10.1728
187 160.088 10.7215
188 145.864 9.5674
189 148.913 9.5325
190 148.767 10.8407
191 151.982 11.0048
192 129.689 8.2808
193 150.57 11.4096
194 148.589 9.1708
195 136.411 10.1517
196 131.939 7.5249
197 148.92 8.5776
198 176.063 13.1459
199 173.483 13.2479
200 160.777 12.4608
201 156.689 11.4784
202 142.147 10.3461
203 148.464 11.2158
204 134.614 9.9436
205 142.888 11.549
206 155.054 10.3991
207 109.047 3.4902
208 126.891 5.6085
209 183.6 12.3485
210 134.025 5.9248
211 195.473 11.374
212 165.352 7.8987
213 212.044 13.0972
214 205.456 13.1045
215 190.248 14.2343
216 193.217 11.3051
217 198.061 15.3341
218 157.813 10.244
219 195.78 14.6354
220 191.264 15.3601
221 193.751 13.8461
222 189.408 15.4087
223 181.868 13.7787
224 167.748 9.6531
225 151.648 9.0957
226 116.993 5.1849
227 123.037 6.9063
228 196.191 12.6619
229 187.228 11.8973
230 185.423 12.8468
231 189.141 12.3796
232 183.772 14.6593
233 172.365 13.5608
234 173.303 13.4689
235 188.485 13.8713
236 171.86 13.3242
237 166.72 11.8685
238 167.945 13.104
239 172.823 13.0777
240 180.1 14.2103
