0 107.434 6.6666
1 118.305 10.706
2 124.01 10.2843
3 122.382 8.4061
4 70.8311 3.5845
5 105.895 7.9654
6 141.542 12.8843
7 158.168 13.3265
8 139.725 10.9736
9 164.54 11.1402
10 144.754 10.8672
11 198.241 13.5901
12 161.253 13.565
13 173.716 13.5221
14 143.577 10.7
15 200.969 15.464
16 174.837 16.0299
17 158.321 10.2782
18 138.453 7.4664
19 122.966 6.1149
20 128.441 6.4356
21 146.927 10.1888
22 120.379 5.3057
23 164.856 15.6408
24 173.134 13.4267
25 122.755 6.0589
26 132.526 7.6595
27 128.494 8.1569
28 141.115 9.6771
29 138.76 8.8237
30 145.985 10.7257
31 217.916 13.1353
32 146.634 11.439
33 126.186 9.3367
34 112.818 7.4474
35 132.76 8.6544
36 126.537 8.0402
37 121.27 6.3084
38 155.396 9.6342
39 146.792 10.3313
40 129.233 6.2817
41 127.126 6.117
42 170.729 12.5917
43 151.055 10.5196
44 141.809 9.1588
45 157.272 9.7247
46 130.585 10.8659
47 73.857 1.054
48 125.678 7.505
49 129.908 10.4451
50 134.688 10.2276
51 130.56 8.2478
52 146.453 10.7998
53 203.117 15.4715
54 204.551 14.8375
55 201.939 15.0372
56 154.695 11.0468
57 163.027 11.0213
58 132.245 5.0649
59 169.284 12.6118
60 159.321 9.9823
61 164.486 9.3028
62 170.027 10.9626
63 162.134 13.7155
64 118.602 6.7835
65 108.948 5.2273
66 88.0838 3.7505
67 88.2312 3.234
68 94.0032 2.9491
69 200.606 15.4155
70 164.595 14.3967
71 107.371 6.3662
72 105.687 4.9561
73 112.498 5.3436
74 138.488 9.59
75 122.084 7.4544
76 122.252 7.2829
77 116.776 6.1582
78 110.872 4.4309
79 119.634 7.2466
80 156.809 9.7721
81 148.033 8.9347
82 163.331 11.9434
83 178.108 12.5187
84 128.221 7.4803
85 153.787 9.8515
86 155.763 10.5763
87 151.12 9.8779
88 201.4 15.1267
89 151.154 11.1729
90 146.556 10.2293
91 149.912 10.5059
92 161.7 11.5398
93 157.548 9.4591
94 162.798 11.0056
95 183.202 14.4278
96 135.895 8.7395
97 145.698 8.2173
98 173.624 12.4441
99 174.964 13.0208
100 156.974 11.5415
101 146.474 10.3545
102 167.289 12.3236
103 148.713 10.7166
104 144.893 9.3367
105 137.579 9.7931
106 144.04 9.077
107 173.595 11.5674
108 101.015 4.1504
109 108.406 6.3276
110 128.757 5.7993
111 104.619 4.46
112 119.644 7.7903
113 110.551 4.6349
114 162.364 12.37
115 173.172 12.1141
116 143.93 9.5648
117 121.56 7.6436
118 163.272 11.715
119 135.825 8.3138
120 159.839 11.207
121 151.009 11.5446
122 145.284 11.2406
123 127.004 8.0821
124 153.706 9.6892
125 165.452 11.4602
126 160.207 11.503
127 162.341 10.7606
128 150.604 9.6939
129 153.561 11.089
130 133.484 8.6187
131 146.598 9.5439
132 151.647 10.5655
133 144.871 5.7674
134 149.408 7.8933
135 153.046 8.1378
136 161.739 12.7081
137 135.248 6.9707
138 178.9 12.2821
139 140.008 9.1554
140 184.543 11.8129
141 113.957 8.3523
142 110.846 7.4635
143 102.279 4.4144
144 98.3204 4.0358
145 108.983 5.8929
146 147.678 9.699
147 160.656 11.3147
148 101.456 4.9212
149 96.8459 5.0226
150 103.236 4.9136
151 125.363 7.8907
152 115.773 7.0768
153 169.432 10.2273
154 177.952 12.6347
155 181.057 13.6558
156 159.757 10.3831
157 118.731 7.0775
158 149.436 9.0861
159 133.228 7.8599
160 130.181 7.2817
161 142.326 8.8797
162 175.483 14.2301
163 184.488 12.794
164 120.243 7.2302
165 144.539 9.3718
166 155.785 11.9796
167 159.539 11.9895
168 132.454 9.3287
169 146.898 8.9841
170 134.49 11.4708
171 156.549 10.9519
172 157.974 13.2166
173 140.374 10.4124
174 143.326 12.8521
175 131.78 9.6356
176 122.826 6.1952
177 179.959 13.7268
178 165.863 13.892
179 114.644 6.31
180 98.4816 5.2514
181 119.156 7.395
182 146.117 9.2983
183 105.634 5.4439
184 89.7993 3.7012
185 170.975 12.0498
186 131.839 9.8771
187 158.734 10.4221
188 143.455 9.2661
189 146.841 9.4028
190 146.411 10.5761
191 149.284 10.6776
192 128.358 8.1991
193 149.07 11.2734
194 147.2 9.0185
195 134.639 10.0713
196 129.766 7.3983
197 147.411 8.4761
198 173.836 13.2774
199 170.891 13.491
200 155.475 12.0234
201 151.686 10.579
202 137.879 9.9741
203 144.488 10.8369
204 130.797 9.5477
205 137.977 11.2626
206 150.002 10.1839
207 108.954 3.4761
208 126.024 5.564
209 181.295 12.27
210 132.914 5.8824
211 194.008 11.2641
212 164.208 7.7845
213 216.004 14.2433
214 205.11 13.8956
215 185.367 14.3869
216 188.313 11.2105
217 191.86 15.018
218 153.205 9.7226
219 191.918 14.8432
220 185.747 15.1927
221 188.176 13.4964
222 184.234 15.4967
223 179.159 13.7455
224 162.51 10.808
225 147.607 9.1666
226 115.559 5.3228
227 119.983 7
228 196.381 13.3033
229 182.806 12.289
230 188.256 13.5715
231 191.027 13.2014
232 180.526 15.4193
233 165.581 13.0004
234 166.047 13.4844
235 185.417 14.2816
236 165.385 13.4211
237 160.223 11.6948
238 165.77 13.4901
239 167.152 13.231
240 172.904 14.1448
