0 106.68 6.6496
1 115.538 10.5323
2 122.013 10.2617
3 121.404 8.4627
4 70.1769 3.566
5 104.747 8.1166
6 139.564 13.0496
7 156.733 13.6549
8 138.645 11.0501
9 159.819 10.9595
10 140.562 10.4692
11 195.474 14.1273
12 156.897 13.2924
13 169.265 13.5707
14 140.248 10.5932
15 196.667 15.7593
16 170.081 16.1245
17 155.778 10.3379
18 136.079 7.381
19 120.83 5.949
20 126.134 6.2011
21 144.869 10.1445
22 118.97 5.2088
23 160.959 15.5423
24 169.768 13.4761
25 120.847 6.0121
26 130.488 7.4736
27 125.573 8.169
28 138.353 9.5633
29 135.829 8.6312
30 143.57 10.6626
31 213.46 12.7231
32 143.089 11.5047
33 123.364 9.2223
34 110.558 7.3216
35 131.04 8.5842
36 124.492 7.9452
37 119.739 6.2839
38 152.68 9.3362
39 143.945 10.0109
40 126.812 6.1471
41 124.209 5.8493
42 165.31 12.2361
43 147.084 10.2735
44 137.65 8.8018
45 152.424 9.144
46 126.378 10.343
47 73.698 1.0464
48 124.009 7.4349
49 128.166 10.4626
50 132.499 10.1464
51 129.11 8.356
52 145.11 10.648
53 203.811 16.0991
54 204.5 14.9492
55 203.362 15.8648
56 150.425 10.6537
57 158.704 10.586
58 130.259 4.9064
59 164.51 12.4074
60 155.151 9.5806
61 160.67 8.8621
62 165.78 10.7098
63 159.129 13.7614
64 117.094 6.6923
65 108.16 5.1948
66 87.5381 3.7493
67 87.9708 3.1762
68 93.5909 2.9257
69 198.364 15.6649
70 161.176 14.4968
71 105.495 6.294
72 104.594 4.8991
73 111.923 5.2824
74 136.548 9.5985
75 120.328 7.2446
76 120.013 7.1246
77 114.692 5.8903
78 109.714 4.2568
79 117.313 7.0603
80 153.424 9.4083
81 145.108 8.5579
82 159.694 11.724
83 174.305 12.4161
84 125.641 7.2114
85 150.85 9.3123
86 152.425 10.0475
87 146.723 9.3236
88 198.845 14.5237
89 147.62 10.7108
90 143.498 9.9316
91 144.243 9.8216
92 155.307 10.9671
93 152.132 9.0784
94 157.635 10.5899
95 176.561 14.1468
96 131.626 8.2874
97 141.358 7.8185
98 167.96 12.0577
99 172.246 13.042
100 154.011 11.3345
101 144.49 10.468
102 165.222 12.3142
103 145.899 10.689
104 142.119 9.0613
105 134.817 9.5138
106 141.616 8.8753
107 168.545 11.3933
108 100.153 3.6483
109 107.329 5.7527
110 127.119 5.3704
111 102.86 4.0643
112 116.975 7.057
113 108.809 4.2391
114 158.892 11.4868
115 171.638 11.4546
116 143.592 9.289
117 120.867 7.2414
118 162.207 11.3751
119 134.727 7.981
120 158.117 10.9151
121 149.424 11.3413
122 143.932 10.6299
123 126.261 7.9805
124 150.946 9.2298
125 161.54 11.403
126 155.676 11.3442
127 158.656 10.7091
128 148.562 9.5394
129 149.164 11.0241
130 129.756 8.2939
131 143.803 9.3602
132 149.251 10.6213
133 141.605 5.5931
134 146.588 7.7103
135 149.784 7.8933
136 157.62 12.493
137 132.541 6.7503
138 175.549 12.386
139 135.868 8.8754
140 181.039 11.8676
141 111.426 8.0012
142 107.85 7.2629
143 100.422 4.2203
144 96.8488 3.9337
145 107.281 5.6408
146 143.955 9.2647
147 156.375 10.8658
148 100.744 4.9632
149 95.8131 5.0792
150 102.746 4.8866
151 123.815 8.0249
152 114.619 7.1502
153 167.465 10.2107
154 175.454 12.9853
155 179.114 13.7354
156 156.448 10.226
157 116.713 7.0528
158 146.007 8.7716
159 130.956 7.7071
160 127.585 7.2292
161 138.998 8.4996
162 170.803 14.1124
163 180.2 12.5923
164 119.03 7.0898
165 142.78 9.2786
166 153.711 11.9134
167 156.663 11.8738
168 130.355 8.9994
169 145.176 8.8852
170 131.965 11.2263
171 153.316 10.714
172 154.745 13.2265
173 137.206 10.1986
174 140.746 12.4478
175 128.175 9.4936
176 121.198 6.1479
177 176.076 13.7136
178 162.137 13.8383
179 111.86 6.0799
180 96.5861 5.0589
181 116.35 7.0832
182 142.56 8.9972
183 103.479 5.2499
184 88.2605 3.6284
185 164.86 11.7228
186 127.333 9.6211
187 156.568 10.4965
188 142.929 9.4859
189 145.94 9.2789
190 145.744 10.7148
191 149.176 10.8846
192 125.134 7.9196
193 144.803 10.9426
194 143.742 8.7788
195 131.069 9.7262
196 127.951 7.2923
197 144.65 8.2321
198 169.911 12.9718
199 166.398 13.1412
200 153.213 12.0003
201 150.252 11.0877
202 136.032 9.9391
203 142.4 10.7725
204 128.788 9.6439
205 136.574 11.1332
206 148.588 10.002
207 107.393 3.398
208 124.13 5.4145
209 177.938 12.2441
210 130.93 5.7109
211 189.324 11.5158
212 161.174 7.6675
213 210.061 13.7086
214 198.46 13.3022
215 181.102 14.4714
216 185.934 11.4056
217 187.849 15.0438
218 150.467 9.6741
219 188.215 15.4747
220 181.487 15.6951
221 184.071 13.8579
222 179.958 15.0345
223 176.189 13.929
224 160.727 10.195
225 145.199 8.726
226 113.878 4.9937
227 118.469 6.6413
228 193.774 13.3924
229 179.412 11.8743
230 186.225 13.2316
231 188.582 13.0272
232 180.941 15.1286
233 166.324 12.7182
234 165.72 13.4038
235 185.641 13.988
236 164.152 13.0734
237 160.071 11.8096
238 165.791 13.4197
239 167.117 12.9429
240 172.369 14.2293
