0 108.137 6.7453
1 117.915 10.6422
2 124.071 10.1478
3 122.974 8.3709
4 70.9413 3.5863
5 106.291 8.0625
6 141.381 12.9056
7 159.13 13.5507
8 139.265 10.7857
9 163.032 11.1371
10 142.904 10.6557
11 197.095 13.9957
12 159.199 13.3716
13 171.67 13.5103
14 142.322 10.6622
15 198.726 15.2517
16 172.798 16.1556
17 157.769 10.1815
18 137.693 7.3505
19 122.093 5.9198
20 127.57 6.3417
21 146.549 10.2549
22 120.105 5.3686
23 163.296 15.6918
24 171.822 13.1825
25 121.586 5.8703
26 131.498 7.5201
27 126.774 8.0914
28 138.966 9.4509
29 136.791 8.6942
30 144.77 10.577
31 217.446 13.3647
32 144.303 11.3775
33 124.127 9.0816
34 112.023 7.3338
35 131.988 8.6118
36 125.274 7.9049
37 120.719 6.3017
38 154.003 9.3801
39 144.996 10.0939
40 128.1 6.1083
41 125.289 5.84
42 167.508 12.3594
43 148.943 10.2146
44 139.586 8.9515
45 154.187 9.2709
46 128.199 10.4722
47 73.8228 1.0302
48 124.764 7.327
49 128.622 10.2925
50 133.256 9.8032
51 129.491 8.3011
52 145.99 10.6278
53 201.68 15.5763
54 204.889 15.2785
55 200.827 14.9056
56 151.016 10.7142
57 159.695 10.6917
58 130.738 4.9093
59 165.193 12.5005
60 155.987 9.5678
61 161.459 9.0955
62 166.421 10.6396
63 161.354 13.4316
64 118.528 6.7969
65 109.037 5.1974
66 88.2412 3.7412
67 88.2319 3.2174
68 94.2095 2.9685
69 201.63 15.6874
70 164.358 14.4838
71 106.389 6.229
72 105.134 4.8737
73 112.508 5.2961
74 137.024 9.4627
75 121.318 7.2192
76 120.823 7.1778
77 115.224 5.8746
78 110.173 4.2079
79 118.04 6.9746
80 153.858 9.4398
81 145.808 8.4857
82 160.47 11.6488
83 174.9 12.3714
84 126.644 7.1472
85 151.408 9.3224
86 153.46 10.0977
87 147.998 9.3618
88 199.564 14.7497
89 148.869 10.749
90 144.059 10.1339
91 146.294 10.0489
92 158.034 11.0358
93 154.235 9.1856
94 159.27 10.602
95 179.307 14.2086
96 132.993 8.217
97 142.906 7.9646
98 169.623 12.1358
99 173.822 12.9737
100 155.846 11.3097
101 145.529 10.1661
102 166.334 12.2581
103 147.704 10.6993
104 143.811 9.1298
105 136.416 9.6291
106 142.952 8.9415
107 170.253 11.3343
108 100.44 3.7526
109 107.497 6.0479
110 127.417 5.5852
111 103.581 4.2276
112 117.215 7.293
113 109.199 4.4352
114 158.426 11.698
115 170.95 11.8128
116 143.56 9.5316
117 121.589 7.6248
118 162.685 11.7032
119 135.89 8.2887
120 159.005 11.1082
121 150.428 11.5982
122 144.596 11.105
123 126.979 7.9675
124 151.592 9.3094
125 163.661 11.3981
126 157.945 11.4018
127 160.296 10.6585
128 149.66 9.5598
129 151.812 10.8539
130 131.571 8.2784
131 145.776 9.5116
132 150.925 10.6895
133 142.811 5.5099
134 147.544 7.5409
135 150.553 7.8644
136 158.995 12.4309
137 133.612 6.6294
138 176.056 12.0912
139 137.103 8.7617
140 181.878 11.536
141 112.507 8.1038
142 109.08 7.2915
143 101.131 4.2534
144 97.5225 3.9489
145 108.253 5.6202
146 144.632 9.3114
147 157.841 10.8516
148 102.033 5.0519
149 97.5544 5.1647
150 104.219 5.0221
151 125.98 8.1791
152 116.363 7.2119
153 170.643 10.3457
154 178.71 13.0236
155 182.113 13.8283
156 158.397 10.2884
157 118.32 7.1368
158 147.914 8.9173
159 132.586 7.7862
160 128.833 7.2435
161 140.663 8.6309
162 171.831 14.1765
163 182.487 12.6299
164 120.389 7.1918
165 144.461 9.381
166 155.382 12.0393
167 158.596 12.0452
168 131.782 9.1764
169 146.524 8.8889
170 133.746 11.2825
171 155.311 10.7491
172 156.13 13.1186
173 138.424 10.3166
174 142.291 12.7277
175 129.678 9.4066
176 122.172 6.2088
177 177.835 13.9455
178 163.67 13.4573
179 113.25 6.1817
180 97.3377 5.0764
181 117.409 7.2021
182 143.832 8.8874
183 104.251 5.3443
184 88.8915 3.6287
185 167.001 11.8018
186 128.773 9.625
187 157.535 10.3085
188 143.873 9.3937
189 146.608 9.3783
190 146.629 10.5927
191 149.506 10.6733
192 125.854 7.7963
193 146.214 10.9202
194 144.969 8.5394
195 132.181 9.6961
196 128.892 7.1345
197 145.473 8.1826
198 170.564 12.9827
199 167.656 13.0452
200 153.438 11.7283
201 150.232 10.8724
202 136.248 9.9288
203 142.352 10.8405
204 129.33 9.5076
205 136.303 10.7637
206 148.18 10.1301
207 107.738 3.3509
208 124.733 5.4291
209 179.227 12.1073
210 131.637 5.6162
211 190.652 11.4114
212 162.316 7.6498
213 210.483 13.3788
214 200.59 13.2067
215 185.276 14.3584
216 189.081 11.3187
217 192.027 15.0871
218 153.977 9.7779
219 191.536 15.0667
220 185.388 15.4395
221 188.053 13.7162
222 184.017 15.4082
223 177.587 13.6797
224 160.471 10.5598
225 145.329 9.075
226 114.407 5.1685
227 119.121 6.8282
228 193.562 13.8759
229 179.244 12.2394
230 185.917 13.5342
231 188.042 13.3432
232 180.87 15.6197
233 165.736 13.146
234 164.941 13.6338
235 186.355 14.5649
236 164.22 13.566
237 160.038 11.9602
238 166.104 13.605
239 167.635 13.2958
240 170.974 14.0688
