0 107.258 6.646
1 117.254 10.709
2 123.218 10.2239
3 122.306 8.5501
4 70.4164 3.6048
5 105.493 7.9291
6 140.734 12.9487
7 158.208 13.4145
8 137.307 10.7403
9 163.158 11.1449
10 143.337 10.7223
11 197.441 13.8697
12 159.853 13.5492
13 172.392 13.492
14 142.587 10.6131
15 199.815 15.4912
16 173.599 16.1504
17 157.801 10.3432
18 137.704 7.2913
19 122.144 6.0017
20 127.658 6.3457
21 146.377 10.1914
22 120.006 5.2942
23 163.158 15.7318
24 171.693 13.198
25 121.765 6.0446
26 131.607 7.4966
27 127.315 8.2642
28 140.026 9.6139
29 137.202 8.8237
30 145.744 10.837
31 201.579 8.2111
32 144.304 11.2459
33 123.985 9.141
34 111.745 7.3276
35 131.513 8.6459
36 125.231 7.915
37 120.264 6.3606
38 153.747 9.4169
39 144.506 10.0384
40 128.52 6.1851
41 125.577 5.9459
42 168.516 12.5298
43 149.714 10.3574
44 139.954 8.9472
45 154.908 9.398
46 128.927 10.5459
47 73.807 1.0282
48 124.954 7.3594
49 129.43 10.4805
50 133.937 10.0298
51 130.001 8.3122
52 146.573 10.8898
53 203.341 15.7775
54 204.028 14.7483
55 201.146 14.7125
56 152.03 10.8469
57 160.066 10.7425
58 130.893 4.8794
59 165.788 12.5209
60 156.603 9.5875
61 162.089 9.0205
62 167.315 10.8129
63 161.723 13.7785
64 118.529 6.7777
65 108.826 5.2554
66 88.2843 3.7087
67 88.0535 3.2472
68 94.0682 2.943
69 200.531 15.2769
70 164.494 14.4229
71 106.738 6.3679
72 105.546 4.8571
73 113.045 5.369
74 138.378 9.6205
75 122.033 7.3222
76 120.843 7.126
77 115.27 5.871
78 110.083 4.2815
79 117.621 7.0833
80 153.719 9.4639
81 145.655 8.5286
82 160.851 11.6388
83 174.96 12.5169
84 127.028 7.36
85 152.397 9.4666
86 154.512 10.1566
87 149.119 9.4262
88 199.691 14.4496
89 149.918 10.9279
90 144.894 10.1401
91 147.074 10.0988
92 158.492 11.3171
93 154.963 9.3104
94 160.087 10.857
95 180.945 14.2408
96 133.7 8.4315
97 143.882 7.9052
98 170.474 12.1978
99 174.209 13.0601
100 155.791 11.3457
101 145.845 10.1002
102 166.365 12.3078
103 147.519 10.5057
104 143.456 9.287
105 136.145 9.6137
106 142.953 8.9413
107 170.659 11.344
108 99.9855 3.8749
109 106.459 6.0224
110 126.356 5.6144
111 102.832 4.2262
112 116.494 7.3315
113 108.533 4.4568
114 157.346 11.6606
115 169.793 11.7312
116 142.938 9.5412
117 120.677 7.5209
118 161.867 11.6049
119 134.507 8.0853
120 158.034 11.0912
121 149.846 11.5219
122 144.389 11.0147
123 126.185 8.0961
124 152.409 9.3792
125 163.92 11.3942
126 158.473 11.541
127 160.43 10.7088
128 149.868 9.5559
129 151.986 11.0435
130 131.949 8.4728
131 145.841 9.5642
132 151.057 10.5561
133 142.792 5.6678
134 147.954 7.6326
135 150.583 7.8556
136 159.507 12.4291
137 133.529 6.7343
138 176.454 12.2723
139 137.099 8.7344
140 182.045 11.6434
141 112.639 8.1778
142 109.475 7.2906
143 101.131 4.2476
144 97.3872 3.9534
145 108.075 5.7163
146 145.359 9.3705
147 158.063 10.987
148 101.356 4.9265
149 96.7939 5.0199
150 103.539 4.9304
151 125.311 8.0376
152 115.817 7.1066
153 169.139 10.1266
154 177.553 12.6494
155 180.925 13.5362
156 158.858 10.4443
157 118.382 7.0662
158 147.977 8.8687
159 132.648 7.7966
160 129.092 7.2925
161 140.499 8.6194
162 172.718 14.2239
163 182.21 12.8365
164 121.308 7.4111
165 146.052 9.781
166 157.292 12.5881
167 160.859 12.2853
168 133.263 9.4666
169 148.056 9.2432
170 135.445 11.6636
171 157.439 11.231
172 156.488 13.331
173 138.257 10.3568
174 141.767 12.8772
175 129.621 9.6059
176 122.158 6.1685
177 178.158 13.9844
178 164.757 13.7488
179 113.27 6.1644
180 97.4807 5.0401
181 117.922 7.1906
182 144.24 9.0518
183 104.471 5.4034
184 89.056 3.607
185 167.511 11.8991
186 129.823 9.7447
187 157.902 10.4631
188 143.694 9.3867
189 146.842 9.335
190 146.832 10.5949
191 150.004 10.7815
192 127.086 7.8772
193 147.45 11.2106
194 146.153 8.82
195 133.619 9.8518
196 129.765 7.2698
197 146.409 8.2848
198 172.633 13.0065
199 169.611 13.2178
200 154.299 11.7118
201 150.807 10.9223
202 137.085 9.9423
203 142.652 10.6598
204 129.079 9.593
205 136.412 10.8772
206 148.401 10.1167
207 108.2 3.4927
208 125.713 5.5331
209 181.291 12.1577
210 132.72 5.8694
211 193.182 11.5085
212 163.874 7.8621
213 212.796 13.3001
214 201.54 12.8896
215 183.721 14.3376
216 187.723 11.3474
217 190.17 14.794
218 152 9.7012
219 189.928 14.8328
220 183.7 15.1891
221 186.651 13.8171
222 183.049 15.1878
223 177.744 13.6622
224 161.152 10.8152
225 146.065 9.1963
226 115.22 5.3399
227 119.842 6.9215
228 195.657 13.5949
229 181.755 12.4263
230 188.689 13.8917
231 190.335 13.4353
232 178.436 15.4351
233 163.57 12.6232
234 163.292 13.5196
235 184.52 14.8521
236 162.117 13.2402
237 158.416 11.7727
238 164.626 13.4441
239 165.442 13.0565
240 170.522 13.9903
