0 106.263 6.552
1 115.251 10.5458
2 121.243 9.9906
3 120.674 8.3017
4 69.9078 3.5193
5 104.063 7.886
6 138.186 12.5902
7 155.618 13.3739
8 137.231 10.7786
9 160.841 11.0533
10 141.28 10.4891
11 195.449 13.9232
12 157.143 13.5309
13 169.939 13.3885
14 140.904 10.4194
15 197.309 15.785
16 170.508 16.4604
17 156.111 10.2017
18 136.472 7.3393
19 121.375 5.8968
20 126.838 6.214
21 145.004 10.0646
22 119.137 5.2187
23 161.115 15.6176
24 170.407 13.2852
25 121.215 5.9843
26 130.499 7.4518
27 125.938 8.0839
28 138.454 9.5025
29 135.949 8.7085
30 143.708 10.7293
31 234.503 17.1452
32 142.733 11.2316
33 123.112 9.1031
34 110.52 7.1685
35 130.712 8.5512
36 124.224 7.6102
37 119.703 6.2859
38 152.396 9.227
39 143.413 10.0695
40 127.069 6.0957
41 124.248 5.8209
42 165.454 12.0377
43 147.294 10.0346
44 137.652 8.9112
45 152.301 9.2428
46 126.387 10.2136
47 73.6429 1.048
48 124.082 7.3873
49 127.63 10.3564
50 132.696 9.8912
51 128.728 8.2679
52 144.799 10.5416
53 203.485 16.2241
54 204.625 15.2903
55 202.281 15.6629
56 149.888 10.5821
57 158.236 10.5718
58 130.115 4.774
59 163.887 12.4914
60 154.785 9.4153
61 160.276 9.0543
62 165.12 10.5751
63 160.314 13.844
64 118.312 6.7931
65 108.743 5.2897
66 88.0204 3.7814
67 88.1794 3.259
68 94.0592 2.9891
69 200.387 15.7817
70 163.427 14.5784
71 105.822 6.2603
72 104.819 4.8357
73 112.186 5.2494
74 136.654 9.4711
75 120.639 7.2766
76 119.704 7.0999
77 114.323 5.7345
78 109.451 4.1841
79 116.991 6.9703
80 152.29 9.2797
81 144.568 8.4323
82 158.756 11.4993
83 173.071 12.6056
84 126.272 7.2296
85 152.029 9.5347
86 153.336 10.1276
87 147.939 9.3031
88 202.252 15.3157
89 148.12 11.0852
90 142.962 10.0655
91 145.236 9.9649
92 155.793 11.2279
93 152.943 9.1261
94 157.964 10.6935
95 177.83 14.4142
96 132.089 8.3924
97 142.199 7.8557
98 168.382 12.2477
99 171.838 12.9845
100 153.333 11.1313
101 144.102 10.2311
102 164.197 12.2766
103 146.064 10.722
104 142.171 8.9748
105 134.725 9.5462
106 141.321 8.7602
107 168.262 11.1789
108 99.357 3.9961
109 105.011 6.0843
110 125.104 5.5559
111 101.957 4.2111
112 114.304 7.23
113 107.735 4.4291
114 154.488 11.5604
115 166.712 11.6831
116 140.778 9.4051
117 119.094 7.5605
118 159.29 11.4077
119 133.107 8.0457
120 156.017 11.1107
121 147.265 11.4825
122 141.847 10.854
123 125.091 8.105
124 150.925 9.5449
125 161.976 11.3651
126 155.941 11.3037
127 159.021 10.5966
128 148.584 9.4335
129 149.911 10.8574
130 130.235 8.4084
131 144.346 9.2738
132 149.311 10.5851
133 143.24 5.713
134 147.969 7.6598
135 151.31 8.1007
136 159.668 12.5671
137 133.976 6.7411
138 176.654 12.4418
139 137.342 8.9681
140 182.54 11.79
141 112.287 8.1684
142 108.727 7.3074
143 101.21 4.28
144 97.5816 3.9758
145 108.195 5.7745
146 144.883 9.5237
147 157.534 11.2404
148 100.807 4.9174
149 96.1518 5.0301
150 102.718 4.8345
151 123.874 7.9815
152 114.229 7.0718
153 166.899 10.1827
154 174.448 12.7926
155 178.128 13.7924
156 156.593 10.3172
157 117.023 6.9997
158 146.414 8.8451
159 131.376 7.838
160 127.987 7.3413
161 138.729 8.6382
162 170.277 14.2209
163 180.059 12.5129
164 119.255 7.0356
165 143.064 9.3836
166 153.818 12.1183
167 157.078 12.0348
168 130.68 9.27
169 145.444 8.8569
170 132.129 11.4379
171 153.943 10.9495
172 155.738 13.2872
173 138.431 10.5447
174 141.767 13.1044
175 129.356 9.582
176 122.3 6.3128
177 177.95 13.9867
178 164.037 14.1399
179 112.02 6.0747
180 96.5347 5.0584
181 116.309 7.1475
182 142.575 9.0685
183 103.635 5.2751
184 88.4525 3.579
185 165.112 11.7053
186 127.402 9.5624
187 157.375 10.5551
188 143.634 9.5268
189 146.264 9.4197
190 146.073 10.7916
191 149.348 10.8267
192 124.826 7.8506
193 144.153 10.9056
194 143.1 8.6747
195 130.23 9.5884
196 127.574 7.1821
197 143.73 8.1922
198 168.747 12.9297
199 165.292 13.0565
200 153.215 12.0218
201 150.225 10.9111
202 135.949 10.0493
203 142.261 10.8914
204 128.747 9.6407
205 135.957 11.099
206 147.997 9.965
207 108.009 3.4273
208 124.866 5.5272
209 179.521 12.3376
210 131.794 5.8006
211 190.976 11.4335
212 162.699 7.7094
213 212.223 13.7734
214 200.862 13.7272
215 181.429 14.4608
216 186.465 11.3148
217 188.117 15.1045
218 150.946 9.6004
219 187.943 14.978
220 181.507 15.2882
221 184.566 13.8912
222 179.747 15.3151
223 178.029 13.9867
224 158.59 10.3465
225 144.01 9.1974
226 114.078 5.307
227 118.299 6.9341
228 194.322 14.0257
229 178.806 12.4463
230 186.238 13.8129
231 187.812 13.54
232 173.532 14.4263
233 159.585 12.7163
234 159.288 13.3473
235 181.618 14.9051
236 158.774 13.2268
237 155.043 11.5462
238 162.952 13.8347
239 162.192 12.9891
240 169.387 14.4124
