0 107.35 6.8327
1 116.821 10.7554
2 122.404 10.306
3 121.813 8.6816
4 70.901 3.6836
5 105.133 8.1586
6 140.22 13.2244
7 156.804 13.7033
8 137.684 10.9446
9 165.124 11.5305
10 145.082 11.1546
11 198.378 13.8538
12 162.778 14.2382
13 174.766 14.1342
14 144.235 11.1378
15 200.66 15.5989
16 174.901 16.8062
17 158.405 10.6839
18 138.504 7.6257
19 122.818 6.2207
20 128.684 6.5026
21 146.746 10.3451
22 120.919 5.5883
23 164.93 16.1553
24 173.798 13.7888
25 122.127 6.0538
26 132.237 7.8748
27 127.386 8.3384
28 139.779 9.7411
29 137.19 8.9231
30 145.723 11.2215
31 222.046 14.8813
32 145.538 11.5858
33 124.562 9.5018
34 112.027 7.5104
35 132.24 8.93
36 125.723 8.0486
37 120.538 6.4626
38 154.275 9.7369
39 145.244 10.4034
40 129.783 6.5659
41 126.969 6.1821
42 169.887 12.8314
43 150.761 10.8189
44 141.687 9.4026
45 156.52 9.6928
46 130.958 11.1602
47 73.9009 1.0697
48 125.255 7.6661
49 129.425 10.7961
50 133.897 10.2391
51 130.169 8.6116
52 146.416 11.1244
53 203.062 15.979
54 203.363 14.8007
55 201.266 15.0155
56 152.089 11.0244
57 160.431 10.9748
58 131.263 5.0612
59 166.101 12.7403
60 156.723 9.8297
61 162.028 9.1453
62 167.35 10.9585
63 161.347 13.9987
64 118.384 6.8624
65 109.01 5.3599
66 88.6931 3.8219
67 88.6739 3.3586
68 94.3746 3.0521
69 199.518 15.889
70 163.419 14.8137
71 107.099 6.5125
72 105.879 5.071
73 113.456 5.5074
74 138.513 9.8981
75 122.098 7.5659
76 121.072 7.3038
77 115.704 6.0874
78 110.29 4.4324
79 118.403 7.1881
80 154.164 9.7519
81 146.139 8.7757
82 161.752 12.0306
83 175.655 12.641
84 127.766 7.4988
85 153.748 9.8891
86 155.411 10.4816
87 150.027 9.4358
88 200.048 14.3838
89 149.937 10.9373
90 145.923 10.4212
91 147.753 10.3245
92 158.531 11.5538
93 154.986 9.5016
94 160.713 11.1137
95 180.977 14.6163
96 133.619 8.6197
97 143.803 8.1384
98 169.72 12.4019
99 174.193 13.4013
100 156.884 11.8616
101 146.542 10.8898
102 167.223 12.7599
103 148.88 11.1031
104 143.879 9.3919
105 136.867 9.8141
106 143.262 9.149
107 171.634 11.783
108 100.72 4.0008
109 108.253 6.198
110 128.099 5.7246
111 104.075 4.2258
112 118.886 7.5264
113 109.912 4.5099
114 161.019 11.9879
115 173.036 11.7778
116 147.358 9.825
117 123.904 7.772
118 166.615 12.1152
119 137.95 8.3872
120 162.428 11.5722
121 153.842 12.0541
122 147.679 11.367
123 128.718 8.5224
124 154.002 9.8891
125 164.075 11.7227
126 159.436 11.756
127 160.669 11.0667
128 150.552 9.9662
129 151.749 11.2945
130 132.158 8.8019
131 145.776 9.8108
132 151.599 11.0592
133 143.037 5.7163
134 147.812 7.8834
135 151.094 8.0492
136 159.27 12.8401
137 134.047 6.831
138 177.257 12.6219
139 138.115 9.1622
140 182.851 11.9183
141 112.931 8.2113
142 109.38 7.406
143 101.381 4.4017
144 97.5339 3.9823
145 108.536 5.8613
146 145.27 9.7395
147 157.504 11.1691
148 101.754 5.1289
149 96.9291 5.1898
150 103.637 5.0759
151 125.216 8.2638
152 115.77 7.3001
153 169.217 10.4148
154 177.242 13.0632
155 181.595 14.0654
156 158.911 10.5565
157 118.445 7.0122
158 148.349 8.9803
159 132.632 7.9287
160 129.553 7.3122
161 140.825 8.7339
162 172.13 14.3808
163 181.972 12.9814
164 120.275 7.3141
165 144.557 9.5935
166 156.082 12.3583
167 159.436 12.0761
168 132.747 9.3748
169 147.287 9.235
170 134.19 11.5594
171 156.094 11.118
172 156.551 13.3758
173 139.224 10.6581
174 142.238 12.9707
175 130.445 9.8899
176 122.492 6.4255
177 178.153 14.2371
178 164.458 14.1525
179 113.252 6.3798
180 97.4637 5.2672
181 117.836 7.4445
182 144.079 9.1433
183 104.606 5.4496
184 89.3607 3.7405
185 167.79 12.0981
186 129.579 9.8972
187 157.115 10.4484
188 143.273 9.5067
189 146.299 9.4457
190 146.345 10.819
191 150.079 10.9316
192 127.888 8.2284
193 148.157 11.4842
194 146.748 9.0176
195 134.637 10.0199
196 130.545 7.4145
197 147.237 8.4621
198 173.845 13.3319
199 170.814 13.324
200 155.972 12.0718
201 151.624 11.0842
202 137.996 10.0377
203 143.677 10.9194
204 130.064 9.7961
205 137.584 11.2823
206 149.428 10.2009
207 108.424 3.4965
208 125.014 5.5995
209 180.04 12.3708
210 131.996 5.9086
211 191.057 11.5993
212 162.896 7.7111
213 217.422 15.4495
214 200.079 13.5351
215 185.247 14.7493
216 190.906 11.7563
217 191.912 15.6103
218 154.235 10.0979
219 191.509 15.4446
220 185.876 15.7722
221 188.611 14.3594
222 184.874 15.8185
223 177.944 14.1276
224 161.549 10.5495
225 146.872 9.2094
226 115.429 5.2694
227 120.259 6.9715
228 194.485 13.5012
229 180.799 12.1433
230 186.68 13.5715
231 188.825 13.3533
232 180.075 15.3595
233 164.474 12.8737
234 164.201 13.4233
235 185.246 14.5446
236 163.276 13.3826
237 158.967 11.8824
238 164.834 13.8071
239 165.75 13.0771
240 171.686 14.3499
