0 105.97 6.5435
1 114.337 10.4474
2 121.013 9.9585
3 120.367 8.4535
4 70.0284 3.5547
5 103.825 7.9473
6 137.842 12.7732
7 155.256 13.4243
8 138.567 10.9941
9 160.141 10.8949
10 140.897 10.663
11 195.051 13.6022
12 157.107 13.4382
13 169.158 13.4816
14 140.697 10.5866
15 197.23 15.6664
16 170.765 16.4276
17 155.623 10.192
18 136.632 7.298
19 121.032 5.9678
20 126.724 6.2388
21 144.575 10.046
22 119.028 5.2808
23 160.992 15.8108
24 170.122 13.293
25 121.454 6.0631
26 131.143 7.7775
27 126.502 8.2184
28 139.393 9.7666
29 136.982 8.646
30 144.92 10.9507
31 244.369 18.9871
32 143.341 11.5036
33 123.637 9.3713
34 110.684 7.2916
35 131.165 8.5974
36 124.671 7.94
37 119.763 6.3523
38 152.617 9.4245
39 143.962 10.1782
40 126.78 6.1364
41 124.322 5.8727
42 165.067 12.2464
43 147.074 10.1598
44 137.503 8.8692
45 151.886 9.1914
46 126.196 10.4694
47 73.7251 1.0492
48 123.946 7.403
49 128.159 10.3699
50 132.684 9.9589
51 129.069 8.2501
52 145.139 10.8071
53 203.175 15.743
54 203.733 14.5465
55 201.831 15.109
56 150.436 10.5564
57 158.523 10.6655
58 130.127 4.8577
59 164.407 12.3923
60 155.329 9.4994
61 160.694 9.0423
62 165.842 10.7561
63 160.234 13.6944
64 117.875 6.7717
65 108.497 5.3119
66 87.7507 3.7688
67 88.0771 3.2619
68 93.786 2.9758
69 198.974 15.6992
70 162.355 14.6239
71 105.434 6.2593
72 104.513 4.8473
73 111.882 5.2457
74 136.225 9.5613
75 120.009 7.2424
76 119.441 7.0384
77 113.955 5.825
78 109.152 4.2603
79 116.423 6.935
80 152.181 9.4252
81 143.999 8.4739
82 158.382 11.5448
83 172.618 12.3804
84 125.891 7.369
85 151.202 9.4556
86 152.764 10.4076
87 147.141 9.3808
88 200.902 14.8585
89 148.242 11.0286
90 143.192 10.1632
91 144.969 10.0373
92 156.082 11.1377
93 153.054 9.1713
94 158.417 10.6178
95 177.753 14.3959
96 132.09 8.3063
97 142.126 8.0336
98 168.77 12.3717
99 172.205 12.9819
100 153.702 11.2574
101 144.205 10.4797
102 164.698 12.2926
103 146.068 10.6574
104 142.113 9.1073
105 134.641 9.6123
106 141.404 8.8482
107 168.467 11.2997
108 99.7009 3.796
109 105.818 5.9533
110 125.829 5.4642
111 102.201 4.1381
112 115.427 7.2059
113 108.094 4.2972
114 156.29 11.4708
115 168.816 11.6528
116 141.905 9.344
117 119.776 7.2592
118 160.087 11.3108
119 133.637 7.9198
120 156.608 10.8753
121 147.992 11.4268
122 142.428 10.7274
123 125.328 8.1078
124 151.355 9.2988
125 161.45 11.3664
126 155.51 11.3022
127 158.661 10.7815
128 148.652 9.6198
129 149.403 10.974
130 129.838 8.3801
131 143.646 9.3909
132 149.3 10.3976
133 141.807 5.715
134 146.685 7.6058
135 149.922 7.895
136 157.624 12.4792
137 132.703 6.6388
138 175.419 12.5023
139 136.01 8.8941
140 181.21 11.5987
141 111.279 8.0574
142 107.815 7.1641
143 100.46 4.2128
144 96.9511 3.9595
145 107.269 5.6292
146 143.6 9.2061
147 156.496 10.9731
148 100.727 4.9812
149 95.8916 5.1119
150 102.705 4.9028
151 123.782 8.0018
152 114.668 7.1536
153 167.298 10.1507
154 175.351 12.6497
155 179.027 13.7105
156 156.449 10.2057
157 116.788 6.9364
158 145.897 8.7379
159 130.989 7.6738
160 127.579 7.2425
161 139.025 8.4228
162 170.542 14.1031
163 179.781 12.7082
164 119.227 7.0391
165 142.986 9.4218
166 153.755 11.9983
167 156.841 11.9893
168 130.841 9.2526
169 145.41 8.8819
170 132.282 11.2932
171 153.962 10.7802
172 154.264 12.8799
173 136.874 10.1473
174 140.398 12.6926
175 128.095 9.3653
176 121.379 6.1233
177 175.871 13.7671
178 162.038 13.7282
179 111.803 6.1307
180 96.5344 5.007
181 116.277 7.153
182 142.686 8.9784
183 103.577 5.2272
184 88.3711 3.5902
185 165.142 11.5966
186 127.437 9.4518
187 157.013 10.4934
188 143.178 9.3963
189 146.19 9.2724
190 146.174 10.7827
191 149.219 10.9277
192 124.962 7.5957
193 144.627 10.9274
194 143.529 8.5793
195 130.592 9.6095
196 127.846 7.0639
197 144.406 8.1168
198 169.371 12.9387
199 166.466 13.2302
200 153.252 11.8443
201 150.643 10.8974
202 136.264 9.8776
203 142.4 10.7549
204 128.577 9.4244
205 136.425 11.3074
206 148.027 10.1579
207 107.412 3.4066
208 124.006 5.4306
209 178.009 12.2392
210 130.824 5.6427
211 189.193 11.4868
212 161.155 7.6006
213 208.487 13.1991
214 198.802 13.4073
215 181.093 14.3885
216 186.015 11.4985
217 188.008 15.2955
218 150.594 9.6001
219 187.363 15.0259
220 181.082 15.5078
221 183.935 13.7729
222 179.702 15.3261
223 175.257 13.8492
224 159.717 10.0931
225 144.915 8.8841
226 114.248 5.149
227 118.644 6.805
228 193.964 13.295
229 179.353 12.1533
230 187.745 13.8406
231 189.004 13.2145
232 176.195 15.1059
233 161.923 12.5996
234 161.595 13.0096
235 183.538 14.6383
236 160.683 13.0598
237 156.36 11.643
238 163.491 13.564
239 163.597 13.0267
240 170.855 14.3806
