0 106.98 6.6434
1 116.849 10.2918
2 122.84 10.136
3 121.915 8.3626
4 70.6173 3.5475
5 105.066 7.8705
6 140.171 12.8435
7 157.536 13.2302
8 137.373 10.5294
9 164.921 11.2612
10 145.009 10.9491
11 199.014 13.7361
12 161.618 13.8674
13 174.037 13.7027
14 144.187 10.8741
15 202.559 15.7735
16 175.569 16.4751
17 158.059 10.362
18 137.807 7.2781
19 122.169 6.0181
20 127.665 6.4325
21 146.535 10.2916
22 120.136 5.3105
23 163.505 15.7558
24 171.63 13.4119
25 122.085 6.099
26 131.734 7.6765
27 127.501 8.2517
28 140.008 9.6139
29 137.02 8.8267
30 145.737 10.5973
31 217.334 13.0696
32 144.198 11.3731
33 124.053 9.0946
34 111.674 7.3697
35 131.583 8.6653
36 125.227 8.0357
37 120.379 6.3376
38 153.797 9.5744
39 144.708 10.2041
40 128.064 6.1483
41 125.292 5.9331
42 167.767 12.2768
43 148.916 10.1676
44 139.465 8.8518
45 154.22 9.2613
46 127.972 10.3812
47 73.7638 1.0316
48 124.968 7.3942
49 129.185 10.532
50 133.961 10.025
51 130.144 8.3546
52 146.413 10.7434
53 203.658 15.8619
54 203.728 14.6151
55 201.456 15.1337
56 152.351 10.8214
57 160.433 10.7228
58 130.912 4.9098
59 166.192 12.436
60 156.796 9.5834
61 162.14 9.068
62 167.618 10.7874
63 161.043 13.628
64 118.175 6.7531
65 108.699 5.1935
66 88.1885 3.7059
67 88.0153 3.2118
68 93.9713 2.9377
69 199.992 15.1446
70 163.868 14.5303
71 106.413 6.2758
72 105.272 4.9513
73 112.758 5.2901
74 138.028 9.5896
75 121.544 7.3164
76 120.796 7.1824
77 115.227 5.8793
78 109.999 4.2819
79 117.683 7.0769
80 153.794 9.4689
81 145.834 8.4743
82 160.741 11.4434
83 175.064 12.4364
84 127.752 7.4091
85 153.089 9.6345
86 155.074 10.3109
87 149.866 9.6225
88 200.148 14.2994
89 150.591 11.07
90 145.126 10.3944
91 148.622 10.3796
92 160.129 11.3819
93 156.412 9.5518
94 162.051 10.9453
95 182.416 14.347
96 134.971 8.6901
97 145.079 8.2031
98 172.564 12.4533
99 174.133 12.987
100 155.447 11.3177
101 145.745 10.4263
102 166.148 12.4542
103 147.56 10.6712
104 143.461 9.2067
105 136.079 9.6273
106 142.906 9.0757
107 170.84 11.3463
108 99.9604 3.9087
109 106.238 6.1837
110 126.226 5.6462
111 102.6 4.2598
112 116.21 7.3491
113 108.313 4.4658
114 156.585 11.7712
115 169.011 11.8096
116 142.234 9.5847
117 120.193 7.5077
118 160.947 11.7939
119 134.099 8.1698
120 157.655 11.1572
121 149.759 11.7842
122 144.099 10.9289
123 126.062 7.9828
124 152.958 9.6438
125 164.057 11.4126
126 158.591 11.4366
127 160.742 10.6802
128 150.173 9.7756
129 151.835 11.0723
130 132.094 8.4179
131 145.852 9.4555
132 151.332 10.6292
133 144.247 5.7381
134 149.345 7.8556
135 152.326 8.0756
136 161.385 12.9231
137 134.652 6.9412
138 178.316 12.4773
139 138.52 8.9906
140 183.535 11.6746
141 113.559 8.2017
142 110.314 7.4501
143 101.834 4.3519
144 98.0178 4.0275
145 108.727 5.8478
146 146.673 9.62
147 159.956 11.3518
148 101.219 4.9911
149 96.6506 5.0377
150 103.265 4.8856
151 125.03 8.0397
152 115.694 7.1859
153 168.701 10.1768
154 177.469 12.7343
155 180.607 13.6291
156 158.938 10.4773
157 118.392 7.1484
158 147.94 8.9684
159 132.757 7.9401
160 128.941 7.2119
161 140.563 8.6601
162 172.569 14.0178
163 182.203 12.8116
164 120.279 7.1369
165 144.522 9.46
166 155.728 12.4251
167 159.012 12.0695
168 132.165 9.306
169 146.729 9.0522
170 134.086 11.494
171 155.701 11.038
172 156.23 13.1116
173 138.176 10.3513
174 141.911 12.6249
175 129.349 9.514
176 122.051 6.1763
177 177.73 13.6437
178 164.505 13.6527
179 113.848 6.2452
180 98.0107 5.2459
181 118.678 7.3662
182 145.214 9.1576
183 104.819 5.4095
184 89.3498 3.6964
185 169.278 12.1467
186 130.666 9.8586
187 159.302 10.6649
188 145.333 9.2971
189 148.32 9.4917
190 148.23 10.7596
191 151.369 10.8853
192 127.483 7.9599
193 148.148 11.3567
194 146.767 8.9803
195 133.908 10.103
196 130.265 7.4522
197 146.943 8.4398
198 172.97 13.0231
199 170.176 13.4031
200 154.115 11.8433
201 150.962 10.7385
202 136.878 10.1783
203 142.629 10.6734
204 129.017 9.4662
205 136.298 11.1281
206 148.265 10.2344
207 108.261 3.4809
208 125.504 5.564
209 181.11 12.1671
210 132.477 5.8094
211 193.022 11.4812
212 163.899 7.7761
213 219.946 15.0271
214 202.32 13.1253
215 184.181 14.38
216 188.188 11.4805
217 190.994 15.0686
218 152.512 9.6692
219 190.775 15.0787
220 184.01 15.1752
221 187.066 13.7179
222 183.48 15.3552
223 177.403 13.7878
224 158.757 10.1293
225 143.927 9.089
226 113.989 5.2028
227 118.581 6.8923
228 193 13.5565
229 178.859 12.3151
230 186.125 13.6917
231 187.947 13.4397
232 177.477 15.3922
233 162.153 12.919
234 162.179 13.5922
235 184.265 14.824
236 161.425 13.2789
237 157.715 11.6976
238 164.092 13.6895
239 164.512 12.9505
240 170.271 14.0966
