0 106.052 6.4179
1 115.156 10.1923
2 120.922 9.6452
3 120.226 8.1869
4 69.6484 3.3573
5 103.769 7.7174
6 137.514 12.3806
7 155.569 12.9501
8 135.502 10.2586
9 160.972 10.7985
10 141.713 10.4088
11 195.974 13.5023
12 158.081 13.1117
13 170.896 13.2317
14 141.363 10.368
15 197.236 14.9197
16 171.432 15.9815
17 158.261 10.2747
18 137.17 7.2578
19 121.908 6.0136
20 127.294 6.4479
21 146.886 10.1158
22 120.212 5.2422
23 164.805 15.7173
24 173.238 13.431
25 120.539 5.7284
26 130.413 7.3779
27 125.628 7.8781
28 137.99 9.4817
29 135.997 8.5241
30 144.136 10.5133
31 227.622 15.5128
32 144.352 11.11
33 123.682 8.9514
34 110.763 7.1158
35 131.372 8.4878
36 125.236 7.7014
37 120.151 6.1757
38 152.82 9.0434
39 144.435 9.8682
40 127.076 6.0115
41 124.658 5.7788
42 166.179 12.1493
43 148.302 10.0493
44 137.706 8.7741
45 152.673 9.033
46 127.252 10.1113
47 73.6167 1.0194
48 124.302 7.2959
49 128.923 10.0963
50 133.198 9.7368
51 129.598 8.1148
52 145.512 10.5775
53 202.473 15.3444
54 203.603 14.7229
55 201.349 14.8728
56 150.616 10.4119
57 159.514 10.6049
58 130.359 4.7776
59 165.273 12.1369
60 155.942 9.317
61 161.325 8.7836
62 166.518 10.3823
63 160.441 13.2496
64 117.313 6.4404
65 108.038 5.0285
66 87.5531 3.5877
67 87.5695 3.0914
68 93.5509 2.8092
69 198.371 14.7402
70 162.611 14.0181
71 105.684 6.1151
72 104.621 4.7184
73 111.681 5.0669
74 136.105 9.1381
75 120.341 7.1125
76 119.9 7.0017
77 113.997 5.7327
78 109.459 4.1721
79 116.732 6.8149
80 152.88 9.0597
81 144.504 8.3657
82 158.742 11.2674
83 173.176 12.2102
84 125.955 7.0406
85 150.696 9.1814
86 152.465 9.9471
87 146.48 9.1889
88 200.212 14.8663
89 146.921 10.5024
90 142.492 9.6497
91 145.519 9.7746
92 156.93 10.7975
93 153.66 9.1542
94 158.947 10.4763
95 178.576 14.1963
96 132.706 8.2574
97 142.755 7.8661
98 169.464 11.9878
99 172.374 12.8082
100 155.768 11.1987
101 145.03 10.083
102 166.273 12.3989
103 147.305 10.541
104 143.406 9.0967
105 136.3 9.7046
106 143.054 8.957
107 168.825 10.9804
108 98.3912 4.1722
109 103.594 5.9303
110 123.945 5.4446
111 101.092 4.1365
112 113.12 6.9981
113 106.92 4.2791
114 152.583 11.4952
115 165.679 11.5704
116 138.844 9.1348
117 117.536 7.3053
118 157.579 11.2608
119 131.625 7.9436
120 154.039 10.4991
121 146.484 11.1933
122 140.503 10.8406
123 124.178 7.8802
124 149.157 9.2951
125 162.061 11.171
126 156.04 11.0539
127 159.058 10.4636
128 149.225 9.3486
129 150.427 10.7331
130 130.578 8.1754
131 144.38 9.1142
132 149.879 10.3314
133 141.367 5.4591
134 146.243 7.3908
135 149.448 7.6683
136 157.336 11.8714
137 132.583 6.5481
138 174.76 11.9866
139 136.274 8.6224
140 181.219 11.5161
141 111.873 7.939
142 108.466 7.0886
143 100.681 4.1418
144 96.9638 3.7707
145 107.977 5.5921
146 144.014 9.0243
147 157.03 10.5769
148 100.853 4.8133
149 96.4054 4.8417
150 102.915 4.8308
151 124.557 7.8851
152 114.802 6.9542
153 168.162 9.9379
154 176.45 12.6648
155 180.403 13.2166
156 157.341 10.0823
157 117.318 6.8798
158 146.783 8.6479
159 131.517 7.5802
160 127.267 6.9796
161 139.196 8.2614
162 171.532 13.7009
163 180.594 12.5828
164 119.748 6.8853
165 143.683 9.1769
166 154.158 11.8567
167 157.674 11.6792
168 131.149 8.9451
169 145.925 8.6842
170 132.597 11.008
171 154.279 10.5413
172 154.832 13.0185
173 137.51 10.0477
174 140.972 12.4187
175 128.644 9.1659
176 121.371 6.0193
177 177.419 13.4767
178 163.679 13.4572
179 112.697 5.999
180 96.9197 4.915
181 117.345 7.0367
182 143.763 8.8116
183 103.938 5.1771
184 88.5482 3.4932
185 167.599 11.5979
186 129.239 9.477
187 158.651 10.1882
188 144.65 9.312
189 147.391 9.1283
190 146.458 10.5108
191 150.41 10.596
192 127.118 7.8567
193 147.606 10.8561
194 145.561 8.7016
195 132.955 9.3264
196 129.074 7.2395
197 145.748 8.1933
198 171.974 12.7725
199 168.691 13.1122
200 152.567 11.5105
201 149.778 10.4023
202 135.31 9.6459
203 141.025 10.3769
204 127.69 9.4644
205 134.572 10.5513
206 146.604 9.7936
207 106.89 3.2839
208 124.131 5.3016
209 177.867 11.6656
210 130.656 5.5359
211 189.826 11.1092
212 161.432 7.5059
213 208.099 12.6028
214 199.345 12.8984
215 183.476 14.2551
216 187.874 11.2216
217 190.842 14.7934
218 152.4 9.5248
219 190.497 14.6347
220 183.816 15.1444
221 186.832 13.8118
222 182.062 15.0319
223 176.07 13.6356
224 154.425 10.1917
225 140.632 8.6349
226 112.001 4.9734
227 116.285 6.6124
228 190.989 13.9182
229 174.295 12.0904
230 182.76 13.9141
231 185.051 13.4558
232 172.922 14.1659
233 158.588 12.2596
234 159.444 13.101
235 180.557 14.5284
236 158.703 13.1863
237 154.915 11.3785
238 162.664 13.5126
239 161.939 12.7653
240 166.988 13.998
