0 106.197 6.4876
1 114.841 10.4499
2 121.196 10.0229
3 120.749 8.305
4 69.9599 3.4644
5 104.029 7.7687
6 137.949 12.5908
7 155.712 13.1204
8 135.535 10.4116
9 159.816 11.0801
10 140.073 10.5269
11 194.771 13.9437
12 156.315 13.321
13 168.999 13.3359
14 140.154 10.4206
15 195.473 15.5758
16 169.726 16.14
17 154.98 10.0895
18 135.581 7.1473
19 120.617 5.8607
20 125.803 6.1984
21 143.981 9.8632
22 118.445 5.1155
23 159.773 15.276
24 168.747 13.1559
25 120.647 5.8827
26 129.938 7.5093
27 125.024 7.9971
28 137.516 9.4347
29 135.163 8.5546
30 142.746 10.5908
31 226.394 16.043
32 142.95 11.1954
33 123.277 9.0484
34 110.643 7.2156
35 131.095 8.6935
36 124.197 7.9188
37 119.735 6.3258
38 152.412 9.3444
39 143.309 10.0033
40 126.541 6.0111
41 123.894 5.7614
42 163.99 12.2577
43 146.519 10.0957
44 136.756 8.8277
45 151.594 9.1992
46 125.556 10.4027
47 73.6615 1.0593
48 124.655 7.5334
49 128.638 10.5664
50 133.568 10.2498
51 129.89 8.4124
52 145.942 10.8972
53 203.916 15.6006
54 209.012 16.211
55 203.542 15.534
56 149.775 10.591
57 157.932 10.599
58 130.012 4.8437
59 163.952 12.4571
60 154.256 9.4274
61 159.985 8.9709
62 164.931 10.5991
63 158.405 13.5715
64 116.811 6.7598
65 107.687 5.1169
66 87.3137 3.715
67 87.9434 3.1923
68 93.5931 2.8698
69 197.183 15.5163
70 160.618 14.2588
71 105.471 6.2251
72 104.462 4.8224
73 111.897 5.2513
74 135.635 9.4803
75 120.188 7.3177
76 119.315 7.2056
77 114.003 5.8941
78 109.219 4.2792
79 116.338 6.9578
80 151.571 9.599
81 143.641 8.7171
82 157.43 11.6407
83 171.43 12.678
84 123.782 7.2417
85 148.924 9.4664
86 150.083 10.2319
87 144.927 9.4894
88 199.238 15.2465
89 145.201 10.8321
90 140.056 10.0025
91 143.899 9.8402
92 154.871 10.9114
93 151.913 9.1555
94 156.948 10.4533
95 175.842 14.2167
96 131.286 8.2447
97 140.984 7.7573
98 166.975 12.053
99 171.557 13.02
100 153.668 11.2671
101 143.885 10.3441
102 164.564 12.5071
103 145.864 10.6496
104 142.043 9.0525
105 134.617 9.4345
106 141.787 8.8847
107 167.833 11.2206
108 99.4881 4.0696
109 105.13 6.1971
110 125.7 5.6676
111 102.389 4.3191
112 114.685 7.4755
113 108.123 4.5373
114 155.722 11.8826
115 168.196 12.0077
116 139.342 9.2662
117 118.008 7.3614
118 157.799 11.4053
119 132.088 7.9532
120 154.226 10.9815
121 146.083 11.3519
122 140.725 10.7255
123 124.126 7.8877
124 149.171 9.1837
125 162.259 11.3245
126 156.55 11.1577
127 158.953 10.6912
128 149.018 9.6055
129 149.924 10.9643
130 130.629 8.4369
131 144.492 9.4336
132 149.953 10.4003
133 141.642 5.5352
134 146.238 7.5901
135 149.216 7.7626
136 156.801 12.2711
137 132.414 6.651
138 174.005 12.1673
139 135.402 8.6663
140 180.029 11.8567
141 111.113 7.8075
142 107.467 7.2096
143 100.297 4.1261
144 96.7343 3.8984
145 107.339 5.6486
146 143.213 9.1725
147 155.705 10.7527
148 100.727 4.9058
149 95.9137 5.0091
150 102.497 4.7794
151 123.654 7.9388
152 114.234 7.0172
153 166.765 10.0055
154 174.941 12.8223
155 178.186 13.6034
156 156.778 10.3603
157 116.872 6.8957
158 146.124 8.8463
159 130.729 7.7249
160 127.467 7.2121
161 138.457 8.4912
162 169.727 14.1606
163 179.024 12.771
164 118.661 6.9014
165 142.258 9.2619
166 152.398 11.8577
167 155.591 11.6629
168 129.758 8.9805
169 144.689 8.731
170 130.809 11.2073
171 152.511 10.6547
172 153.587 13.1794
173 136.854 10.1997
174 139.733 12.6931
175 127.729 9.2981
176 121.109 6.1754
177 176.32 13.669
178 162.325 13.676
179 112.194 6.1436
180 96.6163 5.0489
181 116.567 7.1131
182 142.811 8.8146
183 103.691 5.3083
184 88.3808 3.5729
185 166.049 11.5777
186 128.276 9.5015
187 155.732 10.2853
188 142.154 9.121
189 144.655 9.11
190 144.309 10.4712
191 147.508 10.6838
192 124.751 7.7753
193 144.654 10.7711
194 143.51 8.5711
195 130.595 9.5096
196 127.733 7.1465
197 143.935 8.1218
198 169.257 12.7266
199 165.486 13.0387
200 153.072 11.7418
201 149.914 10.5965
202 135.782 9.9092
203 141.734 10.815
204 128 9.3505
205 135.657 11.148
206 147.276 10.153
207 107.433 3.3579
208 124.034 5.3704
209 177.858 12.1658
210 130.881 5.7021
211 189.508 11.3677
212 161.421 7.5951
213 208.859 13.2667
214 199.36 13.5161
215 180.424 14.4543
216 185.564 11.2907
217 187.883 15.238
218 150.159 9.6115
219 187.059 15.1945
220 180.844 15.258
221 183.646 13.9034
222 179.228 15.2156
223 175.472 13.8177
224 155.304 9.9828
225 141.316 8.9101
226 112.359 5.0907
227 116.507 6.7544
228 190.908 13.8457
229 174.984 12.183
230 182.993 13.7132
231 184.759 13.3364
232 172.639 14.1797
233 158.813 12.5553
234 159.243 13.3268
235 180.912 14.6957
236 158.198 13.0261
237 154.668 11.6323
238 162.64 13.7778
239 161.392 12.7462
240 167.982 14.4921
