0 106.901 6.624
1 115.892 10.4869
2 122.197 10.1678
3 121.625 8.4583
4 69.9287 3.556
5 105.047 7.9829
6 139.393 12.8138
7 157.132 13.3937
8 135.668 10.55
9 159.772 10.7895
10 140.139 10.5302
11 194.898 13.837
12 156.102 13.3389
13 169.062 13.273
14 140.025 10.4012
15 195.34 15.51
16 169.415 16.3626
17 156.259 10.1675
18 136.292 7.2239
19 121.109 5.9272
20 126.521 6.1848
21 145.215 10.0175
22 119.204 5.2513
23 161.441 15.3864
24 170.393 13.2182
25 120.819 5.8866
26 130.358 7.5414
27 125.535 8.0346
28 138.099 9.5507
29 135.449 8.7437
30 143.458 10.5997
31 209.672 11.439
32 142.67 11.2986
33 123.09 9.0688
34 110.721 7.1454
35 130.991 8.6761
36 124.163 7.8944
37 119.603 6.3387
38 152.098 9.282
39 143.18 9.9303
40 126.653 6.0269
41 123.919 5.8607
42 164.824 12.3523
43 146.754 10.2181
44 137.526 8.8593
45 151.987 9.0483
46 125.896 10.2471
47 73.6615 1.0504
48 124.222 7.3553
49 128.198 10.5596
50 133.022 9.9168
51 128.992 8.2663
52 144.76 10.6352
53 201.984 15.5896
54 205.372 15.3409
55 203.834 16.0688
56 149.827 10.747
57 158.557 10.5695
58 130.17 4.863
59 163.98 12.4027
60 154.852 9.5155
61 160.283 9
62 165.174 10.6811
63 157.792 13.5189
64 116.737 6.6135
65 107.674 5.1277
66 87.5194 3.6414
67 87.6083 3.1403
68 93.5211 2.8417
69 196.854 15.6957
70 160.443 14.2333
71 106.098 6.3968
72 105.06 4.9246
73 112.634 5.3383
74 137.229 9.5426
75 121.427 7.357
76 119.724 7.1563
77 114.048 5.853
78 109.28 4.2784
79 116.585 6.8156
80 152.355 9.3242
81 144.353 8.4036
82 158.245 11.4449
83 172.637 12.4153
84 125.579 7.2943
85 150.328 9.2803
86 151.82 10.2308
87 146.645 9.4821
88 199.137 14.9691
89 147.211 10.8684
90 141.954 9.818
91 144.707 9.8324
92 155.575 11.0343
93 152.581 9.1258
94 157.928 10.7272
95 176.804 14.3365
96 131.592 8.3532
97 141.541 7.8148
98 167.462 12.1392
99 173.831 13.1785
100 155.478 11.4078
101 145.189 10.524
102 166.053 12.5958
103 147.148 10.7553
104 143.033 9.2847
105 136.167 9.8906
106 143.066 9.1119
107 168.418 11.2392
108 99.1179 3.8967
109 105.056 6.0099
110 124.98 5.5207
111 101.967 4.1506
112 113.95 7.0925
113 107.588 4.3591
114 154.407 11.5586
115 167.426 11.7074
116 139.974 9.1877
117 118.474 7.2742
118 158.232 11.3911
119 132.309 7.9225
120 154.667 10.9032
121 146.613 10.9861
122 141.163 10.7045
123 124.152 7.9403
124 150.178 9.1496
125 163.974 11.5723
126 158.67 11.5972
127 161.164 10.9696
128 150.536 9.8261
129 151.702 11.0926
130 132.019 8.5923
131 145.995 9.5329
132 151.583 10.8202
133 141.674 5.5554
134 146.458 7.5329
135 149.476 7.7598
136 157.644 12.2245
137 132.412 6.6506
138 174.498 12.18
139 135.382 8.7215
140 180.384 11.5444
141 111.369 7.8472
142 108.195 7.198
143 100.831 4.1997
144 96.8992 3.9254
145 107.375 5.6007
146 143.412 9.1043
147 156.345 10.7852
148 100.756 4.9607
149 96.0548 5.0318
150 102.622 4.7946
151 123.652 7.9564
152 114.521 6.9575
153 166.999 10.0794
154 174.838 12.8156
155 178.576 13.6567
156 156.757 10.3099
157 116.717 6.9344
158 146.172 8.8137
159 131.025 7.755
160 127.561 7.2377
161 138.762 8.5026
162 170.209 14.1552
163 179.644 12.737
164 120.069 7.2441
165 144.42 9.6699
166 154.556 12.2136
167 158.926 12.159
168 131.796 9.3868
169 146.787 9.0305
170 133.671 11.5379
171 155.22 10.6914
172 155.342 13.1905
173 138.101 10.5156
174 141.326 12.7127
175 128.865 9.5608
176 122.09 6.2436
177 177.61 13.7286
178 163.626 13.7472
179 112.02 6.0423
180 96.5469 5.0147
181 116.566 7.0453
182 142.943 8.9729
183 103.624 5.2398
184 88.4133 3.5667
185 165.639 11.6296
186 128.155 9.461
187 155.388 10.2487
188 141.931 9.3562
189 144.785 9.1944
190 144.329 10.4527
191 147.853 10.5156
192 125.969 7.8679
193 145.658 11.0947
194 144.536 8.7563
195 131.721 9.8057
196 128.396 7.2361
197 144.746 8.1494
198 170.762 12.9433
199 167.229 13.2129
200 151.601 11.7305
201 149.071 10.6546
202 134.886 9.7779
203 140.699 10.3428
204 127.188 9.3893
205 134.404 10.8966
206 146.43 9.7138
207 107.357 3.3934
208 124.162 5.4061
209 178.229 12.1938
210 130.99 5.6811
211 189.722 11.3648
212 161.492 7.6278
213 210.108 13.5265
214 199.014 13.1374
215 181.077 14.4536
216 186.435 11.3451
217 188.461 15.0381
218 150.248 9.639
219 187.74 14.8269
220 181.61 15.3651
221 184.615 13.8096
222 179.941 15.1783
223 177.066 13.8519
224 157.883 10.1721
225 143.239 9.0357
226 113.433 5.1908
227 117.647 6.8066
228 193.074 13.8427
229 177.232 12.2917
230 185.393 13.8553
231 187.373 13.4641
232 173.903 14.4508
233 160.342 12.5672
234 160.226 13.318
235 181.68 14.8739
236 159.542 13.2807
237 155.521 11.6278
238 163.263 13.8518
239 162.429 12.9669
240 167.327 14.1229
