0 106.377 6.4363
1 114.826 10.2298
2 121.074 9.7852
3 120.223 8.21
4 69.7606 3.4265
5 103.915 7.6677
6 137.592 12.4441
7 155.529 13.1096
8 134.761 10.2466
9 160.301 10.8622
10 141.252 10.4894
11 195.087 13.6201
12 157.637 13.2501
13 169.858 13.372
14 140.719 10.5237
15 196.947 15.581
16 170.491 16.0763
17 155.433 9.9487
18 135.796 7.1053
19 120.86 5.8788
20 126.186 6.0892
21 144.371 9.8225
22 118.79 5.1126
23 160.405 15.2127
24 169.853 13.0263
25 120.593 5.903
26 130.108 7.3884
27 125.628 7.7849
28 138.071 9.4911
29 135.915 8.6447
30 143.973 10.4699
31 212.164 12.3653
32 145.005 11.3613
33 124.46 9.1815
34 111.846 7.3092
35 132.752 8.6883
36 125.701 7.8715
37 121.05 6.4779
38 154.006 9.5121
39 145.697 10.317
40 127.201 6.1121
41 124.656 5.8674
42 166.238 12.2839
43 147.845 10.1596
44 137.568 8.8884
45 152.697 9.241
46 126.573 10.3366
47 73.6536 1.0314
48 124.337 7.4291
49 128.969 10.548
50 133.436 9.7392
51 129.54 8.2196
52 145.354 10.6885
53 201.559 15.0141
54 205.151 15.2876
55 202.988 15.4174
56 150.461 10.5021
57 158.992 10.5909
58 130.275 4.7667
59 164.862 12.2088
60 155.812 9.4195
61 161.129 8.9164
62 166.232 10.4501
63 160.972 13.4887
64 117.866 6.5972
65 108.396 5.1604
66 87.8052 3.6658
67 87.8492 3.1697
68 93.697 2.8776
69 197.783 14.9851
70 162.547 14.4811
71 105.844 6.2388
72 104.813 4.8102
73 112.067 5.2356
74 136.252 9.3152
75 120.664 7.3155
76 120.397 7.2328
77 114.576 5.8993
78 109.816 4.3035
79 117.319 7.0561
80 153.215 9.7107
81 145.246 8.533
82 159.689 11.5681
83 174.088 12.3468
84 125.089 7.0841
85 150.009 9.1893
86 151.668 10.0294
87 146.342 9.2018
88 200.645 15.6099
89 146.658 10.6477
90 141.788 10.0162
91 144.678 9.8874
92 156.055 10.9751
93 152.671 9.0514
94 157.982 10.6227
95 177.109 14.139
96 131.895 8.2846
97 141.797 7.9272
98 168.098 12.1621
99 171.671 12.8713
100 153.534 11.119
101 143.185 10.0528
102 164.362 12.2935
103 145.996 10.4202
104 142.131 9.1224
105 134.869 9.6008
106 141.333 8.7897
107 168.336 11.1554
108 98.5636 4.1664
109 103.852 5.994
110 124.118 5.4721
111 101.192 4.1318
112 112.817 7.0546
113 106.82 4.3429
114 151.985 11.4918
115 165.62 11.8285
116 139.119 9.2938
117 117.89 7.2638
118 157.413 11.4608
119 131.98 7.9493
120 154.183 10.9357
121 146.529 11.2416
122 140.887 10.6994
123 123.929 7.9572
124 149.292 9.1828
125 161.602 11.3266
126 156.339 11.2351
127 158.814 10.5114
128 148.732 9.4909
129 149.638 10.9332
130 130.343 8.3544
131 144.159 9.1851
132 149.92 10.4161
133 141.438 5.453
134 146.084 7.3517
135 149.186 7.6103
136 156.926 11.8775
137 132.414 6.5227
138 174.513 11.9238
139 135.616 8.7036
140 181.008 11.5496
141 111.929 7.794
142 108.531 7.0267
143 100.96 4.1416
144 97.1115 3.8212
145 107.748 5.5908
146 143.831 9.0596
147 157.093 10.5283
148 100.87 4.8538
149 96.4041 4.919
150 102.888 4.8904
151 124.036 7.7086
152 114.527 6.9403
153 167.88 9.9869
154 175.566 12.5942
155 179.667 13.568
156 157.108 10.1385
157 117.07 6.8718
158 146.395 8.7322
159 131.064 7.5965
160 127.397 7.0983
161 138.776 8.3207
162 170.221 14.0493
163 179.984 12.5379
164 119.571 7.0433
165 143.501 9.3591
166 153.975 11.7799
167 157.711 11.7812
168 130.982 9.1317
169 145.827 8.8062
170 132.277 11.0352
171 154.294 10.7399
172 154.441 13.0601
173 136.908 10.111
174 140.427 12.4274
175 128.463 9.2478
176 121.55 6.0668
177 176.868 13.461
178 162.706 13.4448
179 113.32 6.0968
180 97.2922 4.9972
181 117.779 7.2341
182 144.207 8.9612
183 104.319 5.2778
184 88.8656 3.5448
185 168.378 11.7248
186 129.882 9.5018
187 155.911 9.8736
188 142.394 9.0398
189 144.986 9.0525
190 144.452 10.2715
191 148.025 10.5446
192 126.062 7.8056
193 145.788 10.8922
194 144.37 8.7455
195 131.785 9.4075
196 128.357 7.1352
197 144.766 8.0613
198 170.537 12.8743
199 166.734 12.9144
200 152.197 11.5878
201 149.565 10.762
202 134.874 9.822
203 140.941 10.5081
204 126.998 9.2315
205 134.296 10.6809
206 146.164 9.8341
207 106.987 3.2981
208 123.74 5.3299
209 176.928 11.8914
210 130.496 5.6186
211 189.873 11.5218
212 160.845 7.3515
213 207.77 12.902
214 198.076 13.1064
215 182.901 14.3627
216 187.611 11.2849
217 190.529 15.0457
218 151.908 9.6563
219 189.684 14.8987
220 183.208 15.1354
221 186.137 13.6921
222 181.702 15.2166
223 175.253 13.7375
224 154.9 10.1405
225 141.265 8.8206
226 112.26 5.0492
227 116.47 6.6468
228 190.448 13.7853
229 174.471 12.1587
230 182.971 13.9446
231 185.363 13.6145
232 172.846 14.3839
233 159.132 12.4811
234 159.273 13.288
235 181.295 14.8818
236 158.471 13.1206
237 154.726 11.42
238 162.433 13.6977
239 161.604 12.9463
240 166.632 14.059
