0 106.611 6.3956
1 115.383 10.1317
2 121.183 9.6365
3 120.735 8.1103
4 69.7242 3.4076
5 104.203 7.7362
6 137.893 12.2591
7 155.637 13.0608
8 134.204 10.1022
9 162.101 11.0557
10 143.045 10.6071
11 197.456 13.9426
12 159.463 13.3612
13 171.878 13.5033
14 142.345 10.5442
15 198.587 15.4951
16 172.863 16.2038
17 156.509 10.0294
18 136.315 7.1624
19 121.118 5.9002
20 126.635 6.1917
21 145.016 10.0264
22 119.031 5.1763
23 161.597 15.3655
24 170.746 13.1794
25 121.446 5.9623
26 130.997 7.5783
27 126.78 8.0774
28 139.54 9.507
29 137.062 8.7384
30 145.747 10.6297
31 228.903 15.4061
32 144.213 11.0582
33 123.587 8.995
34 110.817 7.0886
35 131.454 8.5312
36 125.04 7.8109
37 119.914 6.2454
38 152.678 9.1409
39 143.956 9.9623
40 128.452 6.2479
41 125.729 5.8893
42 168.127 12.3783
43 149.791 10.3935
44 139.708 8.9433
45 154.791 9.3199
46 129.363 10.6083
47 73.8125 1.0269
48 123.956 7.2063
49 128.353 10.2131
50 132.645 9.8265
51 128.995 8.0054
52 144.91 10.5337
53 201.864 15.2099
54 203.4 14.7538
55 203.351 15.807
56 150.573 10.4434
57 158.907 10.3948
58 130.308 4.7485
59 165.115 12.2659
60 155.859 9.3514
61 161.03 8.9191
62 166.028 10.4347
63 160.012 13.3786
64 117.236 6.6195
65 108.073 5.0632
66 87.6023 3.6061
67 87.6981 3.107
68 93.6296 2.8314
69 198.138 14.9969
70 162.281 14.1599
71 105.95 6.2257
72 104.887 4.8404
73 111.902 5.1291
74 136.159 9.2879
75 120.933 7.1006
76 120.188 7.0138
77 114.183 5.6603
78 109.55 4.154
79 117.134 6.8032
80 152.868 9.053
81 144.902 8.2935
82 159.274 11.1973
83 173.647 12.0992
84 125.895 7.0046
85 150.664 9.1569
86 152.197 9.8503
87 146.82 9.0691
88 199.832 14.8758
89 147.317 10.5204
90 142.768 9.7903
91 146.037 9.8259
92 157.717 11.0808
93 154.158 9.0234
94 159.564 10.6248
95 178.732 14.1871
96 132.81 8.2
97 143.025 7.8238
98 169.855 12.2448
99 170.988 12.5663
100 154.726 11.0688
101 144.019 9.8829
102 165.153 12.2386
103 146.258 10.4683
104 142.469 8.827
105 135.084 9.4909
106 142.005 8.783
107 168.999 11.1305
108 99.2574 3.5976
109 105.279 5.8096
110 125.578 5.2847
111 102.14 4.083
112 114.902 7.0299
113 107.906 4.1995
114 155.841 11.25
115 169.666 11.5514
116 141.939 9.1448
117 119.756 7.1561
118 161.108 11.2467
119 134.037 7.883
120 156.672 10.6341
121 148.815 11.2322
122 142.858 10.6585
123 125.619 7.7896
124 150.049 9.029
125 162.527 11.3315
126 156.552 11.2029
127 159.411 10.5021
128 149.592 9.484
129 150.577 10.8075
130 130.897 8.2614
131 144.531 9.1048
132 150.584 10.3314
133 141.638 5.5004
134 146.456 7.5555
135 149.516 7.6805
136 157.392 11.7523
137 132.819 6.5586
138 174.884 11.9759
139 136.597 8.7767
140 181.876 11.5126
141 112.52 7.8231
142 109.257 7.1176
143 101.256 4.1116
144 97.2721 3.8018
145 108.318 5.474
146 144.686 9.0968
147 157.652 10.8054
148 101.709 4.8837
149 97.2119 4.9623
150 103.826 4.917
151 125.796 7.9913
152 116.13 7.1023
153 170.01 10.0199
154 178.178 12.7245
155 182.52 13.5578
156 157.975 10.2118
157 117.34 6.8732
158 147.036 8.7527
159 131.74 7.6951
160 128.15 7.1614
161 139.621 8.5429
162 171.847 13.9964
163 181.031 12.6193
164 120.154 6.9757
165 144.241 9.4085
166 155.084 11.8736
167 158.551 11.7539
168 131.759 9.0429
169 146.665 8.7748
170 133.324 11.1538
171 155.123 10.6107
172 155.404 12.8301
173 137.656 10.0628
174 141.228 12.3901
175 128.751 9.2354
176 121.739 6.0179
177 177.619 13.5123
178 163.444 13.323
179 113.082 5.9527
180 97.1208 4.9077
181 117.698 7.0156
182 143.933 8.9184
183 104.149 5.169
184 88.6733 3.5085
185 167.812 11.5955
186 129.326 9.4097
187 156.639 10.0728
188 142.804 9.1363
189 145.57 8.9176
190 144.892 10.2719
191 148.538 10.3367
192 126.453 7.6562
193 146.511 10.7742
194 145.051 8.6247
195 132.491 9.5511
196 129.219 6.9539
197 145.337 7.9979
198 171.381 12.7502
199 167.802 12.9395
200 154.584 11.6898
201 152.169 10.6277
202 137.426 9.8884
203 142.908 10.5038
204 129.487 9.2638
205 137.189 10.9793
206 149.422 10.0043
207 107.226 3.3174
208 124.264 5.3298
209 178.34 11.9794
210 130.936 5.6043
211 190.959 11.2994
212 161.814 7.5115
213 209.458 13.0881
214 198.184 12.1919
215 181.975 14.2132
216 186.85 11.3322
217 189.166 14.598
218 151.233 9.4828
219 188.991 14.6501
220 182.207 14.9365
221 184.822 13.3359
222 180.356 14.9516
223 176.029 13.5795
224 157.707 9.9846
225 143.434 8.6038
226 112.874 4.9683
227 117.729 6.5115
228 191.73 13.4966
229 176.703 11.9065
230 184.387 13.3928
231 186.743 13.1087
232 175.662 14.073
233 160.678 12.2722
234 162.025 13.0203
235 183.263 14.2409
236 160.697 13.0057
237 156.931 11.3505
238 163.105 13.3857
239 163.466 12.5201
240 171.124 14.1904
