0 106.1 6.4013
1 114.746 10.2693
2 120.975 9.7693
3 120.225 8.131
4 69.4368 3.4168
5 103.886 7.6461
6 137.771 12.2613
7 155.374 12.8823
8 134.957 10.2557
9 160.327 10.7332
10 140.716 10.3621
11 194.796 13.3532
12 157.311 13.2287
13 169.843 13.2106
14 140.609 10.2997
15 196.798 15.2628
16 170.533 15.8762
17 155.739 9.9685
18 135.638 6.9509
19 120.868 5.8149
20 126.077 6.1476
21 144.354 9.8704
22 118.869 5.0831
23 160.863 15.2467
24 170.065 13.1076
25 121.171 5.8269
26 130.573 7.5143
27 126.542 8.0415
28 138.978 9.6119
29 136.9 8.6725
30 144.993 10.593
31 219.054 13.4725
32 144.658 11.2442
33 124.232 9.0295
34 111.692 7.2224
35 132.489 8.6459
36 125.495 7.9551
37 120.707 6.3577
38 153.677 9.1925
39 145.469 10.1469
40 127.769 6.1347
41 125.089 5.8868
42 167.282 12.3366
43 148.476 10.0461
44 138.298 8.8609
45 153.643 9.2225
46 127.636 10.3244
47 73.7637 1.0362
48 124.622 7.4241
49 129.266 10.4265
50 133.953 9.9234
51 130.081 8.298
52 146.012 10.7383
53 202.789 15.0403
54 206.177 14.9497
55 203.902 15.2934
56 149.928 10.4197
57 158.6 10.6641
58 130.171 4.6333
59 164.575 12.2606
60 155.574 9.3653
61 160.547 8.8018
62 165.648 10.3819
63 160.239 13.4101
64 117.556 6.5809
65 108.11 5.0543
66 87.6006 3.6471
67 87.6599 3.1353
68 93.5998 2.8187
69 198.504 15.1514
70 162.452 14.2533
71 106.112 6.1941
72 104.725 4.853
73 112.228 5.2137
74 136.773 9.4089
75 121.062 7.2137
76 119.597 6.9609
77 113.94 5.6906
78 109.222 4.2036
79 116.592 6.7704
80 152.136 9.2708
81 143.91 8.2949
82 158.186 11.2885
83 172.778 12.0348
84 125.727 7.0282
85 150.943 9.2902
86 152.629 9.7169
87 146.9 9.2384
88 198.991 14.1962
89 146.857 10.4986
90 142.332 9.7875
91 146.396 9.9933
92 157.411 11.0511
93 154.622 9.1891
94 159.967 10.7175
95 179.839 14.3714
96 133.413 8.2996
97 143.503 7.9534
98 170.413 12.2041
99 170.994 12.7056
100 153.984 11.034
101 143.361 9.9766
102 164.977 12.2609
103 146.031 10.5279
104 142.379 8.9453
105 135.049 9.429
106 142.168 8.7515
107 168.272 11.1243
108 98.4172 4.1009
109 103.794 5.9366
110 123.916 5.3701
111 101.303 4.1537
112 113.004 7.0637
113 106.945 4.2517
114 153.035 11.3824
115 166.109 11.6017
116 138.441 9.0557
117 117.364 7.1751
118 157.374 10.9077
119 131.524 7.8074
120 153.716 10.6286
121 146.111 11.0976
122 140.066 10.6099
123 123.701 7.8169
124 149.435 9.172
125 162.952 11.2705
126 157.341 11.2176
127 159.664 10.5268
128 149.723 9.4802
129 150.818 10.6743
130 131.081 8.204
131 145.128 9.2002
132 150.961 10.4553
133 141.55 5.5155
134 146.148 7.3669
135 149.428 7.7057
136 157.286 11.8534
137 132.806 6.6208
138 174.956 12.0019
139 136.194 8.6235
140 181.388 11.4701
141 112.031 7.8949
142 108.775 7.1624
143 100.885 4.1442
144 97.0017 3.8261
145 107.834 5.6147
146 144.145 9.0163
147 157.204 10.5714
148 100.834 4.7623
149 96.1738 4.8997
150 102.58 4.7739
151 123.874 7.7737
152 114.502 6.7776
153 167.486 9.8948
154 175.97 12.5966
155 178.874 13.5168
156 158.912 10.3381
157 117.992 6.8879
158 147.955 8.865
159 132.248 7.7414
160 128.266 7.1357
161 140.101 8.5255
162 172.406 14.1133
163 181.942 12.7424
164 119.712 7.019
165 143.3 9.1873
166 153.822 11.7635
167 157.396 11.6698
168 130.945 9.0608
169 145.594 8.7284
170 132.518 11.0459
171 154.396 10.3833
172 154.611 12.9105
173 137.318 10.0916
174 140.645 12.5399
175 128.633 9.107
176 121.263 5.8686
177 177.247 13.4547
178 162.811 13.3554
179 112.51 5.9848
180 96.701 4.9437
181 117.077 6.9161
182 143.122 8.772
183 103.624 5.1487
184 88.4095 3.458
185 167.04 11.5844
186 128.996 9.3131
187 155.91 9.8641
188 141.787 8.9243
189 144.795 9.0193
190 143.653 10.1274
191 147.941 10.2577
192 125.757 7.7028
193 145.43 10.7527
194 143.99 8.4829
195 131.661 9.5046
196 128.238 7.029
197 144.365 7.9411
198 170.475 12.8307
199 166.819 12.7003
200 152.306 11.5313
201 149.887 10.5541
202 135.192 9.6241
203 140.643 10.165
204 127.227 9.3175
205 134.77 10.5454
206 146.029 9.7693
207 107.439 3.3224
208 124.362 5.3423
209 178.655 11.9895
210 131.093 5.648
211 191.128 11.2269
212 162.274 7.4905
213 215.109 13.9096
214 200.359 13.0922
215 180.988 14.0553
216 185.86 11.2406
217 188.54 14.8524
218 150.101 9.451
219 188.668 14.9484
220 181.251 15.143
221 184.056 13.4491
222 178.967 14.7342
223 175.767 13.5378
224 156.052 10.3271
225 142.228 8.8172
226 112.921 5.0605
227 117.104 6.7148
228 192.654 13.8642
229 176.694 12.1937
230 184.87 13.8578
231 187.015 13.3531
232 172.681 14.3869
233 159.157 12.2463
234 159.205 13.1476
235 180.871 14.6945
236 158.795 12.818
237 154.798 11.4312
238 162.515 13.5585
239 161.64 12.8397
240 167.311 13.9126
