0 107.243 6.6726
1 116.301 10.7693
2 122.535 10.0757
3 122.049 8.5359
4 70.2509 3.5522
5 105.218 7.9798
6 140.198 12.7429
7 157.684 13.4378
8 135.67 10.5538
9 161.95 11.0084
10 142.182 10.7405
11 196.896 13.9796
12 158.422 13.6638
13 171.113 13.6197
14 141.744 10.796
15 197.396 15.4838
16 171.551 16.4257
17 155.799 10.0858
18 135.813 7.2743
19 121.17 5.877
20 126.138 6.3317
21 144.991 10.0907
22 119.028 5.2408
23 160.928 15.604
24 169.834 13.181
25 120.673 5.9543
26 130.279 7.4337
27 125.068 7.9947
28 137.679 9.5225
29 135.128 8.5644
30 142.864 10.5315
31 227.637 15.9003
32 142.842 11.2699
33 123.319 9.2609
34 110.645 7.2446
35 130.983 8.671
36 124.345 7.884
37 119.829 6.3804
38 152.395 9.4572
39 143.608 9.8637
40 127.162 6.1734
41 124.802 5.8842
42 165.551 12.3648
43 147.587 10.2136
44 137.773 8.8587
45 152.676 9.2878
46 126.79 10.3507
47 73.7737 1.0609
48 124.192 7.4391
49 128.048 10.4604
50 132.941 10.0516
51 129.031 8.1987
52 144.916 10.6435
53 202.291 15.6866
54 204.281 15.0229
55 203.163 15.86
56 149.75 10.8025
57 158.034 10.6332
58 130.194 4.8426
59 163.68 12.4278
60 154.627 9.486
61 160.285 8.9894
62 165.451 10.6375
63 160.168 13.831
64 117.919 6.7692
65 108.598 5.2567
66 87.884 3.7702
67 88.0299 3.2712
68 93.9457 2.9992
69 197.992 15.1997
70 162.833 14.5397
71 106.117 6.3431
72 104.976 4.9443
73 112.331 5.3902
74 136.741 9.5435
75 120.926 7.3594
76 120.498 7.3267
77 114.676 5.9282
78 109.82 4.3591
79 117.374 7.0899
80 152.989 9.6083
81 145.115 8.6571
82 159.493 11.8281
83 173.804 12.7638
84 125.041 7.1492
85 150.416 9.6006
86 151.157 10.3068
87 146.34 9.482
88 199.907 15.2409
89 146.397 10.8186
90 140.774 9.7693
91 146.895 10.1983
92 157.673 11.4328
93 154.74 9.454
94 160.345 10.8798
95 179.405 14.5031
96 133.547 8.5671
97 143.677 8.1268
98 170.717 12.4825
99 171.844 13.0943
100 153.764 11.2056
101 144.428 10.2677
102 164.301 12.2977
103 145.954 10.6131
104 142.148 9.1275
105 134.826 9.6436
106 141.452 8.8528
107 168.461 11.3102
108 99.1156 4.0946
109 104.639 6.1827
110 124.754 5.5391
111 101.921 4.2475
112 113.876 7.2441
113 107.543 4.4154
114 153.911 11.5727
115 166.192 11.7663
116 139.518 9.4068
117 118.499 7.4694
118 157.933 11.4948
119 132.725 8.1004
120 154.741 10.9518
121 146.122 11.5039
122 140.824 10.6893
123 124.07 8.0132
124 149.286 9.3385
125 161.721 11.4879
126 156.158 11.3891
127 158.851 10.6601
128 148.476 9.6153
129 149.762 10.9769
130 130.29 8.4313
131 144.106 9.3984
132 149.763 10.4429
133 141.659 5.4555
134 146.721 7.5927
135 149.896 7.7884
136 157.699 12.4116
137 132.556 6.6188
138 174.72 12.2788
139 135.553 8.6384
140 180.987 11.7216
141 111.398 7.9695
142 107.914 7.1746
143 100.525 4.2159
144 96.8695 3.849
145 107.376 5.6002
146 143.565 9.3059
147 155.522 10.5458
148 101.14 5.0207
149 96.5359 5.0967
150 103.126 4.9572
151 124.728 8.1088
152 115.008 7.0309
153 168.316 10.3491
154 176.032 13.012
155 180.32 13.9409
156 156.176 10.2471
157 117.019 6.9348
158 146.222 8.8432
159 131.186 7.7006
160 127.673 7.318
161 138.86 8.5655
162 169.551 14.2321
163 179.898 12.6511
164 119.177 7.0585
165 142.769 9.2491
166 153.723 11.9566
167 156.932 11.849
168 130.349 9.0851
169 145.276 8.8586
170 131.633 11.2175
171 153.464 10.8281
172 154.11 13.2061
173 136.869 10.3326
174 139.871 12.6785
175 128.234 9.4476
176 121.226 6.1264
177 175.923 13.8065
178 161.678 13.6508
179 112.066 6.1034
180 96.6764 5.0565
181 116.488 7.219
182 142.868 9.0754
183 103.541 5.3059
184 88.4552 3.6214
185 166.152 11.7518
186 128.178 9.6403
187 155.77 10.2165
188 141.889 9.264
189 144.616 9.1498
190 144.058 10.3411
191 148.04 10.6716
192 125.52 7.9093
193 145.545 11.0011
194 144.053 8.8321
195 131.37 9.8282
196 128.299 7.3058
197 144.493 8.2223
198 169.999 13.2172
199 166.311 13.3336
200 153.807 12.1691
201 150.177 11.005
202 135.945 9.9574
203 142.291 10.7884
204 128.208 9.5652
205 135.947 11.2709
206 148.156 10.4145
207 107.896 3.4387
208 124.538 5.5513
209 179.344 12.2939
210 131.584 5.7808
211 190.832 11.5693
212 162.592 7.7147
213 212.08 13.707
214 199.532 13.193
215 181.052 14.3466
216 186.448 11.5195
217 187.456 15.0492
218 150.531 9.6209
219 187.451 15.1093
220 181.362 15.3241
221 184.088 13.5391
222 179.769 15.1659
223 175.414 13.8707
224 157.941 10.4037
225 143.814 9.2432
226 113.729 5.2642
227 117.866 6.9781
228 193.836 14.1509
229 177.919 12.4864
230 185.9 13.8383
231 187.53 13.791
232 173.409 14.7023
233 159.37 12.8387
234 159.12 13.3478
235 181.249 14.8918
236 158.369 13.2517
237 154.428 11.7286
238 163.219 13.8833
239 162.017 13.0905
240 168.545 14.3789
