0 106.19 6.441
1 114.937 10.2459
2 120.695 9.8482
3 120.331 8.1893
4 69.6112 3.4098
5 103.745 7.6614
6 137.572 12.4321
7 155.296 13.1269
8 134.272 10.0728
9 162.085 11.141
10 142.632 10.6233
11 196.083 13.1618
12 159.144 13.4528
13 171.526 13.5186
14 142.007 10.5485
15 198.194 15.4758
16 172.599 16.2069
17 155.978 10.0348
18 135.634 7.1336
19 120.896 5.8012
20 125.958 6.235
21 144.896 9.9011
22 118.882 5.0733
23 161.209 15.462
24 170.084 13.2503
25 120.615 5.8594
26 130.27 7.5053
27 125.689 8.0033
28 138.16 9.4473
29 135.907 8.535
30 143.794 10.4639
31 217.746 13.6729
32 143.475 11.1253
33 123.101 8.9262
34 110.771 7.1744
35 130.995 8.5047
36 124.765 7.9029
37 120.022 6.27
38 152.424 9.2176
39 143.382 9.9759
40 126.791 6.0769
41 124.046 5.7948
42 164.786 12.1179
43 146.765 10.0638
44 137.267 8.8007
45 151.916 9.0724
46 125.964 10.0891
47 73.6814 1.0307
48 123.926 7.0972
49 128.041 10.3789
50 132.902 9.7329
51 128.693 8.0462
52 144.665 10.4405
53 202.923 15.9866
54 203.157 14.6667
55 202.326 15.6157
56 149.859 10.4434
57 158.16 10.495
58 130.067 4.7235
59 163.963 12.2687
60 155.216 9.4411
61 160.17 8.8737
62 165.209 10.4089
63 161.057 13.6186
64 117.865 6.6777
65 108.506 5.1483
66 87.8685 3.712
67 87.8877 3.2362
68 93.7897 2.8868
69 198.605 15.2438
70 162.973 14.57
71 105.625 6.1959
72 104.599 4.791
73 111.761 5.2407
74 135.887 9.4543
75 120.351 7.2224
76 119.675 7.1003
77 114.125 5.8319
78 109.474 4.2467
79 116.637 6.9288
80 151.896 9.4193
81 144.08 8.4349
82 158.012 11.4426
83 172.339 12.6022
84 124.295 7.0747
85 149.328 9.289
86 150.869 10.1305
87 145.912 9.4261
88 197.588 14.5468
89 146.105 10.7025
90 140.315 9.8637
91 145.189 9.8692
92 156.007 10.9597
93 152.829 9.0761
94 157.674 10.5669
95 178.045 14.1576
96 132.087 8.1556
97 142.155 7.7684
98 168.131 12.2031
99 171.112 12.7581
100 153.924 11.0764
101 143.535 9.9619
102 164.551 12.3404
103 145.76 10.5119
104 142.459 9.0669
105 134.641 9.53
106 141.488 8.8699
107 167.866 11.1489
108 98.5927 4.1767
109 103.971 5.9786
110 124.064 5.424
111 101.306 4.2148
112 112.983 7.1389
113 106.848 4.3367
114 152.353 11.4888
115 165.613 11.6874
116 138.926 9.3441
117 117.86 7.3592
118 157.25 11.3665
119 131.796 7.9379
120 154.251 10.8764
121 146.147 11.3273
122 140.026 10.7252
123 123.851 7.9696
124 148.522 9.1135
125 161.591 11.2162
126 156.161 11.1807
127 158.705 10.43
128 148.77 9.4336
129 149.601 10.8935
130 130.339 8.2406
131 144.13 9.1832
132 149.802 10.3333
133 141.721 5.4988
134 146.372 7.4423
135 149.371 7.7287
136 157.106 11.9603
137 132.654 6.5769
138 174.984 12.1152
139 136.36 8.7737
140 181.291 11.4775
141 112.256 7.8649
142 108.786 7.1505
143 101.085 4.1613
144 97.1922 3.8456
145 108.149 5.4704
146 144.591 9.0553
147 157.245 10.7585
148 101.479 4.9554
149 96.6366 4.9957
150 103.283 4.9477
151 124.87 7.9731
152 115.203 7.1056
153 168.81 10.3017
154 176.837 12.5961
155 180.471 13.7234
156 157.205 10.2164
157 117.053 6.9628
158 146.414 8.7434
159 131.117 7.6654
160 127.704 7.0735
161 139.1 8.5331
162 170.235 14.0059
163 179.323 12.5867
164 119.664 6.9358
165 143.427 9.4314
166 154.296 12.0097
167 157.806 11.7764
168 131.235 8.9544
169 146.198 8.8724
170 132.842 11.1946
171 154.493 10.8848
172 157.077 13.1941
173 138.902 10.2983
174 142.713 12.7007
175 129.862 9.4926
176 122.457 6.0733
177 179.518 13.8171
178 165.575 13.7635
179 112.607 5.9434
180 96.7912 4.9389
181 117.136 7.0544
182 143.042 8.7057
183 103.866 5.1975
184 88.5604 3.5456
185 166.649 11.5344
186 128.683 9.3283
187 158.38 10.3653
188 144.54 9.4016
189 147.327 9.2771
190 146.622 10.53
191 150.386 10.7337
192 125.944 7.7142
193 145.551 10.8674
194 144.431 8.6056
195 131.534 9.6483
196 128.406 7.1261
197 144.797 8.0578
198 170.278 13.0458
199 166.315 13.0253
200 153.121 11.7293
201 150.739 10.7595
202 135.795 9.8194
203 141.806 10.6525
204 128.192 9.5785
205 135.308 10.9777
206 147.266 10.1862
207 107.577 3.3977
208 124.8 5.4901
209 179.317 12.0577
210 131.634 5.7181
211 190.863 11.1242
212 162.555 7.6151
213 212.886 14.0414
214 201.322 13.5458
215 181.378 14.206
216 186.607 11.4567
217 188.993 15.1402
218 150.662 9.5837
219 188.357 14.9716
220 181.911 15.2343
221 184.552 13.773
222 179.935 15.077
223 177.581 13.7374
224 156.219 10.3569
225 142.061 9.0081
226 112.817 5.166
227 117.1 6.8852
228 192.315 14.097
229 175.896 12.3831
230 184.182 14.0121
231 186.096 13.3995
232 173.027 14.5854
233 158.895 12.603
234 159.267 13.3387
235 180.393 14.9043
236 158.121 13.2538
237 154.406 11.5262
238 162.725 13.994
239 161.408 12.9542
240 168.397 14.174
