0 106.138 6.3661
1 114.86 10.2214
2 120.963 9.7324
3 120.299 8.0452
4 69.634 3.3762
5 103.896 7.6097
6 137.953 12.3258
7 155.185 13.0115
8 136.662 10.4135
9 160.505 10.794
10 141.173 10.2113
11 195.938 13.7328
12 157.708 13.1677
13 170.314 13.2425
14 140.672 10.2392
15 197.592 15.3659
16 170.979 16.0988
17 155.537 9.9735
18 135.444 6.9927
19 120.587 5.794
20 125.771 6.1435
21 144.432 9.5711
22 118.49 5.0509
23 160.47 15.349
24 169.983 13.0165
25 120.45 5.8524
26 129.633 7.3498
27 125.042 7.7825
28 137.458 9.4807
29 135.242 8.4437
30 143.329 10.3941
31 220.498 14.4468
32 142.916 11.0091
33 122.928 8.934
34 110.471 7.0988
35 130.905 8.4368
36 124.621 7.8
37 119.882 6.2839
38 152.305 9.0944
39 143.678 9.8122
40 126.614 5.9606
41 124.108 5.7186
42 164.944 12.0969
43 146.786 9.9091
44 136.892 8.7291
45 151.823 8.9627
46 125.849 10.0501
47 73.5329 1.0373
48 124.129 7.2756
49 128.263 10.2469
50 132.848 9.8577
51 129.119 8.2285
52 144.779 10.387
53 200.879 14.9722
54 204.244 14.7901
55 201.453 15.0009
56 150.176 10.344
57 158.653 10.5436
58 130.038 4.7721
59 164.71 12.1074
60 155.641 9.3964
61 160.78 8.8636
62 165.816 10.5501
63 158.819 13.2741
64 116.898 6.5282
65 107.596 5.0635
66 87.3711 3.6348
67 87.37 3.0708
68 93.4243 2.8048
69 196.921 15.1254
70 161.162 14.1899
71 105.648 6.157
72 104.376 4.7485
73 111.634 5.0601
74 135.502 9.2983
75 120.243 7.0869
76 120.51 7.1849
77 114.751 5.8598
78 109.772 4.2596
79 117.677 6.9453
80 153.36 9.4712
81 145.246 8.5198
82 159.471 11.4911
83 174.177 12.3708
84 124.285 7.0023
85 148.682 9.0949
86 150.02 9.8015
87 144.289 8.9842
88 199.158 14.9876
89 145.119 10.4862
90 140.055 9.731
91 145.441 9.9283
92 156.975 10.9189
93 153.566 9.0339
94 159.062 10.487
95 178.071 14.1097
96 132.588 8.0623
97 142.633 7.8069
98 169.606 12.046
99 170.41 12.5423
100 154.089 11.0004
101 143.513 9.9409
102 164.441 12.2865
103 145.989 10.3053
104 142.316 8.9389
105 135.086 9.5138
106 142.071 8.7996
107 168.623 10.904
108 98.1191 4.2608
109 103.299 5.9137
110 123.615 5.4017
111 100.953 4.1373
112 112.496 7.1074
113 106.583 4.2812
114 151.677 11.3757
115 164.889 11.623
116 138.086 9.0377
117 117.099 7.2674
118 156.671 11.0205
119 131.015 7.8179
120 153.308 10.6109
121 145.385 11.013
122 139.92 10.8229
123 123.504 7.7877
124 147.862 8.8895
125 161.552 11.2597
126 156.104 11.0808
127 158.666 10.5046
128 148.561 9.3664
129 149.919 10.8087
130 130.446 8.121
131 144.21 9.237
132 149.455 10.4952
133 141.434 5.5116
134 145.836 7.3816
135 149.182 7.6294
136 156.677 11.8904
137 132.603 6.4422
138 174.505 12.0849
139 135.633 8.519
140 180.688 11.5677
141 111.797 7.7778
142 108.138 6.9963
143 100.567 4.0741
144 96.8119 3.8095
145 107.714 5.5344
146 143.85 9.0376
147 156.551 10.5459
148 100.719 4.7857
149 95.9459 4.8247
150 102.531 4.7514
151 123.611 7.7615
152 114.414 6.863
153 167.119 9.933
154 175.676 12.612
155 178.42 13.2666
156 157.039 10.1659
157 116.866 6.8099
158 146.646 8.6245
159 131.202 7.5651
160 127.475 6.9988
161 138.807 8.4764
162 170.495 14.0698
163 179.951 12.6064
164 119.62 6.9737
165 143.498 9.1863
166 153.973 12.0219
167 157.175 11.7453
168 130.778 8.9871
169 145.844 8.7721
170 132.176 11.0326
171 154.24 10.6498
172 154.416 12.7769
173 137.003 10.0415
174 140.087 12.4374
175 128.038 9.2185
176 121.341 5.9293
177 176.949 13.4844
178 162.922 13.4861
179 112.457 5.9108
180 96.7947 4.9618
181 117.133 7.0552
182 143.389 8.8982
183 103.675 5.1716
184 88.4177 3.4794
185 167.058 11.569
186 128.817 9.3423
187 155.954 10.0133
188 142.017 9.0423
189 144.963 8.959
190 144.114 10.2359
191 148.028 10.431
192 125.215 7.5472
193 144.746 10.628
194 143.556 8.5234
195 130.582 9.4043
196 127.52 6.9722
197 144.029 7.96
198 168.933 12.7045
199 165.539 12.6907
200 151.852 11.458
201 149.194 10.5399
202 134.602 9.6908
203 140.104 10.2773
204 127.108 9.3229
205 133.907 10.6933
206 146.065 9.7395
207 107.1 3.2577
208 123.943 5.2846
209 178.092 11.8596
210 130.759 5.5711
211 189.717 11.2604
212 161.28 7.4853
213 209.214 12.9523
214 199.364 13.1402
215 181.41 14.1507
216 186.021 11.1516
217 188.708 14.9459
218 150.329 9.398
219 188.008 14.574
220 181.634 15.1478
221 184.169 13.6173
222 179.894 14.949
223 175.658 13.5808
224 156.166 10.0134
225 141.882 8.9497
226 112.636 5.1236
227 117.024 6.7705
228 192.786 13.8859
229 176.434 12.2589
230 184.625 13.8091
231 186.69 13.3686
232 172.15 14.2504
233 158.408 12.133
234 158.65 13.0362
235 179.91 14.5513
236 158.091 12.834
237 154.2 11.2645
238 162.441 13.6525
239 160.826 12.5624
240 166.505 14.0627
