0 106.115 6.3818
1 114.733 10.2013
2 120.965 9.6179
3 120.038 8.172
4 69.5826 3.3739
5 103.755 7.7687
6 136.805 12.3898
7 154.771 13.0984
8 134.489 10.1825
9 161.766 10.9139
10 142.37 10.5878
11 196.978 13.8165
12 159.094 13.3863
13 171.189 13.3087
14 141.993 10.4803
15 197.495 15.242
16 172.045 16.0749
17 155.685 10.0709
18 135.597 7.1483
19 120.756 5.7966
20 126.217 6.2277
21 144.25 9.859
22 118.683 5.1544
23 160.524 15.3761
24 169.755 13.0251
25 120.507 5.787
26 129.925 7.4451
27 125.538 7.7156
28 137.868 9.3838
29 135.747 8.4829
30 143.796 10.4694
31 212.71 12.2955
32 145.114 11.3074
33 124.506 9.1613
34 111.651 7.2739
35 132.606 8.5604
36 125.804 7.9231
37 120.699 6.4201
38 153.796 9.3721
39 145.526 10.0934
40 127.062 6.0689
41 124.411 5.7707
42 165.645 12.2444
43 147.607 10.0142
44 137.74 8.8848
45 152.313 9.0204
46 126.672 10.1562
47 73.7914 1.0141
48 123.749 7.2327
49 127.945 10.1942
50 132.74 9.6582
51 128.788 8.095
52 144.769 10.3815
53 203.016 16.0681
54 202.174 14.0955
55 202.881 15.5782
56 149.73 10.3858
57 157.65 10.4046
58 129.762 4.7146
59 163.922 12.236
60 155.074 9.2866
61 160.238 8.7627
62 165.279 10.2292
63 159.98 13.3456
64 117.165 6.5672
65 107.888 5.0614
66 87.5294 3.6608
67 87.5961 3.1642
68 93.4801 2.866
69 198.055 15.1488
70 162.166 14.1618
71 105.345 6.1402
72 104.237 4.6846
73 111.439 5.1762
74 135.025 9.1951
75 119.71 7.0642
76 119.281 7.0726
77 113.709 5.8006
78 109.242 4.2287
79 116.18 6.8644
80 151.291 9.2537
81 143.413 8.3266
82 156.973 11.3437
83 171.242 12.4441
84 124.175 7.109
85 148.953 9.3606
86 150.412 10.0121
87 145.256 9.3848
88 199.143 14.7648
89 145.751 10.8179
90 140.577 9.7611
91 145.002 9.8214
92 156.018 10.9807
93 153.032 9.0199
94 158.246 10.589
95 177.933 14.2973
96 132.089 8.2176
97 142.187 7.9146
98 168.412 12.0386
99 170.28 12.7629
100 153.331 11.193
101 142.956 9.9245
102 163.992 12.2104
103 145.551 10.3803
104 142.045 8.961
105 134.448 9.4385
106 141.398 8.7805
107 167.921 11.0694
108 98.0848 4.2711
109 103.448 5.8701
110 123.705 5.3457
111 100.828 4.0957
112 112.803 7.0736
113 106.67 4.264
114 152.228 11.3681
115 165.618 11.5322
116 138.925 9.1594
117 117.866 7.1883
118 157.874 11.2183
119 132.252 7.8379
120 154.429 10.6748
121 146.934 11.2036
122 141.025 10.6789
123 124.424 7.7801
124 149.182 9.2426
125 161.573 11.2458
126 155.669 11.1394
127 158.526 10.5546
128 149.081 9.4364
129 149.59 10.8152
130 130.495 8.1645
131 144.063 9.1529
132 149.684 10.3584
133 142.643 5.612
134 147.265 7.6424
135 150.354 7.8223
136 158.49 12.1076
137 133.487 6.6796
138 176.299 12.1077
139 137.408 8.8124
140 182.797 11.6312
141 113.061 8.1158
142 109.627 7.2855
143 101.437 4.2378
144 97.6438 3.9093
145 108.593 5.7046
146 145.341 9.2385
147 158.856 10.9468
148 101.1 4.8863
149 96.5844 4.9777
150 103.29 4.8777
151 125.113 7.9516
152 115.063 6.9924
153 169.14 10.0645
154 177.079 12.7227
155 180.892 13.4889
156 157.153 10.0828
157 117.168 6.8307
158 146.538 8.7439
159 131.187 7.6036
160 127.132 7.1656
161 138.633 8.5875
162 170.447 14.1056
163 180.114 12.7283
164 119.753 6.9917
165 143.863 9.3697
166 154.002 11.6148
167 157.855 11.5894
168 131.236 9.0346
169 146.095 8.8969
170 132.59 11.1318
171 154.48 10.7336
172 155.844 13.2288
173 138.494 10.2527
174 142.047 12.7013
175 129.684 9.2592
176 122.22 6.1278
177 179.201 13.6959
178 165.283 13.5865
179 112.524 5.939
180 96.9349 4.9427
181 116.999 7.0407
182 143.29 8.9083
183 103.687 5.1814
184 88.4296 3.5291
185 167.007 11.6009
186 128.478 9.3001
187 156.626 10.0527
188 142.858 9.1029
189 145.391 9.0232
190 144.74 10.1939
191 148.253 10.5635
192 126.918 7.8942
193 147.116 11.0436
194 145.419 8.8032
195 132.86 9.7355
196 129.098 7.2928
197 145.824 8.3033
198 171.825 13.0517
199 168.44 13.0648
200 152.297 11.3615
201 149.643 10.5136
202 135.043 9.615
203 140.731 10.3678
204 127.446 9.1016
205 134.54 10.7814
206 146.416 9.8668
207 107.345 3.3524
208 124.198 5.4248
209 178.44 11.9863
210 130.985 5.6714
211 190.737 11.3285
212 162.262 7.5662
213 213.682 14.2085
214 200.421 13.3254
215 180.745 14.1044
216 185.514 11.1909
217 188.692 15.3999
218 150.087 9.5051
219 187.579 14.567
220 181.008 15.1251
221 184.029 13.4127
222 179.171 15.0736
223 177.402 13.8348
224 154.909 9.7651
225 141.002 8.689
226 112.016 4.9452
227 116.483 6.5977
228 190.413 13.6438
229 174.701 12.1121
230 182.839 13.8092
231 185.435 13.3908
232 173.281 14.2835
233 159.097 12.4062
234 159.747 12.9713
235 180.85 14.5593
236 158.905 12.9526
237 155.036 11.4038
238 162.789 13.5336
239 161.19 12.7087
240 166.41 13.9445
