0 106.357 6.4756
1 114.951 10.1951
2 120.992 9.8768
3 120.42 8.2534
4 69.6057 3.4415
5 104.192 7.7773
6 137.686 12.419
7 155.435 13.1054
8 133.838 10.0711
9 161.758 11.0564
10 142.29 10.7012
11 197.668 13.826
12 159.074 13.4683
13 171.566 13.4429
14 142.373 10.5307
15 199.202 15.3105
16 172.605 16.033
17 155.64 10.0712
18 135.404 7.0099
19 120.775 5.8087
20 126.178 6.185
21 144.104 9.826
22 118.828 5.1591
23 160.917 15.2001
24 170.007 13.2395
25 120.219 5.8546
26 129.955 7.3792
27 125.267 7.9683
28 137.574 9.4627
29 135.313 8.3574
30 143.234 10.3288
31 218.663 13.7444
32 143.584 10.921
33 123.081 9.0451
34 110.486 7.1116
35 130.841 8.4053
36 124.507 7.7776
37 119.655 6.224
38 151.909 9.1621
39 143.086 9.8789
40 126.842 6.0719
41 124.363 5.7474
42 165.384 12.1689
43 147.379 9.9742
44 137.337 8.8065
45 152.274 9.0958
46 126.665 10.2004
47 73.6822 1.0231
48 124.064 7.1931
49 128.448 10.4212
50 133.14 9.9747
51 129.272 8.1348
52 145.064 10.6242
53 202.13 15.2618
54 206.736 15.5988
55 201.948 14.8489
56 150.094 10.4343
57 157.77 10.4391
58 129.765 4.6695
59 164.124 12.1555
60 154.945 9.3052
61 160.2 8.6977
62 165.105 10.2707
63 158.621 13.3647
64 116.587 6.5232
65 107.546 5.0377
66 87.3348 3.5694
67 87.2638 3.0861
68 93.3313 2.8195
69 196.325 15.2096
70 160.476 14.0169
71 105.265 6.1881
72 104.167 4.7114
73 111.374 5.1236
74 135.183 9.2466
75 120.04 7.0696
76 120.515 7.2113
77 114.677 5.8275
78 109.774 4.1944
79 117.649 6.9083
80 153.767 9.4766
81 145.753 8.5056
82 160.291 11.548
83 174.737 12.4141
84 125.873 7.2134
85 151.162 9.2236
86 152.674 10.1036
87 147.171 9.2424
88 200.025 14.4055
89 147.473 10.7977
90 143.196 9.9572
91 145.341 9.8441
92 156.775 11.0737
93 153.396 9.2126
94 158.87 10.5811
95 178.36 14.119
96 132.315 8.2558
97 142.311 7.8768
98 169.167 12.1948
99 170.296 12.4539
100 153.345 10.996
101 143.064 10.0317
102 163.883 12.174
103 145.706 10.3652
104 141.855 8.9316
105 134.334 9.3275
106 141.249 8.7005
107 167.729 10.9179
108 99.0009 3.5629
109 104.804 5.7837
110 125.258 5.272
111 101.795 4.0892
112 114.729 6.9448
113 107.735 4.0954
114 155.667 11.2508
115 169.449 11.4072
116 140.988 9.0158
117 118.98 7.1234
118 159.908 11.0627
119 133.158 7.6384
120 155.769 10.4608
121 148.01 11.0705
122 142.109 10.6722
123 124.966 7.7333
124 150.913 9.0311
125 161.943 11.2682
126 156.061 11.0768
127 159.002 10.4405
128 149.345 9.5176
129 149.902 10.7906
130 130.451 8.198
131 144.12 9.2875
132 149.847 10.4046
133 141.647 5.5548
134 145.675 7.4567
135 149.164 7.6486
136 156.546 12.0427
137 132.514 6.5575
138 174.313 11.9251
139 135.816 8.5043
140 180.743 11.5119
141 111.909 7.7494
142 108.52 7.1205
143 100.856 4.1149
144 96.9386 3.7805
145 107.86 5.5783
146 144.05 9.0318
147 157.065 10.7496
148 100.715 4.8138
149 96.2197 4.9092
150 102.767 4.8367
151 124.127 7.8369
152 114.49 6.8346
153 168.024 9.9547
154 175.993 12.5312
155 179.64 13.4907
156 157.165 10.1267
157 116.965 6.8319
158 146.566 8.6246
159 131.242 7.6558
160 127.36 7.0959
161 138.919 8.3379
162 170.908 13.9869
163 180.619 12.6226
164 120.116 7.0654
165 144.379 9.4528
166 154.846 12.0306
167 158.772 11.9174
168 132.171 9.1169
169 146.992 8.886
170 133.473 11.1639
171 155.162 10.8082
172 155.78 12.9805
173 138.331 10.2342
174 141.53 12.6574
175 129.173 9.2862
176 122.017 6.0165
177 178.464 13.6505
178 164.936 13.6737
179 112.931 5.997
180 97.1404 4.92
181 117.742 7.0893
182 143.996 8.8991
183 104.146 5.2319
184 88.5993 3.5529
185 168.284 11.6335
186 129.486 9.5346
187 156.158 10.067
188 142.319 8.9888
189 145.172 8.8847
190 144.54 10.2432
191 148.057 10.3568
192 126.376 7.6913
193 146.497 10.759
194 144.889 8.618
195 132.286 9.5292
196 128.922 7.0566
197 145.269 8.1015
198 171.231 12.6699
199 168.078 12.7846
200 152.731 11.5391
201 150.472 10.4627
202 135.684 9.6365
203 141.317 10.4194
204 127.896 9.2198
205 135.329 10.549
206 147.351 9.709
207 106.881 3.284
208 123.518 5.2741
209 177.197 11.7852
210 130.268 5.5089
211 189.326 11.202
212 161.093 7.4284
213 214.05 14.4371
214 197.737 12.8408
215 182.805 14.4145
216 187.51 11.2482
217 190.529 14.9574
218 152.15 9.4831
219 190.027 14.7709
220 183.185 15.161
221 186.445 13.4012
222 181.207 14.891
223 177.149 13.5238
224 156.759 9.6383
225 142.361 8.49
226 112.437 4.8586
227 116.806 6.5143
228 191.579 13.3928
229 176.143 11.7974
230 184.161 13.3768
231 186.425 13.0292
232 175.23 13.8868
233 160.253 12.1561
234 161.685 12.8121
235 182.39 14.1125
236 160.741 12.9654
237 156.561 11.2908
238 162.631 13.2433
239 162.665 12.5282
240 168.757 13.6608
