STAR Bfield Maps by Foley, Love, & Trentalange 
Full Field in the NORMAL direction: October 1998
57 steps in Z
28 steps in R
   R      Z      Br       Bz 
  14.5 -280.0  -113.41  4586.19
  17.0 -280.0  -133.89  4595.82
  24.5 -280.0  -183.71  4633.57
  27.0 -280.0  -202.84  4651.50
  34.5 -280.0  -245.64  4709.14
  37.0 -280.0  -259.40  4732.35
  44.5 -280.0  -288.20  4810.96
  47.0 -280.0  -295.02  4841.45
  59.5 -280.0  -271.41  5008.86
  64.5 -280.0  -245.79  5079.62
  79.5 -280.0   -91.31  5259.78
  84.5 -280.0   -20.76  5290.76
  99.5 -280.0   194.18  5244.74
 104.5 -280.0   247.42  5179.05
 119.5 -280.0   276.31  4923.62
 124.5 -280.0   241.84  4843.52
 139.5 -280.0    79.42  4722.64
 144.5 -280.0    24.32  4730.22
 159.5 -280.0   -80.24  4812.70
 164.5 -280.0   -94.03  4839.14
 179.5 -280.0   -98.33  4874.33
 184.5 -280.0  -100.48  4874.03
 199.5 -280.0  -113.87  4862.09
 202.0 -280.0  -122.44  4859.25
 209.5 -280.0  -146.28  4850.10
 212.0 -280.0  -159.81  4848.69
 219.5 -280.0  -200.53  4842.28
 222.0 -280.0  -221.24  4846.05
  14.5 -270.0   -80.87  4715.74
  17.0 -270.0   -96.06  4723.14
  24.5 -270.0  -128.94  4752.84
  27.0 -270.0  -142.98  4766.64
  34.5 -270.0  -168.07  4810.37
  37.0 -270.0  -176.25  4827.24
  44.5 -270.0  -190.16  4884.11
  47.0 -270.0  -192.65  4905.26
  59.5 -270.0  -164.76  5014.16
  64.5 -270.0  -144.53  5056.37
  79.5 -270.0   -42.29  5152.82
  84.5 -270.0    -0.29  5165.23
  99.5 -270.0   120.89  5126.75
 104.5 -270.0   149.04  5087.85
 119.5 -270.0   164.05  4944.67
 124.5 -270.0   145.70  4899.78
 139.5 -270.0    57.92  4821.88
 144.5 -270.0    25.12  4818.68
 159.5 -270.0   -47.51  4844.73
 164.5 -270.0   -63.20  4858.12
 179.5 -270.0   -87.27  4883.60
 184.5 -270.0   -94.80  4886.93
 199.5 -270.0  -117.24  4891.11
 202.0 -270.0  -125.11  4892.11
 209.5 -270.0  -146.01  4895.19
 212.0 -270.0  -156.78  4898.55
 219.5 -270.0  -186.92  4908.27
 222.0 -270.0  -201.10  4917.68
  14.5 -260.0   -55.75  4806.17
  17.0 -260.0   -66.24  4811.46
  24.5 -260.0   -87.70  4833.47
  27.0 -260.0   -97.04  4843.52
  34.5 -260.0  -111.84  4874.95
  37.0 -260.0  -116.76  4886.48
  44.5 -260.0  -122.81  4925.86
  47.0 -260.0  -123.50  4939.87
  59.5 -260.0   -99.56  5008.90
  64.5 -260.0   -85.25  5033.70
  79.5 -260.0   -19.10  5085.92
  84.5 -260.0     5.89  5090.51
  99.5 -260.0    75.64  5062.15
 104.5 -260.0    90.88  5038.42
 119.5 -260.0    98.83  4955.11
 124.5 -260.0    88.27  4928.50
 139.5 -260.0    37.70  4877.26
 144.5 -260.0    17.13  4871.50
 159.5 -260.0   -33.88  4876.97
 164.5 -260.0   -47.99  4883.45
 179.5 -260.0   -76.11  4901.28
 184.5 -260.0   -85.30  4905.43
 199.5 -260.0  -109.78  4918.50
 202.0 -260.0  -116.43  4921.40
 209.5 -260.0  -132.27  4931.35
 212.0 -260.0  -140.07  4936.69
 219.5 -260.0  -158.90  4953.36
 222.0 -260.0  -167.50  4963.82
  14.5 -250.0   -37.46  4867.62
  17.0 -250.0   -44.07  4871.19
  24.5 -250.0   -58.22  4886.80
  27.0 -250.0   -63.65  4893.83
  34.5 -250.0   -72.87  4915.50
  37.0 -250.0   -75.74  4923.04
  44.5 -250.0   -78.09  4949.46
  47.0 -250.0   -78.02  4958.52
  59.5 -250.0   -60.01  5001.49
  64.5 -250.0   -50.32  5015.94
  79.5 -250.0    -8.30  5044.36
  84.5 -250.0     6.65  5045.76
  99.5 -250.0    47.17  5025.73
 104.5 -250.0    55.56  5010.99
 119.5 -250.0    59.29  4960.84
 124.5 -250.0    52.78  4944.63
 139.5 -250.0    21.61  4910.66
 144.5 -250.0     8.18  4905.48
 159.5 -250.0   -28.27  4904.15
 164.5 -250.0   -39.86  4907.71
 179.5 -250.0   -65.90  4920.69
 184.5 -250.0   -74.63  4925.16
 199.5 -250.0   -97.01  4941.68
 202.0 -250.0  -102.22  4945.47
 209.5 -250.0  -113.33  4957.60
 212.0 -250.0  -118.61  4963.35
 219.5 -250.0  -129.01  4980.40
 222.0 -250.0  -133.81  4989.80
  14.5 -240.0   -24.60  4908.22
  17.0 -240.0   -29.03  4910.51
  24.5 -240.0   -37.91  4921.23
  27.0 -240.0   -41.46  4926.03
  34.5 -240.0   -46.73  4940.56
  37.0 -240.0   -48.60  4945.29
  44.5 -240.0   -49.14  4962.72
  47.0 -240.0   -49.00  4968.45
  59.5 -240.0   -36.16  4994.98
  64.5 -240.0   -29.98  5003.33
  79.5 -240.0    -3.41  5018.93
  84.5 -240.0     5.40  5019.01
  99.5 -240.0    29.18  5005.17
 104.5 -240.0    33.64  4995.74
 119.5 -240.0    34.91  4964.87
 124.5 -240.0    30.43  4954.62
 139.5 -240.0    10.05  4932.38
 144.5 -240.0     0.78  4928.29
 159.5 -240.0   -25.57  4926.04
 164.5 -240.0   -34.86  4928.13
 179.5 -240.0   -56.60  4938.78
 184.5 -240.0   -64.17  4942.93
 199.5 -240.0   -82.70  4960.21
 202.0 -240.0   -86.84  4963.93
 209.5 -240.0   -94.27  4975.93
 212.0 -240.0   -98.10  4981.09
 219.5 -240.0  -103.73  4996.07
 222.0 -240.0  -106.96  5003.38
  14.5 -230.0   -15.96  4934.54
  17.0 -230.0   -18.91  4935.93
  24.5 -230.0   -24.43  4943.14
  27.0 -230.0   -26.77  4946.36
  34.5 -230.0   -29.71  4955.94
  37.0 -230.0   -30.92  4958.81
  44.5 -230.0   -30.81  4970.18
  47.0 -230.0   -30.69  4973.79
  59.5 -230.0   -21.91  4990.04
  64.5 -230.0   -18.06  4994.87
  79.5 -230.0    -1.44  5003.41
  84.5 -230.0     3.77  5003.11
  99.5 -230.0    17.60  4993.57
 104.5 -230.0    19.88  4987.47
 119.5 -230.0    19.60  4968.12
 124.5 -230.0    16.36  4961.67
 139.5 -230.0     2.21  4947.24
 144.5 -230.0    -4.36  4944.45
 159.5 -230.0   -23.71  4943.05
 164.5 -230.0   -30.95  4944.71
 179.5 -230.0   -48.21  4953.93
 184.5 -230.0   -54.36  4957.91
 199.5 -230.0   -68.88  4974.36
 202.0 -230.0   -72.10  4977.88
 209.5 -230.0   -77.16  4988.85
 212.0 -230.0   -80.10  4993.44
 219.5 -230.0   -83.83  5006.33
 222.0 -230.0   -86.71  5012.41
  14.5 -220.0   -10.16  4951.49
  17.0 -220.0   -12.21  4952.20
  24.5 -220.0   -15.50  4957.08
  27.0 -220.0   -17.15  4959.13
  34.5 -220.0   -18.67  4965.44
  37.0 -220.0   -19.62  4967.02
  44.5 -220.0   -19.18  4974.48
  47.0 -220.0   -19.25  4976.65
  59.5 -220.0   -13.32  4986.58
  64.5 -220.0   -11.12  4989.29
  79.5 -220.0    -0.76  4994.03
  84.5 -220.0     2.12  4993.58
  99.5 -220.0    10.10  4987.15
 104.5 -220.0    11.00  4983.12
 119.5 -220.0     9.92  4971.13
 124.5 -220.0     7.37  4966.97
 139.5 -220.0    -2.76  4958.08
 144.5 -220.0    -7.61  4956.23
 159.5 -220.0   -21.80  4956.34
 164.5 -220.0   -27.45  4957.71
 179.5 -220.0   -40.53  4966.23
 184.5 -220.0   -45.41  4969.76
 199.5 -220.0   -56.09  4985.07
 202.0 -220.0   -58.66  4988.16
 209.5 -220.0   -61.76  4998.18
 212.0 -220.0   -64.11  5002.23
 219.5 -220.0   -66.36  5014.40
 222.0 -220.0   -69.03  5019.85
  14.5 -210.0    -6.54  4962.57
  17.0 -210.0    -7.84  4962.77
  24.5 -210.0    -9.87  4965.95
  27.0 -210.0   -10.93  4967.36
  34.5 -210.0   -11.81  4971.34
  37.0 -210.0   -12.40  4972.19
  44.5 -210.0   -12.08  4977.11
  47.0 -210.0   -12.10  4978.54
  59.5 -210.0    -8.34  4984.53
  64.5 -210.0    -7.05  4985.95
  79.5 -210.0    -0.79  4988.65
  84.5 -210.0     0.85  4988.22
  99.5 -210.0     5.22  4983.97
 104.5 -210.0     5.52  4981.35
 119.5 -210.0     4.00  4973.95
 124.5 -210.0     2.00  4971.44
 139.5 -210.0    -5.55  4966.24
 144.5 -210.0    -9.12  4965.28
 159.5 -210.0   -19.67  4966.50
 164.5 -210.0   -23.85  4968.06
 179.5 -210.0   -33.62  4975.93
 184.5 -210.0   -37.23  4979.19
 199.5 -210.0   -44.75  4992.90
 202.0 -210.0   -46.55  4995.69
 209.5 -210.0   -48.05  5004.64
 212.0 -210.0   -49.48  5008.26
 219.5 -210.0   -49.78  5019.55
 222.0 -210.0   -51.19  5024.94
  14.5 -200.0    -4.19  4969.65
  17.0 -200.0    -4.98  4969.55
  24.5 -200.0    -6.24  4971.58
  27.0 -200.0    -6.92  4972.56
  34.5 -200.0    -7.44  4974.99
  37.0 -200.0    -7.78  4975.43
  44.5 -200.0    -7.61  4978.70
  47.0 -200.0    -7.61  4979.70
  59.5 -200.0    -5.32  4983.27
  64.5 -200.0    -4.61  4983.89
  79.5 -200.0    -0.93  4985.60
  84.5 -200.0    -0.03  4985.12
  99.5 -200.0     2.18  4982.56
 104.5 -200.0     2.15  4980.78
 119.5 -200.0     0.50  4976.54
 124.5 -200.0    -1.10  4975.00
 139.5 -200.0    -6.78  4972.49
 144.5 -200.0    -9.43  4972.06
 159.5 -200.0   -17.22  4974.29
 164.5 -200.0   -20.21  4975.80
 179.5 -200.0   -27.31  4983.23
 184.5 -200.0   -29.88  4985.99
 199.5 -200.0   -34.78  4998.00
 202.0 -200.0   -35.95  5000.26
 209.5 -200.0   -36.06  5007.85
 212.0 -200.0   -36.64  5010.72
 219.5 -200.0   -34.80  5020.10
 222.0 -200.0   -34.84  5024.61
  14.5 -190.0    -2.55  4974.08
  17.0 -190.0    -3.22  4973.89
  24.5 -190.0    -3.83  4975.21
  27.0 -190.0    -4.44  4975.90
  34.5 -190.0    -4.60  4977.45
  37.0 -190.0    -4.99  4977.55
  44.5 -190.0    -4.77  4979.75
  47.0 -190.0    -4.90  4980.37
  59.5 -190.0    -3.39  4982.54
  64.5 -190.0    -3.16  4982.81
  79.5 -190.0    -0.94  4983.91
  84.5 -190.0    -0.66  4983.63
  99.5 -190.0     0.47  4982.13
 104.5 -190.0     0.09  4981.02
 119.5 -190.0    -1.33  4978.78
 124.5 -190.0    -2.72  4978.04
 139.5 -190.0    -6.81  4977.13
 144.5 -190.0    -8.90  4977.30
 159.5 -190.0   -14.38  4980.00
 164.5 -190.0   -16.73  4981.74
 179.5 -190.0   -21.50  4988.46
 184.5 -190.0   -23.51  4991.07
 199.5 -190.0   -26.37  5000.97
 202.0 -190.0   -27.32  5002.95
 209.5 -190.0   -26.54  5008.60
 212.0 -190.0   -26.86  5010.91
 219.5 -190.0   -24.01  5016.94
 222.0 -190.0   -23.60  5020.30
  14.5 -180.0    -1.58  4976.94
  17.0 -180.0    -2.08  4976.63
  24.5 -180.0    -2.37  4977.51
  27.0 -180.0    -2.82  4977.99
  34.5 -180.0    -2.85  4978.92
  37.0 -180.0    -3.16  4978.90
  44.5 -180.0    -2.99  4980.42
  47.0 -180.0    -3.13  4980.86
  59.5 -180.0    -2.21  4982.23
  64.5 -180.0    -2.22  4982.20
  79.5 -180.0    -0.89  4983.16
  84.5 -180.0    -0.90  4982.87
  99.5 -180.0    -0.44  4982.27
 104.5 -180.0    -0.89  4981.51
 119.5 -180.0    -2.07  4980.76
 124.5 -180.0    -3.18  4980.36
 139.5 -180.0    -6.15  4980.78
 144.5 -180.0    -7.67  4981.10
 159.5 -180.0   -11.57  4984.36
 164.5 -180.0   -13.24  4985.93
 179.5 -180.0   -16.46  4992.25
 184.5 -180.0   -17.90  4994.41
 199.5 -180.0   -19.68  5002.91
 202.0 -180.0   -20.47  5004.41
 209.5 -180.0   -19.85  5008.76
 212.0 -180.0   -20.17  5010.22
 219.5 -180.0   -18.55  5014.06
 222.0 -180.0   -18.65  5015.94
  14.5 -170.0    -0.90  4978.72
  17.0 -170.0    -1.37  4978.44
  24.5 -170.0    -1.42  4979.04
  27.0 -170.0    -1.84  4979.40
  34.5 -170.0    -1.73  4980.03
  37.0 -170.0    -2.09  4979.86
  44.5 -170.0    -1.87  4980.99
  47.0 -170.0    -2.09  4981.15
  59.5 -170.0    -1.40  4982.10
  64.5 -170.0    -1.55  4982.08
  79.5 -170.0    -0.74  4982.83
  84.5 -170.0    -0.94  4982.78
  99.5 -170.0    -0.72  4982.63
 104.5 -170.0    -1.24  4982.22
 119.5 -170.0    -2.10  4982.28
 124.5 -170.0    -3.01  4982.31
 139.5 -170.0    -5.00  4983.32
 144.5 -170.0    -6.21  4983.98
 159.5 -170.0    -8.67  4987.27
 164.5 -170.0    -9.97  4989.03
 179.5 -170.0   -11.86  4994.77
 184.5 -170.0   -13.05  4996.91
 199.5 -170.0   -14.08  5004.20
 202.0 -170.0   -14.91  5005.64
 209.5 -170.0   -14.70  5009.32
 212.0 -170.0   -15.40  5010.85
 219.5 -170.0   -15.62  5013.96
 222.0 -170.0   -16.91  5015.92
  14.5 -160.0    -0.60  4979.90
  17.0 -160.0    -0.83  4979.60
  24.5 -160.0    -0.88  4979.99
  27.0 -160.0    -1.09  4980.29
  34.5 -160.0    -1.09  4980.62
  37.0 -160.0    -1.23  4980.47
  44.5 -160.0    -1.19  4981.30
  47.0 -160.0    -1.25  4981.46
  59.5 -160.0    -0.90  4982.17
  64.5 -160.0    -0.98  4982.02
  79.5 -160.0    -0.57  4982.83
  84.5 -160.0    -0.68  4982.73
  99.5 -160.0    -0.73  4983.05
 104.5 -160.0    -1.01  4982.79
 119.5 -160.0    -1.70  4983.53
 124.5 -160.0    -2.26  4983.67
 139.5 -160.0    -3.63  4985.24
 144.5 -160.0    -4.34  4985.91
 159.5 -160.0    -5.97  4989.38
 164.5 -160.0    -6.68  4990.98
 179.5 -160.0    -7.78  4996.46
 184.5 -160.0    -8.47  4998.34
 199.5 -160.0    -9.00  5005.26
 202.0 -160.0    -9.59  5006.55
 209.5 -160.0    -9.65  5010.47
 212.0 -160.0   -10.24  5011.99
 219.5 -160.0   -11.32  5016.55
 222.0 -160.0   -12.88  5019.09
  14.5 -150.0    -0.23  4980.60
  17.0 -150.0    -0.56  4980.36
  24.5 -150.0    -0.41  4980.63
  27.0 -150.0    -0.70  4980.86
  34.5 -150.0    -0.51  4981.13
  37.0 -150.0    -0.80  4980.89
  44.5 -150.0    -0.60  4981.59
  47.0 -150.0    -0.82  4981.66
  59.5 -150.0    -0.39  4982.17
  64.5 -150.0    -0.63  4982.10
  79.5 -150.0    -0.21  4982.77
  84.5 -150.0    -0.44  4982.87
  99.5 -150.0    -0.29  4983.34
 104.5 -150.0    -0.64  4983.29
 119.5 -150.0    -0.88  4984.27
 124.5 -150.0    -1.40  4984.64
 139.5 -150.0    -1.96  4986.35
 144.5 -150.0    -2.60  4987.20
 159.5 -150.0    -3.13  4990.47
 164.5 -150.0    -3.72  4992.16
 179.5 -150.0    -3.73  4997.19
 184.5 -150.0    -4.34  4999.12
 199.5 -150.0    -3.79  5005.49
 202.0 -150.0    -4.41  5006.92
 209.5 -150.0    -3.65  5010.92
 212.0 -150.0    -4.17  5012.86
 219.5 -150.0    -3.83  5018.19
 222.0 -150.0    -4.95  5021.70
  14.5 -140.0    -0.12  4981.09
  17.0 -140.0    -0.29  4980.85
  24.5 -140.0    -0.19  4981.02
  27.0 -140.0    -0.34  4981.23
  34.5 -140.0    -0.23  4981.33
  37.0 -140.0    -0.36  4981.18
  44.5 -140.0    -0.27  4981.71
  47.0 -140.0    -0.34  4981.77
  59.5 -140.0    -0.06  4982.24
  64.5 -140.0    -0.18  4982.11
  79.5 -140.0     0.12  4982.85
  84.5 -140.0     0.02  4982.89
  99.5 -140.0     0.13  4983.56
 104.5 -140.0    -0.01  4983.55
 119.5 -140.0    -0.03  4984.79
 124.5 -140.0    -0.26  4985.14
 139.5 -140.0    -0.38  4987.01
 144.5 -140.0    -0.63  4987.78
 159.5 -140.0    -0.62  4991.03
 164.5 -140.0    -0.76  4992.54
 179.5 -140.0    -0.15  4997.29
 184.5 -140.0    -0.29  4998.99
 199.5 -140.0     1.03  5004.92
 202.0 -140.0     0.82  5006.18
 209.5 -140.0     2.21  5009.92
 212.0 -140.0     2.33  5011.61
 219.5 -140.0     4.41  5016.63
 222.0 -140.0     4.53  5019.80
  14.5 -130.0     0.05  4981.29
  17.0 -130.0    -0.16  4981.12
  24.5 -130.0     0.04  4981.23
  27.0 -130.0    -0.14  4981.40
  34.5 -130.0     0.07  4981.50
  37.0 -130.0    -0.13  4981.29
  44.5 -130.0     0.07  4981.76
  47.0 -130.0    -0.10  4981.81
  59.5 -130.0     0.29  4982.13
  64.5 -130.0     0.14  4982.10
  79.5 -130.0     0.55  4982.70
  84.5 -130.0     0.41  4982.87
  99.5 -130.0     0.77  4983.51
 104.5 -130.0     0.65  4983.63
 119.5 -130.0     0.97  4984.82
 124.5 -130.0     0.84  4985.29
 139.5 -130.0     1.27  4987.02
 144.5 -130.0     1.09  4987.90
 159.5 -130.0     1.89  4990.77
 164.5 -130.0     1.87  4992.31
 179.5 -130.0     3.28  4996.53
 184.5 -130.0     3.27  4998.23
 199.5 -130.0     5.43  5003.29
 202.0 -130.0     5.25  5004.51
 209.5 -130.0     7.24  5007.45
 212.0 -130.0     7.48  5008.96
 219.5 -130.0    10.40  5012.05
 222.0 -130.0    10.90  5014.52
  14.5 -120.0     0.11  4981.40
  17.0 -120.0    -0.02  4981.25
  24.5 -120.0     0.17  4981.32
  27.0 -120.0     0.05  4981.45
  34.5 -120.0     0.24  4981.45
  37.0 -120.0     0.11  4981.34
  44.5 -120.0     0.31  4981.68
  47.0 -120.0     0.20  4981.71
  59.5 -120.0     0.59  4982.04
  64.5 -120.0     0.49  4981.98
  79.5 -120.0     0.95  4982.58
  84.5 -120.0     0.88  4982.68
  99.5 -120.0     1.35  4983.35
 104.5 -120.0     1.33  4983.44
 119.5 -120.0     1.93  4984.66
 124.5 -120.0     1.94  4985.04
 139.5 -120.0     2.78  4986.74
 144.5 -120.0     2.82  4987.46
 159.5 -120.0     4.08  4990.14
 164.5 -120.0     4.34  4991.48
 179.5 -120.0     6.28  4995.32
 184.5 -120.0     6.53  4996.79
 199.5 -120.0     9.10  5001.27
 202.0 -120.0     9.06  5002.28
 209.5 -120.0    10.86  5004.69
 212.0 -120.0    11.08  5005.81
 219.5 -120.0    13.00  5007.79
 222.0 -120.0    13.03  5009.35
  14.5 -110.0     0.17  4981.32
  17.0 -110.0     0.09  4981.24
  24.5 -110.0     0.26  4981.26
  27.0 -110.0     0.21  4981.37
  34.5 -110.0     0.40  4981.38
  37.0 -110.0     0.35  4981.23
  44.5 -110.0     0.50  4981.53
  47.0 -110.0     0.43  4981.59
  59.5 -110.0     0.81  4981.76
  64.5 -110.0     0.79  4981.77
  79.5 -110.0     1.27  4982.18
  84.5 -110.0     1.32  4982.38
  99.5 -110.0     1.92  4982.92
 104.5 -110.0     2.04  4983.10
 119.5 -110.0     2.79  4984.07
 124.5 -110.0     2.95  4984.51
 139.5 -110.0     4.14  4985.91
 144.5 -110.0     4.32  4986.68
 159.5 -110.0     6.06  4988.85
 164.5 -110.0     6.54  4990.16
 179.5 -110.0     8.98  4993.41
 184.5 -110.0     9.41  4994.90
 199.5 -110.0    12.41  4998.81
 202.0 -110.0    12.40  4999.92
 209.5 -110.0    14.04  5002.22
 212.0 -110.0    14.07  5003.44
 219.5 -110.0    14.74  5005.74
 222.0 -110.0    13.98  5007.59
  14.5 -100.0     0.25  4981.17
  17.0 -100.0     0.13  4981.14
  24.5 -100.0     0.38  4981.13
  27.0 -100.0     0.27  4981.21
  34.5 -100.0     0.52  4981.13
  37.0 -100.0     0.42  4981.10
  44.5 -100.0     0.70  4981.27
  47.0 -100.0     0.57  4981.27
  59.5 -100.0     1.07  4981.46
  64.5 -100.0     1.02  4981.48
  79.5 -100.0     1.65  4981.81
  84.5 -100.0     1.65  4981.94
  99.5 -100.0     2.45  4982.36
 104.5 -100.0     2.55  4982.52
 119.5 -100.0     3.59  4983.33
 124.5 -100.0     3.80  4983.67
 139.5 -100.0     5.33  4984.84
 144.5 -100.0     5.59  4985.44
 159.5 -100.0     7.80  4987.25
 164.5 -100.0     8.39  4988.33
 179.5 -100.0    11.40  4991.07
 184.5 -100.0    11.99  4992.41
 199.5 -100.0    15.69  4995.99
 202.0 -100.0    15.76  4997.08
 209.5 -100.0    17.76  4999.66
 212.0 -100.0    17.86  5001.08
 219.5 -100.0    18.82  5004.85
 222.0 -100.0    18.00  5007.43
  14.5  -90.0     0.25  4981.00
  17.0  -90.0     0.20  4980.97
  24.5  -90.0     0.40  4980.96
  27.0  -90.0     0.36  4981.01
  34.5  -90.0     0.56  4980.92
  37.0  -90.0     0.52  4980.89
  44.5  -90.0     0.76  4980.98
  47.0  -90.0     0.71  4981.02
  59.5  -90.0     1.15  4981.11
  64.5  -90.0     1.19  4981.14
  79.5  -90.0     1.78  4981.29
  84.5  -90.0     1.88  4981.46
  99.5  -90.0     2.67  4981.66
 104.5  -90.0     2.90  4981.81
 119.5  -90.0     3.97  4982.30
 124.5  -90.0     4.30  4982.63
 139.5  -90.0     5.91  4983.39
 144.5  -90.0     6.36  4983.91
 159.5  -90.0     8.74  4985.12
 164.5  -90.0     9.53  4986.11
 179.5  -90.0    12.90  4988.14
 184.5  -90.0    13.81  4989.34
 199.5  -90.0    18.27  4992.20
 202.0  -90.0    18.68  4993.27
 209.5  -90.0    21.55  4995.77
 212.0  -90.0    22.23  4997.32
 219.5  -90.0    25.20  5001.57
 222.0  -90.0    25.60  5004.75
  14.5  -80.0     0.25  4980.78
  17.0  -80.0     0.28  4980.74
  24.5  -80.0     0.42  4980.71
  27.0  -80.0     0.45  4980.74
  34.5  -80.0     0.60  4980.66
  37.0  -80.0     0.63  4980.60
  44.5  -80.0     0.82  4980.65
  47.0  -80.0     0.86  4980.67
  59.5  -80.0     1.22  4980.73
  64.5  -80.0     1.36  4980.67
  79.5  -80.0     1.91  4980.77
  84.5  -80.0     2.11  4980.81
  99.5  -80.0     2.90  4980.92
 104.5  -80.0     3.24  4980.92
 119.5  -80.0     4.35  4981.22
 124.5  -80.0     4.79  4981.36
 139.5  -80.0     6.50  4981.82
 144.5  -80.0     7.12  4982.09
 159.5  -80.0     9.67  4982.85
 164.5  -80.0    10.66  4983.46
 179.5  -80.0    14.39  4984.86
 184.5  -80.0    15.63  4985.63
 199.5  -80.0    20.86  4987.57
 202.0  -80.0    21.60  4988.29
 209.5  -80.0    25.34  4990.17
 212.0  -80.0    26.61  4991.34
 219.5  -80.0    31.58  4994.44
 222.0  -80.0    33.20  4997.01
  14.5  -70.0     0.30  4980.51
  17.0  -70.0     0.25  4980.49
  24.5  -70.0     0.47  4980.42
  27.0  -70.0     0.44  4980.47
  34.5  -70.0     0.66  4980.34
  37.0  -70.0     0.63  4980.28
  44.5  -70.0     0.89  4980.29
  47.0  -70.0     0.86  4980.33
  59.5  -70.0     1.32  4980.27
  64.5  -70.0     1.38  4980.23
  79.5  -70.0     2.03  4980.13
  84.5  -70.0     2.16  4980.21
  99.5  -70.0     3.06  4980.03
 104.5  -70.0     3.33  4980.04
 119.5  -70.0     4.57  4979.95
 124.5  -70.0     4.97  4980.08
 139.5  -70.0     6.86  4979.98
 144.5  -70.0     7.43  4980.19
 159.5  -70.0    10.22  4980.17
 164.5  -70.0    11.21  4980.71
 179.5  -70.0    15.31  4981.05
 184.5  -70.0    16.64  4981.64
 199.5  -70.0    22.44  4982.03
 202.0  -70.0    23.29  4982.58
 209.5  -70.0    27.51  4983.13
 212.0  -70.0    28.91  4983.89
 219.5  -70.0    34.53  4984.52
 222.0  -70.0    36.43  4986.11
  14.5  -60.0     0.26  4980.21
  17.0  -60.0     0.27  4980.17
  24.5  -60.0     0.44  4980.09
  27.0  -60.0     0.45  4980.13
  34.5  -60.0     0.63  4980.00
  37.0  -60.0     0.63  4979.92
  44.5  -60.0     0.84  4979.91
  47.0  -60.0     0.87  4979.90
  59.5  -60.0     1.27  4979.83
  64.5  -60.0     1.38  4979.70
  79.5  -60.0     1.97  4979.53
  84.5  -60.0     2.15  4979.48
  99.5  -60.0     2.98  4979.18
 104.5  -60.0     3.32  4979.02
 119.5  -60.0     4.48  4978.74
 124.5  -60.0     4.95  4978.62
 139.5  -60.0     6.78  4978.20
 144.5  -60.0     7.43  4978.11
 159.5  -60.0    10.19  4977.56
 164.5  -60.0    11.27  4977.67
 179.5  -60.0    15.40  4977.15
 184.5  -60.0    16.87  4977.19
 199.5  -60.0    22.75  4976.26
 202.0  -60.0    23.68  4976.39
 209.5  -60.0    27.65  4976.01
 212.0  -60.0    28.98  4976.22
 219.5  -60.0    33.51  4975.36
 222.0  -60.0    34.87  4976.02
  14.5  -50.0     0.25  4979.96
  17.0  -50.0     0.23  4979.93
  24.5  -50.0     0.42  4979.85
  27.0  -50.0     0.41  4979.88
  34.5  -50.0     0.60  4979.71
  37.0  -50.0     0.58  4979.64
  44.5  -50.0     0.81  4979.58
  47.0  -50.0     0.79  4979.59
  59.5  -50.0     1.19  4979.43
  64.5  -50.0     1.26  4979.30
  79.5  -50.0     1.86  4978.95
  84.5  -50.0     1.97  4978.92
  99.5  -50.0     2.80  4978.34
 104.5  -50.0     3.08  4978.20
 119.5  -50.0     4.23  4977.53
 124.5  -50.0     4.62  4977.37
 139.5  -50.0     6.40  4976.41
 144.5  -50.0     6.99  4976.21
 159.5  -50.0     9.69  4974.87
 164.5  -50.0    10.68  4974.81
 179.5  -50.0    14.79  4973.17
 184.5  -50.0    16.21  4972.92
 199.5  -50.0    22.03  4970.54
 202.0  -50.0    22.91  4970.50
 209.5  -50.0    26.70  4969.41
 212.0  -50.0    27.80  4969.49
 219.5  -50.0    31.42  4968.45
 222.0  -50.0    32.06  4969.27
  14.5  -40.0     0.23  4979.81
  17.0  -40.0     0.20  4979.77
  24.5  -40.0     0.37  4979.68
  27.0  -40.0     0.34  4979.69
  34.5  -40.0     0.53  4979.52
  37.0  -40.0     0.50  4979.45
  44.5  -40.0     0.70  4979.37
  47.0  -40.0     0.68  4979.34
  59.5  -40.0     1.04  4979.13
  64.5  -40.0     1.09  4978.94
  79.5  -40.0     1.61  4978.55
  84.5  -40.0     1.73  4978.39
  99.5  -40.0     2.45  4977.71
 104.5  -40.0     2.69  4977.41
 119.5  -40.0     3.71  4976.57
 124.5  -40.0     4.07  4976.18
 139.5  -40.0     5.64  4974.91
 144.5  -40.0     6.19  4974.42
 159.5  -40.0     8.61  4972.56
 164.5  -40.0     9.54  4972.06
 179.5  -40.0    13.34  4969.52
 184.5  -40.0    14.76  4968.71
 199.5  -40.0    20.37  4965.04
 202.0  -40.0    21.33  4964.65
 209.5  -40.0    25.23  4963.05
 212.0  -40.0    26.44  4962.93
 219.5  -40.0    30.60  4962.24
 222.0  -40.0    31.54  4963.41
  14.5  -30.0     0.18  4979.62
  17.0  -30.0     0.17  4979.57
  24.5  -30.0     0.29  4979.45
  27.0  -30.0     0.26  4979.49
  34.5  -30.0     0.42  4979.28
  37.0  -30.0     0.40  4979.19
  44.5  -30.0     0.58  4979.10
  47.0  -30.0     0.53  4979.08
  59.5  -30.0     0.84  4978.78
  64.5  -30.0     0.87  4978.60
  79.5  -30.0     1.31  4978.05
  84.5  -30.0     1.36  4977.92
  99.5  -30.0     1.98  4977.02
 104.5  -30.0     2.15  4976.74
 119.5  -30.0     2.99  4975.55
 124.5  -30.0     3.25  4975.18
 139.5  -30.0     4.57  4973.44
 144.5  -30.0     5.00  4972.91
 159.5  -30.0     7.04  4970.29
 164.5  -30.0     7.80  4969.68
 179.5  -30.0    11.11  4966.01
 184.5  -30.0    12.37  4964.88
 199.5  -30.0    17.62  4959.46
 202.0  -30.0    18.62  4958.82
 209.5  -30.0    22.84  4956.00
 212.0  -30.0    24.31  4955.60
 219.5  -30.0    30.13  4953.58
 222.0  -30.0    32.05  4954.59
  14.5  -20.0     0.13  4979.54
  17.0  -20.0     0.14  4979.48
  24.5  -20.0     0.21  4979.37
  27.0  -20.0     0.21  4979.38
  34.5  -20.0     0.29  4979.18
  37.0  -20.0     0.30  4979.09
  44.5  -20.0     0.39  4978.98
  47.0  -20.0     0.40  4978.92
  59.5  -20.0     0.57  4978.64
  64.5  -20.0     0.63  4978.39
  79.5  -20.0     0.89  4977.82
  84.5  -20.0     0.99  4977.59
  99.5  -20.0     1.36  4976.65
 104.5  -20.0     1.53  4976.23
 119.5  -20.0     2.08  4974.96
 124.5  -20.0     2.32  4974.40
 139.5  -20.0     3.20  4972.47
 144.5  -20.0     3.56  4971.70
 159.5  -20.0     4.96  4968.75
 164.5  -20.0     5.59  4967.75
 179.5  -20.0     8.00  4963.31
 184.5  -20.0     9.06  4961.61
 199.5  -20.0    13.26  4954.51
 202.0  -20.0    14.23  4953.29
 209.5  -20.0    18.10  4948.80
 212.0  -20.0    19.72  4947.52
 219.5  -20.0    26.11  4942.49
 222.0  -20.0    28.81  4941.95
  14.5  -10.0     0.11  4979.49
  17.0  -10.0     0.02  4979.45
  24.5  -10.0     0.14  4979.32
  27.0  -10.0     0.06  4979.34
  34.5  -10.0     0.20  4979.12
  37.0  -10.0     0.10  4979.03
  44.5  -10.0     0.25  4978.90
  47.0  -10.0     0.15  4978.88
  59.5  -10.0     0.33  4978.51
  64.5  -10.0     0.28  4978.30
  79.5  -10.0     0.51  4977.62
  84.5  -10.0     0.45  4977.43
  99.5  -10.0     0.75  4976.34
 104.5  -10.0     0.72  4975.98
 119.5  -10.0     1.12  4974.50
 124.5  -10.0     1.13  4973.99
 139.5  -10.0     1.70  4971.75
 144.5  -10.0     1.78  4971.00
 159.5  -10.0     2.62  4967.59
 164.5  -10.0     2.83  4966.58
 179.5  -10.0     4.25  4961.37
 184.5  -10.0     4.73  4959.47
 199.5  -10.0     7.23  4950.76
 202.0  -10.0     7.73  4949.19
 209.5  -10.0    10.25  4942.88
 212.0  -10.0    11.22  4940.81
 219.5  -10.0    15.68  4932.16
 222.0  -10.0    17.60  4929.81
  14.5    0.0    -0.00  4979.51
  17.0    0.0    -0.00  4979.46
  24.5    0.0    -0.01  4979.34
  27.0    0.0    -0.00  4979.34
  34.5    0.0    -0.01  4979.14
  37.0    0.0    -0.00  4979.03
  44.5    0.0    -0.01  4978.91
  47.0    0.0    -0.00  4978.86
  59.5    0.0    -0.01  4978.52
  64.5    0.0    -0.00  4978.25
  79.5    0.0    -0.01  4977.62
  84.5    0.0    -0.01  4977.35
  99.5    0.0    -0.01  4976.30
 104.5    0.0    -0.01  4975.84
 119.5    0.0    -0.02  4974.41
 124.5    0.0    -0.02  4973.77
 139.5    0.0    -0.02  4971.59
 144.5    0.0    -0.02  4970.69
 159.5    0.0    -0.03  4967.29
 164.5    0.0    -0.03  4966.05
 179.5    0.0    -0.04  4960.73
 184.5    0.0    -0.05  4958.54
 199.5    0.0    -0.06  4949.38
 202.0    0.0    -0.07  4947.46
 209.5    0.0    -0.08  4940.54
 212.0    0.0    -0.08  4937.92
 219.5    0.0    -0.11  4927.88
 222.0    0.0    -0.11  4924.35
  14.5   10.0    -0.01  4979.61
  17.0   10.0    -0.10  4979.60
  24.5   10.0    -0.06  4979.47
  27.0   10.0    -0.16  4979.50
  34.5   10.0    -0.09  4979.26
  37.0   10.0    -0.21  4979.19
  44.5   10.0    -0.16  4979.04
  47.0   10.0    -0.26  4979.02
  59.5   10.0    -0.25  4978.65
  64.5   10.0    -0.37  4978.46
  79.5   10.0    -0.42  4977.74
  84.5   10.0    -0.57  4977.57
  99.5   10.0    -0.67  4976.46
 104.5   10.0    -0.84  4976.11
 119.5   10.0    -1.05  4974.59
 124.5   10.0    -1.27  4974.08
 139.5   10.0    -1.64  4971.84
 144.5   10.0    -1.94  4971.07
 159.5   10.0    -2.60  4967.64
 164.5   10.0    -3.02  4966.59
 179.5   10.0    -4.25  4961.31
 184.5   10.0    -5.00  4959.36
 199.5   10.0    -7.32  4950.65
 202.0   10.0    -8.07  4948.99
 209.5   10.0   -10.40  4942.64
 212.0   10.0   -11.64  4940.40
 219.5   10.0   -15.95  4931.86
 222.0   10.0   -18.26  4929.03
  14.5   20.0    -0.08  4979.87
  17.0   20.0    -0.16  4979.83
  24.5   20.0    -0.17  4979.72
  27.0   20.0    -0.25  4979.71
  34.5   20.0    -0.25  4979.52
  37.0   20.0    -0.34  4979.43
  44.5   20.0    -0.35  4979.30
  47.0   20.0    -0.45  4979.25
  59.5   20.0    -0.54  4978.94
  64.5   20.0    -0.67  4978.71
  79.5   20.0    -0.87  4978.10
  84.5   20.0    -1.06  4977.87
  99.5   20.0    -1.36  4976.90
 104.5   20.0    -1.59  4976.50
 119.5   20.0    -2.10  4975.20
 124.5   20.0    -2.41  4974.63
 139.5   20.0    -3.22  4972.67
 144.5   20.0    -3.67  4971.86
 159.5   20.0    -5.05  4968.87
 164.5   20.0    -5.74  4967.79
 179.5   20.0    -8.12  4963.25
 184.5   20.0    -9.33  4961.41
 199.5   20.0   -13.50  4954.36
 202.0   20.0   -14.70  4952.93
 209.5   20.0   -18.48  4948.45
 212.0   20.0   -20.37  4946.83
 219.5   20.0   -26.74  4942.06
 222.0   20.0   -30.04  4940.73
  14.5   30.0    -0.14  4980.11
  17.0   30.0    -0.20  4980.11
  24.5   30.0    -0.26  4979.99
  27.0   30.0    -0.33  4980.00
  34.5   30.0    -0.38  4979.79
  37.0   30.0    -0.47  4979.73
  44.5   30.0    -0.51  4979.60
  47.0   30.0    -0.63  4979.58
  59.5   30.0    -0.79  4979.28
  64.5   30.0    -0.95  4979.11
  79.5   30.0    -1.27  4978.53
  84.5   30.0    -1.48  4978.38
  99.5   30.0    -1.96  4977.47
 104.5   30.0    -2.28  4977.17
 119.5   30.0    -3.01  4975.96
 124.5   30.0    -3.42  4975.54
 139.5   30.0    -4.61  4973.78
 144.5   30.0    -5.23  4973.18
 159.5   30.0    -7.15  4970.55
 164.5   30.0    -8.08  4969.78
 179.5   30.0   -11.26  4965.98
 184.5   30.0   -12.83  4964.66
 199.5   30.0   -17.97  4959.31
 202.0   30.0   -19.38  4958.42
 209.5   30.0   -23.42  4955.58
 212.0   30.0   -25.35  4954.83
 219.5   30.0   -31.06  4953.11
 222.0   30.0   -33.97  4953.38
  14.5   40.0    -0.13  4980.42
  17.0   40.0    -0.30  4980.42
  24.5   40.0    -0.28  4980.32
  27.0   40.0    -0.47  4980.32
  34.5   40.0    -0.44  4980.13
  37.0   40.0    -0.63  4980.08
  44.5   40.0    -0.61  4979.97
  47.0   40.0    -0.83  4979.95
  59.5   40.0    -0.97  4979.73
  64.5   40.0    -1.24  4979.54
  79.5   40.0    -1.55  4979.09
  84.5   40.0    -1.90  4978.94
  99.5   40.0    -2.43  4978.22
 104.5   40.0    -2.88  4977.93
 119.5   40.0    -3.73  4977.04
 124.5   40.0    -4.31  4976.63
 139.5   40.0    -5.70  4975.32
 144.5   40.0    -6.53  4974.76
 159.5   40.0    -8.78  4972.84
 164.5   40.0    -9.96  4972.17
 179.5   40.0   -13.58  4969.47
 184.5   40.0   -15.43  4968.43
 199.5   40.0   -20.86  4964.87
 202.0   40.0   -22.41  4964.23
 209.5   40.0   -26.01  4962.59
 212.0   40.0   -27.78  4962.21
 219.5   40.0   -31.79  4961.80
 222.0   40.0   -33.79  4962.41
  14.5   50.0    -0.22  4980.80
  17.0   50.0    -0.28  4980.82
  24.5   50.0    -0.40  4980.72
  27.0   50.0    -0.46  4980.74
  34.5   50.0    -0.58  4980.57
  37.0   50.0    -0.66  4980.52
  44.5   50.0    -0.77  4980.43
  47.0   50.0    -0.89  4980.43
  59.5   50.0    -1.17  4980.24
  64.5   50.0    -1.36  4980.14
  79.5   50.0    -1.85  4979.74
  84.5   50.0    -2.11  4979.70
  99.5   50.0    -2.85  4979.08
 104.5   50.0    -3.25  4978.96
 119.5   50.0    -4.33  4978.23
 124.5   50.0    -4.88  4978.03
 139.5   50.0    -6.56  4977.03
 144.5   50.0    -7.40  4976.75
 159.5   50.0    -9.98  4975.34
 164.5   50.0   -11.19  4975.09
 179.5   50.0   -15.17  4973.22
 184.5   50.0   -17.07  4972.76
 199.5   50.0   -22.73  4970.45
 202.0   50.0   -24.18  4970.18
 209.5   50.0   -27.71  4969.03
 212.0   50.0   -29.28  4968.87
 219.5   50.0   -32.78  4968.13
 222.0   50.0   -34.33  4968.48
  14.5   60.0    -0.23  4981.22
  17.0   60.0    -0.32  4981.26
  24.5   60.0    -0.42  4981.17
  27.0   60.0    -0.50  4981.18
  34.5   60.0    -0.62  4981.04
  37.0   60.0    -0.72  4981.01
  44.5   60.0    -0.82  4980.94
  47.0   60.0    -0.95  4980.93
  59.5   60.0    -1.25  4980.85
  64.5   60.0    -1.46  4980.75
  79.5   60.0    -2.00  4980.52
  84.5   60.0    -2.27  4980.47
  99.5   60.0    -3.07  4980.12
 104.5   60.0    -3.49  4980.01
 119.5   60.0    -4.67  4979.66
 124.5   60.0    -5.24  4979.47
 139.5   60.0    -7.04  4979.02
 144.5   60.0    -7.92  4978.84
 159.5   60.0   -10.64  4978.22
 164.5   60.0   -11.87  4978.09
 179.5   60.0   -15.94  4977.36
 184.5   60.0   -17.89  4977.15
 199.5   60.0   -23.64  4976.29
 202.0   60.0   -25.17  4976.14
 209.5   60.0   -28.89  4975.71
 212.0   60.0   -30.60  4975.62
 219.5   60.0   -35.03  4975.14
 222.0   60.0   -37.12  4975.14
  14.5   70.0    -0.23  4981.64
  17.0   70.0    -0.31  4981.69
  24.5   70.0    -0.44  4981.62
  27.0   70.0    -0.50  4981.63
  34.5   70.0    -0.64  4981.50
  37.0   70.0    -0.73  4981.49
  44.5   70.0    -0.84  4981.44
  47.0   70.0    -0.97  4981.46
  59.5   70.0    -1.29  4981.44
  64.5   70.0    -1.49  4981.42
  79.5   70.0    -2.04  4981.26
  84.5   70.0    -2.32  4981.33
  99.5   70.0    -3.14  4981.11
 104.5   70.0    -3.57  4981.15
 119.5   70.0    -4.77  4981.03
 124.5   70.0    -5.35  4981.04
 139.5   70.0    -7.17  4980.98
 144.5   70.0    -8.07  4981.05
 159.5   70.0   -10.76  4981.00
 164.5   70.0   -11.99  4981.24
 179.5   70.0   -15.98  4981.35
 184.5   70.0   -17.93  4981.65
 199.5   70.0   -23.54  4982.09
 202.0   70.0   -25.11  4982.33
 209.5   70.0   -28.97  4982.84
 212.0   70.0   -30.84  4983.20
 219.5   70.0   -36.22  4984.23
 222.0   70.0   -39.05  4984.94
  14.5   80.0    -0.23  4982.04
  17.0   80.0    -0.28  4982.12
  24.5   80.0    -0.41  4982.05
  27.0   80.0    -0.47  4982.07
  34.5   80.0    -0.60  4981.96
  37.0   80.0    -0.69  4981.98
  44.5   80.0    -0.82  4981.95
  47.0   80.0    -0.93  4981.98
  59.5   80.0    -1.26  4982.04
  64.5   80.0    -1.43  4982.03
  79.5   80.0    -2.00  4982.05
  84.5   80.0    -2.25  4982.12
  99.5   80.0    -3.06  4982.15
 104.5   80.0    -3.46  4982.22
 119.5   80.0    -4.65  4982.46
 124.5   80.0    -5.19  4982.53
 139.5   80.0    -6.96  4982.97
 144.5   80.0    -7.81  4983.13
 159.5   80.0   -10.38  4983.82
 164.5   80.0   -11.53  4984.19
 179.5   80.0   -15.30  4985.29
 184.5   80.0   -17.14  4985.83
 199.5   80.0   -22.26  4987.71
 202.0   80.0   -23.75  4988.17
 209.5   80.0   -27.20  4989.88
 212.0   80.0   -28.89  4990.71
 219.5   80.0   -33.72  4994.05
 222.0   80.0   -36.36  4995.79
  14.5   90.0    -0.20  4982.44
  17.0   90.0    -0.25  4982.54
  24.5   90.0    -0.36  4982.49
  27.0   90.0    -0.43  4982.51
  34.5   90.0    -0.54  4982.43
  37.0   90.0    -0.63  4982.47
  44.5   90.0    -0.72  4982.45
  47.0   90.0    -0.85  4982.51
  59.5   90.0    -1.14  4982.62
  64.5   90.0    -1.33  4982.68
  79.5   90.0    -1.83  4982.76
  84.5   90.0    -2.07  4982.96
  99.5   90.0    -2.81  4983.10
 104.5   90.0    -3.20  4983.32
 119.5   90.0    -4.28  4983.75
 124.5   90.0    -4.80  4984.03
 139.5   90.0    -6.39  4984.79
 144.5   90.0    -7.23  4985.22
 159.5   90.0    -9.55  4986.37
 164.5   90.0   -10.63  4987.09
 179.5   90.0   -13.95  4988.85
 184.5   90.0   -15.68  4989.82
 199.5   90.0   -19.98  4992.55
 202.0   90.0   -21.30  4993.32
 209.5   90.0   -23.77  4995.65
 212.0   90.0   -25.04  4996.88
 219.5   90.0   -27.77  5001.23
 222.0   90.0   -29.41  5003.72
  14.5  100.0    -0.15  4982.80
  17.0  100.0    -0.23  4982.90
  24.5  100.0    -0.28  4982.85
  27.0  100.0    -0.37  4982.87
  34.5  100.0    -0.44  4982.83
  37.0  100.0    -0.55  4982.88
  44.5  100.0    -0.58  4982.90
  47.0  100.0    -0.73  4982.94
  59.5  100.0    -0.97  4983.16
  64.5  100.0    -1.15  4983.22
  79.5  100.0    -1.56  4983.47
  84.5  100.0    -1.80  4983.64
  99.5  100.0    -2.43  4984.01
 104.5  100.0    -2.79  4984.24
 119.5  100.0    -3.70  4985.00
 124.5  100.0    -4.18  4985.30
 139.5  100.0    -5.55  4986.51
 144.5  100.0    -6.31  4987.01
 159.5  100.0    -8.31  4988.77
 164.5  100.0    -9.28  4989.57
 179.5  100.0   -12.15  4992.07
 184.5  100.0   -13.69  4993.17
 199.5  100.0   -17.20  4996.54
 202.0  100.0   -18.33  4997.32
 209.5  100.0   -19.93  4999.71
 212.0  100.0   -20.75  5000.83
 219.5  100.0   -21.63  5004.54
 222.0  100.0   -22.23  5006.60
  14.5  110.0    -0.08  4983.07
  17.0  110.0    -0.15  4983.18
  24.5  110.0    -0.18  4983.17
  27.0  110.0    -0.26  4983.20
  34.5  110.0    -0.30  4983.17
  37.0  110.0    -0.41  4983.22
  44.5  110.0    -0.40  4983.28
  47.0  110.0    -0.56  4983.36
  59.5  110.0    -0.73  4983.59
  64.5  110.0    -0.91  4983.73
  79.5  110.0    -1.23  4984.01
  84.5  110.0    -1.44  4984.29
  99.5  110.0    -1.92  4984.72
 104.5  110.0    -2.24  4985.08
 119.5  110.0    -2.94  4985.96
 124.5  110.0    -3.35  4986.43
 139.5  110.0    -4.41  4987.88
 144.5  110.0    -5.10  4988.61
 159.5  110.0    -6.71  4990.71
 164.5  110.0    -7.54  4991.82
 179.5  110.0    -9.93  4994.75
 184.5  110.0   -11.38  4996.16
 199.5  110.0   -14.34  4999.75
 202.0  110.0   -15.42  5000.62
 209.5  110.0   -16.74  5002.63
 212.0  110.0   -17.48  5003.59
 219.5  110.0   -18.19  5005.77
 222.0  110.0   -18.68  5006.99
  14.5  120.0     0.05  4983.24
  17.0  120.0    -0.13  4983.37
  24.5  120.0    -0.00  4983.37
  27.0  120.0    -0.19  4983.40
  34.5  120.0    -0.08  4983.41
  37.0  120.0    -0.29  4983.48
  44.5  120.0    -0.13  4983.57
  47.0  120.0    -0.39  4983.63
  59.5  120.0    -0.39  4983.98
  64.5  120.0    -0.66  4984.09
  79.5  120.0    -0.79  4984.49
  84.5  120.0    -1.08  4984.74
  99.5  120.0    -1.29  4985.32
 104.5  120.0    -1.64  4985.67
 119.5  120.0    -2.00  4986.76
 124.5  120.0    -2.42  4987.22
 139.5  120.0    -3.02  4989.02
 144.5  120.0    -3.68  4989.78
 159.5  120.0    -4.74  4992.37
 164.5  120.0    -5.53  4993.55
 179.5  120.0    -7.36  4997.10
 184.5  120.0    -8.79  4998.60
 199.5  120.0   -11.34  5002.75
 202.0  120.0   -12.57  5003.60
 209.5  120.0   -14.10  5005.73
 212.0  120.0   -15.17  5006.57
 219.5  120.0   -17.22  5008.42
 222.0  120.0   -18.67  5009.19
  14.5  130.0     0.11  4983.29
  17.0  130.0     0.07  4983.45
  24.5  130.0     0.12  4983.47
  27.0  130.0     0.06  4983.52
  34.5  130.0     0.11  4983.55
  37.0  130.0     0.01  4983.65
  44.5  130.0     0.08  4983.75
  47.0  130.0    -0.04  4983.86
  59.5  130.0    -0.11  4984.23
  64.5  130.0    -0.24  4984.42
  79.5  130.0    -0.40  4984.80
  84.5  130.0    -0.53  4985.13
  99.5  130.0    -0.70  4985.68
 104.5  130.0    -0.86  4986.10
 119.5  130.0    -1.06  4987.19
 124.5  130.0    -1.23  4987.79
 139.5  130.0    -1.54  4989.68
 144.5  130.0    -1.94  4990.61
 159.5  130.0    -2.60  4993.44
 164.5  130.0    -3.09  4994.90
 179.5  130.0    -4.51  4998.86
 184.5  130.0    -5.69  5000.73
 199.5  130.0    -8.02  5005.52
 202.0  130.0    -9.17  5006.64
 209.5  130.0   -11.03  5009.38
 212.0  130.0   -12.19  5010.56
 219.5  130.0   -15.54  5013.70
 222.0  130.0   -17.67  5015.20
  14.5  140.0     0.23  4983.21
  17.0  140.0     0.23  4983.39
  24.5  140.0     0.33  4983.44
  27.0  140.0     0.31  4983.49
  34.5  140.0     0.39  4983.58
  37.0  140.0     0.33  4983.71
  44.5  140.0     0.41  4983.85
  47.0  140.0     0.30  4983.96
  59.5  140.0     0.25  4984.44
  64.5  140.0     0.16  4984.61
  79.5  140.0     0.04  4985.06
  84.5  140.0    -0.03  4985.34
  99.5  140.0    -0.07  4985.89
 104.5  140.0    -0.12  4986.26
 119.5  140.0    -0.03  4987.39
 124.5  140.0    -0.05  4987.93
 139.5  140.0     0.11  4989.97
 144.5  140.0    -0.08  4990.91
 159.5  140.0    -0.14  4994.11
 164.5  140.0    -0.39  4995.60
 179.5  140.0    -1.17  5000.22
 184.5  140.0    -2.14  5002.21
 199.5  140.0    -3.85  5007.98
 202.0  140.0    -4.89  5009.26
 209.5  140.0    -6.42  5012.97
 212.0  140.0    -7.44  5014.54
 219.5  140.0   -10.25  5019.70
 222.0  140.0   -12.19  5022.19
  14.5  150.0     0.45  4982.88
  17.0  150.0     0.43  4983.11
  24.5  150.0     0.65  4983.20
  27.0  150.0     0.62  4983.28
  34.5  150.0     0.79  4983.43
  37.0  150.0     0.70  4983.61
  44.5  150.0     0.86  4983.81
  47.0  150.0     0.70  4983.98
  59.5  150.0     0.71  4984.51
  64.5  150.0     0.57  4984.75
  79.5  150.0     0.52  4985.15
  84.5  150.0     0.41  4985.47
  99.5  150.0     0.55  4985.86
 104.5  150.0     0.54  4986.21
 119.5  150.0     1.00  4987.13
 124.5  150.0     1.11  4987.71
 139.5  150.0     1.90  4989.67
 144.5  150.0     1.87  4990.70
 159.5  150.0     2.60  4994.01
 164.5  150.0     2.56  4995.76
 179.5  150.0     2.61  5000.76
 184.5  150.0     1.86  5003.10
 199.5  150.0     1.13  5009.54
 202.0  150.0     0.23  5011.06
 209.5  150.0    -0.42  5015.26
 212.0  150.0    -1.09  5017.15
 219.5  150.0    -2.00  5023.05
 222.0  150.0    -2.99  5026.09
  14.5  160.0     0.70  4982.19
  17.0  160.0     0.76  4982.47
  24.5  160.0     1.05  4982.66
  27.0  160.0     1.09  4982.78
  34.5  160.0     1.28  4983.04
  37.0  160.0     1.25  4983.29
  44.5  160.0     1.40  4983.61
  47.0  160.0     1.27  4983.79
  59.5  160.0     1.19  4984.51
  64.5  160.0     1.06  4984.77
  79.5  160.0     0.88  4985.20
  84.5  160.0     0.81  4985.43
  99.5  160.0     0.98  4985.63
 104.5  160.0     1.09  4985.85
 119.5  160.0     1.87  4986.49
 124.5  160.0     2.18  4986.92
 139.5  160.0     3.61  4988.78
 144.5  160.0     3.90  4989.71
 159.5  160.0     5.47  4993.23
 164.5  160.0     5.77  4994.97
 179.5  160.0     6.73  5000.56
 184.5  160.0     6.32  5003.01
 199.5  160.0     6.50  5010.09
 202.0  160.0     5.82  5011.65
 209.5  160.0     5.81  5015.95
 212.0  160.0     5.51  5017.74
 219.5  160.0     5.93  5022.96
 222.0  160.0     5.76  5025.47
  14.5  170.0     1.08  4981.17
  17.0  170.0     1.26  4981.52
  24.5  170.0     1.65  4981.86
  27.0  170.0     1.77  4982.04
  34.5  170.0     2.00  4982.50
  37.0  170.0     2.04  4982.84
  44.5  170.0     2.15  4983.33
  47.0  170.0     2.06  4983.62
  59.5  170.0     1.79  4984.59
  64.5  170.0     1.64  4984.96
  79.5  170.0     1.19  4985.34
  84.5  170.0     1.09  4985.59
  99.5  170.0     1.18  4985.35
 104.5  170.0     1.37  4985.48
 119.5  170.0     2.48  4985.48
 124.5  170.0     3.04  4985.82
 139.5  170.0     5.24  4987.20
 144.5  170.0     5.90  4988.15
 159.5  170.0     8.50  4991.55
 164.5  170.0     9.24  4993.52
 179.5  170.0    11.23  4999.46
 184.5  170.0    11.17  5002.29
 199.5  170.0    12.14  5009.90
 202.0  170.0    11.59  5011.63
 209.5  170.0    11.62  5015.91
 212.0  170.0    11.37  5017.64
 219.5  170.0    11.32  5021.77
 222.0  170.0    11.00  5023.64
  14.5  180.0     1.76  4979.38
  17.0  180.0     1.89  4979.87
  24.5  180.0     2.63  4980.45
  27.0  180.0     2.71  4980.74
  34.5  180.0     3.19  4981.53
  37.0  180.0     3.13  4982.02
  44.5  180.0     3.35  4982.86
  47.0  180.0     3.11  4983.24
  59.5  180.0     2.67  4984.71
  64.5  180.0     2.26  4985.21
  79.5  180.0     1.46  4985.69
  84.5  180.0     1.11  4985.79
  99.5  180.0     1.06  4985.08
 104.5  180.0     1.15  4984.89
 119.5  180.0     2.71  4984.08
 124.5  180.0     3.38  4984.07
 139.5  180.0     6.66  4984.82
 144.5  180.0     7.63  4985.55
 159.5  180.0    11.70  4988.88
 164.5  180.0    12.79  4990.83
 179.5  180.0    16.25  4997.38
 184.5  180.0    16.46  5000.42
 199.5  180.0    18.43  5009.15
 202.0  180.0    17.77  5011.04
 209.5  180.0    17.67  5016.03
 212.0  180.0    17.03  5017.90
 219.5  180.0    15.46  5022.61
 222.0  180.0    14.01  5024.43
  14.5  190.0     2.72  4976.58
  17.0  190.0     3.02  4977.21
  24.5  190.0     4.08  4978.20
  27.0  190.0     4.27  4978.67
  34.5  190.0     4.94  4979.98
  37.0  190.0     4.92  4980.74
  44.5  190.0     5.11  4982.11
  47.0  190.0     4.84  4982.72
  59.5  190.0     3.89  4984.96
  64.5  190.0     3.23  4985.75
  79.5  190.0     1.57  4986.39
  84.5  190.0     0.97  4986.46
  99.5  190.0     0.32  4984.90
 104.5  190.0     0.36  4984.40
 119.5  190.0     2.17  4982.18
 124.5  190.0     3.13  4981.79
 139.5  190.0     7.58  4981.35
 144.5  190.0     9.10  4981.95
 159.5  190.0    14.85  4984.78
 164.5  190.0    16.57  4986.91
 179.5  190.0    21.73  4993.87
 184.5  190.0    22.48  4997.45
 199.5  190.0    25.75  5007.59
 202.0  190.0    25.21  5009.98
 209.5  190.0    25.20  5016.30
 212.0  190.0    24.46  5018.84
 219.5  190.0    21.98  5025.90
 222.0  190.0    19.85  5028.90
  14.5  200.0     4.19  4972.21
  17.0  200.0     4.76  4973.08
  24.5  200.0     6.33  4974.73
  27.0  200.0     6.74  4975.46
  34.5  200.0     7.66  4977.66
  37.0  200.0     7.74  4978.79
  44.5  200.0     7.86  4981.09
  47.0  200.0     7.56  4982.01
  59.5  200.0     5.76  4985.66
  64.5  200.0     4.74  4986.84
  79.5  200.0     1.57  4988.02
  84.5  200.0     0.52  4987.94
  99.5  200.0    -1.28  4985.33
 104.5  200.0    -1.39  4984.20
 119.5  200.0     0.56  4980.03
 124.5  200.0     1.88  4978.90
 139.5  200.0     7.79  4976.87
 144.5  200.0    10.03  4976.98
 159.5  200.0    17.94  4979.29
 164.5  200.0    20.47  4981.31
 179.5  200.0    27.89  4988.96
 184.5  200.0    29.39  4992.85
 199.5  200.0    34.73  5004.85
 202.0  200.0    34.52  5007.64
 209.5  200.0    35.45  5015.77
 212.0  200.0    35.02  5019.02
 219.5  200.0    33.63  5029.13
 222.0  200.0    31.89  5033.49
  14.5  210.0     6.55  4965.31
  17.0  210.0     7.47  4966.53
  24.5  210.0     9.91  4969.20
  27.0  210.0    10.59  4970.38
  34.5  210.0    12.01  4973.96
  37.0  210.0    12.18  4975.68
  44.5  210.0    12.30  4979.48
  47.0  210.0    11.89  4980.94
  59.5  210.0     8.83  4986.90
  64.5  210.0     7.13  4988.84
  79.5  210.0     1.58  4991.00
  84.5  210.0    -0.28  4990.86
  99.5  210.0    -4.07  4986.67
 104.5  210.0    -4.59  4984.74
 119.5  210.0    -2.64  4977.48
 124.5  210.0    -0.94  4975.39
 139.5  210.0     6.94  4970.79
 144.5  210.0    10.10  4970.41
 159.5  210.0    20.87  4971.67
 164.5  210.0    24.42  4973.82
 179.5  210.0    34.73  4981.86
 184.5  210.0    37.21  4986.30
 199.5  210.0    45.40  4999.90
 202.0  210.0    45.71  5003.22
 209.5  210.0    48.32  5012.74
 212.0  210.0    48.55  5016.67
 219.5  210.0    49.62  5028.66
 222.0  210.0    49.02  5033.99
  14.5  220.0    10.18  4954.41
  17.0  220.0    11.71  4956.18
  24.5  220.0    15.49  4960.43
  27.0  220.0    16.65  4962.29
  34.5  220.0    18.83  4968.01
  37.0  220.0    19.24  4970.63
  44.5  220.0    19.38  4976.83
  47.0  220.0    18.88  4979.15
  59.5  220.0    13.85  4988.93
  64.5  220.0    11.16  4992.12
  79.5  220.0     1.70  4996.30
  84.5  220.0    -1.47  4996.05
  99.5  220.0    -8.69  4989.76
 104.5  220.0    -9.89  4986.47
 119.5  220.0    -8.25  4974.70
 124.5  220.0    -6.03  4970.97
 139.5  220.0     4.53  4962.82
 144.5  220.0     8.97  4961.57
 159.5  220.0    23.49  4961.70
 164.5  220.0    28.34  4963.72
 179.5  220.0    42.17  4972.36
 184.5  220.0    45.86  4977.14
 199.5  220.0    57.45  4992.21
 202.0  220.0    58.40  4995.85
 209.5  220.0    62.91  5006.46
 212.0  220.0    63.88  5010.74
 219.5  220.0    67.21  5023.59
 222.0  220.0    67.63  5029.08
  14.5  230.0    15.82  4937.45
  17.0  230.0    18.13  4939.98
  24.5  230.0    24.20  4946.61
  27.0  230.0    25.97  4949.48
  34.5  230.0    29.65  4958.48
  37.0  230.0    30.29  4962.50
  44.5  230.0    30.76  4972.46
  47.0  230.0    30.01  4976.13
  59.5  230.0    22.28  4992.14
  64.5  230.0    17.89  4997.50
  79.5  230.0     2.37  5005.32
  84.5  230.0    -3.09  5005.21
  99.5  230.0   -15.96  4995.79
 104.5  230.0   -18.49  4990.56
 119.5  230.0   -17.50  4971.58
 124.5  230.0   -14.62  4965.57
 139.5  230.0     0.02  4952.03
 144.5  230.0     6.17  4949.86
 159.5  230.0    25.85  4948.56
 164.5  230.0    32.21  4950.76
 179.5  230.0    50.26  4959.93
 184.5  230.0    55.21  4965.24
 199.5  230.0    70.70  4981.31
 202.0  230.0    72.28  4985.37
 209.5  230.0    78.83  4996.81
 212.0  230.0    80.37  5001.52
 219.5  230.0    85.30  5015.17
 222.0  230.0    85.95  5020.97
  14.5  240.0    24.25  4911.09
  17.0  240.0    27.96  4914.70
  24.5  240.0    37.43  4924.78
  27.0  240.0    40.36  4929.17
  34.5  240.0    46.38  4943.06
  37.0  240.0    47.64  4949.16
  44.5  240.0    48.77  4964.93
  47.0  240.0    47.95  4970.71
  59.5  240.0    36.25  4996.88
  64.5  240.0    29.47  5005.85
  79.5  240.0     4.18  5020.49
  84.5  240.0    -4.90  5020.77
  99.5  240.0   -27.46  5007.02
 104.5  240.0   -32.15  4998.53
 119.5  240.0   -32.51  4968.21
 124.5  240.0   -28.44  4958.36
 139.5  240.0    -7.50  4937.20
 144.5  240.0     1.37  4933.72
 159.5  240.0    28.02  4931.69
 164.5  240.0    36.35  4934.16
 179.5  240.0    58.92  4944.55
 184.5  240.0    65.29  4950.13
 199.5  240.0    84.78  4966.85
 202.0  240.0    87.24  4971.08
 209.5  240.0    96.23  4983.44
 212.0  240.0    98.62  4988.62
 219.5  240.0   105.48  5004.35
 222.0  240.0   106.49  5011.10
  14.5  250.0    36.66  4870.97
  17.0  250.0    42.34  4876.02
  24.5  250.0    57.12  4890.90
  27.0  250.0    61.80  4897.42
  34.5  250.0    71.79  4918.29
  37.0  250.0    74.11  4927.42
  44.5  250.0    76.93  4951.83
  47.0  250.0    76.12  4960.87
  59.5  250.0    59.38  5003.17
  64.5  250.0    49.09  5018.26
  79.5  250.0     8.65  5045.27
  84.5  250.0    -6.44  5046.83
  99.5  250.0   -45.31  5026.84
 104.5  250.0   -53.80  5013.24
 119.5  250.0   -56.37  4964.04
 124.5  250.0   -50.26  4948.28
 139.5  250.0   -18.67  4915.78
 144.5  250.0    -5.60  4911.24
 159.5  250.0    30.89  4910.23
 164.5  250.0    41.43  4913.98
 179.5  250.0    68.20  4926.50
 184.5  250.0    75.74  4932.45
 199.5  250.0    98.98  4948.29
 202.0  250.0   102.53  4952.53
 209.5  250.0   115.09  4964.89
 212.0  250.0   118.94  4970.54
 219.5  250.0   130.39  4988.43
 222.0  250.0   132.96  4996.89
  14.5  260.0    54.40  4810.33
  17.0  260.0    63.05  4817.32
  24.5  260.0    85.81  4838.49
  27.0  260.0    93.23  4847.90
  34.5  260.0   109.77  4878.31
  37.0  260.0   114.04  4891.73
  44.5  260.0   120.50  4928.65
  47.0  260.0   120.26  4942.55
  59.5  260.0    97.80  5010.44
  64.5  260.0    82.68  5035.77
  79.5  260.0    18.69  5085.83
  84.5  260.0    -6.38  5090.45
  99.5  260.0   -73.57  5062.01
 104.5  260.0   -88.80  5039.64
 119.5  260.0   -95.05  4958.05
 124.5  260.0   -85.09  4932.05
 139.5  260.0   -34.27  4882.90
 144.5  260.0   -14.16  4877.83
 159.5  260.0    36.57  4883.57
 164.5  260.0    49.37  4890.11
 179.5  260.0    78.26  4907.14
 184.5  260.0    86.15  4912.89
 199.5  260.0   111.46  4925.12
 202.0  260.0   116.33  4928.49
 209.5  260.0   133.67  4938.58
 212.0  260.0   139.81  4943.74
 219.5  260.0   159.63  4961.37
 222.0  260.0   165.81  4970.74
  14.5  270.0    78.80  4720.97
  17.0  270.0    91.55  4730.22
  24.5  270.0   126.08  4759.01
  27.0  270.0   137.56  4772.04
  34.5  270.0   164.76  4814.60
  37.0  270.0   172.34  4833.69
  44.5  270.0   186.32  4887.74
  47.0  270.0   187.73  4908.58
  59.5  270.0   161.31  5015.82
  64.5  270.0   140.06  5058.35
  79.5  270.0    40.49  5151.47
  84.5  270.0    -1.42  5163.58
  99.5  270.0  -118.76  5124.70
 104.5  270.0  -146.53  5087.43
 119.5  270.0  -159.07  4947.29
 124.5  270.0  -141.53  4903.20
 139.5  270.0   -54.01  4828.42
 144.5  270.0   -21.74  4825.85
 159.5  270.0    49.97  4852.03
 164.5  270.0    64.15  4865.13
 179.5  270.0    88.96  4889.61
 184.5  270.0    95.16  4894.41
 199.5  270.0   118.43  4897.77
 202.0  270.0   124.51  4899.12
 209.5  270.0   146.86  4902.45
 212.0  270.0   155.87  4905.47
 219.5  270.0   186.97  4916.51
 222.0  270.0   198.58  4924.62
  14.5  280.0   110.32  4593.51
  17.0  280.0   128.72  4605.14
  24.5  280.0   179.47  4641.95
  27.0  280.0   196.90  4658.94
  34.5  280.0   240.46  4715.27
  37.0  280.0   253.70  4741.13
  44.5  280.0   281.81  4816.45
  47.0  280.0   287.37  4846.42
  59.5  280.0   264.84  5011.31
  64.5  280.0   237.75  5081.82
  79.5  280.0    86.70  5256.21
  84.5  280.0    16.71  5286.03
  99.5  280.0  -191.66  5238.68
 104.5  280.0  -243.60  5175.26
 119.5  280.0  -268.56  4926.00
 124.5  280.0  -235.31  4847.51
 139.5  280.0   -74.90  4731.60
 144.5  280.0   -20.53  4739.66
 159.5  280.0    81.74  4820.87
 164.5  280.0    93.89  4846.65
 179.5  280.0    99.20  4880.24
 184.5  280.0   100.05  4881.61
 199.5  280.0   114.38  4868.82
 202.0  280.0   121.15  4866.35
 209.5  280.0   146.50  4857.43
 212.0  280.0   158.11  4855.72
 219.5  280.0   200.04  4851.04
 222.0  280.0   218.03  4853.55
