STAR Bfield Maps by Foley, Love, & Trentalange 
Half Field in the NORMAL direction: October 1998
57 steps in Z
28 steps in R
   R      Z      Br       Bz 
  14.5 -280.0   -57.17  2299.90
  17.0 -280.0   -66.79  2305.71
  24.5 -280.0   -92.53  2324.57
  27.0 -280.0  -101.31  2333.32
  34.5 -280.0  -123.55  2362.31
  37.0 -280.0  -129.74  2374.80
  44.5 -280.0  -144.45  2414.00
  47.0 -280.0  -147.56  2429.56
  59.5 -280.0  -135.45  2514.24
  64.5 -280.0  -121.94  2550.87
  79.5 -280.0   -43.70  2640.92
  84.5 -280.0    -7.53  2656.59
  99.5 -280.0   100.33  2631.76
 104.5 -280.0   127.32  2599.21
 119.5 -280.0   141.01  2469.79
 124.5 -280.0   123.82  2429.49
 139.5 -280.0    41.72  2368.75
 144.5 -280.0    13.94  2372.78
 159.5 -280.0   -38.76  2414.30
 164.5 -280.0   -45.09  2427.18
 179.5 -280.0   -47.53  2444.48
 184.5 -280.0   -48.50  2445.42
 199.5 -280.0   -54.40  2439.73
 202.0 -280.0   -58.26  2438.82
 209.5 -280.0   -69.81  2434.04
 212.0 -280.0   -75.77  2433.33
 219.5 -280.0   -95.64  2431.01
 222.0 -280.0  -105.07  2431.49
  14.5 -270.0   -40.73  2365.06
  17.0 -270.0   -47.38  2369.66
  24.5 -270.0   -64.87  2384.49
  27.0 -270.0   -70.59  2391.13
  34.5 -270.0   -84.39  2413.13
  37.0 -270.0   -87.85  2422.34
  44.5 -270.0   -95.00  2450.52
  47.0 -270.0   -95.97  2461.29
  59.5 -270.0   -81.82  2516.27
  64.5 -270.0   -71.12  2538.37
  79.5 -270.0   -19.47  2586.18
  84.5 -270.0     2.22  2592.63
  99.5 -270.0    62.96  2572.12
 104.5 -270.0    77.44  2553.18
 119.5 -270.0    84.42  2480.43
 124.5 -270.0    75.46  2457.80
 139.5 -270.0    30.90  2418.55
 144.5 -270.0    14.41  2417.08
 159.5 -270.0   -22.21  2430.26
 164.5 -270.0   -29.51  2436.56
 179.5 -270.0   -41.74  2448.87
 184.5 -270.0   -45.41  2451.48
 199.5 -270.0   -55.92  2453.53
 202.0 -270.0   -59.49  2454.42
 209.5 -270.0   -69.73  2455.57
 212.0 -270.0   -74.47  2457.16
 219.5 -270.0   -89.48  2462.58
 222.0 -270.0   -95.92  2465.93
  14.5 -260.0   -28.05  2410.49
  17.0 -260.0   -32.49  2413.97
  24.5 -260.0   -44.05  2424.91
  27.0 -260.0   -47.65  2429.67
  34.5 -260.0   -56.03  2445.42
  37.0 -260.0   -57.89  2451.93
  44.5 -260.0   -61.06  2471.20
  47.0 -260.0   -61.12  2478.36
  59.5 -260.0   -49.08  2513.09
  64.5 -260.0   -41.38  2526.37
  79.5 -260.0    -8.10  2551.85
  84.5 -260.0     4.99  2554.44
  99.5 -260.0    39.84  2539.26
 104.5 -260.0    47.87  2528.05
 119.5 -260.0    51.43  2485.56
 124.5 -260.0    46.45  2472.17
 139.5 -260.0    20.68  2446.28
 144.5 -260.0    10.42  2443.55
 159.5 -260.0   -15.32  2446.23
 164.5 -260.0   -21.82  2449.11
 179.5 -260.0   -36.06  2457.45
 184.5 -260.0   -40.54  2460.37
 199.5 -260.0   -52.25  2466.66
 202.0 -260.0   -55.24  2468.47
 209.5 -260.0   -63.15  2472.99
 212.0 -260.0   -66.50  2475.57
 219.5 -260.0   -76.16  2484.41
 222.0 -260.0   -79.93  2488.44
  14.5 -250.0   -18.84  2441.21
  17.0 -250.0   -21.67  2443.74
  24.5 -250.0   -29.20  2451.43
  27.0 -250.0   -31.38  2454.71
  34.5 -250.0   -36.41  2465.52
  37.0 -250.0   -37.34  2469.98
  44.5 -250.0   -38.59  2482.72
  47.0 -250.0   -38.33  2487.37
  59.5 -250.0   -29.30  2508.94
  64.5 -250.0   -24.00  2516.92
  79.5 -250.0    -2.89  2530.48
  84.5 -250.0     5.10  2531.50
  99.5 -250.0    25.33  2520.65
 104.5 -250.0    29.88  2513.95
 119.5 -250.0    31.45  2488.21
 124.5 -250.0    28.50  2480.09
 139.5 -250.0    12.55  2462.84
 144.5 -250.0     5.90  2460.40
 159.5 -250.0   -12.48  2459.58
 164.5 -250.0   -17.77  2461.06
 179.5 -250.0   -30.95  2466.92
 184.5 -250.0   -35.22  2469.94
 199.5 -250.0   -46.03  2477.82
 202.0 -250.0   -48.36  2480.07
 209.5 -250.0   -53.99  2485.68
 212.0 -250.0   -56.19  2488.53
 219.5 -250.0   -61.75  2497.49
 222.0 -250.0   -63.72  2501.22
  14.5 -240.0   -12.37  2461.45
  17.0 -240.0   -14.18  2463.24
  24.5 -240.0   -19.00  2468.47
  27.0 -240.0   -20.31  2470.66
  34.5 -240.0   -23.29  2477.86
  37.0 -240.0   -23.75  2480.83
  44.5 -240.0   -24.10  2489.06
  47.0 -240.0   -23.80  2492.04
  59.5 -240.0   -17.41  2505.29
  64.5 -240.0   -13.89  2510.12
  79.5 -240.0    -0.58  2517.29
  84.5 -240.0     4.27  2517.64
  99.5 -240.0    16.12  2510.00
 104.5 -240.0    18.69  2505.95
 119.5 -240.0    19.07  2489.93
 124.5 -240.0    17.15  2484.84
 139.5 -240.0     6.67  2473.51
 144.5 -240.0     2.14  2471.62
 159.5 -240.0   -11.16  2470.26
 164.5 -240.0   -15.34  2471.09
 179.5 -240.0   -26.35  2475.85
 184.5 -240.0   -30.06  2478.55
 199.5 -240.0   -39.07  2486.81
 202.0 -240.0   -40.89  2488.97
 209.5 -240.0   -44.75  2494.63
 212.0 -240.0   -46.27  2497.19
 219.5 -240.0   -49.50  2505.11
 222.0 -240.0   -50.72  2507.96
  14.5 -230.0    -8.01  2474.58
  17.0 -230.0    -9.09  2475.86
  24.5 -230.0   -12.20  2479.29
  27.0 -230.0   -12.93  2480.70
  34.5 -230.0   -14.72  2485.36
  37.0 -230.0   -14.89  2487.34
  44.5 -230.0   -14.91  2492.54
  47.0 -230.0   -14.63  2494.42
  59.5 -230.0   -10.32  2502.49
  64.5 -230.0    -7.98  2505.45
  79.5 -230.0     0.27  2509.11
  84.5 -230.0     3.30  2509.24
  99.5 -230.0    10.13  2503.84
 104.5 -230.0    11.62  2501.45
 119.5 -230.0    11.24  2491.25
 124.5 -230.0     9.95  2488.13
 139.5 -230.0     2.63  2480.74
 144.5 -230.0    -0.50  2479.57
 159.5 -230.0   -10.27  2478.51
 164.5 -230.0   -13.44  2479.29
 179.5 -230.0   -22.23  2483.34
 184.5 -230.0   -25.22  2485.95
 199.5 -230.0   -32.31  2493.74
 202.0 -230.0   -33.67  2495.84
 209.5 -230.0   -36.38  2501.00
 212.0 -230.0   -37.50  2503.34
 219.5 -230.0   -39.77  2510.09
 222.0 -230.0   -40.83  2512.59
  14.5 -220.0    -5.07  2483.04
  17.0 -220.0    -5.77  2483.95
  24.5 -220.0    -7.69  2486.11
  27.0 -220.0    -8.16  2487.01
  34.5 -220.0    -9.15  2489.93
  37.0 -220.0    -9.27  2491.21
  44.5 -220.0    -9.10  2494.44
  47.0 -220.0    -8.93  2495.64
  59.5 -220.0    -6.03  2500.52
  64.5 -220.0    -4.60  2502.34
  79.5 -220.0     0.55  2504.11
  84.5 -220.0     2.36  2504.16
  99.5 -220.0     6.30  2500.39
 104.5 -220.0     7.05  2498.99
 119.5 -220.0     6.35  2492.49
 124.5 -220.0     5.35  2490.56
 139.5 -220.0     0.13  2486.02
 144.5 -220.0    -2.16  2485.31
 159.5 -220.0    -9.31  2485.00
 164.5 -220.0   -11.76  2485.68
 179.5 -220.0   -18.39  2489.55
 184.5 -220.0   -20.77  2491.78
 199.5 -220.0   -25.98  2499.11
 202.0 -220.0   -27.10  2500.89
 209.5 -220.0   -28.76  2505.73
 212.0 -220.0   -29.66  2507.76
 219.5 -220.0   -31.13  2514.12
 222.0 -220.0   -32.15  2516.42
  14.5 -210.0    -3.21  2488.32
  17.0 -210.0    -3.60  2488.97
  24.5 -210.0    -4.85  2490.33
  27.0 -210.0    -5.08  2490.87
  34.5 -210.0    -5.71  2492.70
  37.0 -210.0    -5.72  2493.54
  44.5 -210.0    -5.56  2495.53
  47.0 -210.0    -5.42  2496.29
  59.5 -210.0    -3.56  2499.24
  64.5 -210.0    -2.64  2500.36
  79.5 -210.0     0.49  2501.19
  84.5 -210.0     1.61  2501.19
  99.5 -210.0     3.77  2498.64
 104.5 -210.0     4.15  2497.83
 119.5 -210.0     3.27  2493.78
 124.5 -210.0     2.52  2492.58
 139.5 -210.0    -1.34  2489.99
 144.5 -210.0    -3.02  2489.62
 159.5 -210.0    -8.29  2490.02
 164.5 -210.0   -10.10  2490.63
 179.5 -210.0   -15.02  2494.33
 184.5 -210.0   -16.80  2496.28
 199.5 -210.0   -20.42  2502.92
 202.0 -210.0   -21.19  2504.45
 209.5 -210.0   -22.07  2508.85
 212.0 -210.0   -22.52  2510.58
 219.5 -210.0   -22.92  2516.61
 222.0 -210.0   -23.39  2518.80
  14.5 -200.0    -2.03  2491.63
  17.0 -200.0    -2.18  2492.12
  24.5 -200.0    -3.05  2492.92
  27.0 -200.0    -3.08  2493.26
  34.5 -200.0    -3.55  2494.35
  37.0 -200.0    -3.44  2494.95
  44.5 -200.0    -3.38  2496.11
  47.0 -200.0    -3.21  2496.61
  59.5 -200.0    -2.11  2498.39
  64.5 -200.0    -1.46  2499.09
  79.5 -200.0     0.35  2499.45
  84.5 -200.0     1.08  2499.44
  99.5 -200.0     2.13  2497.75
 104.5 -200.0     2.33  2497.36
 119.5 -200.0     1.38  2494.92
 124.5 -200.0     0.87  2494.21
 139.5 -200.0    -2.08  2492.96
 144.5 -200.0    -3.26  2492.87
 159.5 -200.0    -7.15  2493.77
 164.5 -200.0    -8.39  2494.39
 179.5 -200.0   -11.98  2497.85
 184.5 -200.0   -13.19  2499.57
 199.5 -200.0   -15.58  2505.34
 202.0 -200.0   -16.01  2506.62
 209.5 -200.0   -16.21  2510.30
 212.0 -200.0   -16.22  2511.69
 219.5 -200.0   -15.56  2516.71
 222.0 -200.0   -15.33  2518.50
  14.5 -190.0    -1.24  2493.67
  17.0 -190.0    -1.33  2494.07
  24.5 -190.0    -1.86  2494.50
  27.0 -190.0    -1.88  2494.72
  34.5 -190.0    -2.15  2495.34
  37.0 -190.0    -2.07  2495.76
  44.5 -190.0    -1.99  2496.43
  47.0 -190.0    -1.89  2496.78
  59.5 -190.0    -1.21  2497.84
  64.5 -190.0    -0.81  2498.32
  79.5 -190.0     0.25  2498.43
  84.5 -190.0     0.68  2498.50
  99.5 -190.0     1.18  2497.38
 104.5 -190.0     1.22  2497.29
 119.5 -190.0     0.38  2495.90
 124.5 -190.0    -0.05  2495.57
 139.5 -190.0    -2.19  2495.17
 144.5 -190.0    -3.10  2495.34
 159.5 -190.0    -5.86  2496.52
 164.5 -190.0    -6.76  2497.22
 179.5 -190.0    -9.23  2500.36
 184.5 -190.0   -10.15  2501.94
 199.5 -190.0   -11.52  2506.71
 202.0 -190.0   -11.84  2507.83
 209.5 -190.0   -11.60  2510.59
 212.0 -190.0   -11.48  2511.65
 219.5 -190.0   -10.32  2515.03
 222.0 -190.0    -9.86  2516.21
  14.5 -180.0    -0.78  2494.93
  17.0 -180.0    -0.75  2495.22
  24.5 -180.0    -1.16  2495.44
  27.0 -180.0    -1.06  2495.58
  34.5 -180.0    -1.32  2495.88
  37.0 -180.0    -1.15  2496.24
  44.5 -180.0    -1.15  2496.59
  47.0 -180.0    -1.03  2496.89
  59.5 -180.0    -0.67  2497.50
  64.5 -180.0    -0.38  2497.83
  79.5 -180.0     0.18  2497.88
  84.5 -180.0     0.49  2497.94
  99.5 -180.0     0.62  2497.29
 104.5 -180.0     0.67  2497.39
 119.5 -180.0    -0.08  2496.72
 124.5 -180.0    -0.36  2496.63
 139.5 -180.0    -1.98  2496.85
 144.5 -180.0    -2.59  2497.13
 159.5 -180.0    -4.57  2498.56
 164.5 -180.0    -5.12  2499.21
 179.5 -180.0    -6.84  2502.15
 184.5 -180.0    -7.44  2503.52
 199.5 -180.0    -8.33  2507.57
 202.0 -180.0    -8.54  2508.47
 209.5 -180.0    -8.42  2510.55
 212.0 -180.0    -8.29  2511.23
 219.5 -180.0    -7.75  2513.45
 222.0 -180.0    -7.54  2513.96
  14.5 -170.0    -0.47  2495.65
  17.0 -170.0    -0.41  2495.93
  24.5 -170.0    -0.70  2496.02
  27.0 -170.0    -0.59  2496.09
  34.5 -170.0    -0.78  2496.27
  37.0 -170.0    -0.63  2496.53
  44.5 -170.0    -0.63  2496.71
  47.0 -170.0    -0.53  2496.87
  59.5 -170.0    -0.33  2497.28
  64.5 -170.0    -0.11  2497.59
  79.5 -170.0     0.18  2497.58
  84.5 -170.0     0.41  2497.74
  99.5 -170.0     0.39  2497.35
 104.5 -170.0     0.42  2497.60
 119.5 -170.0    -0.20  2497.39
 124.5 -170.0    -0.35  2497.46
 139.5 -170.0    -1.50  2498.02
 144.5 -170.0    -1.92  2498.43
 159.5 -170.0    -3.23  2499.94
 164.5 -170.0    -3.58  2500.64
 179.5 -170.0    -4.66  2503.34
 184.5 -170.0    -5.11  2504.64
 199.5 -170.0    -5.67  2508.15
 202.0 -170.0    -5.88  2508.97
 209.5 -170.0    -5.98  2510.76
 212.0 -170.0    -6.02  2511.41
 219.5 -170.0    -6.44  2513.31
 222.0 -170.0    -6.80  2513.80
  14.5 -160.0    -0.28  2496.08
  17.0 -160.0    -0.17  2496.33
  24.5 -160.0    -0.42  2496.33
  27.0 -160.0    -0.26  2496.37
  34.5 -160.0    -0.46  2496.44
  37.0 -160.0    -0.26  2496.66
  44.5 -160.0    -0.30  2496.73
  47.0 -160.0    -0.15  2496.88
  59.5 -160.0    -0.10  2497.17
  64.5 -160.0     0.11  2497.39
  79.5 -160.0     0.23  2497.44
  84.5 -160.0     0.44  2497.60
  99.5 -160.0     0.33  2497.43
 104.5 -160.0     0.42  2497.75
 119.5 -160.0    -0.06  2497.89
 124.5 -160.0    -0.09  2498.03
 139.5 -160.0    -0.89  2498.84
 144.5 -160.0    -1.10  2499.28
 159.5 -160.0    -1.96  2500.87
 164.5 -160.0    -2.06  2501.52
 179.5 -160.0    -2.71  2504.08
 184.5 -160.0    -2.94  2505.28
 199.5 -160.0    -3.22  2508.58
 202.0 -160.0    -3.36  2509.35
 209.5 -160.0    -3.56  2511.23
 212.0 -160.0    -3.61  2511.91
 219.5 -160.0    -4.41  2514.48
 222.0 -160.0    -4.94  2515.34
  14.5 -150.0    -0.14  2496.30
  17.0 -150.0    -0.04  2496.52
  24.5 -150.0    -0.20  2496.49
  27.0 -150.0    -0.07  2496.53
  34.5 -150.0    -0.20  2496.56
  37.0 -150.0    -0.04  2496.69
  44.5 -150.0    -0.05  2496.75
  47.0 -150.0     0.05  2496.86
  59.5 -150.0     0.10  2497.05
  64.5 -150.0     0.26  2497.28
  79.5 -150.0     0.34  2497.33
  84.5 -150.0     0.53  2497.55
  99.5 -150.0     0.47  2497.49
 104.5 -150.0     0.55  2497.88
 119.5 -150.0     0.25  2498.17
 124.5 -150.0     0.27  2498.41
 139.5 -150.0    -0.15  2499.31
 144.5 -150.0    -0.30  2499.80
 159.5 -150.0    -0.66  2501.34
 164.5 -150.0    -0.68  2502.03
 179.5 -150.0    -0.81  2504.41
 184.5 -150.0    -0.96  2505.56
 199.5 -150.0    -0.77  2508.63
 202.0 -150.0    -0.88  2509.44
 209.5 -150.0    -0.72  2511.40
 212.0 -150.0    -0.69  2512.26
 219.5 -150.0    -0.81  2515.24
 222.0 -150.0    -1.10  2516.58
  14.5 -140.0    -0.06  2496.43
  17.0 -140.0     0.08  2496.60
  24.5 -140.0    -0.08  2496.55
  27.0 -140.0     0.08  2496.58
  34.5 -140.0    -0.06  2496.55
  37.0 -140.0     0.13  2496.70
  44.5 -140.0     0.09  2496.72
  47.0 -140.0     0.24  2496.82
  59.5 -140.0     0.23  2497.00
  64.5 -140.0     0.43  2497.16
  79.5 -140.0     0.47  2497.27
  84.5 -140.0     0.68  2497.45
  99.5 -140.0     0.63  2497.53
 104.5 -140.0     0.79  2497.91
 119.5 -140.0     0.63  2498.32
 124.5 -140.0     0.75  2498.56
 139.5 -140.0     0.55  2499.53
 144.5 -140.0     0.59  2500.00
 159.5 -140.0     0.52  2501.51
 164.5 -140.0     0.68  2502.13
 179.5 -140.0     0.89  2504.38
 184.5 -140.0     0.95  2505.43
 199.5 -140.0     1.54  2508.27
 202.0 -140.0     1.60  2508.99
 209.5 -140.0     2.11  2510.81
 212.0 -140.0     2.42  2511.58
 219.5 -140.0     3.21  2514.34
 222.0 -140.0     3.49  2515.59
  14.5 -130.0     0.00  2496.46
  17.0 -130.0     0.13  2496.60
  24.5 -130.0     0.02  2496.53
  27.0 -130.0     0.17  2496.56
  34.5 -130.0     0.08  2496.54
  37.0 -130.0     0.26  2496.64
  44.5 -130.0     0.23  2496.67
  47.0 -130.0     0.36  2496.79
  59.5 -130.0     0.37  2496.88
  64.5 -130.0     0.54  2497.03
  79.5 -130.0     0.62  2497.13
  84.5 -130.0     0.82  2497.36
  99.5 -130.0     0.88  2497.44
 104.5 -130.0     1.05  2497.85
 119.5 -130.0     1.07  2498.27
 124.5 -130.0     1.22  2498.56
 139.5 -130.0     1.31  2499.47
 144.5 -130.0     1.38  2499.96
 159.5 -130.0     1.68  2501.32
 164.5 -130.0     1.91  2501.98
 179.5 -130.0     2.49  2503.98
 184.5 -130.0     2.64  2504.98
 199.5 -130.0     3.62  2507.40
 202.0 -130.0     3.72  2508.12
 209.5 -130.0     4.53  2509.54
 212.0 -130.0     4.89  2510.18
 219.5 -130.0     6.10  2511.98
 222.0 -130.0     6.58  2512.89
  14.5 -120.0     0.05  2496.42
  17.0 -120.0     0.19  2496.52
  24.5 -120.0     0.08  2496.47
  27.0 -120.0     0.25  2496.49
  34.5 -120.0     0.16  2496.45
  37.0 -120.0     0.35  2496.54
  44.5 -120.0     0.31  2496.55
  47.0 -120.0     0.48  2496.62
  59.5 -120.0     0.48  2496.75
  64.5 -120.0     0.69  2496.87
  79.5 -120.0     0.78  2497.00
  84.5 -120.0     1.00  2497.18
  99.5 -120.0     1.10  2497.30
 104.5 -120.0     1.33  2497.65
 119.5 -120.0     1.47  2498.09
 124.5 -120.0     1.70  2498.34
 139.5 -120.0     1.98  2499.19
 144.5 -120.0     2.17  2499.62
 159.5 -120.0     2.69  2500.90
 164.5 -120.0     3.06  2501.45
 179.5 -120.0     3.89  2503.31
 184.5 -120.0     4.19  2504.17
 199.5 -120.0     5.35  2506.31
 202.0 -120.0     5.53  2506.89
 209.5 -120.0     6.23  2508.06
 212.0 -120.0     6.57  2508.54
 219.5 -120.0     7.29  2509.70
 222.0 -120.0     7.52  2510.24
  14.5 -110.0     0.08  2496.31
  17.0 -110.0     0.22  2496.39
  24.5 -110.0     0.15  2496.33
  27.0 -110.0     0.30  2496.37
  34.5 -110.0     0.24  2496.34
  37.0 -110.0     0.42  2496.38
  44.5 -110.0     0.39  2496.41
  47.0 -110.0     0.55  2496.51
  59.5 -110.0     0.58  2496.56
  64.5 -110.0     0.77  2496.66
  79.5 -110.0     0.91  2496.76
  84.5 -110.0     1.16  2496.95
  99.5 -110.0     1.34  2497.03
 104.5 -110.0     1.60  2497.38
 119.5 -110.0     1.86  2497.71
 124.5 -110.0     2.12  2497.98
 139.5 -110.0     2.59  2498.69
 144.5 -110.0     2.85  2499.12
 159.5 -110.0     3.61  2500.16
 164.5 -110.0     4.04  2500.73
 179.5 -110.0     5.15  2502.33
 184.5 -110.0     5.54  2503.14
 199.5 -110.0     6.90  2505.02
 202.0 -110.0     7.08  2505.63
 209.5 -110.0     7.74  2506.76
 212.0 -110.0     7.93  2507.29
 219.5 -110.0     8.08  2508.57
 222.0 -110.0     7.87  2509.32
  14.5 -100.0     0.13  2496.21
  17.0 -100.0     0.22  2496.23
  24.5 -100.0     0.23  2496.18
  27.0 -100.0     0.31  2496.22
  34.5 -100.0     0.32  2496.17
  37.0 -100.0     0.45  2496.21
  44.5 -100.0     0.48  2496.24
  47.0 -100.0     0.60  2496.31
  59.5 -100.0     0.71  2496.35
  64.5 -100.0     0.84  2496.39
  79.5 -100.0     1.06  2496.52
  84.5 -100.0     1.25  2496.64
  99.5 -100.0     1.56  2496.71
 104.5 -100.0     1.78  2496.98
 119.5 -100.0     2.21  2497.26
 124.5 -100.0     2.46  2497.46
 139.5 -100.0     3.13  2498.04
 144.5 -100.0     3.42  2498.38
 159.5 -100.0     4.42  2499.27
 164.5 -100.0     4.87  2499.74
 179.5 -100.0     6.29  2501.13
 184.5 -100.0     6.76  2501.81
 199.5 -100.0     8.46  2503.54
 202.0 -100.0     8.66  2504.12
 209.5 -100.0     9.52  2505.42
 212.0 -100.0     9.71  2506.03
 219.5 -100.0    10.06  2508.02
 222.0 -100.0     9.80  2509.22
  14.5  -90.0     0.14  2496.04
  17.0  -90.0     0.21  2496.05
  24.5  -90.0     0.24  2496.00
  27.0  -90.0     0.32  2496.06
  34.5  -90.0     0.36  2495.98
  37.0  -90.0     0.45  2496.03
  44.5  -90.0     0.50  2496.03
  47.0  -90.0     0.60  2496.07
  59.5  -90.0     0.74  2496.10
  64.5  -90.0     0.87  2496.12
  79.5  -90.0     1.13  2496.20
  84.5  -90.0     1.31  2496.30
  99.5  -90.0     1.64  2496.30
 104.5  -90.0     1.88  2496.52
 119.5  -90.0     2.35  2496.70
 124.5  -90.0     2.63  2496.83
 139.5  -90.0     3.38  2497.27
 144.5  -90.0     3.70  2497.51
 159.5  -90.0     4.84  2498.17
 164.5  -90.0     5.35  2498.52
 179.5  -90.0     6.97  2499.63
 184.5  -90.0     7.54  2500.17
 199.5  -90.0     9.69  2501.62
 202.0  -90.0    10.01  2502.16
 209.5  -90.0    11.35  2503.42
 212.0  -90.0    11.78  2504.08
 219.5  -90.0    13.21  2506.36
 222.0  -90.0    13.50  2507.79
  14.5  -80.0     0.15  2495.86
  17.0  -80.0     0.21  2495.87
  24.5  -80.0     0.26  2495.81
  27.0  -80.0     0.32  2495.89
  34.5  -80.0     0.39  2495.79
  37.0  -80.0     0.46  2495.84
  44.5  -80.0     0.53  2495.80
  47.0  -80.0     0.60  2495.85
  59.5  -80.0     0.78  2495.84
  64.5  -80.0     0.90  2495.86
  79.5  -80.0     1.19  2495.86
  84.5  -80.0     1.36  2495.94
  99.5  -80.0     1.73  2495.86
 104.5  -80.0     1.97  2496.05
 119.5  -80.0     2.50  2496.08
 124.5  -80.0     2.79  2496.18
 139.5  -80.0     3.63  2496.40
 144.5  -80.0     3.99  2496.58
 159.5  -80.0     5.25  2496.92
 164.5  -80.0     5.82  2497.21
 179.5  -80.0     7.65  2497.90
 184.5  -80.0     8.32  2498.33
 199.5  -80.0    10.91  2499.20
 202.0  -80.0    11.35  2499.69
 209.5  -80.0    13.19  2500.52
 212.0  -80.0    13.86  2501.08
 219.5  -80.0    16.35  2502.66
 222.0  -80.0    17.21  2503.91
  14.5  -70.0     0.15  2495.68
  17.0  -70.0     0.22  2495.69
  24.5  -70.0     0.26  2495.62
  27.0  -70.0     0.33  2495.69
  34.5  -70.0     0.38  2495.58
  37.0  -70.0     0.47  2495.62
  44.5  -70.0     0.52  2495.58
  47.0  -70.0     0.62  2495.62
  59.5  -70.0     0.77  2495.58
  64.5  -70.0     0.90  2495.57
  79.5  -70.0     1.19  2495.52
  84.5  -70.0     1.37  2495.57
  99.5  -70.0     1.74  2495.40
 104.5  -70.0     1.99  2495.53
 119.5  -70.0     2.54  2495.44
 124.5  -70.0     2.85  2495.47
 139.5  -70.0     3.73  2495.49
 144.5  -70.0     4.11  2495.57
 159.5  -70.0     5.45  2495.62
 164.5  -70.0     6.04  2495.75
 179.5  -70.0     8.01  2496.01
 184.5  -70.0     8.78  2496.23
 199.5  -70.0    11.60  2496.43
 202.0  -70.0    12.13  2496.73
 209.5  -70.0    14.16  2496.99
 212.0  -70.0    14.95  2497.24
 219.5  -70.0    17.70  2497.68
 222.0  -70.0    18.74  2498.30
  14.5  -60.0     0.14  2495.50
  17.0  -60.0     0.20  2495.50
  24.5  -60.0     0.25  2495.43
  27.0  -60.0     0.31  2495.50
  34.5  -60.0     0.37  2495.38
  37.0  -60.0     0.44  2495.41
  44.5  -60.0     0.50  2495.35
  47.0  -60.0     0.57  2495.39
  59.5  -60.0     0.74  2495.31
  64.5  -60.0     0.86  2495.29
  79.5  -60.0     1.14  2495.16
  84.5  -60.0     1.30  2495.21
  99.5  -60.0     1.69  2494.92
 104.5  -60.0     1.92  2495.03
 119.5  -60.0     2.49  2494.77
 124.5  -60.0     2.77  2494.75
 139.5  -60.0     3.66  2494.53
 144.5  -60.0     4.03  2494.54
 159.5  -60.0     5.39  2494.23
 164.5  -60.0     5.98  2494.25
 179.5  -60.0     8.02  2494.01
 184.5  -60.0     8.79  2494.05
 199.5  -60.0    11.67  2493.49
 202.0  -60.0    12.21  2493.68
 209.5  -60.0    14.15  2493.38
 212.0  -60.0    14.84  2493.43
 219.5  -60.0    17.09  2493.00
 222.0  -60.0    17.81  2493.26
  14.5  -50.0     0.12  2495.35
  17.0  -50.0     0.20  2495.35
  24.5  -50.0     0.22  2495.28
  27.0  -50.0     0.30  2495.33
  34.5  -50.0     0.32  2495.20
  37.0  -50.0     0.42  2495.23
  44.5  -50.0     0.45  2495.17
  47.0  -50.0     0.54  2495.19
  59.5  -50.0     0.68  2495.08
  64.5  -50.0     0.80  2495.05
  79.5  -50.0     1.04  2494.86
  84.5  -50.0     1.21  2494.87
  99.5  -50.0     1.54  2494.49
 104.5  -50.0     1.77  2494.55
 119.5  -50.0     2.28  2494.16
 124.5  -50.0     2.58  2494.06
 139.5  -50.0     3.40  2493.63
 144.5  -50.0     3.78  2493.53
 159.5  -50.0     5.05  2492.91
 164.5  -50.0     5.66  2492.76
 179.5  -50.0     7.61  2492.04
 184.5  -50.0     8.42  2491.85
 199.5  -50.0    11.21  2490.66
 202.0  -50.0    11.76  2490.68
 209.5  -50.0    13.54  2490.08
 212.0  -50.0    14.17  2490.02
 219.5  -50.0    15.87  2489.58
 222.0  -50.0    16.29  2489.83
  14.5  -40.0     0.12  2495.19
  17.0  -40.0     0.15  2495.21
  24.5  -40.0     0.20  2495.11
  27.0  -40.0     0.23  2495.17
  34.5  -40.0     0.29  2495.05
  37.0  -40.0     0.34  2495.07
  44.5  -40.0     0.40  2494.98
  47.0  -40.0     0.44  2495.01
  59.5  -40.0     0.59  2494.87
  64.5  -40.0     0.67  2494.82
  79.5  -40.0     0.90  2494.57
  84.5  -40.0     1.03  2494.56
  99.5  -40.0     1.34  2494.09
 104.5  -40.0     1.53  2494.12
 119.5  -40.0     2.00  2493.57
 124.5  -40.0     2.24  2493.44
 139.5  -40.0     2.98  2492.78
 144.5  -40.0     3.30  2492.62
 159.5  -40.0     4.48  2491.64
 164.5  -40.0     5.00  2491.39
 179.5  -40.0     6.85  2490.12
 184.5  -40.0     7.59  2489.75
 199.5  -40.0    10.31  2487.84
 202.0  -40.0    10.85  2487.76
 209.5  -40.0    12.71  2486.85
 212.0  -40.0    13.36  2486.76
 219.5  -40.0    15.36  2486.40
 222.0  -40.0    15.86  2486.93
  14.5  -30.0     0.09  2495.10
  17.0  -30.0     0.13  2495.09
  24.5  -30.0     0.15  2495.01
  27.0  -30.0     0.19  2495.05
  34.5  -30.0     0.22  2494.91
  37.0  -30.0     0.28  2494.93
  44.5  -30.0     0.31  2494.84
  47.0  -30.0     0.36  2494.86
  59.5  -30.0     0.46  2494.69
  64.5  -30.0     0.55  2494.62
  79.5  -30.0     0.71  2494.35
  84.5  -30.0     0.82  2494.30
  99.5  -30.0     1.07  2493.77
 104.5  -30.0     1.22  2493.75
 119.5  -30.0     1.59  2493.12
 124.5  -30.0     1.80  2492.90
 139.5  -30.0     2.39  2492.08
 144.5  -30.0     2.67  2491.81
 159.5  -30.0     3.63  2490.57
 164.5  -30.0     4.09  2490.14
 179.5  -30.0     5.66  2488.42
 184.5  -30.0     6.36  2487.80
 199.5  -30.0     8.86  2485.11
 202.0  -30.0     9.42  2484.83
 209.5  -30.0    11.42  2483.39
 212.0  -30.0    12.21  2483.09
 219.5  -30.0    15.00  2482.18
 222.0  -30.0    16.00  2482.54
  14.5  -20.0     0.05  2495.02
  17.0  -20.0     0.11  2495.03
  24.5  -20.0     0.09  2494.93
  27.0  -20.0     0.14  2494.99
  34.5  -20.0     0.13  2494.83
  37.0  -20.0     0.21  2494.85
  44.5  -20.0     0.19  2494.75
  47.0  -20.0     0.26  2494.77
  59.5  -20.0     0.30  2494.57
  64.5  -20.0     0.39  2494.51
  79.5  -20.0     0.48  2494.17
  84.5  -20.0     0.59  2494.13
  99.5  -20.0     0.72  2493.53
 104.5  -20.0     0.88  2493.50
 119.5  -20.0     1.09  2492.75
 124.5  -20.0     1.28  2492.53
 139.5  -20.0     1.66  2491.53
 144.5  -20.0     1.88  2491.23
 159.5  -20.0     2.55  2489.71
 164.5  -20.0     2.91  2489.21
 179.5  -20.0     4.06  2487.02
 184.5  -20.0     4.63  2486.21
 199.5  -20.0     6.63  2482.61
 202.0  -20.0     7.17  2482.14
 209.5  -20.0     9.00  2479.80
 212.0  -20.0     9.84  2479.16
 219.5  -20.0    12.91  2476.68
 222.0  -20.0    14.26  2476.36
  14.5  -10.0     0.02  2495.01
  17.0  -10.0     0.06  2495.01
  24.5  -10.0     0.04  2494.91
  27.0  -10.0     0.08  2494.95
  34.5  -10.0     0.07  2494.81
  37.0  -10.0     0.11  2494.82
  44.5  -10.0     0.09  2494.73
  47.0  -10.0     0.14  2494.72
  59.5  -10.0     0.16  2494.53
  64.5  -10.0     0.20  2494.45
  79.5  -10.0     0.25  2494.10
  84.5  -10.0     0.30  2494.03
  99.5  -10.0     0.37  2493.40
 104.5  -10.0     0.44  2493.34
 119.5  -10.0     0.56  2492.56
 124.5  -10.0     0.66  2492.28
 139.5  -10.0     0.85  2491.23
 144.5  -10.0     0.98  2490.84
 159.5  -10.0     1.32  2489.22
 164.5  -10.0     1.51  2488.59
 179.5  -10.0     2.14  2486.11
 184.5  -10.0     2.46  2485.10
 199.5  -10.0     3.59  2480.82
 202.0  -10.0     3.93  2480.08
 209.5  -10.0     5.06  2476.96
 212.0  -10.0     5.61  2475.84
 219.5  -10.0     7.69  2471.70
 222.0  -10.0     8.69  2470.42
  14.5    0.0    -0.00  2495.01
  17.0    0.0    -0.00  2495.01
  24.5    0.0    -0.00  2494.91
  27.0    0.0    -0.00  2494.96
  34.5    0.0    -0.00  2494.81
  37.0    0.0    -0.00  2494.83
  44.5    0.0    -0.00  2494.73
  47.0    0.0    -0.00  2494.74
  59.5    0.0    -0.00  2494.52
  64.5    0.0     0.00  2494.45
  79.5    0.0    -0.00  2494.09
  84.5    0.0    -0.00  2494.02
  99.5    0.0    -0.00  2493.36
 104.5    0.0    -0.00  2493.32
 119.5    0.0    -0.00  2492.49
 124.5    0.0    -0.00  2492.22
 139.5    0.0    -0.01  2491.11
 144.5    0.0    -0.01  2490.72
 159.5    0.0    -0.01  2489.02
 164.5    0.0    -0.01  2488.38
 179.5    0.0    -0.02  2485.75
 184.5    0.0    -0.02  2484.69
 199.5    0.0    -0.03  2480.10
 202.0    0.0    -0.03  2479.28
 209.5    0.0    -0.04  2475.78
 212.0    0.0    -0.04  2474.47
 219.5    0.0    -0.04  2469.57
 222.0    0.0    -0.05  2467.81
  14.5   10.0    -0.05  2495.08
  17.0   10.0    -0.02  2495.08
  24.5   10.0    -0.08  2494.99
  27.0   10.0    -0.05  2495.04
  34.5   10.0    -0.11  2494.89
  37.0   10.0    -0.07  2494.90
  44.5   10.0    -0.14  2494.80
  47.0   10.0    -0.10  2494.82
  59.5   10.0    -0.18  2494.61
  64.5   10.0    -0.18  2494.52
  79.5   10.0    -0.28  2494.18
  84.5   10.0    -0.27  2494.10
  99.5   10.0    -0.41  2493.48
 104.5   10.0    -0.42  2493.42
 119.5   10.0    -0.62  2492.62
 124.5   10.0    -0.63  2492.33
 139.5   10.0    -0.91  2491.28
 144.5   10.0    -0.97  2490.88
 159.5   10.0    -1.38  2489.25
 164.5   10.0    -1.51  2488.60
 179.5   10.0    -2.20  2486.10
 184.5   10.0    -2.48  2485.04
 199.5   10.0    -3.71  2480.78
 202.0   10.0    -3.99  2479.96
 209.5   10.0    -5.21  2476.84
 212.0   10.0    -5.73  2475.62
 219.5   10.0    -7.91  2471.56
 222.0   10.0    -8.93  2470.01
  14.5   20.0    -0.07  2495.21
  17.0   20.0    -0.07  2495.21
  24.5   20.0    -0.13  2495.12
  27.0   20.0    -0.12  2495.17
  34.5   20.0    -0.18  2495.02
  37.0   20.0    -0.16  2495.04
  44.5   20.0    -0.24  2494.93
  47.0   20.0    -0.23  2494.95
  59.5   20.0    -0.34  2494.76
  64.5   20.0    -0.36  2494.67
  79.5   20.0    -0.52  2494.34
  84.5   20.0    -0.55  2494.30
  99.5   20.0    -0.78  2493.68
 104.5   20.0    -0.85  2493.66
 119.5   20.0    -1.16  2492.91
 124.5   20.0    -1.26  2492.65
 139.5   20.0    -1.74  2491.66
 144.5   20.0    -1.91  2491.31
 159.5   20.0    -2.64  2489.81
 164.5   20.0    -2.92  2489.24
 179.5   20.0    -4.16  2487.02
 184.5   20.0    -4.71  2486.12
 199.5   20.0    -6.81  2482.56
 202.0   20.0    -7.33  2481.96
 209.5   20.0    -9.25  2479.64
 212.0   20.0   -10.11  2478.82
 219.5   20.0   -13.27  2476.45
 222.0   20.0   -14.83  2475.75
  14.5   30.0    -0.09  2495.37
  17.0   30.0    -0.10  2495.37
  24.5   30.0    -0.17  2495.28
  27.0   30.0    -0.19  2495.33
  34.5   30.0    -0.24  2495.19
  37.0   30.0    -0.27  2495.22
  44.5   30.0    -0.32  2495.11
  47.0   30.0    -0.35  2495.13
  59.5   30.0    -0.48  2494.96
  64.5   30.0    -0.54  2494.89
  79.5   30.0    -0.73  2494.60
  84.5   30.0    -0.82  2494.55
  99.5   30.0    -1.11  2494.00
 104.5   30.0    -1.24  2493.99
 119.5   30.0    -1.66  2493.34
 124.5   30.0    -1.83  2493.10
 139.5   30.0    -2.47  2492.27
 144.5   30.0    -2.75  2491.96
 159.5   30.0    -3.73  2490.71
 164.5   30.0    -4.16  2490.21
 179.5   30.0    -5.77  2488.43
 184.5   30.0    -6.52  2487.70
 199.5   30.0    -9.09  2485.06
 202.0   30.0    -9.75  2484.64
 209.5   30.0   -11.77  2483.20
 212.0   30.0   -12.68  2482.73
 219.5   30.0   -15.53  2481.95
 222.0   30.0   -16.93  2481.95
  14.5   40.0    -0.15  2495.54
  17.0   40.0    -0.11  2495.55
  24.5   40.0    -0.24  2495.45
  27.0   40.0    -0.21  2495.53
  34.5   40.0    -0.34  2495.38
  37.0   40.0    -0.29  2495.41
  44.5   40.0    -0.45  2495.32
  47.0   40.0    -0.41  2495.35
  59.5   40.0    -0.64  2495.20
  64.5   40.0    -0.66  2495.15
  79.5   40.0    -0.96  2494.89
  84.5   40.0    -0.99  2494.87
  99.5   40.0    -1.43  2494.39
 104.5   40.0    -1.52  2494.41
 119.5   40.0    -2.11  2493.85
 124.5   40.0    -2.25  2493.69
 139.5   40.0    -3.11  2493.02
 144.5   40.0    -3.39  2492.81
 159.5   40.0    -4.66  2491.83
 164.5   40.0    -5.10  2491.47
 179.5   40.0    -7.05  2490.14
 184.5   40.0    -7.82  2489.64
 199.5   40.0   -10.68  2487.79
 202.0   40.0   -11.28  2487.57
 209.5   40.0   -13.21  2486.64
 212.0   40.0   -13.95  2486.41
 219.5   40.0   -16.08  2486.19
 222.0   40.0   -16.93  2486.47
  14.5   50.0    -0.15  2495.79
  17.0   50.0    -0.15  2495.80
  24.5   50.0    -0.27  2495.72
  27.0   50.0    -0.26  2495.78
  34.5   50.0    -0.38  2495.65
  37.0   50.0    -0.36  2495.68
  44.5   50.0    -0.50  2495.61
  47.0   50.0    -0.50  2495.63
  59.5   50.0    -0.72  2495.52
  64.5   50.0    -0.77  2495.47
  79.5   50.0    -1.11  2495.28
  84.5   50.0    -1.18  2495.28
  99.5   50.0    -1.65  2494.90
 104.5   50.0    -1.79  2494.94
 119.5   50.0    -2.42  2494.54
 124.5   50.0    -2.62  2494.40
 139.5   50.0    -3.56  2493.95
 144.5   50.0    -3.90  2493.80
 159.5   50.0    -5.27  2493.16
 164.5   50.0    -5.81  2492.90
 179.5   50.0    -7.87  2492.11
 184.5   50.0    -8.73  2491.78
 199.5   50.0   -11.64  2490.63
 202.0   50.0   -12.29  2490.52
 209.5   50.0   -14.13  2489.91
 212.0   50.0   -14.84  2489.72
 219.5   50.0   -16.67  2489.43
 222.0   50.0   -17.37  2489.47
  14.5   60.0    -0.17  2496.04
  17.0   60.0    -0.17  2496.05
  24.5   60.0    -0.28  2495.99
  27.0   60.0    -0.31  2496.04
  34.5   60.0    -0.40  2495.92
  37.0   60.0    -0.42  2495.95
  44.5   60.0    -0.54  2495.90
  47.0   60.0    -0.55  2495.94
  59.5   60.0    -0.79  2495.85
  64.5   60.0    -0.86  2495.83
  79.5   60.0    -1.20  2495.69
  84.5   60.0    -1.31  2495.72
  99.5   60.0    -1.78  2495.43
 104.5   60.0    -1.97  2495.52
 119.5   60.0    -2.62  2495.25
 124.5   60.0    -2.86  2495.17
 139.5   60.0    -3.84  2494.94
 144.5   60.0    -4.23  2494.89
 159.5   60.0    -5.65  2494.57
 164.5   60.0    -6.22  2494.47
 179.5   60.0    -8.32  2494.14
 184.5   60.0    -9.25  2494.02
 199.5   60.0   -12.19  2493.53
 202.0   60.0   -12.89  2493.55
 209.5   60.0   -14.81  2493.25
 212.0   60.0   -15.62  2493.15
 219.5   60.0   -17.90  2492.90
 222.0   60.0   -18.90  2492.86
  14.5   70.0    -0.17  2496.33
  17.0   70.0    -0.20  2496.33
  24.5   70.0    -0.30  2496.28
  27.0   70.0    -0.32  2496.33
  34.5   70.0    -0.42  2496.24
  37.0   70.0    -0.45  2496.26
  44.5   70.0    -0.56  2496.22
  47.0   70.0    -0.61  2496.26
  59.5   70.0    -0.82  2496.21
  64.5   70.0    -0.92  2496.20
  79.5   70.0    -1.26  2496.14
  84.5   70.0    -1.37  2496.19
  99.5   70.0    -1.85  2496.01
 104.5   70.0    -2.06  2496.13
 119.5   70.0    -2.73  2496.02
 124.5   70.0    -2.98  2496.00
 139.5   70.0    -3.96  2495.99
 144.5   70.0    -4.39  2496.02
 159.5   70.0    -5.77  2496.04
 164.5   70.0    -6.37  2496.06
 179.5   70.0    -8.40  2496.23
 184.5   70.0    -9.34  2496.28
 199.5   70.0   -12.21  2496.52
 202.0   70.0   -12.97  2496.66
 209.5   70.0   -14.95  2496.89
 212.0   70.0   -15.85  2496.97
 219.5   70.0   -18.60  2497.55
 222.0   70.0   -19.99  2497.82
  14.5   80.0    -0.20  2496.61
  17.0   80.0    -0.16  2496.62
  24.5   80.0    -0.35  2496.56
  27.0   80.0    -0.29  2496.63
  34.5   80.0    -0.48  2496.54
  37.0   80.0    -0.42  2496.58
  44.5   80.0    -0.60  2496.55
  47.0   80.0    -0.58  2496.60
  59.5   80.0    -0.87  2496.59
  64.5   80.0    -0.89  2496.60
  79.5   80.0    -1.30  2496.60
  84.5   80.0    -1.35  2496.68
  99.5   80.0    -1.89  2496.59
 104.5   80.0    -2.03  2496.76
 119.5   80.0    -2.73  2496.77
 124.5   80.0    -2.92  2496.84
 139.5   80.0    -3.95  2497.03
 144.5   80.0    -4.28  2497.17
 159.5   80.0    -5.68  2497.48
 164.5   80.0    -6.18  2497.65
 179.5   80.0    -8.18  2498.22
 184.5   80.0    -9.00  2498.50
 199.5   80.0   -11.70  2499.36
 202.0   80.0   -12.33  2499.69
 209.5   80.0   -14.17  2500.46
 212.0   80.0   -14.93  2500.84
 219.5   80.0   -17.46  2502.49
 222.0   80.0   -18.71  2503.40
  14.5   90.0    -0.17  2496.87
  17.0   90.0    -0.17  2496.88
  24.5   90.0    -0.30  2496.84
  27.0   90.0    -0.30  2496.90
  34.5   90.0    -0.43  2496.83
  37.0   90.0    -0.42  2496.88
  44.5   90.0    -0.56  2496.88
  47.0   90.0    -0.57  2496.91
  59.5   90.0    -0.81  2496.95
  64.5   90.0    -0.88  2496.96
  79.5   90.0    -1.23  2497.03
  84.5   90.0    -1.32  2497.13
  99.5   90.0    -1.80  2497.14
 104.5   90.0    -1.95  2497.33
 119.5   90.0    -2.59  2497.50
 124.5   90.0    -2.80  2497.60
 139.5   90.0    -3.71  2498.03
 144.5   90.0    -4.06  2498.22
 159.5   90.0    -5.32  2498.85
 164.5   90.0    -5.80  2499.09
 179.5   90.0    -7.57  2500.09
 184.5   90.0    -8.35  2500.47
 199.5   90.0   -10.62  2501.86
 202.0   90.0   -11.20  2502.27
 209.5   90.0   -12.52  2503.42
 212.0   90.0   -13.10  2503.93
 219.5   90.0   -14.54  2506.18
 222.0   90.0   -15.30  2507.37
  14.5  100.0    -0.17  2497.14
  17.0  100.0    -0.14  2497.16
  24.5  100.0    -0.28  2497.11
  27.0  100.0    -0.26  2497.17
  34.5  100.0    -0.41  2497.12
  37.0  100.0    -0.37  2497.17
  44.5  100.0    -0.54  2497.18
  47.0  100.0    -0.51  2497.23
  59.5  100.0    -0.78  2497.29
  64.5  100.0    -0.80  2497.33
  79.5  100.0    -1.16  2497.45
  84.5  100.0    -1.19  2497.57
  99.5  100.0    -1.67  2497.65
 104.5  100.0    -1.78  2497.90
 119.5  100.0    -2.37  2498.17
 124.5  100.0    -2.53  2498.34
 139.5  100.0    -3.35  2498.92
 144.5  100.0    -3.64  2499.21
 159.5  100.0    -4.79  2500.06
 164.5  100.0    -5.19  2500.45
 179.5  100.0    -6.76  2501.71
 184.5  100.0    -7.43  2502.25
 199.5  100.0    -9.33  2503.86
 202.0  100.0    -9.79  2504.35
 209.5  100.0   -10.71  2505.46
 212.0  100.0   -11.02  2505.98
 219.5  100.0   -11.55  2507.84
 222.0  100.0   -11.76  2508.89
  14.5  110.0    -0.14  2497.37
  17.0  110.0    -0.15  2497.39
  24.5  110.0    -0.23  2497.37
  27.0  110.0    -0.25  2497.44
  34.5  110.0    -0.33  2497.39
  37.0  110.0    -0.35  2497.44
  44.5  110.0    -0.45  2497.48
  47.0  110.0    -0.48  2497.52
  59.5  110.0    -0.66  2497.63
  64.5  110.0    -0.74  2497.67
  79.5  110.0    -1.00  2497.83
  84.5  110.0    -1.09  2497.97
  99.5  110.0    -1.45  2498.12
 104.5  110.0    -1.58  2498.38
 119.5  110.0    -2.03  2498.78
 124.5  110.0    -2.20  2498.97
 139.5  110.0    -2.84  2499.72
 144.5  110.0    -3.15  2500.06
 159.5  110.0    -4.04  2501.16
 164.5  110.0    -4.43  2501.60
 179.5  110.0    -5.72  2503.18
 184.5  110.0    -6.37  2503.78
 199.5  110.0    -7.96  2505.58
 202.0  110.0    -8.45  2506.03
 209.5  110.0    -9.19  2507.02
 212.0  110.0    -9.50  2507.38
 219.5  110.0    -9.90  2508.51
 222.0  110.0   -10.11  2509.08
  14.5  120.0    -0.12  2497.57
  17.0  120.0    -0.07  2497.58
  24.5  120.0    -0.21  2497.57
  27.0  120.0    -0.15  2497.65
  34.5  120.0    -0.30  2497.61
  37.0  120.0    -0.25  2497.67
  44.5  120.0    -0.38  2497.71
  47.0  120.0    -0.35  2497.78
  59.5  120.0    -0.56  2497.89
  64.5  120.0    -0.58  2497.96
  79.5  120.0    -0.87  2498.16
  84.5  120.0    -0.88  2498.32
  99.5  120.0    -1.23  2498.51
 104.5  120.0    -1.26  2498.79
 119.5  120.0    -1.67  2499.24
 124.5  120.0    -1.74  2499.48
 139.5  120.0    -2.27  2500.34
 144.5  120.0    -2.44  2500.76
 159.5  120.0    -3.19  2502.02
 164.5  120.0    -3.44  2502.58
 179.5  120.0    -4.57  2504.38
 184.5  120.0    -5.11  2505.11
 199.5  120.0    -6.63  2507.10
 202.0  120.0    -7.06  2507.62
 209.5  120.0    -8.01  2508.59
 212.0  120.0    -8.40  2508.96
 219.5  120.0    -9.59  2509.84
 222.0  120.0   -10.17  2510.25
  14.5  130.0    -0.06  2497.72
  17.0  130.0    -0.03  2497.73
  24.5  130.0    -0.13  2497.74
  27.0  130.0    -0.09  2497.83
  34.5  130.0    -0.19  2497.81
  37.0  130.0    -0.15  2497.88
  44.5  130.0    -0.27  2497.94
  47.0  130.0    -0.24  2498.01
  59.5  130.0    -0.44  2498.16
  64.5  130.0    -0.45  2498.23
  79.5  130.0    -0.68  2498.45
  84.5  130.0    -0.70  2498.62
  99.5  130.0    -0.95  2498.83
 104.5  130.0    -0.97  2499.11
 119.5  130.0    -1.23  2499.59
 124.5  130.0    -1.24  2499.84
 139.5  130.0    -1.55  2500.81
 144.5  130.0    -1.68  2501.25
 159.5  130.0    -2.15  2502.71
 164.5  130.0    -2.34  2503.31
 179.5  130.0    -3.19  2505.40
 184.5  130.0    -3.69  2506.22
 199.5  130.0    -5.03  2508.61
 202.0  130.0    -5.50  2509.18
 209.5  130.0    -6.55  2510.53
 212.0  130.0    -7.06  2511.01
 219.5  130.0    -8.84  2512.60
 222.0  130.0    -9.85  2513.31
  14.5  140.0     0.02  2497.79
  17.0  140.0     0.02  2497.82
  24.5  140.0    -0.00  2497.84
  27.0  140.0     0.00  2497.93
  34.5  140.0    -0.05  2497.94
  37.0  140.0    -0.04  2498.02
  44.5  140.0    -0.11  2498.11
  47.0  140.0    -0.12  2498.20
  59.5  140.0    -0.26  2498.37
  64.5  140.0    -0.32  2498.45
  79.5  140.0    -0.49  2498.69
  84.5  140.0    -0.52  2498.85
  99.5  140.0    -0.67  2499.04
 104.5  140.0    -0.69  2499.31
 119.5  140.0    -0.75  2499.78
 124.5  140.0    -0.75  2500.04
 139.5  140.0    -0.78  2501.02
 144.5  140.0    -0.86  2501.52
 159.5  140.0    -1.00  2503.09
 164.5  140.0    -1.11  2503.80
 179.5  140.0    -1.60  2506.13
 184.5  140.0    -2.05  2507.08
 199.5  140.0    -3.03  2509.89
 202.0  140.0    -3.50  2510.61
 209.5  140.0    -4.34  2512.37
 212.0  140.0    -4.82  2513.11
 219.5  140.0    -6.29  2515.66
 222.0  140.0    -7.25  2516.95
  14.5  150.0     0.09  2497.78
  17.0  150.0     0.12  2497.81
  24.5  150.0     0.12  2497.86
  27.0  150.0     0.15  2497.97
  34.5  150.0     0.11  2498.01
  37.0  150.0     0.13  2498.10
  44.5  150.0     0.07  2498.24
  47.0  150.0     0.07  2498.33
  59.5  150.0    -0.10  2498.58
  64.5  150.0    -0.15  2498.66
  79.5  150.0    -0.33  2498.89
  84.5  150.0    -0.34  2499.04
  99.5  150.0    -0.45  2499.16
 104.5  150.0    -0.41  2499.41
 119.5  150.0    -0.33  2499.80
 124.5  150.0    -0.23  2500.04
 139.5  150.0    -0.00  2501.01
 144.5  150.0     0.05  2501.51
 159.5  150.0     0.26  2503.20
 164.5  150.0     0.29  2503.95
 179.5  150.0     0.18  2506.54
 184.5  150.0    -0.12  2507.58
 199.5  150.0    -0.67  2510.79
 202.0  150.0    -1.03  2511.57
 209.5  150.0    -1.47  2513.64
 212.0  150.0    -1.74  2514.47
 219.5  150.0    -2.27  2517.47
 222.0  150.0    -2.71  2518.98
  14.5  160.0     0.22  2497.60
  17.0  160.0     0.28  2497.64
  24.5  160.0     0.32  2497.75
  27.0  160.0     0.37  2497.88
  34.5  160.0     0.34  2497.99
  37.0  160.0     0.39  2498.11
  44.5  160.0     0.32  2498.31
  47.0  160.0     0.32  2498.42
  59.5  160.0     0.10  2498.74
  64.5  160.0     0.07  2498.85
  79.5  160.0    -0.18  2499.09
  84.5  160.0    -0.20  2499.21
  99.5  160.0    -0.28  2499.22
 104.5  160.0    -0.21  2499.41
 119.5  160.0     0.04  2499.63
 124.5  160.0     0.24  2499.84
 139.5  160.0     0.78  2500.69
 144.5  160.0     0.99  2501.19
 159.5  160.0     1.62  2502.91
 164.5  160.0     1.80  2503.75
 179.5  160.0     2.14  2506.54
 184.5  160.0     2.01  2507.72
 199.5  160.0     1.91  2511.18
 202.0  160.0     1.67  2512.03
 209.5  160.0     1.55  2514.09
 212.0  160.0     1.45  2514.92
 219.5  160.0     1.61  2517.48
 222.0  160.0     1.56  2518.80
  14.5  170.0     0.44  2497.24
  17.0  170.0     0.50  2497.30
  24.5  170.0     0.63  2497.49
  27.0  170.0     0.66  2497.66
  34.5  170.0     0.71  2497.89
  37.0  170.0     0.73  2498.03
  44.5  170.0     0.68  2498.35
  47.0  170.0     0.67  2498.50
  59.5  170.0     0.40  2498.94
  64.5  170.0     0.28  2499.08
  79.5  170.0    -0.07  2499.34
  84.5  170.0    -0.14  2499.43
  99.5  170.0    -0.24  2499.25
 104.5  170.0    -0.16  2499.34
 119.5  170.0     0.28  2499.30
 124.5  170.0     0.55  2499.39
 139.5  170.0     1.53  2500.06
 144.5  170.0     1.86  2500.50
 159.5  170.0     3.05  2502.24
 164.5  170.0     3.40  2503.10
 179.5  170.0     4.30  2506.15
 184.5  170.0     4.31  2507.42
 199.5  170.0     4.63  2511.21
 202.0  170.0     4.40  2512.07
 209.5  170.0     4.36  2514.16
 212.0  170.0     4.22  2514.91
 219.5  170.0     4.19  2516.97
 222.0  170.0     4.03  2517.88
  14.5  180.0     0.72  2496.55
  17.0  180.0     0.84  2496.64
  24.5  180.0     1.07  2496.97
  27.0  180.0     1.14  2497.20
  34.5  180.0     1.25  2497.59
  37.0  180.0     1.29  2497.80
  44.5  180.0     1.22  2498.29
  47.0  180.0     1.21  2498.52
  59.5  180.0     0.76  2499.19
  64.5  180.0     0.59  2499.39
  79.5  180.0    -0.01  2499.69
  84.5  180.0    -0.14  2499.75
  99.5  180.0    -0.38  2499.27
 104.5  180.0    -0.30  2499.24
 119.5  180.0     0.29  2498.73
 124.5  180.0     0.68  2498.71
 139.5  180.0     2.13  2499.00
 144.5  180.0     2.68  2499.39
 159.5  180.0     4.52  2501.01
 164.5  180.0     5.11  2501.93
 179.5  180.0     6.66  2505.22
 184.5  180.0     6.86  2506.66
 199.5  180.0     7.60  2510.93
 202.0  180.0     7.40  2511.94
 209.5  180.0     7.19  2514.32
 212.0  180.0     6.94  2515.18
 219.5  180.0     6.06  2517.45
 222.0  180.0     5.41  2518.41
  14.5  190.0     1.19  2495.34
  17.0  190.0     1.40  2495.49
  24.5  190.0     1.78  2496.04
  27.0  190.0     1.93  2496.35
  34.5  190.0     2.09  2497.04
  37.0  190.0     2.17  2497.35
  44.5  190.0     2.07  2498.15
  47.0  190.0     2.04  2498.46
  59.5  190.0     1.33  2499.56
  64.5  190.0     1.04  2499.87
  79.5  190.0    -0.03  2500.28
  84.5  190.0    -0.28  2500.27
  99.5  190.0    -0.85  2499.41
 104.5  190.0    -0.77  2499.17
 119.5  190.0    -0.07  2498.00
 124.5  190.0     0.49  2497.72
 139.5  190.0     2.50  2497.47
 144.5  190.0     3.33  2497.72
 159.5  190.0     5.99  2499.17
 164.5  190.0     6.91  2500.11
 179.5  190.0     9.30  2503.69
 184.5  190.0     9.78  2505.29
 199.5  190.0    11.15  2510.35
 202.0  190.0    11.00  2511.53
 209.5  190.0    10.83  2514.64
 212.0  190.0    10.52  2515.77
 219.5  190.0     9.17  2519.27
 222.0  190.0     8.18  2520.78
  14.5  200.0     1.95  2493.35
  17.0  200.0     2.25  2493.60
  24.5  200.0     2.92  2494.49
  27.0  200.0     3.12  2494.95
  34.5  200.0     3.46  2496.08
  37.0  200.0     3.53  2496.57
  44.5  200.0     3.45  2497.85
  47.0  200.0     3.35  2498.33
  59.5  200.0     2.25  2500.12
  64.5  200.0     1.71  2500.64
  79.5  200.0    -0.07  2501.31
  84.5  200.0    -0.59  2501.23
  99.5  200.0    -1.70  2499.81
 104.5  200.0    -1.75  2499.28
 119.5  200.0    -0.93  2497.08
 124.5  200.0    -0.26  2496.48
 139.5  200.0     2.53  2495.35
 144.5  200.0     3.68  2495.43
 159.5  200.0     7.46  2496.53
 164.5  200.0     8.73  2497.50
 179.5  200.0    12.27  2501.34
 184.5  200.0    13.08  2503.19
 199.5  200.0    15.50  2509.09
 202.0  200.0    15.49  2510.54
 209.5  200.0    15.82  2514.49
 212.0  200.0    15.61  2516.04
 219.5  200.0    14.86  2521.00
 222.0  200.0    13.99  2523.27
  14.5  210.0     3.11  2490.10
  17.0  210.0     3.60  2490.49
  24.5  210.0     4.70  2491.93
  27.0  210.0     5.04  2492.61
  34.5  210.0     5.62  2494.46
  37.0  210.0     5.74  2495.20
  44.5  210.0     5.62  2497.29
  47.0  210.0     5.50  2498.03
  59.5  210.0     3.72  2500.98
  64.5  210.0     2.86  2501.84
  79.5  210.0    -0.15  2503.06
  84.5  210.0    -1.08  2502.91
  99.5  210.0    -3.20  2500.72
 104.5  210.0    -3.44  2499.72
 119.5  210.0    -2.64  2496.01
 124.5  210.0    -1.76  2494.89
 139.5  210.0     1.99  2492.49
 144.5  210.0     3.63  2492.27
 159.5  210.0     8.82  2492.94
 164.5  210.0    10.61  2493.88
 179.5  210.0    15.57  2498.02
 184.5  210.0    16.88  2500.04
 199.5  210.0    20.69  2506.80
 202.0  210.0    20.93  2508.46
 209.5  210.0    22.12  2513.15
 212.0  210.0    22.23  2514.98
 219.5  210.0    22.70  2520.93
 222.0  210.0    22.43  2523.65
  14.5  220.0     4.95  2484.87
  17.0  220.0     5.69  2485.51
  24.5  220.0     7.53  2487.75
  27.0  220.0     8.04  2488.79
  34.5  220.0     9.05  2491.73
  37.0  220.0     9.21  2492.90
  44.5  220.0     9.17  2496.22
  47.0  220.0     8.94  2497.40
  59.5  220.0     6.22  2502.27
  64.5  220.0     4.79  2503.76
  79.5  220.0    -0.15  2505.97
  84.5  220.0    -1.79  2505.78
  99.5  220.0    -5.59  2502.50
 104.5  220.0    -6.22  2500.84
 119.5  220.0    -5.54  2494.78
 124.5  220.0    -4.44  2492.90
 139.5  220.0     0.72  2488.65
 144.5  220.0     2.95  2488.05
 159.5  220.0    10.06  2488.08
 164.5  220.0    12.44  2489.07
 179.5  220.0    19.20  2493.43
 184.5  220.0    21.05  2495.68
 199.5  220.0    26.59  2503.12
 202.0  220.0    27.10  2504.99
 209.5  220.0    29.25  2510.15
 212.0  220.0    29.69  2512.22
 219.5  220.0    31.39  2518.47
 222.0  220.0    31.55  2521.36
  14.5  230.0     7.74  2476.60
  17.0  230.0     8.95  2477.57
  24.5  230.0    11.86  2481.03
  27.0  230.0    12.74  2482.59
  34.5  230.0    14.44  2487.22
  37.0  230.0    14.77  2489.04
  44.5  230.0    14.81  2494.32
  47.0  230.0    14.53  2496.18
  59.5  230.0    10.36  2504.21
  64.5  230.0     8.14  2506.75
  79.5  230.0     0.06  2510.83
  84.5  230.0    -2.68  2510.65
  99.5  230.0    -9.38  2505.82
 104.5  230.0   -10.63  2503.11
 119.5  230.0   -10.32  2493.46
 124.5  230.0    -8.82  2490.36
 139.5  230.0    -1.66  2483.44
 144.5  230.0     1.49  2482.31
 159.5  230.0    11.12  2481.73
 164.5  230.0    14.30  2482.72
 179.5  230.0    23.12  2487.46
 184.5  230.0    25.66  2489.88
 199.5  230.0    33.02  2497.91
 202.0  230.0    33.91  2499.89
 209.5  230.0    37.01  2505.50
 212.0  230.0    37.77  2507.74
 219.5  230.0    40.19  2514.40
 222.0  230.0    40.56  2517.39
  14.5  240.0    12.01  2463.59
  17.0  240.0    13.86  2465.08
  24.5  240.0    18.53  2470.30
  27.0  240.0    19.94  2472.65
  34.5  240.0    22.86  2479.76
  37.0  240.0    23.43  2482.59
  44.5  240.0    23.85  2490.86
  47.0  240.0    23.48  2493.79
  59.5  240.0    17.32  2506.92
  64.5  240.0    13.86  2511.27
  79.5  240.0     0.88  2518.78
  84.5  240.0    -3.72  2518.82
  99.5  240.0   -15.26  2511.71
 104.5  240.0   -17.63  2507.37
 119.5  240.0   -17.93  2491.95
 124.5  240.0   -15.87  2486.98
 139.5  240.0    -5.49  2476.15
 144.5  240.0    -1.00  2474.43
 159.5  240.0    12.17  2473.43
 164.5  240.0    16.29  2474.68
 179.5  240.0    27.36  2480.00
 184.5  240.0    30.56  2482.62
 199.5  240.0    39.89  2490.90
 202.0  240.0    41.17  2493.05
 209.5  240.0    45.49  2499.04
 212.0  240.0    46.63  2501.54
 219.5  240.0    50.02  2509.07
 222.0  240.0    50.52  2512.64
  14.5  250.0    18.26  2443.58
  17.0  250.0    21.14  2445.77
  24.5  250.0    28.48  2453.45
  27.0  250.0    30.74  2456.89
  34.5  250.0    35.67  2467.56
  37.0  250.0    36.74  2471.85
  44.5  250.0    38.00  2484.60
  47.0  250.0    37.68  2489.16
  59.5  250.0    28.89  2510.49
  64.5  250.0    23.66  2517.86
  79.5  250.0     2.99  2531.68
  84.5  250.0    -4.66  2532.26
  99.5  250.0   -24.40  2522.00
 104.5  250.0   -28.66  2514.98
 119.5  250.0   -30.06  2490.05
 124.5  250.0   -26.93  2482.03
 139.5  250.0   -11.16  2465.54
 144.5  250.0    -4.56  2463.23
 159.5  250.0    13.59  2462.88
 164.5  250.0    18.81  2464.70
 179.5  250.0    31.96  2471.28
 184.5  250.0    35.73  2473.98
 199.5  250.0    46.81  2481.94
 202.0  250.0    48.62  2484.03
 209.5  250.0    54.66  2490.04
 212.0  250.0    56.47  2492.73
 219.5  250.0    62.12  2501.30
 222.0  250.0    63.36  2505.66
  14.5  260.0    27.23  2413.23
  17.0  260.0    31.58  2416.34
  24.5  260.0    42.99  2427.24
  27.0  260.0    46.59  2432.17
  34.5  260.0    54.86  2447.71
  37.0  260.0    56.83  2454.07
  44.5  260.0    59.98  2473.26
  47.0  260.0    59.89  2480.31
  59.5  260.0    48.18  2514.58
  64.5  260.0    40.47  2527.12
  79.5  260.0     7.88  2552.56
  84.5  260.0    -4.86  2554.67
  99.5  260.0   -38.81  2539.98
 104.5  260.0   -46.50  2528.53
 119.5  260.0   -49.64  2487.10
 124.5  260.0   -44.56  2474.00
 139.5  260.0   -19.02  2449.05
 144.5  260.0    -8.88  2446.59
 159.5  260.0    16.47  2449.60
 164.5  260.0    22.79  2452.99
 179.5  260.0    36.99  2461.87
 184.5  260.0    40.90  2464.55
 199.5  260.0    52.92  2470.74
 202.0  260.0    55.32  2472.47
 209.5  260.0    63.64  2477.27
 212.0  260.0    66.53  2479.78
 219.5  260.0    76.23  2488.01
 222.0  260.0    79.20  2492.89
  14.5  270.0    39.50  2368.30
  17.0  270.0    46.03  2372.54
  24.5  270.0    63.30  2387.32
  27.0  270.0    69.02  2394.06
  34.5  270.0    82.61  2415.86
  37.0  270.0    86.25  2424.94
  44.5  270.0    93.18  2452.97
  47.0  270.0    93.98  2463.54
  59.5  270.0    80.08  2517.83
  64.5  270.0    69.34  2538.99
  79.5  270.0    18.55  2586.28
  84.5  270.0    -2.61  2592.04
  99.5  270.0   -61.92  2571.90
 104.5  270.0   -75.80  2552.76
 119.5  270.0   -82.07  2481.68
 124.5  270.0   -73.00  2459.46
 139.5  270.0   -28.97  2421.69
 144.5  270.0   -12.61  2420.43
 159.5  270.0    23.26  2433.93
 164.5  270.0    30.34  2440.58
 179.5  270.0    42.41  2453.47
 184.5  270.0    45.51  2455.64
 199.5  270.0    56.29  2457.67
 202.0  270.0    59.31  2458.33
 209.5  270.0    69.90  2459.89
 212.0  270.0    74.20  2461.29
 219.5  270.0    89.18  2466.26
 222.0  270.0    94.82  2470.42
  14.5  280.0    55.53  2303.91
  17.0  280.0    64.81  2309.34
  24.5  280.0    90.41  2328.20
  27.0  280.0    99.02  2337.00
  34.5  280.0   121.03  2365.81
  37.0  280.0   127.32  2378.18
  44.5  280.0   141.62  2417.17
  47.0  280.0   144.38  2432.46
  59.5  280.0   132.42  2516.09
  64.5  280.0   118.59  2551.49
  79.5  280.0    41.57  2640.08
  84.5  280.0     6.01  2654.67
  99.5  280.0   -99.15  2629.77
 104.5  280.0  -125.25  2597.17
 119.5  280.0  -137.44  2470.61
 124.5  280.0  -120.37  2431.17
 139.5  280.0   -39.34  2372.67
 144.5  280.0   -11.94  2376.98
 159.5  280.0    39.49  2418.26
 164.5  280.0    45.42  2431.52
 179.5  280.0    47.84  2449.15
 184.5  280.0    48.15  2449.70
 199.5  280.0    54.43  2443.85
 202.0  280.0    57.66  2442.74
 209.5  280.0    69.66  2438.33
 212.0  280.0    75.04  2437.53
 219.5  280.0    95.08  2434.68
 222.0  280.0   103.58  2436.22
